 Dim = 3
6085.882830998294  -82355.69451626019
6175.724252706304  -89009.14679634951
5982.42821335471  -66421.3756260869
9698.6870857353  -20924.842047192076
7439.171914553786  -92559.43204086005
6517.956150031079  -91288.85663848219
6286.531130010926  -63983.80053117617
6109.864713158538  -78647.5440189716
6596.119400516362  -38026.160629898186
6122.27741517422  -86571.57170143879
6273.686458856282  -82017.39109328444
6226.584308489643  -65150.80022370904
5982.204993378983  -68858.95072099761
6162.872344354931  -73576.23565804101
7437.892939571242  -51665.04967702733
5988.318936912854  -70129.52612337549
5869.975831497952  -54195.2072332022
5862.730673518005  -40698.46343793964
6101.872363076882  -52689.90411769361
5615.414241060337  -3785.2305461547976
5833.51800706777  42174.141242583246
5823.476340749978  -18448.97403395022
5837.911611958592  6003.362751819182
5768.264041969777  -41734.31112718677
5817.965987932609  -6222.805641065516
5569.196241131653  -17281.97434141736
5627.482650161936  -14844.399246506642
5941.90561329086  -39296.73603227604
6021.44787229433  -57772.20572720505
6932.4559888250305  35019.28121062913
5518.086564103966  -2618.230853621939
13268.0619700911  -28483.01166994532
5481.086831959345  5899.787041974181
10010.460495637455  5589.059912439174
5576.870287288837  -18552.54974379522
14080.171400178893  3113.191899197347
6143.446687897945  3565.787656908463
5736.29501471926  -17385.550051262366
5479.516206354189  -5055.805948532658
5842.1369332512495  -1347.6554512440787
6374.043562653415  -12210.665980486778
5479.875505964776  -6326.381350910518
5686.994240289875  3462.211947063462
20433.88531159645  28666.40419873983
6769.555591537578  -81057.54282044161
8316.05891987681  3527.494738577359
5519.725286791139  8337.3621368849
6114.188281143049  -33112.717521745646
7210.361335398579  -90148.57019544164
32567.076148467335  -11016.676414771136
6554.3827739095805  1286.077814775781
13539.492765558532  5485.4842025941725
5609.71610346748  -3627.365293376761
5899.206565518991  -56501.63032482719
5900.953341935908  -56343.76507204915
6495.022209091694  -10940.090578108917
6675.174330149886  -80087.54268626375
17594.372596200417  -68738.79196629275
44661.10031791611  -48098.18138765693
19891.423130540697  59395.03215973632
5887.64264244497  -57510.76476458201
7302.6806896887665  882.7682239766364
7152.083920813456  2245.9260876186354
6064.724447357564  -67353.64760548902
14584.310963967817  -16529.27748826451
12970.456812952363  -21404.42767808595
24993.9865327336  -19834.11839475394
7758.013557276993  15753.663131462057
17214.066388754254  729.9063472196685
5938.858949961728  -2721.806563466941
5689.582585660256  -5159.38165837766
6461.616693054977  -23166.258970993622
6399.649567783725  -63749.072818045446
12778.813550841898  -70151.23599684672
51905.99034157617  -23645.84460188752
16805.824242991745  46689.27813595772
6804.389766771189  -1396.9416181560464
5975.452685866411  -55127.479212604325
7613.786372689578  -1255.072989979939
17326.280711837808  -11496.262045665037
16128.727722184345  -3823.5234644859065
5939.936616256946  9662.227082195794
8047.80899330559  -229.94192562318858
5674.468339551126  -30778.718136679927
6117.6328903896  -8660.380735976236
8342.894042869388  -11408.68296042196
15839.483298830919  -22451.855036171877
15640.815779682736  22744.668038078344
5587.003808082773  -7493.381043443376
5592.2796806840315  -7596.956753288378
5495.639473518341  7170.362444352041
15739.239030783068  10518.499645193646
5452.287391909856  -2611.3110478801377
6578.897790232469  8240.706232781702
5596.202648740355  -70.16024312441687
5551.114631957445  -5048.886142790857
5449.850185323164  -1340.7356455022773
5548.841086613049  -3778.3107404129964
6541.9860610831665  -3985.4621601030008
7341.36817828582  1040.6334767546723
5661.410116313948  -12296.328636009119
5898.961297304189  -17378.63024552056
5918.803524028247  -6319.461545168717
15841.534699636572  -1707.668747691052
10907.62738794534  7082.783359108969
5594.385052082322  -16004.479133297697
8107.79083326126  111.70151684762095
6495.473652389157  -10817.828894180071
5575.963486905498  -12399.90434585412
6847.953372480313  -1055.298175685236
11169.877567628675  2094.980640582403
6418.051376147558  -19816.20534043128
7241.815113741458  -17482.205955365564
13359.632939013312  -14759.193390637802
5792.555478786198  9718.433054849565
6699.127724123289  14982.596424333047
6496.843516425577  -10451.043842393528
5489.677364028666  -7477.402654084912
6771.64618598887  -320.5792845622209
5551.217685313374  94.37022702855757
8956.179342532661  7407.095511760714
5455.085279990527  -2343.204867882161
5524.461264393658  -173.73595296941903
6900.311092141972  3802.5207243171362
5539.022245968939  -13566.904038386978
5579.1151614106  -3881.886450257998
5729.538321906196  -2446.780577727163
5548.172076247366  1096.8394494084414
5936.10035533152  1364.945629406418
9049.097134303003  4399.687844621064
5451.258471103183  -436.8911340265554
5439.581004546663  -556.4723136722245
7270.1608659672875  7857.969872078897
5459.5146749338255  -3613.780270260022
5454.439506763133  714.1030887056359
5531.084484953064  -12782.640706556926
5581.315064546553  -13402.373568234003
5591.14104430982  -2994.047408582943
6032.366898084223  -3097.623118427945
5787.094310185642  13591.11402229112
7549.720717010289  1796.3176818179347
5453.58470199936  -2345.119513798718
5447.628672980354  174.80021480099128
5442.143484371939  589.1609004936107
5446.567829356477  1446.141475545474
5448.14143601141  -1951.2511263376905
5469.601249486866  -1705.2231221889517
5445.566431693625  -1022.6750151717507
5582.79122649991  -1045.49196894541
5447.6337068778785  -607.1655419291974
5449.991402290141  909.1090962984936
5445.00674703934  -1486.5801415714093
5582.385729909073  -1436.6527716810583
5447.043533867665  -118.11880621380885
5581.399011837898  -1925.699507396447
5447.046691269854  126.40456164388542
5481.232580957223  -6425.799000623504
5482.189939455965  -3242.4000682737496
5580.854220875078  -2023.5854403761869
5691.4496530665165  -465.15033769317756
5604.101182219857  653.890791750292
5440.207086686355  -409.451949610959
5428.957828928037  -33.960844135195785
5543.430578026198  1012.6376495009679
5453.86483071336  -461.64981415897364
5428.566172310272  15.173586946329706
5691.1237228342925  3674.189653153382
5526.13268919584  -12210.994805938373
5548.489378940328  -9773.419711027655
5660.256044491802  -11093.129544487037
5706.562083515285  -3692.9769103422495
5657.146536866927  11025.207856216648
5428.845033311347  162.5768801909062
5658.805509881348  1533.5735644758909
5438.549351939514  -141.31868917077972
5460.973521540485  -4042.029348079107
5462.247479859579  -4201.37253698084
5430.3243698497445  -41.86397173948545
5430.8700045026635  444.33862130183013
5433.787495001723  -342.9289386481994
5429.576750940485  -100.98658484330159
5432.412217051818  261.9185671707167
5430.745204817044  -225.19998240701426
5428.76348167663  144.18961092953157
5430.110679564419  -172.68838129831082
5430.73423515618  -159.33656946994375
5429.371490208978  -74.14962040343197
5428.559265383691  45.650850034652734
5429.07359238321  -47.70235525742471
5460.855673178385  -1258.0958599358103
5467.500877749181  -4439.210757406799
5473.435016492624  -5601.073776627828
5462.196441158014  -3844.2298057515873
5465.5977962061515  4371.289069136406
5428.514541900312  150.14102489895515
5428.327443280967  48.87792189203731
5429.176029864822  -60.67800801303093
5429.265805408149  -69.6236628263208
5429.057032174507  -46.2836689756636
5434.179240138521  -581.7337235499884
5435.7130981041155  -732.7976257746717
5447.233988266817  -2322.958605105753
5438.214076894625  -1185.2958838702789
5432.429945379088  513.8120352795958
5428.910069912537  -25.668017237045404
5433.6632307299515  -148.19282978716956
5429.627043304479  -87.39517189086604
5429.690217399397  -8.053376452844304
5429.230036472896  -59.102453450925736
5432.159255967337  -435.10305878258436
5428.971466484431  -35.266499965473685
5433.8940719429675  -636.4434095281767
5437.502226687426  -1091.3961110039952
5435.744397525662  -655.6268347639323
5440.741307203837  -1501.2579195617059
5435.626279372283  1040.0600765299043
5428.765899780626  5.654052410153355
5428.668591964923  2.7448959566462463
5428.649964548968  5.03695796189848
5428.931248769775  -28.932867960679815
5433.138111844243  -557.5199597841226
5431.690748708701  -374.4310206901951
5429.940447446832  -122.02058227588769
5434.218632923191  -688.9992426574572
5432.447087500411  637.6632081833636
5428.591748295781  12.372658997628491
5428.6128075108445  87.98363553771466
5428.761586576911  -9.292367296034637
5432.274002250933  -83.30527907201031
5428.695931165037  43.96942932333192
5429.164251174017  -59.73245420783802
5432.5358563503005  -109.1592169877012
5432.034453160185  37.47821789025312
5429.204579393008  -63.49255341832702
5428.681345642263  0.6890446157052708
5432.278515602504  -410.04488264955853
5433.191565472777  -449.19790181934417
5430.936319091904  -242.6416978631927
5440.699019316346  -1499.0067099262326
5431.860990675998  450.5759910507568
5428.948229321861  30.633280350923883
5429.341047801104  -15.663778167079442
5428.3912650876855  37.11772167345188
5431.463699777577  -264.98977244426294
5433.928398923499  -453.6243691660736
5438.22811218429  -1099.672880854467
5441.029773501678  -1534.77578895829
5433.442256159028  455.0024583974857
5428.177527836725  63.83488555128644
5432.167644037325  -45.404157054069174
5428.702186971295  -1.5335958551501676
5430.8216072542655  -24.71672142546322
5428.895571515471  -18.5392465530727
5429.5086172699275  -91.47830540812714
5428.409366760757  41.80054753090985
5428.386805719105  49.67234942327593
5428.630371139638  7.142160226312413
5428.974074673993  -9.976520923094455
5434.166111083416  -28.52742857536333
5440.222688765663  -1445.6037078824859
5442.295006376834  -1695.0417045069894
5440.8695622575515  1696.4197937384015
5432.810708563273  663.5920807280668
5430.708444485955  21.742718467499003
5428.762568544235  -9.305984752627381
5428.759891385726  -8.812781665139656
5428.628705293782  7.331065366517066
5428.64893901489  4.746277471211414
5428.6872043084595  -0.004635669212945004
5429.371869694323  -47.99027920080465
5428.894267674337  -19.926607122913488
5428.4252696048925  33.046871361356835
5428.7871225526  -12.057561777852925
5428.982827693142  -37.08614064209851
5430.56501187407  -30.325030477192456
5434.319971268459  -698.7216167466538
5436.751337333394  -1005.427246523182
5438.435397660412  -1221.5857178592337
5435.353832949865  1006.8053357545941
5429.080692941685  4.582244888599206
5428.626679410047  8.378394522192366
5428.6757213280325  2.906566183664353
5428.609148524612  10.474589639322147
5428.6683545848655  2.322853709668472
5429.283116256758  -74.53695734170347
5430.534326306621  -231.331091815008
5431.023858703394  -285.25201871894524
5433.360525468996  -585.6667289619636
5429.170384781916  232.70918104642072
5428.633424789024  6.743736228417873
5428.68756189214  -0.09085060470198414
5428.682952921467  0.4794616553261548
5428.62994723267  7.687826922678397
5428.719844355493  -4.105496090855176
5428.664089269123  2.9805413483933876
5428.706258272796  -2.4266904934758458
5428.726536865979  -4.8855856660281
5429.001393934645  -39.39415458069969
5429.763097902299  -131.72411007317268
5430.795538283852  -264.2537041594279
5428.368488220925  40.35307789135145
5428.370637809974  126.81277925505628
5428.701571802985  -0.1492872258166269
5428.68804629202  -0.153941504773897
5428.714868338012  -0.3704342707363253
5428.893978741203  -23.473096676979367
5428.688283869381  -0.016997959976990273
5428.683364787686  0.4393593884631031
5429.002857541593  -39.036709846863715
5429.1493597688595  -57.9215346505543
5430.617714434241  -241.4924055586967
5431.229094719309  -318.5455003830201
5428.2185890121855  58.80025342747779
5432.093856808619  599.0560731117298
5428.784737582187  1.771344561489073
5428.692523783913  -0.5525727396399613
5428.686596290363  0.04688575556338215
5428.73209739192  -4.702529452605802
5430.378901104946  -212.03495661092032
5430.995513948505  -288.63280744318706
5431.482222204397  -348.6187026391529
5429.617433599812  288.7265789543111
5431.824731430457  565.3376460258277
5428.861082597351  -1.1305351431362567
5428.707361458634  -0.2079686463172834
5428.690240721671  -0.4303404100224313
5429.775901567412  -136.00710865536928
5429.247268218573  -70.02999763098585
5430.585840117602  -237.9688806657659
5431.387434215695  -337.89107608306716
5429.219887173295  238.0626521768927
5431.653925924426  543.9096396925688
5428.687395127729  -0.003907197055266209
5429.423482190738  -92.31300207196605
5428.6814104867535  0.6874705421457392
5428.6921284076325  -0.2775072422240843
5428.685586398036  0.15258565574622907
5428.694691712907  -0.979394902756269
5429.558793004804  -109.25975326316683
5429.356690170049  -83.9004057806777
5429.867509596035  -147.83606011288222
5428.186366078444  109.35352477429359
5429.171257802796  232.69731811946218
5428.6883823223925  -0.011493857557508314
5429.802804821678  -139.85302361865357
5428.690679710037  0.08556631954327543
5428.690679709578  0.0855663804161253
5428.689248616369  0.08360380133213674
5428.687582575286  -0.09761172034307464
5428.759118226636  -9.022824150016586
5428.816706932256  -16.178054485526488
5429.205912396419  -65.03001677954481
5428.739385907828  -6.473152444155247
5428.614123463949  9.11659566114064
5428.565651727674  15.218351277761286
5428.686852360493  -0.004532568903599099
5428.6898631006325  -0.05153423812259916
5428.68922128216  -0.11706335026438719
5428.689221273513  -0.11706224009917943
5428.688614236051  -0.04046182143968213
5429.029369122515  -42.92661652611479
5428.686304518333  0.12078245613663796
5428.686459985008  0.05394832310584974
5428.842058252158  -19.438317565124933
5428.837128157538  -18.81891665421746
5428.900504146813  -26.780526936422746
5429.216310076317  -66.35018686096683
5428.531154569513  19.532089076251697
5428.206695119006  111.93150017599868
5428.690709516431  -0.15878754229848369
5428.688223615646  -0.002912147048546476
5428.688223607573  -0.0029111116570263995
5428.686797800471  0.000898956985608379
5428.68679779771  0.0008993033441129228
5428.687091085517  0.027003121443519795
5428.687340750449  -0.06412908557928176
5428.730673863834  -5.499095853320455
5428.795871564427  -13.658907013870987
5428.796074020805  -13.680692096055648
5428.879121618328  -24.09954112312954
5428.577604464684  13.68249070274441
5428.341821691515  43.239413714709386
5428.686659057509  0.016660756054731607
5428.687027130096  -0.00012845505256819933
5428.68679366542  0.0029466033788168033
5428.687118823686  -0.03757206226957521
5428.7133334595555  -3.3260413128497888
5428.829609186761  -17.887411116774608
5428.8620731830315  -21.963831612205283
5428.900723101763  -26.80274110286212
5428.472892541105  26.804539709550887
5428.342478843283  43.15915376621864
5428.686831211522  -0.004464974548390899
5428.687250920193  -0.020557808224296537
5428.686858111353  -0.0032902790840623197
5428.686858503284  -0.003339498341610181
5428.686784042445  0.003033778725296088
5428.686783690263  0.0030779671267708864
5428.686799080445  3.553115386267791e-05
5428.686809637639  -4.85926487314714e-05
5428.687554141811  -0.095467698311138
5428.689182919578  -0.05261397450962235
5428.687408527318  -0.04806422828023926
5428.687408527325  -0.048064229067929176
5428.686218604436  0.07356835230214642
5428.68657253548  0.029249128979415673
5428.687039196848  -0.02913448344360603
5428.7009431243905  -1.7380559993613005
5428.904838192587  -27.325229577460718
5428.7635279898595  -9.603072023412665
5429.280518540347  -74.39467023071745
5428.610241515988  9.603143085719822
5428.587852606069  12.399988824613615
5428.6873682859205  -0.06494488066316251
5428.687780200353  -0.11071095820400245
5428.687780206881  -0.11071177936378263
5428.686249375358  0.109315315103931
5428.686249375094  0.10931534851987479
5428.810063007002  -15.44681003908891
5429.049354623145  -45.434650659976825
5429.292216878949  -75.85245945835678
5429.141746457055  -57.01126267233368
5428.231914022037  57.011333734638114
5428.404662650128  136.73372578683356
5428.688653075325  0.013200553052966413
5428.68674571762  0.013057522374062103
5428.686870565978  -0.000793170382692665
5428.686870565854  -0.000793154881662872
5428.686878618307  -0.0013733476599853134
5428.686878620638  -0.0013736406292608194
5428.68682534306  -0.0024393472545227723
5428.739868873301  -6.651979814324733
5428.737888703125  -6.3929698373730695
5428.833804632338  -18.423071430048438
5428.924545442407  -29.7903300508558
5428.539806635801  18.42314249235345
5428.673077586014  1.7199897497111962
5428.686741897919  0.013537048254647743
5428.676467146823  1.293993257904262
5428.676467145317  1.2939934467244854
5428.686782378987  0.004345500495617216
5428.686782374193  0.00434610131284785
5428.686832921959  -0.004178096867981651
5428.686755005786  0.004902911421631018
5428.735350434134  -6.080896212771407
5428.761615336663  -9.372656917905573
5428.774231759637  -10.95693817594583
5428.772922053501  -10.792447734323055
5428.60067742946  10.792518796628059
5428.476054400936  26.410296936030026
5428.6867928479505  0.0003045083888935096
5428.686792729762  0.0003193402454328975
5428.686823200422  0.00025556309774543706
5428.686823200574  0.0002555440653040364
5428.686838019555  -0.001691638586507338
5428.686834094717  -0.003919480036792322
5428.698428520108  -1.4548418277732154
5428.710418232739  -2.9592907066715384
5428.731806927552  -5.640174208600641
5428.740492140698  -6.727232853956288
5428.641791628229  5.6402452709050905
5428.5979023170885  11.141171017811523
5428.6868299248  -6.335800151191506e-08
5428.686858808999  -7.996447948244167e-11
5428.686829923944  4.904136829964045e-08
5428.686858805906  3.8711153393933273e-07
5428.686805992739  0.001113541643782412
5428.68684469559  -0.0022262383748596903
5428.690622852019  -0.477657379930875
5428.695413753787  -1.0790530389745427
5428.69935138596  -1.5681106432174161
5428.712561572107  -3.2269188817165357
5428.674309363995  1.568110741302327
5428.648641441555  4.783434930031902
5428.686959845718  0.00014597410786976184
5428.686810025274  -2.8602897828022833e-10
5428.686813158165  -2.751221472863108e-10
5428.686810021596  4.591090174699275e-07
5428.686813155222  3.6733418085077574e-07
5428.686800859165  -3.147491156596516e-10
5428.686789096617  0.0001457766856205467
5428.686802703375  -2.504236817912897e-10
5428.686809968902  -1.1652900866465643e-11
5428.686802700031  4.1858834265440237e-07
5428.68680313378  -1.6292744930979097e-11
5428.6868082025285  -9.158185321211931e-11
5428.686803131035  3.428895283263955e-07
5428.686814117999  -2.667235321496264e-10
5428.686819295866  -3.512923285597935e-11
5428.686814115256  3.4324371256388986e-07
5428.686812105121  3.690676706469276e-07
5428.686809683499  -4.017987009774515e-08
5428.686815257467  -8.172023378705262e-05
5428.686815260624  -8.211747863384744e-05
5428.686809680786  3.018327845438762e-07
5428.686794019312  1.5272341613581375e-06
5428.686811705165  -1.539532945571409e-10
5428.686814643514  -2.588365077826893e-10
5428.686811703578  2.5567893402467234e-07
5428.6868146407205  3.501890404322694e-07
5428.687295194841  -0.06195982909965636
5428.688212402837  -0.17693717691020794
5428.6891523794275  -0.29443821402579573
5428.689164345149  -0.2961506416521118
5428.684453021575  0.2944390512057282
5428.686745926034  0.006884691412118116
5428.686804787178  -6.34402866239725e-07
5428.6868047897415  -9.556118030218386e-07
5428.686803502706  4.1154881103011576e-07
5428.686803505967  2.880028660001699e-09
5428.685707968032  0.13688597081049636
5428.688300247147  -0.18789148850619597
5428.6865720585965  0.0286268176640192
5428.687868199079  -0.13376191199458987
5428.686430437595  0.046456015943505236
5428.68776690958  -0.12108887871974616
5428.686707109754  0.01172943986878039
5428.687577926671  -0.09738907400145536
5428.686682411891  0.014856276406661095
5428.687495784719  -0.08710258997557929
5428.686816632283  -0.001985872205544581
5428.6864460063025  0.044472122218152776
5428.687233339999  -0.054208911939078064
5428.686605359516  0.024496639507489704
5428.687122735942  -0.040345711982872956
5428.686593478273  0.02598785563495909
5428.687073374524  -0.03415972000797041
5428.6866711746825  0.016248650265318076
5428.6870098456  -0.026197121379475163
5428.686678183466  0.015371057443985592
5428.6869745767435  -0.021777025684052376
5428.686718199806  0.01035518918936873
5428.686936934142  -0.0170590437576692
5428.686728373587  0.009080414881836418
5428.686913025947  -0.014062665499864124
5428.686750077388  0.0063600183654628495
5428.686890219949  -0.011204278199841156
5428.6867587815805  0.0052692317192111204
5428.686874464853  -0.009229691219701408
5428.68702894843  -0.028358668298345435
5428.687060051636  -0.032487210778221254
5428.687527960154  -0.09113234345559107
5428.687765741835  -0.12090177602018315
5428.686576451725  0.02835950547884636
5428.6848496841185  0.2445213289934216
5428.686800934083  -3.283844307588879e-10
5428.686800930703  4.2307667058594234e-07
5428.686800830021  -5.878320052943309e-11
5428.686800743023  7.05291824942833e-10
5428.68680048594  3.003506776622089e-09
5428.686799749672  9.895423147554538e-09
5428.6867978499495  3.056902642128989e-08
5428.686794787967  9.259087363489016e-08
5428.686806298607  2.7865808505112e-07
5428.68680748664  -1.6684253978382912e-10
5428.686799043881  3.609604704024605e-07
5428.686799046758  3.75734998669941e-11
5428.6868074840895  3.1908987097040153e-07
5428.686799304696  -2.05595540592185e-10
5428.686797987661  -2.0320811700003105e-10
5428.686798576848  -0.0003867065371849776
5428.686814672802  -0.0010493847616785956
5428.686789704796  6.950801178362553e-05
5428.686789701853  6.987692330540085e-05
5428.686789772751  0.00010749533771559072
5428.686789781748  0.00010636784035966684
5428.686792713698  0.00033179192865162577
5428.68679144393  0.0009239892345291878
5428.696055766873  -1.1598940922509655
5428.711633332084  -3.112350370343215
5428.7121864454575  -3.1823197650675894
5428.747281616394  -7.579324547742644
5428.661957209004  3.112350555524962
5428.676863485095  1.2447825084296298
5428.68679549056  -1.9061019429500448e-10
5428.686809171594  -0.001160119200669385
5428.686791343796  -5.753357091009548e-05
5428.686771686617  0.0029068936611125196
5428.686754766889  0.004623323746237418
5428.686754764747  0.00462359216786723
5428.686769283544  0.004053629808367987
5428.68676928353  0.00405363147289961
5428.686844888215  -0.006652969302500367
5428.686784573646  0.001242148675800081
5428.703259988815  -2.062263916237576
5428.741284282025  -6.828640388909243
5428.76326892843  -9.583848186796772
5428.771807411741  -10.65392713495833
5428.670337407171  2.0622641014193093
5428.470813058995  27.066185576377936
5428.686796721908  -0.00023041205957241573
5428.686812203694  -0.0006067646757585976
5428.686812223511  -0.0006092494089813272
5428.686791693605  0.00013394600545524327
5428.686791718575  0.00013081714219254081
5428.686796858851  -0.0006339905359666886
5428.714156662706  -3.4292509579194856
5428.718053044698  -3.9175177965347316
5428.722349722741  -4.455796977885953
5428.742441243523  -6.974008438775854
5428.651241138349  4.455797163068269
5428.572516684519  14.320547058946943
5428.686792757755  -3.2130714799905036e-07
5428.686795971525  -2.4304824819409987e-10
5428.686792750057  6.421847302817696e-07
5428.686795968445  3.8551675629605597e-07
5428.686788209449  0.0005954205341254237
5428.686794685082  -0.00032663775250796334
5428.694418591024  -0.9558117750300354
5428.69588412377  -1.1395632003406746
5428.706278522866  -2.4416048175571134
5428.706905088044  -2.520662410422254
5428.667311077939  2.441605002739422
5428.674985226142  1.479491767497457
5428.6867945078375  -2.5153212845907547e-12
5428.686800396262  -5.288711690809578e-10
5428.686794504428  4.2797820754003624e-07
5428.6867945078375  -3.5853275903718895e-10
5428.686801043423  -1.2926193448947743e-10
5428.686794504308  4.4195841297778315e-07
5428.686793875724  -2.432898327242583e-10
5428.686799891691  -1.1873169114551274e-10
5428.6867938727355  3.742076302160058e-07
5428.686794640155  3.484694985900205e-07
5428.686793628387  -7.759126674500294e-12
5428.686795460192  -1.1074519079556921e-10
5428.686793625709  3.357930893344019e-07
5428.686792128339  -2.720755531981922e-08
5428.686798765987  -1.0150813523068791e-10
5428.686792125111  3.7722377754789704e-07
5428.686792003285  -7.720757366769249e-11
5428.686794074833  -6.047429224054213e-11
5428.686792000439  3.5576288581751214e-07
5428.686791292678  -9.828227121033706e-11
5428.686794957277  0.00017260031580690338
5428.686793564955  -2.567901447037002e-10
5428.681524435247  0.6600416527499959
5428.681524432812  0.6600419579598977
5428.686793561664  4.11774536246412e-07
5428.686794292662  -5.4853899200679734e-11
5428.685265369344  0.19131989367938473
5428.685265372358  0.19131951591653262
5428.6867942893605  4.13770607110564e-07
5428.687100919058  -0.03838763367375009
5428.687100924539  -0.03838832042529816
5428.686793758647  -0.0003090806793366596
5428.686795227522  -0.0004930491851879992
5428.68681553502  -0.002599949566615578
5428.686816749488  -0.0031902126925871244
5428.686774040913  0.002600134751624239
5428.686774989951  0.0020430332694445497
5428.686796733988  -0.0006818650211570798
5428.686797095731  -0.000727198223401615
5428.68716753712  -0.046740853624768874
5428.687167631678  -0.04675270184953462
5428.686790118577  0.00014711170560843811
5428.686795080135  -0.0004746208342112368
5428.686792928532  -0.00020502962109247846
5428.686795069127  -0.0004732464864716235
5428.686801321685  -0.0008186202610431792
5428.68680192498  -0.0013324196273885036
5428.686788254249  0.0008188054428117653
5428.686787563182  0.0004673693787324851
5428.686791292942  -4.686810939347197e-10
5428.688436577419  -0.20575154727547584
5428.688436702602  -0.20576723508648342
5428.686791290304  3.300904936054394e-07
5428.6867912924545  -1.8894041886596824e-10
5428.686791291781  -4.60893545550789e-10
5428.686791289768  -1.274585770261183e-09
5428.686791283754  -3.716223773153615e-09
5428.686791265965  -1.1042189385079837e-08
5428.686791214885  -3.301903461760958e-08
5428.686791082451  -9.894521468822859e-08
5428.686790879401  -2.9672917634115947e-07
5428.686792217532  -8.900777643816582e-07
5428.686794843908  -1.4976158979607135e-07
5428.686794847322  -5.786413481700947e-07
5428.672329763561  1.8122697797775587
5428.67232976271  1.8122698864522349
5428.6869911103295  -0.025090804747804896
5428.687229968109  -0.05453236138299644
5428.687526931637  -0.09223969348530403
5428.688036025439  -0.15604037464054699
5428.686359608346  0.05453254656474371
5428.686729419458  0.00770132368509735
5428.686791455669  -3.409894588912721e-11
5428.6867914521235  4.4429945944557403e-07
5428.686791005978  -2.533440124352637e-10
5428.686791003242  3.4266021486928366e-07
5428.686790630589  -3.1164404390437994e-11
5428.686789924663  8.900611661033508e-07
5428.686790964083  -2.184634695368004e-10
5428.686790959608  5.608751578733973e-07
5428.686794815753  3.7947871334154115e-07
5428.68679481873  5.043276019023324e-09
5428.6868326629365  -0.005267455921476483
5428.686984024099  -0.024236017580285818
5428.6869976274975  -0.025418657244948406
5428.687014804231  -0.028092577179840816
5428.686591948439  0.025418842427257005
5428.6863310311355  0.05759605055308015
5428.686790884086  -6.757218784514407e-08
5428.686794760837  -9.83830830136867e-08
5428.686790881487  2.5791704416633365e-07
5428.686791912158  1.031756248437432e-06
5428.686791003227  -1.8178042182626086e-08
5428.686791006224  -1.2495336605411467e-06
5428.686791009534  -1.664322716976585e-06
5428.686791000723  2.96517058018253e-07
5428.686723407517  0.008423594778761867
5428.686941955047  -0.018963534221811074
5428.68672614163  0.00808202417118764
5428.686919553472  -0.016156507179069024
5428.686753276281  0.00468089217147849
5428.686894785352  -0.013052427594843152
5428.686759165779  0.003943251508459866
5428.686879456545  -0.011131567484760296
5428.686773714689  0.0021197453401740063
5428.6868645176855  -0.009259384402319881
5428.686779084256  0.0014470072823158375
5428.686854363471  -0.00798692376269372
5428.686787253639  0.0004231312048688096
5428.686845201673  -0.006838755520092832
5428.686791299988  -8.388389844071753e-05
5428.686764527329  0.0032711956262687636
5428.686825033085  -0.004311267665123353
5428.686771979524  0.0023373548532532595
5428.686817492075  -0.0033662531566989173
5428.68677458201  0.002011176321836672
5428.6868124203165  -0.0027306566856850623
5428.686778741857  0.0014898927327990918
5428.686807804517  -0.0021522166208072235
5428.686780736409  0.001239922990272646
5428.68680449934  -0.0017380117819882912
5428.6868232525085  -0.004088465519714646
5428.686856770157  -0.008288585416849514
5428.686859315986  -0.008575491401529689
5428.6870038962525  -0.0267258675939388
5428.686722447022  0.008576007235049588
5428.686708323052  0.010314815678533762
5428.686790627923  4.1817332174787225e-07
5428.68679063121  -2.532587473069725e-10
5428.686790885643  -6.38960123922061e-07
5428.686790628011  4.0053555494523607e-07
5428.6867906285715  -2.135536192326981e-09
5428.686790622579  -8.446441768228397e-09
5428.68679060515  -2.7376991340588575e-08
5428.68679055775  -8.417021035711514e-08
5428.686790458647  -2.545553385857602e-07
5428.686790525305  -7.657080161038721e-07
5428.6867909120965  -1.0651062609667861e-07
5428.686789928219  4.445934962404863e-07
5428.686790891043  -2.566764578659786e-10
5428.686790524895  4.1099522718468506e-07
5428.686790528174  -2.3369750579149695e-11
5428.686790891448  -2.9384494837358943e-10
5428.686790524895  4.109133868723802e-07
5428.686790675313  -6.156142262625508e-11
5428.686790906853  -1.0229683766738162e-10
5428.686790672512  3.509295325443418e-07
5428.686790528174  -6.117772954894463e-11
5428.686790910218  -1.545714667372522e-10
5428.686790525265  3.646444355354106e-07
5428.68679052821  -4.4831978129877825e-09
5428.686790868603  -1.724274056869035e-10
5428.686790526198  2.477264402500623e-07
5428.686788697602  2.542047063514019e-06
5428.68679018978  4.128787269053191e-05
5428.686790193282  4.084860939457258e-05
5428.686790613256  3.590566919342564e-07
5428.6867906161215  -8.377298854611581e-12
5428.686743689524  0.005794904039625237
5428.686836166914  -0.005794014849925588
5428.686835246867  -0.00561294968363768
5428.686817063745  -0.0033344025806698596
5428.686814183121  -0.002973403222895854
5428.686695340855  0.011919737262054753
5428.686790528175  -1.6981971384666394e-11
5428.686827783901  -0.0047031491353521915
5428.686832029382  -0.005235131779450342
5428.6867905250165  3.957480885219411e-07
5428.686779223475  0.0014075761021814515
5428.686821241019  -0.0038578181754402863
5428.6867932293235  -0.0003475554032874584
5428.6867815169835  0.001120260471189738
5428.686808177054  -0.0022207368144648854
5428.686780393563  0.00126103867650329
5428.6868057357315  -0.0019147927123412956
5428.68678477208  0.000712335079377624
5428.686802325811  -0.0014874688165491534
5428.686784940122  0.0006912735822410809
5428.686800536829  -0.0012632761725015484
5428.686787157389  0.00041341140732953363
5428.686798533706  -0.001012248762741308
5428.6867876109545  0.00035657030776548027
5428.686797305361  -0.0008583145783802593
5428.686788795182  0.00020816578673077402
5428.686796099074  -0.0007071450943172408
5428.686789219335  0.00015501124848071868
5428.686795283855  -0.0006049831566556918
5428.686789882143  7.194965061074754e-05
5428.686794544841  -0.000512371370497533
5428.686790204686  3.152898245417646e-05
5428.686794014063  -0.00044585516933892677
5428.686790589848  -1.673876653995876e-05
5428.6867888378165  0.00020282271993465883
5428.686792720001  -0.0002836857252574987
5428.686789283008  0.00014710275061702305
5428.686792242745  -0.0002238908986100796
5428.686789474158  0.00012309628242945791
5428.68679190854  -0.00018199021118192604
5428.686791294452  -0.00010497889093130652
5428.686794871096  -0.0006189577366768617
5428.686803999402  -0.001697193647913764
5428.686808747789  -0.002292189824707691
5428.686784985342  0.0006198469263765105
5428.686785931527  0.0005670585831865083
5428.686809480247  -0.0024497751184142658
5428.68682375022  -0.00423806586561426
5428.686790456233  -7.511857802455779e-11
5428.68679044899  7.633715384258721e-07
5428.686790262655  -3.9983795119269416e-07
5428.686794246001  -2.9331415589695098e-06
5428.6867902478  1.678263004123437e-07
5428.686790250618  -1.853251845318482e-07
5428.686793954384  -2.0750856180029587e-06
5428.686790259872  -5.093807686762375e-08
5428.686790256933  3.175288227907913e-07
5428.686790524165  4.96624764423359e-07
5428.686790527682  6.177121747441561e-08
5428.686907099677  -0.0146832214321293
5428.686722635646  0.008473440038095248
5428.686691588543  0.01236373799555679
5428.686739499179  0.006359806959771674
5428.686672756761  0.01468411062240449
5428.686792420904  -0.0002721607298639128
5428.68679025962  -1.4958423832922563e-08
5428.686789930236  1.9184552257911491e-07
5428.6867899272975  5.599978294412722e-07
5428.68679025742  2.613986396227119e-07
5428.68684244704  -0.006541259147766709
5428.6867652361425  0.003134540457878643
5428.686801111278  -0.0013611616880453425
5428.686801302767  -0.0014250075770192439
5428.686824229644  -0.0042582566539906
5428.686842636226  -0.006565081794903449
5428.6867785536715  0.0014258967672873268
5428.686787739433  0.00031450341337802
5428.68679024994  -7.151776060254633e-09
5428.68679024793  5.273743823863697e-07
5428.686789936239  -6.029163373000301e-07
5428.686789960298  -3.7454544496995368e-06
5428.686789930509  -2.3104007595975418e-10
5428.686789913323  1.8078280277222802e-06
5428.686789931733  -3.8182434991540504e-10
5428.686789927325  5.54603815317023e-07
5428.6867899320005  -2.2673418698104797e-11
5428.686789928619  4.2376668574206633e-07
5428.686789926589  6.024870415899386e-07
5428.686789933826  -3.015123795080399e-07
5428.686841449975  -0.006456546412969999
5428.686897452425  -0.013474578354575328
5428.6869752584425  -0.023224461617040504
5428.6869799215365  -0.02380944786341388
5428.686738406492  0.006457435602669648
5428.686307089669  0.06050848691084809
5428.686789931728  -5.192575258661236e-10
5428.686790302511  -4.6473156288584505e-05
5428.686771865203  0.002264044397826126
5428.68678992951  2.7891299225757393e-07
5428.686789930646  -7.659508582946728e-10
5428.686797856992  -0.0009930965847075868
5428.686828391451  -0.004819893765137806
5428.686851608304  -0.007729462219479899
5428.686884415329  -0.011840480800849207
5428.686781999455  0.000993985774414341
5428.686595306957  0.02438983586399246
5428.686789931087  -3.9608494262211025e-10
5428.686789931446  -1.6283507875414216e-10
5428.686789928095  4.1974463016458685e-07
5428.686789926518  1.1163435118533016e-06
5428.6867899308345  -6.422595788535546e-11
5428.686789931209  -1.3246648222775548e-10
5428.686789928306  3.1674133538217575e-07
5428.6867899315785  -2.5854518526102765e-10
5428.686789931779  -3.36200400852249e-10
5428.686789926667  6.157213050528298e-07
5428.686789928433  4.1877496670394976e-07
5428.68678993094  -1.1389289511498646e-10
5428.686789931502  -6.233236149455479e-10
5428.686789928034  4.33901938379222e-07
5428.686789930905  -3.666968950710725e-10
5428.686789931681  -3.247393465244386e-10
5428.68678992809  3.5248547902710925e-07
5428.686789931442  -1.0098943903358304e-10
5428.686789931556  -1.3011458577238955e-10
5428.686789928326  4.048919137744633e-07
5428.686789931548  -1.4204807996520685e-08
5428.686789927404  4.10101407055663e-07
5428.686789930785  -2.433822032799071e-10
5428.686789931676  -1.3944401189291966e-10
5428.686789927643  3.942287776226294e-07
5428.686789930662  -7.641247634637693e-10
5428.68678993174  -6.001954488965566e-11
5428.686789927467  3.9960411868378287e-07
5428.686789931442  -4.412470389070222e-12
5428.686789927147  4.420935084681332e-07
5428.686791890565  -0.00024563061792548524
5428.686789549271  4.775832996273266e-05
5428.686789931445  -2.8109070626669563e-11
5428.686789927879  4.469737149292996e-07
5428.686790808824  -0.0001099207905852495
5428.686791898887  -0.00024652542437308966
5428.686787212819  0.0003405701415388762
5428.686787265678  0.0003339461033888824
5428.686789932531  -2.537162089311096e-07
5428.686789936542  -7.562278483419504e-07
5428.686789943408  -1.6167048926263305e-06
5428.6867899314875  3.114919167046537e-08
5428.686789927534  5.266773612788711e-07
5428.686789915527  1.8772951406731408e-06
5428.686789906312  3.032362144494982e-06
5428.6867899200315  1.3131453187043007e-06
5428.686789863528  8.547433537842153e-06
5428.686789762701  2.1182965532773324e-05
5428.68678992298  9.432423766497777e-07
5428.6867899383005  -9.766663211507876e-07
5428.686789928087  3.0320437360842334e-07
5428.686789930641  -1.67733276157378e-08
5428.686789925913  5.757116099402992e-07
5428.686789933884  -4.232817545357648e-07
5428.68678992857  2.427655232395409e-07
5428.686789929899  7.621409281455271e-08
5428.68678991809  1.6410972207836494e-06
5428.6867899446615  -1.7738912845288723e-06
5428.686789927466  3.8101752863894944e-07
5428.6867899342315  -4.667037956096465e-07
5428.68678993843  -9.928845088325033e-07
5428.686789940585  -1.263031556675287e-06
5428.686789929795  1.1050908454990349e-07
5428.686789925014  7.096937366668499e-07
5428.686789919908  1.3281936830367158e-06
5428.686789930509  -2.1829293928021798e-10
5428.686789919952  1.3226570843016816e-06
5428.686789931106  -7.508131005806717e-08
5428.686789933351  -3.564599140304381e-07
5428.68678993507  -5.717788909009869e-07
5428.6867899271765  4.3866523924407375e-07
5428.686789931391  -1.1086706308560679e-07
5428.6867899284625  2.561877465723228e-07
5428.686789931578  -1.3415477440048562e-07
5428.686789931893  -1.7379613126422555e-07
5428.68678993314  -3.300568138797644e-07
5428.6867899256695  6.274247681403722e-07
5428.686789929138  1.9277808149809061e-07
5428.686789927804  3.387634066598366e-07
5428.6867899309445  -5.4883926736692956e-08
5428.686789928994  1.8963946502026374e-07
5428.686789925056  6.831872809698325e-07
5428.686789934989  -5.617491538600916e-07
5428.686789928366  2.682701207845639e-07
5428.686789930022  6.073744174273088e-08
5428.686789930626  -1.5038352785268216e-08
5428.6867899312465  -9.262840450219301e-08
5428.686789931341  -1.0456591326146736e-07
5428.686789926375  5.389529533772475e-07
5428.6867899284325  2.8125098339160104e-07
5428.686789928856  2.0691089019919673e-07
5428.6867899309955  -6.123680407199572e-08
5428.686789929045  1.8328658768496098e-07
5428.686789930151  4.459516134147634e-08
5428.68678993035  1.974729713083434e-08
5428.686789930884  -4.727638724943972e-08
5428.68678993089  -4.802352293609147e-08
5428.686789930912  -5.0855305744335055e-08
5428.686789927924  3.4498485490530584e-07
5428.686789926885  4.7521853474563613e-07
5428.686789930509  -2.922249109360564e-10
5428.6867899286735  2.2976181668354911e-07
5428.686789925921  5.958918833925964e-07
5428.686789926329  5.447902751143374e-07
5428.686789929142  1.7111872807618056e-07
5428.686789930493  1.6053789408942976e-09
5428.686789930569  -7.77824027409224e-09
5428.686789930685  -2.2417665945795306e-08
5428.686789930698  -2.4017801081299694e-08
5428.686789927265  4.27481857911971e-07
5428.686789930509  -3.2378011383116245e-10
5428.686789930016  6.155018894560271e-08
5428.686789930179  4.1083680457632e-08
5428.686789930562  -6.809365515891841e-09
5428.686789930568  -7.758586662021116e-09
5428.6867899305935  -1.0884953383083484e-08
5428.686789927359  4.1568135600300593e-07
5428.686789930507  -9.557510338709108e-11
5428.686789930504  3.0871660783304833e-10
5428.686789930508  -1.5159429267441737e-10
5428.686789927835  3.561220438541568e-07
5428.686789930112  4.9411028157919645e-08
5428.6867899301005  5.086027243805802e-08
5428.686789930266  3.0229678316118225e-08
5428.68678993018  4.103027606561227e-08
5428.686789930556  -6.207621083831327e-09
5428.686789930568  -7.738279350633093e-09
5428.686789930626  -1.4936269110421563e-08
5428.686789927358  4.1573980524844956e-07
5428.686789930507  -3.574740503609064e-11
5428.686789927388  4.120458143574979e-07
5428.686789930507  -5.439204642243567e-11
5428.686789927356  4.162393807405351e-07
5428.686789930508  -1.410995764672407e-10
5428.686789930326  2.2647263620001468e-08
5428.686789930505  2.0342838524811668e-10
5428.686789930506  1.368931634715409e-10
5428.686789930519  -1.4681376114822342e-09
5428.686789927402  4.1033544562196766e-07
5428.686789930508  -1.5621282045685803e-10
5428.686789927373  4.1397730399239663e-07
5428.686789930507  -9.141842838289449e-11
5428.686789927368  4.1451109211720905e-07
5428.686789930512  -5.706155548068637e-10
5428.686789930336  2.1404012784387305e-08
