 Dim = 2
7151.56440726078  -1698.5842122160911 -1352.5021905788863 -658.7064644379553
9606.088984268656  -1938.125615924048 -1603.6039024320798 -788.4163515569328
6826.587801767579  -1255.6355266232904 -1325.8445028295791 -917.3176651618197
5250.31727011602  202.73020855087225 -1166.1789385799232 -1686.8849666874933
4998.628869367653  -1083.5802931257786 -1102.2082713005477 -774.8617233723612
2837.3726500749594  -310.3207580667448 -787.5075781154521 -920.9065837874543
2658.767947354804  121.98298055611292 -765.18216438085 -1177.507282572622
6022.503968614278  -1389.7889498519958 -1226.8288833485592 -717.0283588913666
2267.2221366991985  -461.4028974005124 -675.9972546468684 -695.342925785015
702.7403597635813  128.33677070020204 -286.8266170422998 -636.8480180138381
505.3204039793528  653.4691041102136 -222.267328560286 -905.9078376407725
1022.7189670475027  -879.3754848803339 -367.5011039012813 -71.31531939526897
323.1649485491853  -1253.717715253238 -91.20753683300092 487.5727344809431
1605.1855818602376  1639.533851485772 -581.4294697383089 -1958.252829562026
110.48092087470592  -299.3383241814145 28.830735838771503 1.6653050264365437
268.4363977548889  270.2975113746854 529.0352490614309 199.73329513104963
247.95953180463138  -159.3726369984277 -74.47478472840433 -207.30163530840508
984.8359686767225  258.59995048139376 -382.97093547399146 -831.3292416981511
3.043279125827673  -533.7148673713318 201.818782339876 351.586418567807
950.0146927545704  -432.47321728159204 -355.95053552857894 -349.7114310053796
153.9688020002334  384.24846883498185 -23.561642657618464 -503.96495034642254
637.9591473703451  -581.2251694861818 -246.16007068565938 -127.62671190998354
10.136702721210964  793.3916939521793 142.95121715023092 -581.2394778405585
51.259749442875815  -138.84571374251198 362.5223892535815 277.0078226251856
1790.5192340934695  -2333.185907038489 -530.5288420661079 691.4509593770308
1451.4947693031909  1726.7454351787987 -545.93615268549 -1974.7244060373873
126.66881931150428  -955.5673998590859 30.13349638262099 431.26134196622854
127.5581463372985  266.5873482050557 431.9114146376607 91.53834289087723
107.08468424881215  845.1375657531923 4.896532626436169 -772.229564975234
445.22475225229255  -1170.2162947298407 -152.83805420395223 362.90620576540925
1297.4679521261332  -293.51576178755204 -458.5119029995549 -557.1730946154166
16.290018511185494  -55.344293219114775 300.8918718826302 152.34129390965174
151.3907081700337  -6.679136038802566 -12.331676990089079 -236.14072493209508
388.82877646660893  775.9110817855124 -172.435967287219 -929.0333481941882
1.3296423419223882  217.97280712270398 239.36570402554395 -96.03880146960044
435.96108416354826  -387.0375059904397 -167.12969402766103 -164.30276816760679
46.84028029090408  235.49651663039214 86.22882218530114 -281.88023125102643
93.08054927185853  506.6904465102805 26.26971861544851 -527.0904608998381
244.73227485658379  -527.0031931734266 -63.824173460485184 44.66417216723484
281.8927700777554  905.8260712972883 -119.56324422229218 -953.5702800376824
153.3660121280289  -10.227874449016383 -13.775940380312392 -235.47047777409554
146.75972757978036  1.7325445220450462 -8.908296374228659 -237.72943177328722
26.811597492934794  396.5141493665949 312.0283504189833 -129.7597505482843
312.46137568520624  -244.96829445807276 -109.31045310994949 -191.13525742484285
264.1356896417001  -181.79432355757137 -83.59994902657591 -203.06687073670005
335.36060940604546  122.36568102723614 -130.14253965237845 -454.5033744376589
44.98284087681403  -130.6125911108365 97.49863160732559 -30.201778426786696
42.65604374257467  -122.81663118553757 100.67142661508129 -31.674194643426063
134.66482546598493  24.349606869295986 0.29638184282948554 -242.0010968013189
202.38740630811878  -91.93569426462084 -47.029338972611086 -220.03839242789866
144.55924561898547  5.7759843271047036 -7.262699712549813 -238.49311275638908
267.83815726695093  -186.82889854512632 -85.6489172793307 -202.11599490786122
63.19556435169254  186.46036858006067 66.27212060852956 -272.6188163280824
355.4994319918599  98.33319605527726 -139.9232657045421 -449.96437976119546
67.261162912426  175.2953473924474 61.72818710643581 -270.5100884211552
137.02201179331652  -28.365021839545655 -0.38932048444715583 -208.39195393813606
156.637178033926  -64.28428528119902 -15.007720376436069 -201.6079136803606
162.52199187165488  -26.386271177353564 -20.35207480945885 -232.41865534226284
130.78164025118969  -16.404602868484226 4.478323521636577 -210.65090793732773
135.15527673602307  -24.81628342933184 1.054942905776156 -209.0622010961356
408.0890976147615  -405.17465338096895 -153.7430741317958 -137.2242443316473
413.01958954230986  -410.5710744229311 -155.93930627071725 -136.20502695108922
37.02120808353893  -172.94722584726273 110.38705441525178 12.095358510046356
12.619999099783861  333.2605034502622 146.78481487676584 -276.69185451350074
107.70260166684224  -121.42531555324823 27.16678679603555 -116.29710283912969
128.70486191797852  -12.36116306342457 6.123920183315422 -211.4145889204296
134.52906959993146  0.1580402157159475 0.9797746218556369 -225.4406206312987
107.62053604168203  54.47511498151039 23.08570452710689 -235.6994396211234
139.5388266898921  -33.11153953136239 -2.3210553549599497 -207.4954832419083
141.1474331177927  -36.122850898644764 -3.5465970155714457 -206.92673946525693
249.3777197620704  -185.8181814775322 -74.7087144678289 -190.31545229355132
23.247104377641705  -78.85757956259533 132.2860190224638 -24.34610175093968
78.58729487495046  -296.27175181362634 60.19651417784624 35.38755519681604
197.001820706498  223.10110553528614 -50.834015745030726 -429.8960484605292
132.35904799436204  84.70201849154526 0.7759079970791625 -280.827811220018
136.094582607459  -23.738203341108097 0.25923627961244033 -210.6717605675045
123.94518688080048  -56.10506672230071 11.201826325141118 -177.0935525905284
143.6725560450004  -20.860921666170338 -5.92792777028343 -219.59547734988695
130.333224857722  -43.705653373767554 5.49822140825677 -191.678609836985
139.58444411407035  -25.452602285672228 -2.5389117462652724 -212.74015824015638
135.2068038138624  -38.05199462070474 1.3253832480671939 -200.1194484103724
137.96777104838142  -27.286941751321915 -1.1850271106108714 -210.00151340950495
133.66022576235062  -19.089639973893043 2.1511057589402798 -211.5497307150615
138.28877115012307  -30.759430850158445 -1.3637956008140764 -207.93972397668477
138.3818636122269  -139.6118240893389 1.1328243190894156 -134.08290913920865
162.83582211018532  -118.76936580993225 -18.40403489711583 -169.93090506255197
67.55103453846051  -51.89910214309371 66.75986906817752 -116.56178729715386
111.19587922748065  59.04411100902514 19.713431489396672 -242.52089093171188
140.42796409009827  1.1499244981850536 -3.8483091685541533 -231.58646593664795
132.45339420418307  -7.976373736926343 2.8876059618227448 -217.96102203566372
166.3089823528021  -109.3369627653721 -21.21236879300936 -179.2828811270572
78.11490880236755  -79.36838146677678 55.580438550326726 -111.3736882403162
95.17250530909521  -122.5969845584914 39.080799157465066 -101.9637275810023
184.534664268599  65.73544970505627 -38.494616594934115 -313.1799853159864
135.06183543687538  6.82959720608129 0.3839152061511033 -230.4716578941722
155.3355406468665  -65.67731511148939 -13.979556440830835 -199.52813836335474
160.07598388722485  -67.47782345161798 -17.541887591920993 -202.4106963012088
109.67629559284637  -48.18841336450131 23.62825486229899 -168.10564262951078
115.4844609040717  10.47788843145838 17.0140417729798 -213.91150587069973
135.83816297234267  1.6629928249851103 -0.1309969955210124 -227.68749519346738
134.9344253614149  -8.07040774449868 0.8407222764117264 -220.2308941226025
135.13998071618317  -1.008708600842938 0.5049319012729033 -225.220257790198
137.69371052993276  -29.63602836264583 -0.906593942745821 -208.15190003406275
136.47348811500285  -31.029058192936198 0.12156999285941339 -206.07212471705688
137.19478845178284  -28.692251563273565 -0.5224962375015023 -208.33015034288928
142.5782184453992  -51.92432367128258 -4.320368754170056 -197.49939360604435
149.51425356461573  -20.04834417083215 -10.554852955378603 -225.39524432452035
140.08955497433843  1.7836142313285848 -3.5904105080878157 -231.70615036914106
129.48596733525935  -57.49368057394346 6.533906046199174 -181.50399080076528
113.5533927257336  -22.03653947718035 19.505612318390646 -189.86198794397745
133.52215129335556  -39.99459499540523 2.7591728217936495 -197.21917145846658
135.39898537622247  -13.621139791475986 0.5903025213952668 -216.89489994710826
136.7359442976467  -22.65422858106328 -0.2907690574003432 -212.0053337332093
132.88229010351756  -38.76509045660123 3.2595558278775005 -197.4513869186169
137.0739550739474  9.462050668909784 -1.3255495869516292 -234.13595239211497
135.50780327825157  -1.7099230224047683 0.219552084365703 -225.08782002813376
136.9473445184463  -28.223542183700914 -0.3317411805430286 -208.41867507851987
140.7483495009447  -91.73698146142856 -1.911417397845966 -168.78273474752422
178.22944210910066  -30.544995523813064 -31.7485654859452 -242.68516460852763
114.69461122957105  -54.76630743215557 19.258875894762916 -168.79067371884284
159.22153750756766  9.528513265418502 -18.715760952787647 -253.98521337435955
95.21874121833265  21.44901604788078 35.63163675032409 -199.8650940180217
137.7790965155034  8.128096645835928 -1.8684413803342228 -233.88400964809813
136.82163856408377  -0.2049704131356056 -0.8912195330109463 -227.33469459030243
135.1829868390832  -1.09074440373216 0.4715450203296724 -225.204763758972
137.5308662659994  6.599885091891516 -1.6302875355717146 -232.61579528609445
135.86533548446127  -21.000461515524606 0.3822800526270802 -212.31767929028962
145.42224802058945  -0.4966681862749498 -7.798901037866166 -235.0116301206412
145.76486128663058  -48.37689841223059 -6.938643421591966 -202.79565312057437
148.38030531907768  -17.987822311805818 -9.716263027988802 -225.78441330807613
126.1848414060435  -43.9813174393784 9.002839599829926 -187.50732345353686
113.23592912065484  -27.984945377572544 19.930871700298805 -185.4970199797187
136.32781149045456  -20.47057992641979 -0.008813611135453314 -213.10878557243316
138.214788505979  18.147812146120053 -2.4593910499048453 -241.09373487945723
135.94329931713978  -39.454744878173116 0.7544928052391349 -199.85451218099428
134.73150173258261  -5.484104371984838 0.9464928480668797 -221.79768969973742
134.57188314931884  -38.95134511757462 1.8686877628156928 -198.91395250698667
137.03877694385105  -9.873623638238234 -0.8399510213046315 -220.9686449877567
157.74218168627425  -19.21451090860092 -16.91437503716078 -233.1821517458923
134.25834760048548  -3.1479143831243253 1.2809011126887835 -222.94091773425478
132.4142871547884  -49.58584565285426 3.9032968106469603 -189.6589528723971
134.81457765937526  -60.736609657102775 2.183781009063056 -184.342765886245
135.95190093338329  -19.756097334708684 0.2819660775534203 -213.2437292823319
138.17187629725532  18.099019981066974 -2.4233786520675245 -241.020888815192
136.42682380987802  -9.876224920133069 -0.34012517094887906 -220.39769082871496
136.6862246923105  -28.195710276318742 -0.11921538524441555 -208.194784172403
137.33052505368585  -1.1931642258207673 -1.2829404261002024 -227.1361495351215
136.39599540141847  -22.25512146134039 -0.022404151693828034 -211.96006047282046
136.6778214211799  -30.53034856647821 -0.057183595598275794 -206.6010585244351
135.84297824031643  -15.5891451852219 0.2727274405512041 -215.9726975705094
138.81806218457282  -28.691971339101027 -1.8420571754630783 -209.8331955429056
140.407554088976  -23.08011084851212 -3.2593037408020322 -215.10839225459105
144.283441139172  -15.834800234985419 -6.53287268669014 -223.56340896626867
129.46657384413135  -42.01933216612993 6.184519383147922 -191.99710386676202
136.2108231115154  -20.300245688422073 0.0828646846471699 -213.11549521993126
135.85942377854738  -19.785549702340656 0.3584148915641068 -213.13744668509298
136.33907598460712  -9.976656279291346 -0.265999051387678 -220.24774812773765
136.33907598271318  -9.976656275694117 -0.2659990499236806 -220.24774812841704
136.33907598294883  -9.976656276141604 -0.2659990501057985 -220.24774812833255
136.11263942149935  -12.40097622054196 -0.02344426424752033 -218.38991613115917
135.9097520543062  -19.72784117171743 0.31582152516705975 -213.2236047665361
136.62199569840632  9.636561738876697 -0.9607267254922576 -233.83429959760662
136.1891201909282  -0.8628992879561977 -0.3586831066861943 -226.29896180126264
136.09949414351775  -8.158550193996966 -0.11293319473987973 -221.25952018656642
134.0483698686201  27.55581826175709 0.7284925043413839 -243.60063717101744
136.37293466945312  -1.0941692118566653 -0.503582647057095 -226.31311304151959
136.63860620447286  -1.5984462207520962 -0.7088129960686764 -226.2178706784635
136.4599253004528  -20.773367510704396 -0.10968614554967449 -213.02613711005773
137.4235668184814  -6.6451838203547124 -1.2299148220552896 -223.51895638889943
153.54191496994576  -64.31498666619066 -12.633464561132818 -198.88381871707426
158.10124732508248  -44.39246156416311 -16.592278857980094 -216.38966064898543
162.30643332325835  20.546615439881045 -21.299569280039115 -264.1159570393657
122.68603058451079  22.02535412872838 10.43840319729796 -228.93393612462268
135.14294023053063  25.463495945702093 -0.12303955362267605 -243.2054620626131
135.77311587710506  0.046169615311310065 -0.03948824782250477 -226.528487850738
135.7080133361071  22.887506632956523 -0.5258694884306054 -241.98371935486662
156.67528210922936  -34.526159411423656 -15.739976795200404 -221.85556652483615
113.28640108743456  -32.592067110391916 19.994450713783035 -182.41900394688244
108.68413952968815  -29.34959371151606 24.08984688228162 -179.87004507591618
167.00954709191143  12.41822833344364 -24.607655298890933 -262.58075558818814
135.0191815820022  24.200498669320588 0.008491208406757877 -242.23170302656138
136.18819431542974  -0.743219869283407 -0.3607534980156593 -226.3793965406878
135.65624874959906  -7.315274394697574 0.23026267489200847 -221.41878895832582
136.28580529538053  -20.442705442156885 0.02488650110249324 -213.08858896930562
136.4679964474344  -4.834308238156733 -0.4929257838972788 -223.86097489580476
140.47277273020478  -30.65310516404653 -3.1329076200417525 -210.0239500151994
140.43810446426122  -40.3398404852593 -2.8760742151126006 -203.41198386560782
152.49450794688457  -1.9485553660597041 -13.298594237270738 -240.3281052020413
131.45958423281385  4.762458839471257 3.4127606185793042 -225.6735080036976
135.94155250940713  -7.8582234191797165 0.009293612602130796 -221.31624264509225
135.4359718198572  -6.895684372562047 0.401027165768308 -221.49803656334845
135.92370837712463  -0.24036406531285232 -0.15610155011617333 -226.4743704819974
135.95761269633846  22.412564511087023 -0.7191611430413971 -241.89401744658252
136.45474173234103  -1.2495013029154372 -0.5667996065820156 -226.2837756036632
135.16653114430363  4.987879586134049 0.3414226564403271 -229.31854893654904
135.33848688463527  -6.709883265757617 0.47664438670752096 -221.53312865788843
178.25397923034117  1.3017172676966169 -32.51864718348777 -264.3384544551847
132.70293774146435  -61.82049825973583 3.952988875298658 -181.62068583094228
172.20182221863223  3.5762505029046423 -28.206158034696752 -260.91077887337684
103.8183332201955  -18.88031951461391 28.35062569913567 -181.84736784972094
136.07536636247147  22.18865208933015 -0.8102888836573099 -241.85172730090952
136.07698593161194  -4.091487426536238 -0.19061302378183032 -224.00127082081815
135.7928831753751  0.008549145139911112 -0.0547990037900786 -226.52138250503475
136.65886148986277  -5.196516892115363 -0.640337240607889 -223.79256486022143
151.3108372130302  -40.38345282894941 -11.47324608655627 -213.17494502690775
158.64140994815995  -1.0548312464730767 -18.026235867866042 -246.29551786881183
118.55932126841437  -2.3820752373406826 14.60345732242376 -208.26733272471142
117.28594202292483  0.2184476371955597 15.661816533212896 -208.7584912335928
135.34931974074996  0.8533841978187475 0.2890314498296094 -226.680945771633
135.74583362047164  -0.09630701561926477 -0.013761171383081212 -226.40623775349337
135.23397124145  0.31758785439094694 0.39639448277649014 -226.20912472690085
135.74253639944212  -0.5035276255525698 -0.0014359792127891513 -226.12653689265807
135.6597497211061  -2.1604949269603946 0.10558426448993508 -224.92367403796774
135.72915434798378  -0.06455825371279367 -0.0008400796580729508 -226.41223411472882
135.54522876614072  -0.27564731053010705 0.1549599977711712 -226.0970809137617
135.76009135005137  -0.7481628787252226 -0.010043568137182601 -225.9767444327603
135.87501675665473  -6.989974955675423 0.04327917493707312 -221.8439661451952
135.7243821779287  -0.46897080508999067 0.012627934467908372 -226.1330636094873
135.72457888276227  -0.1868755126040052 0.005800757365614306 -226.32487316413705
135.72919007562902  -0.5188394627400255 0.009865342870686605 -226.1036765200027
135.74110961420675  -0.05084229833624695 -0.010963517328891927 -226.43271185671324
135.7601187854075  -0.34143807243316554 -0.019676999570566206 -226.2530561642711
135.72998345671235  0.4121211674326264 -0.012783665465046057 -226.73681406685358
135.75407734241585  -0.3034226907969987 -0.015623740273265657 -226.2732404293708
143.44026657368855  -22.305394590808945 -5.708654316999532 -218.40339568142193
146.2341443537105  -19.121907467430326 -8.000828078026544 -223.09082846690114
129.73235460279713  -7.968161621432473 5.156934547365006 -215.38181632552755
127.4625549551863  23.29077354596149 6.329713303209299 -234.43890536373138
135.69142564107173  0.20166883040496544 0.023796727740034766 -226.5578568531665
135.95451416785812  -8.052377886056243 0.003265590282923725 -221.1964450658086
141.4220642038545  -5.603672016573883 -4.488407992950611 -227.90955389037003
141.6011543920796  -3.9009928402584206 -4.672409266236909 -229.22991290504842
130.0772948627832  3.1467537592193073 4.605276139760175 -223.2612814508975
135.67838631838774  0.06856282316603031 0.03763190607412947 -226.45526379886462
137.33639730912407  -30.632924893081736 -0.5920610249940319 -207.14331728810924
135.76118639629584  -0.9219482490517229 -0.006834491453723501 -225.8597150607633
135.77593320110321  -3.9677546230696317 0.05305223986443752 -223.80447889168923
140.32824891984117  -6.835472679486476 -3.5792436736213133 -226.070491611522
142.06371180315435  -11.985170105709141 -4.85228340874333 -224.16079845172806
134.26043498919898  -4.820196046499378 1.318696980768355 -221.80690445776196
129.74449234708425  -4.806422354242531 5.072045893476044 -217.5411600384503
135.71305918199127  0.0425643912361335 0.009821948313223805 -226.46997594417712
135.7356378037347  -0.10800416047474268 -0.005127772278163387 -226.38877406921262
135.78334748523193  -4.825551036421081 0.06724581269633179 -223.2287023812343
135.71923244375165  -0.12682612241499874 0.008764293809374622 -226.36067312621066
137.54504527672967  -3.6753129386580716 -1.399029477102762 -225.6490544553248
137.82101292733054  -7.616778158359474 -1.53048789968065 -223.227431295004
134.4800610240995  -1.2668570447489105 1.0537991158960265 -224.42673541042407
133.95465635574283  -8.378086026690152 1.6549231916007703 -219.10286789333526
135.73446077282833  0.0018247013148926803 -0.006758265802573096 -226.46228147413422
135.7515346437162  0.19521394221500987 -0.025322542092958318 -226.6095882713453
135.7213460848016  -0.013221828164847994 0.0043472386386819006 -226.4398172024165
136.91211857945146  -4.326561617274443 -0.8676821262706347 -224.6190339598982
137.44983327291374  -3.783844817982455 -1.318924541976189 -225.487017778996
134.30735419893477  -0.9364725310884761 1.1882588034298138 -224.48913484812022
134.39657803127918  4.5059854005028015 0.986143686798749 -228.26988981033608
135.73177277242095  -0.010477865723734742 -0.004264275391195714 -226.451415062787
135.73177309120297  -0.010478472533444803 -0.0042645223502408075 -226.45141494817938
135.73183525625763  -0.010982407101588548 -0.00430356955160242 -226.4511306614139
135.7321355795712  -0.01418590059936733 -0.004474038439334601 -226.44923490747274
135.7291540527872  -0.0645576917929288 -0.0008398509682696342 -226.41223422085815
135.72969405593446  -0.088392970085011 -0.0007192527641994816 -226.3965471538473
135.72915316719406  -0.06455600602694399 -0.0008391648962589836 -226.4122345392473
135.7291505103833  -0.06455094866935428 -0.0008371066559567202 -226.41223549442606
135.72914253967363  -0.0645357760685152 -0.0008309317201363499 -226.41223836006208
135.72911862508997  -0.06449025359048206 -0.0008124050098366337 -226.41224695785317
135.7289387786845  -0.06414790779767715 -0.0006730773282239144 -226.41231161640735
135.72849657962118  -0.06330616085293918 -0.0003305036708874387 -226.41247059642566
135.7271738644401  -0.06078830142179115 0.0006942132222116197 -226.4129461423614
135.72345844470826  -0.0537157346587494 0.0035726021227211833 -226.4142819319364
135.73245295927381  -0.10571808701774649 -0.0025712724106774602 -226.38735383766948
135.7324532529866  -0.105718646106203 -0.002571499948155937 -226.38735373207493
135.72845932083248  -0.14004270473405267 0.0015133286136061602 -226.36030906390744
135.72852472939144  -0.14016721313996605 0.0014626562586311648 -226.3602855481124
135.73016582296816  -0.036791960283207255 -0.002325288415393211 -226.43203987677194
135.72963198846557  -0.07633003793387053 -0.0009534253522407339 -226.40468350036937
136.8255175215927  -2.0141453257846815 -0.8516353544125846 -226.10933783893893
135.14327540091867  -0.9631690372334439 0.5011493312188643 -225.25427501106188
136.71996052331744  0.0248428572460917 -0.813624128379473 -227.39624647132817
134.7263082559699  -0.16712038634551019 0.8251247248418702 -225.40462403209744
135.72778251014861  -0.008470953758799785 -0.001040951046225912 -226.44905325750403
135.73066425058514  0.15068310758456555 -0.007163893285562245 -226.5598560541785
135.7293558085387  -0.006845202030303552 -0.0023689784964049786 -226.45162637433174
135.72935615742855  -0.006845637763258436 -0.0023692541792812776 -226.45162640404547
135.73249166047475  -0.1004312001828363 -0.002727924424072121 -226.39098132235844
135.7324923951296  -0.10042943876433671 -0.0027285682241854937 -226.3909832047079
135.72748031319063  -0.007895705177312334 -0.0008068367299581881 -226.44916190420668
135.72671498564446  0.02006878491451005 -0.0008403085280562859 -226.46744356716366
135.72616784547637  -0.00539734304478501 0.00020994516445934155 -226.44963376770448
135.72260219934194  0.0013901422602826605 0.002972311787362185 -226.45091571419076
135.72892051607877  -0.005415789966085576 -0.002045953217460502 -226.4521910006015
135.7289209917536  -0.00541596223504957 -0.002046339050222061 -226.45219132764538
135.72936545689748  -0.02211678001006816 -0.002016018274027748 -226.44126147516133
135.73283339147127  -0.0882065090478224 -0.003296902943055565 -226.39960451173408
135.7254352531012  0.04556136979122968 -0.0003937121222241987 -226.4835658476997
135.72859856712697  -0.03622721465447454 -0.0010539794643165765 -226.43096039921767
136.99075082312206  -1.7833788282519274 -0.9919431057103982 -226.41968387648768
137.1073730575532  -1.6474884734932005 -1.0902861793370167 -226.62034035651268
135.39523845184414  -1.4041504418954802 0.30468878657548293 -225.190337560982
134.3976083729821  1.5428026916603261 1.0553152674349298 -226.25798125097145
135.7181623533257  0.022558166403472805 0.0061114991063807075 -226.46115010610998
135.72657354472983  -0.0032446207974227946 -0.0001734725872657802 -226.45147484451306
135.72748107329997  0.003218299974953046 -0.0010700847709617487 -226.4567123017937
135.72800797510945  -0.04352081680150134 -0.0003975304313172251 -226.42545454445576
135.72801044710906  -0.04352552238248549 -0.00039944550579145734 -226.42545365571675
135.72569876205304  -0.17016091669451344 0.004487828822782126 -226.3372727812494
135.72569972085952  -0.17014844048900823 0.004486748080138554 -226.3372821513761
135.72612728501187  -0.002395136795757093 0.00017224989277248525 -226.45163528582265
135.72760960964698  -0.007334328689172529 -0.000926085014065436 -226.44966394953056
135.72495327595928  -0.00016032857909881214 0.00108177077551778 -226.45205737212
135.7265273490595  -0.0008785706046459804 -0.00019151634662778713 -226.453038964285
135.72658543671537  0.006077344443838633 -0.00040349926949173414 -226.45781831060754
135.7267567755396  -0.006504620284807677 -0.00024663128947016613 -226.44943139942316
135.7267576887628  -0.006508502356659906 -0.00024728811714179455 -226.449429614896
135.7288309887763  -0.06235946817798273 -0.0006269845407177906 -226.41342586738432
135.72883168684174  -0.06236192462836539 -0.0006274986884385672 -226.41342485040775
135.72610305870955  0.0024251260358669636 7.820477074325363e-05 -226.45488704954437
135.72672335710317  -0.00428492226709062 -0.0002716901509347264 -226.45090803118634
136.04264498586318  -0.7965633626371583 -0.24035788207286557 -226.20747629972385
135.3964826104703  -0.10174015253775909 0.27289163133696914 -226.07622125784994
135.70228399801252  -0.6861726581791151 0.03587502220544414 -225.96488857766462
135.7599855086159  0.7490810303632708 -0.045336835414485965 -226.99371591709377
135.7266739177506  0.008195312226539648 -0.0005260742382071433 -226.45933963751565
135.7264101210258  -0.0013142516908138174 -8.513023104797041e-05 -226.4526335692954
135.7261418527886  -0.0031884317682472586 0.00017905441681789075 -226.45111000438638
135.72643049750255  -0.0010918495919659194 -0.00010708806012544141 -226.45280366852532
135.7264307939326  -0.001091025241801378 -0.0001073505210625671 -226.4528045052365
135.72642730179177  -0.0010275693589348535 -0.00010598750776812205 -226.4528443503878
135.7264001306065  -0.0009994862104865576 -8.437909609786064e-05 -226.4528380612836
135.72619769321952  0.0005014966290546449 4.6089033267239494e-05 -226.4536686845125
135.7288385434588  -0.06299938290079628 -0.0006180557575051968 -226.41299822918364
135.72883883133935  -0.06300243989960405 -0.0006182194917560349 -226.4129964213301
135.7296541923167  -0.06846664909702385 -0.0011574380866628334 -226.41004578929798
135.72965354338427  -0.06846541382763949 -0.0011569353574834296 -226.41004602260224
135.7264549804751  -0.0014441442151889635 -0.00011883181386028349 -226.45258721279808
135.72641859974422  -0.0010782321020241102 -9.765733879601627e-05 -226.4528018115846
135.90746821951348  -0.3707950873104384 -0.13971678364652715 -226.37061878720831
136.0078030682415  -0.1423506936914794 -0.22728871247227111 -226.61938851991812
135.59525472828528  -0.11503229966231318 0.11013512695862085 -226.2529148580198
135.4528488901694  0.1541952690023344 0.22058938474094408 -226.3027566268253
135.72596174866766  0.004090148323713015 0.00015469109355064053 -226.4558861696946
135.72629474021576  0.000316761374989548 -2.9094407575261575e-05 -226.45363379372466
135.72595318326134  -0.013921399364318212 0.0005873266723689296 -226.4436430193359
135.7259527610368  -0.013921074535801367 0.0005876650916068313 -226.44364284581894
135.72596407676014  -0.00492714639560276 0.0003658622930420021 -226.44976294000637
135.7259642252553  -0.004925943588707178 0.00036571215001330237 -226.44976389569598
135.7263900895392  -0.0012010115471270074 -7.138644444665054e-05 -226.4526917922248
135.7263677006505  -0.0012780015074346067 -5.121515615692497e-05 -226.45261859202776
135.72628631056782  -0.0015546798528579056 2.2037647808815196e-05 -226.45235466352108
135.73206519053454  -0.08712596251454316 -0.00269276174786192 -226.3996213782744
135.73208400986462  -0.08756666218128258 -0.0026977737168085263 -226.39933958174808
135.72662850290644  -0.010184389088009197 -5.453398817895083e-05 -226.4468120012496
135.72662806262255  -0.010184555993962072 -5.416914702261475e-05 -226.4468114768415
135.7263384533424  -0.001601122489255525 -1.960596996727898e-05 -226.45237179353362
135.72632813521483  -0.002026016563185241 -1.1079877587738367e-06 -226.4520735325576
135.72639949197617  -0.003178170526390384 -3.2373100148719e-05 -226.45135749575198
135.7281120968622  -0.034193189979105275 -0.0007032904422149371 -226.43188795758266
135.7281125544089  -0.03419788121851029 -0.0007035546330839779 -226.43188519799043
135.72588808390057  -3.866401887351516e-06 0.0003118156187600854 -226.45303635564335
135.72588641665791  4.425113748213877e-06 0.000312986318598503 -226.4530404315595
135.72635762381702  -0.002392991175787831 -1.6607938036179086e-05 -226.45185177783674
135.72633498145  -0.0021067669648402194 -4.811658124303608e-06 -226.4520250705663
135.8328487426709  -0.20815541488734843 -0.08242730566558909 -226.41147443620778
135.86343295599667  -0.17348931408404145 -0.10830488727052377 -226.4635622515035
135.7045520528614  -0.16745898091354916 0.021758503465743033 -226.31936571636558
135.62995847948872  0.18518277737494548 0.07458267465623271 -226.4892609716074
135.72515530753984  0.0012812057092423485 0.0008821025668230009 -226.4532252080463
135.72618101553877  -0.0024218943354330277 0.000128839619469377 -226.45166727010943
135.7260402661956  -0.0009600813860948344 0.00020966816355636703 -226.4525288746575
135.7260397058342  -0.0009594278004100884 0.00021011204397826372 -226.45252879550503
135.7260138874648  -0.001057374034138684 0.0002335896788268086 -226.45243815816946
135.72601287451496  -0.0010481106158689423 0.00023420109205223437 -226.4524435051154
135.72636483711884  -0.002516041581971401 -1.9612936526539385e-05 -226.45177492434135
135.72632826636598  -0.0018317254659885414 -5.806608375828032e-06 -226.45220563596305
135.87383170204416  -0.16156497509726728 -0.11710597324552915 -226.48136513365077
135.72126389360048  -0.19927261740196628 0.008811009123007023 -226.31335710232386
135.64571092201263  -0.055138180656974595 0.06734510581591473 -226.34072275112925
135.80154668156536  0.04252495105991989 -0.06270141551921615 -226.5525478664891
135.7250098762588  0.0013295397741887663 0.0010001699555598896 -226.45312227209973
135.72633101286775  -3.414346862601074e-05 -5.053492793320898e-05 -226.45342928841876
135.72633141079194  -3.7132207555970054e-05 -5.079047939378726e-05 -226.4534276296684
135.7263346023689  -0.00038768133793939746 -4.512308321016098e-05 -226.45319248292088
135.72633508876504  -0.00038175724889228757 -4.566176548043583e-05 -226.45319696120356
135.72642232606827  -0.003957316802361434 -3.267873654337573e-05 -226.450849542516
135.72637693942656  -0.0010001926526496921 -6.53527628384312e-05 -226.45281593111406
135.75227924813254  -0.08503553212843387 -0.019310510141940396 -226.41991127372125
135.7672721759772  -0.06750053300633482 -0.032012945454871676 -226.44581774131044
135.77065179313544  -0.004686274715085537 -0.03626706527077484 -226.49164172237855
135.68007831645727  0.0743892856218378 0.03610706681864862 -226.4608015366162
135.72564216414145  -0.001134572011268795 0.0005401133833716348 -226.45203869236667
135.72628901917895  -8.202292081859631e-06 -1.6725991916766548e-05 -226.4534077066191
135.72595860153712  0.00508610892801089 0.00013373613462917995 -226.45655978271012
135.72629188375913  -7.080088492123189e-06 -1.9100585889683296e-05 -226.45341114317606
135.72629224847094  -7.019504637484535e-06 -1.9400969185701485e-05 -226.45341152480967
135.7263027526281  -0.0003373139542611432 -2.020626369451466e-05 -226.45319696367795
135.726303241448  -0.00033710196197763397 -2.0611955332401792e-05 -226.45319756402463
135.72628846706743  -8.447757418114368e-06 -1.626762966344188e-05 -226.45340702444804
135.7262863148362  -9.330385358509694e-06 -1.4482604336221875e-05 -226.45340441565224
135.72628001258622  -1.1090208184245266e-05 -9.275109399570093e-06 -226.4533973367018
135.72626092168267  -1.720426974978357e-05 6.518046722768709e-06 -226.4533753609973
135.72620181294747  -3.569374627430783e-05 5.540597928152156e-05 -226.4533076197868
135.72632228686078  -0.0012573985375922102 -1.4476650133312286e-05 -226.4525901911566
135.72632106277166  -0.0012675217189252205 -1.3234061281032809e-05 -226.45258217177306
135.72636796246127  -0.004328321878545566 2.0649596952261465e-05 -226.45054676910632
135.72636813282807  -0.0043277253202318655 2.0495851795673857e-05 -226.45054733339254
135.72627769285629  -1.1749854574204667e-05 -7.35805557209329e-06 -226.45339472300654
135.7262717961981  -1.3695658834418746e-05 -2.478626571716735e-06 -226.45338789636298
135.72625529919122  -1.918882653535076e-05 1.1173659160655862e-05 -226.45336876397943
135.72629120920757  -5.2793602859416536e-05 -1.7467446162989296e-05 -226.45337946048244
135.72629173959578  -5.344092689514745e-05 -1.788690532976493e-05 -226.45337951590628
135.72641846496273  -0.003224464345775619 -4.6831189531860366e-05 -226.45134376095444
135.72641855253457  -0.003223897398545005 -4.691636849388952e-05 -226.45134422783212
135.72626996262446  -1.4146857246974462e-05 -9.6499721560666e-07 -226.45338587812006
135.72626547388157  -1.619307215440255e-05 2.7627463235834205e-06 -226.45338029763752
135.72626419489163  -1.655322276183131e-05 3.8196358227314235e-06 -226.4533788589786
135.72624859421472  -2.2732916263199345e-05 1.6753429104201086e-05 -226.45336009701657
135.7263488817592  -0.0009497670211260918 -4.3545659030447135e-05 -226.45282399156025
135.72629271804195  -0.0014553325277424029 1.4437899766635016e-05 -226.45242813140507
135.72589385474132  -0.01864181385223434 0.0007475017468248756 -226.4403810787915
135.7258929700152  -0.018635837891792288 0.0007480857391683896 -226.4403843122877
135.72626505686947  -1.632277360601048e-05 3.1076331260488266e-06 -226.4533798202272
135.72627414623108  -1.2844144956591699e-05 -4.425053575397417e-06 -226.4533906686827
135.74830586441692  -0.03456911361376354 -0.017246369653571503 -226.45048380549
135.71764198735772  -0.021277658830770797 0.00757389728576875 -226.43088684332866
135.71455020842046  -0.01540394411230143 0.009969505455480431 -226.4319903671678
135.7388280145351  0.016506911697607308 -0.010684868544224992 -226.47633194080547
135.72613371637206  0.0005538605484178166 9.729306427466882e-05 -226.4536445289816
135.72630710832738  -0.000811932010451622 -1.2561330223398963e-05 -226.45287862430627
135.72630809145463  -0.0008146794153103732 -1.3302271242852617e-05 -226.45287767581345
135.72625957980205  -1.545931509697814e-05 7.57674351050306e-06 -226.45337529361368
135.72625948640206  -1.1235503803304164e-05 7.553493700958667e-06 -226.45337807563334
135.72626778469245  -1.5201260528820406e-05 8.451541407186325e-07 -226.4533831286447
135.7262723923506  -1.3456918035323648e-05 -2.972930112642823e-06 -226.453388615081
135.73543516686516  -0.021913047202906294 -0.006996019029789391 -226.44706616419805
135.73965813491935  -0.01707010761212639 -0.010571851788550895 -226.4542981678648
135.72369007209196  -0.015520388764236639 0.002480177266879132 -226.44044407852311
135.71735411406317  0.0208858583862807 0.0068135447581346605 -226.45925955429598
135.72614911303688  0.000310993397875978 9.04114932581143e-05 -226.4534939242201
135.72626215489643  -1.6978702950726568e-05 5.501859845035752e-06 -226.45337666549943
135.72626402189005  -6.667940404481553e-05 5.145930347949029e-06 -226.4533446470081
135.72626545070045  -7.0921198215261e-05 4.0749784749138e-06 -226.45334309945497
135.72645724859603  -0.00580207703725413 -1.7712612879337364e-05 -226.44962900829825
135.72697265750196  -0.010196710400530676 -0.00033634340237372875 -226.4471249188665
135.72626943315154  -1.4374901368435266e-05 -5.256033106315334e-07 -226.45338522891757
135.72626778469657  -1.5201260395251252e-05 8.451507465533025e-07 -226.45338312864868
135.72627420779767  -0.0006407582974856934 1.0362151315424444e-05 -226.45296418722248
135.72627424486336  -0.0006382256311807988 1.0271921651896956e-05 -226.452965942253
135.72626442192924  -2.804446409640757e-05 3.905073811299297e-06 -226.4533712649886
135.72626382016242  -2.5697432556482543e-05 4.342877273454428e-06 -226.45337229753153
135.72626726968036  -1.5456530671943392e-05 1.2733379420583033e-06 -226.45338247444775
135.72627079089577  -1.389315075669991e-05 -1.6499205413133496e-06 -226.45338682370038
135.73574971789603  -0.02155217187806472 -0.0072623729772670195 -226.4476049463381
135.73634305414961  -0.020872891697051605 -0.007764760501330535 -226.44862027142923
135.73357158190586  0.005692327303893447 -0.006120815375288895 -226.46407864604984
135.71722194896256  0.0207342189534846 0.006925466407353102 -226.45903315860616
135.726111014411  0.00011296217685928994 0.00012632018341257134 -226.45332383533403
135.72626925868352  -6.621486664767978e-05 8.423902187264583e-07 -226.45334985141307
135.72627080733176  -7.454412162925044e-05 -2.3020486986522268e-07 -226.45334563914386
135.72633823444946  -0.001060434334421382 -3.220305700324226e-05 -226.45273887593765
135.72633855259275  -0.001060640931133869 -3.2458954787728555e-05 -226.45273903260238
135.72626846354012  -1.4853979525478745e-05 2.8050110881501457e-07 -226.4533839982942
135.7262690893053  -1.453889251456251e-05 -2.398797250354175e-07 -226.4533847965189
135.72626805241018  -1.5064901268129951e-05 6.224856499315528e-07 -226.45338347120267
135.72626589445844  -1.6046992534323185e-05 2.4145504998086876e-06 -226.45338078950135
135.72626992704488  -0.0001834175072059951 3.0640485187427986e-06 -226.45327086020052
135.72627025622032  -0.00018231341926617573 2.7681360129510626e-06 -226.45327191750604
135.7263021003454  -0.0012793404134054816 2.5885816808418768e-06 -226.45255644088348
135.7263027804967  -0.0012759798115305255 1.9516550885430176e-06 -226.45255935868371
135.72626853284075  -1.4818508276012498e-05 2.2285771291520082e-07 -226.45338408708574
135.72626889816112  -1.4633505207593042e-05 -8.096453354098696e-08 -226.45338455380497
135.72626832549136  -1.4924798380435005e-05 3.953321878666369e-07 -226.45338382131092
135.72627311614426  -2.0379805060888565e-05 -3.402630214096979e-06 -226.4533845881014
135.72627306798023  -1.6539901366924695e-05 -3.453887712643312e-06 -226.45338715156478
135.7262734160855  -0.000426204066714816 5.94117547579339e-06 -226.4531091937273
135.7262731065853  -0.0004241085043660323 6.145352327755759e-06 -226.45311032829608
135.72626855018729  -1.4809640732880838e-05 2.0842926161472372e-07 -226.45338410930353
135.726268771917  -1.4696942344948247e-05 2.401590395043268e-08 -226.45338439285635
135.7278781776611  -0.004315826874773379 -0.0012175546267763277 -226.45196512496196
135.72881339530147  -0.0032432737822115105 -0.0020094846660499476 -226.45356677752244
135.72576647784607  -0.002931390051758189 0.0004806730746768008 -226.45093417709316
135.72483040654834  0.004058142258749654 0.0010828036224295296 -226.45480825198908
135.72625005334362  4.425454321464012e-05 1.3974471310587131e-05 -226.45340696344255
135.72626685281963  -0.00016096197193791635 5.053343066593885e-06 -226.4532832441675
135.72626758746324  -0.00015733145668749555 4.3653715053055595e-06 -226.45328639619015
135.7262675486621  1.2512237042700131e-06 6.498527850532182e-07 -226.45339408438693
135.7262679900884  2.513973470042845e-06 2.581798367229744e-07 -226.4533953542633
135.72626921467784  -1.4478034228802694e-05 -3.4408488396137575e-07 -226.45338495490216
135.72747868000957  -0.0017523246936499495 -0.0009506666877323892 -226.45333354711067
135.72594320105964  -0.0013637145938714943 0.00029876975017676755 -226.45216407267927
135.7259992480838  -0.0014714149012457288 0.00025537331353536177 -226.4521432355691
135.7264705164373  0.0013911191679040337 -0.00019856406512019627 -226.45452769670217
135.72626086274542  1.3750679377934559e-05 5.834888836592336e-06 -226.45339633351773
135.7262684539844  -1.4944032272029391e-06 -2.7354231571579142e-08 -226.45339306446672
135.72626716784808  3.8622643776420394e-05 7.891321348364201e-08 -226.4534191150935
135.7262695717081  -3.663825481166478e-05 -1.1309194396322122e-07 -226.45337023488355
135.72626989426738  -3.796130567764802e-05 -3.462277621113813e-07 -226.4533696372694
135.72627294905055  -8.446503336660412e-05 -1.7513246882497911e-06 -226.4533408993355
135.72627420821635  -0.00013101922218530999 -1.6833742432892555e-06 -226.4533104508119
135.72626825870438  -1.5807221500767154e-06 1.3475526372073657e-07 -226.4533928235255
135.7262683022714  -4.611001639893055e-06 1.706494960598002e-07 -226.4533908057441
135.72626781336484  -1.6540433031216037e-06 5.015294900506179e-07 -226.45339235796888
135.7262688232919  4.551432140057807e-08 -3.6646136334623804e-07 -226.45339445529464
135.72626893486904  -4.183210918093307e-06 -3.5799512028117225e-07 -226.45339168690637
135.72626842685497  -6.270514063758175e-08 -3.894743240227584e-08 -226.45339401168496
135.7262690211011  4.6690607639640175e-06 -6.378589985862455e-07 -226.45339778071275
135.72626883876717  -4.5314956788456124e-07 -3.6736282697270686e-07 -226.4533941310018
135.72626839985975  -7.048613609274642e-06 1.4825794618620796e-07 -226.45338924099087
135.72626889070654  -3.314054528376808e-06 -3.4233375308131117e-07 -226.45339223609182
135.72626836685382  -2.8807563012679993e-07 1.5560555437159835e-08 -226.4533938025775
135.72626804454322  -1.1331735150666462e-06 2.9972596367998573e-07 -226.4533929276114
135.72626825758306  -9.485295078763044e-07 1.2073560933091604e-07 -226.45339325192398
135.72626685337005  -4.540429247927691e-06 1.3566361415832465e-06 -226.45338950105113
135.72626982911092  -3.853552238647607e-05 -2.792506541338947e-07 -226.45336918637955
135.72627478474234  -9.557347434685327e-05 -2.993534905188726e-06 -226.4533350671508
135.72627493095575  -9.490862838923373e-05 -3.129095365869932e-06 -226.45333565527585
135.72626884726625  -4.339317773384908e-05 6.403474361672578e-07 -226.4533649699903
135.72626864164602  -6.243367321057953e-07 -2.017388458986209e-07 -226.45339383069134
135.72644058004946  -0.000991177907768902 -0.0001177315296693825 -226.4528814669256
135.72671877223516  -0.0006723743155797839 -0.00035329682103328537 -226.45335773666986
135.72687012281287  -0.0003629799327598527 -0.00048466861154870344 -226.45370920089357
135.7257958082006  0.0006993288835180193 0.0003708369144353941 -226.45342788788207
135.72626104648884  1.262565331078393e-05 5.710860035680834e-06 -226.45339574082828
135.726269458415  -3.146886746337167e-05 -1.4237949681219433e-07 -226.45337364065688
135.7262698270775  -3.200403422656997e-05 -4.319234630126167e-07 -226.45337362128828
135.72627094848363  -0.00020253599726803302 2.67855401847618e-06 -226.45325882667768
135.72628063164572  -0.0002952052361407295 -3.0688833185735914e-06 -226.45320491671518
135.72626855646413  -6.93640665641363e-07 -1.3027819708969814e-07 -226.45339370409133
135.72639583555357  -0.0004661360324565138 -9.34615877859135e-05 -226.45319635370953
135.72650502970586  -8.350039425840297e-05 -0.0001920089286562562 -226.45355821511546
135.72608998118505  -4.824080905373393e-05 0.00014737022439069065 -226.45319469521894
135.7264382560761  4.156431781792036e-05 -0.0001402303821295648 -226.45358083398122
135.72626459135228  5.649966525277555e-06 2.9699963383798507e-06 -226.45339431161253
135.7262684535591  -4.034163903094853e-07 -5.278569588332508e-08 -226.45339380517152
135.72626846175393  -5.09300904641024e-07 -5.7000817045553663e-08 -226.45339374089497
135.72626790550075  -6.517330007171669e-07 4.023216801279437e-07 -226.45339312484734
135.72627113478214  -7.840675288762702e-05 -4.0733936449794056e-07 -226.45334332097156
135.7262719333839  -8.326140598570423e-05 -9.472317447249517e-07 -226.45334076877057
135.7262724285361  -8.409331396638332e-05 -1.333446419636357e-06 -226.45334066591258
135.72627072765246  -7.862550894475938e-05 -6.844877212788117e-08 -226.45334279229277
135.72626844418278  9.610892534350508e-07 -7.734336086026936e-08 -226.45339472331997
135.72626845716087  -9.115143573207032e-07 -4.373167666629695e-08 -226.45339346338562
135.72629252990043  -9.657735191599023e-05 -1.7515394645320852e-05 -226.4533509513436
135.72631926555067  -2.2632203297291585e-05 -4.1177748424409025e-05 -226.45342614117175
135.7263192510459  -2.2208559000392377e-05 -4.117586969504115e-05 -226.45342641541012
135.72621915287277  1.4399433386165797e-05 4.0008853875008433e-05 -226.45335783565085
135.72626769880497  1.0457337149843072e-06 5.316374517222581e-07 -226.45339408496562
135.72626792032668  -6.874123402044329e-07 3.910121058826689e-07 -226.45339311445136
135.72626843452724  -8.710095640472288e-07 -2.6136077865342628e-08 -226.4533934697704
135.72626841018777  -3.6580639987095367e-07 -1.8123276894763034e-08 -226.4533937902302
135.72626931776347  1.6628448050748171e-06 -8.09993982691811e-07 -226.45339601555676
135.72626839342965  -4.304312382157922e-08 -1.2013648739420084e-08 -226.45339399383695
135.72626952138413  3.316878656634934e-06 -1.0159853179274872e-06 -226.45339732922514
135.7262684003077  -1.6173236921540114e-07 -1.4846823401088769e-08 -226.4533939196329
135.72626846631786  -1.1226170251589147e-06 -4.6249211321193706e-08 -226.4533933285332
135.72626791094856  -6.025582832999758e-07 3.9669414079451243e-07 -226.45339316333732
135.72626780712238  -6.355958514715862e-06 6.1775314971371e-07 -226.4533891581537
135.72626792328575  -5.991264857983182e-06 5.139170294601152e-07 -226.45338951433348
135.72626838939004  -7.740932392749369e-07 8.572424954618475e-09 -226.45339349346702
135.7262686026699  -2.9586011093529405e-06 -1.1463153341479952e-07 -226.4533922086508
135.72626839054718  1.8997736781335536e-07 -1.515719820865073e-08 -226.45339414943564
135.72626839393598  3.8018884663079196e-08 -1.4344193449560753e-08 -226.45339404937468
135.7262701781897  -1.1205678136165949e-05 -1.2111948674798586e-06 -226.4533880772908
135.7262717391364  -8.896831963445414e-06 -2.545250232063432e-06 -226.45339110291167
135.7262642969706  -2.4334936920839986e-07 3.350558562769278e-06 -226.45339003349042
135.7262661416644  7.83796093294597e-06 1.6475137255295297e-06 -226.45339724521153
135.72626833358106  2.2495907124022878e-07 3.071091101103848e-08 -226.4533941200174
135.72626865806328  -3.5575641929200575e-06 -1.4588346694421664e-07 -226.453391853491
135.72626881653287  -6.627508071213629e-07 -3.4418454825228827e-07 -226.4533939678636
135.72626807755083  -4.18323158657199e-06 3.447430910307136e-07 -226.45339088653665
135.72626773644959  -1.9019417865603338e-06 5.704343972163119e-07 -226.4533921177677
135.7262684047322  -2.6376825495589416e-07 -1.6062510576613264e-08 -226.45339385445106
135.72626967365431  -4.253540375886737e-07 -1.0523708440853021e-06 -226.4533949292982
135.72627084635093  -2.9120223819836657e-06 -1.9548617856381367e-06 -226.45339433489636
135.7262682185517  -3.279755323521979e-06 2.078163673127268e-07 -226.453391631896
135.72626630399364  -1.963300795335988e-06 1.7460584272298476e-06 -226.4533907388071
135.72626810483064  3.2619863490197396e-07 2.15823796263353e-07 -226.45339397523722
135.72626794671555  -8.914331868878129e-08 3.552441486219901e-07 -226.45339354548807
135.7262684050604  -2.2391415363463864e-07 -1.7273277242991985e-08 -226.45339388183012
135.72626800528394  -6.609070848609964e-07 3.207468866065994e-07 -226.45339321176877
135.7262685339844  -1.2672839947517776e-06 -9.829652455444528e-08 -226.45339329343224
135.72626786765312  -8.188123097731302e-07 4.3729317583031844e-07 -226.4533929760183
135.72626838581007  -4.9877140740613404e-08 -5.606516072915077e-09 -226.45339398208142
135.72626835965625  -7.458680921195059e-08 1.64155559810331e-08 -226.45339394088006
135.72626799982066  -1.06154868581446e-06 3.346921877828092e-07 -226.45339293451474
135.72626843288435  -1.2876902854550377e-06 -1.494332968108268e-08 -226.45339318518768
135.72626796126156  -6.453011793478311e-07 3.5646300248359513e-07 -226.4533931812723
135.7262684465971  -1.3675444179324203e-06 -2.4296564868464313e-08 -226.45339314374476
135.72626804901918  -6.107291213855292e-07 2.8371166217293584e-07 -226.45339328668382
135.72626821907016  -6.7599981188796e-09 1.300502194927567e-07 -226.45339385570932
135.72626837879594  -2.2645736565114962e-07 4.3156557072135855e-09 -226.4533938555831
135.7262683585064  -2.9554085466633386e-07 2.2579232654095373e-08 -226.4533937897137
135.72626831386373  -4.335185210148036e-07 6.243304874638986e-08 -226.45339365430948
135.7262684049586  -9.324208830277239e-08 -2.027754602807879e-08 -226.4533939704999
135.72626841232804  -2.523024484881584e-08 -2.7925388511812937e-08 -226.45339402357982
135.7262680154294  -1.1520267288073176e-06 3.2403586086362574e-07 -226.45339288762509
135.72626839946133  -9.954912059096728e-08 -1.5622467580786622e-08 -226.45339396108358
135.72626838498795  -5.689081508039898e-07 7.332259925884001e-09 -226.45339362873858
135.7262678777729  -6.406210533222797e-07 4.247874138710922e-07 -226.45339310651013
135.72626837871707  -5.6414405601264926e-08 3.6209233773620107e-10 -226.4533939710189
135.7262683848623  -5.69860532939059e-07 7.457669530987276e-09 -226.45339362797444
135.7262679493541  -5.58495207310061e-07 3.641721770579426e-07 -226.45339322912292
135.72626837956565  -2.69397260177795e-08 -1.0299657944889487e-09 -226.45339399183308
135.72626835845128  6.030396651377272e-08 1.421582270291747e-08 -226.45339403138576
135.7262683844427  -1.0688087481006506e-07 -3.138523633842946e-09 -226.45339394208236
135.72626839074408  -6.282594032328316e-07 4.016450334493224e-09 -226.45339359379528
135.72626790341468  -6.894318425908416e-07 4.0492242867365094e-07 -226.45339309729127
135.726268379813  -4.2835288696000486e-08 -8.571087992829723e-10 -226.45339398126626
135.72626802644226  -1.1386631607203786e-06 3.1469294276205643e-07 -226.453392906984
135.72626747808454  8.009259849945462e-07 7.183453014279959e-07 -226.45339371261375
135.7262683796753  -4.76437616159105e-08 -6.305174306338622e-10 -226.4533939778712
135.72626793484983  -6.290829592970415e-07 3.7772925665258296e-07 -226.4533931676324
135.7262683770387  -4.262480364657905e-08 1.4120950175849418e-09 -226.45339397881912
135.72626839311238  6.378652525100683e-08 -1.4277885558329313e-08 -226.4533940661095
135.7262683947206  1.1854962280363705e-07 -1.6890238698597005e-08 -226.45339410481122
135.72626838057522  -1.0625289227582808e-08 -2.2429427300277917e-09 -226.4533940038578
135.7262683895404  -2.5392260385121867e-08 -9.242738733008844e-09 -226.45339400219623
135.7262678994677  -6.617501241405505e-07 4.075035785493116e-07 -226.45339311241062
135.72626792049854  -6.455483226549845e-07 3.898819704158943e-07 -226.45339314304985
135.72626836440733  -2.9174814930304798e-08 1.1448044308021277e-08 -226.45339397616362
135.7262683775415  -1.5860062249301885e-08 3.6741976395466254e-10 -226.45339399746976
135.72626838084943  -3.2387023034954815e-08 -1.9534926569315395e-09 -226.45339398933118
135.72626838039903  -3.996976539791646e-08 -1.4051380940840284e-09 -226.45339398375978
135.72626837868404  -1.96848448468348e-08 -4.787427970474289e-10 -226.45339399593823
135.72626837824404  -2.1933433446699257e-09 -5.313427026391238e-10 -226.45339400740932
135.7262683758314  4.885451025936713e-08 2.3993432369926857e-10 -226.45339403983363
135.72626837807067  -5.5183836083413595e-08 8.62908768342127e-10 -226.4533939712513
135.72626791430704  -6.505753276402079e-07 3.9507584768125514e-07 -226.45339313385495
135.72626834312737  1.1332847763958514e-08 2.7933828124730997e-08 -226.45339398381427
135.72626837787624  3.584648195265317e-09 -3.663949642482347e-10 -226.45339401099088
135.7262683782058  -3.659796740282978e-09 -4.654046910845199e-10 -226.45339400637752
135.72626837843916  -7.73092868651224e-09 -5.60512790825105e-10 -226.4533940038299
135.72626836794075  -7.8144635277227e-09 8.047032599659818e-09 -226.45339399397216
135.72626837728652  -5.509661576308385e-09 3.318846990109463e-10 -226.45339400426263
135.72626837797318  2.109548681879593e-09 -4.110006943485817e-10 -226.45339401007936
135.72626837806706  -3.158617741396534e-10 -4.3064471245922033e-10 -226.45339400851947
135.7262683778451  9.506580687773633e-09 -4.808575210467136e-10 -226.45339401498464
135.7262683779593  -1.2988649987243557e-08 -4.292441270172583e-11 -226.45339399981037
135.72626837728998  -5.0129573357149086e-08 1.3834243294506336e-09 -226.4533939739558
135.7262683316432  2.954687256856019e-08 3.691694084903644e-08 -226.45339398546582
135.72626837754342  -7.129545396887796e-10 7.96573020821496e-12 -226.45339400776083
135.726268367828  -3.0216520485929246e-07 1.5095065881876443e-08 -226.45339379391584
135.72626837003517  -7.279365683427072e-08 7.865753684314076e-09 -226.45339395178735
135.72626841549305  -9.036734762218471e-08 -2.8980644737055803e-08 -226.45339398228737
135.72626785469785  -5.883512028194349e-07 4.4246668806456585e-07 -226.4533931204749
135.72626790721858  -6.587080479534684e-07 4.0107842533080596e-07 -226.4533931217129
135.72626836025458  -1.0675256801725612e-08 1.4414902074154191e-08 -226.45339398485342
135.72626837962534  -3.826747476390588e-08 -8.111998469508284e-10 -226.45339398419392
135.7262683780736  -1.0030627485524539e-08 -2.0645422341943853e-10 -226.45339400192637
135.72626837806405  -8.476757373520042e-09 -2.353156564838873e-10 -226.45339400297297
135.7262683908831  -5.5998992512474946e-08 -9.620110997679618e-09 -226.45339398265875
135.72626840006978  -1.894783130075722e-08 -1.802584392323314e-08 -226.45339401640365
135.72626789830588  -6.80871297878448e-07 4.0890778772077834e-07 -226.45339309833702
135.72626792136157  -6.862250087076197e-07 3.9013576325303755e-07 -226.45339311622405
135.72626837770943  -6.079499476010446e-09 -1.3336455330288157e-12 -226.45339400427042
135.72626837598656  1.5646338255629503e-08 8.975903006269141e-10 -226.45339401742015
135.7262679070236  -6.589317694193828e-07 4.012435491048073e-07 -226.4533931213789
135.72626835920533  -3.6069568935713855e-09 1.5108013712626162e-08 -226.45339398867526
135.72626837884005  -4.098301927758694e-08 -1.0327332294992469e-10 -226.45339398161607
135.72626830058638  1.1910829564491915e-07 6.025761037015152e-08 -226.45339401731115
135.72626825745897  7.735703895547662e-08 9.65954726075499e-08 -226.4533939486878
135.72626823040324  2.591687583238623e-07 1.1447662067186889e-07 -226.45339404693354
135.7262681772632  3.4265268868442615e-07 1.5606249291070928e-07 -226.45339405403436
135.72626812246367  1.810443352008999e-07 2.0480008341129772e-07 -226.45339389309612
135.7262679617343  1.8721987052594715e-07 3.3640285884668044e-07 -226.4533937472411
135.72626791469455  4.1164938849485905e-07 3.6965773206412454e-07 -226.45339385578063
135.7262681617051  1.7964139699815246e-07 1.7266735261848615e-07 -226.4533939287772
135.7262679733765  -2.7281188285161303e-08 3.319285025613871e-07 -226.45339361240028
135.72626776704723  4.7011169265718736e-08 4.992997241592034e-07 -226.4533934702464
135.72626808984188  1.1422221509235808e-07 2.331189389356091e-07 -226.45339381724992
135.72626787355134  5.248003002273188e-08 4.1186983958167636e-07 -226.45339357338904
135.72626836697245  -2.96772329582198e-09 8.72614522851847e-09 -226.45339399636066
135.7262683773762  -2.1031007685445256e-10 1.3309951317744167e-10 -226.45339400794626
135.7262683779938  -1.0845729039603058e-08 -1.2172786074958335e-10 -226.45339400129814
135.72626837805032  -1.0254719651377513e-08 -1.82082790344709e-10 -226.45339400175243
135.7262683798317  -2.9837997448989436e-08 -1.1795126955637731e-09 -226.45339399011263
135.72626839323686  -2.0730544378569477e-08 -1.2382878343534888e-08 -226.4533940088138
135.7262678945346  -6.523594932723936e-07 4.113253717631886e-07 -226.45339311418422
135.7262683777577  -1.2570478189434531e-08 1.1253327508939923e-10 -226.45339399990613
135.72626790456545  -6.518078307624362e-07 4.0309013686810534e-07 -226.45339312392332
135.72626837751957  -4.44707263103784e-09 1.1566590815520531e-10 -226.4533940052021
135.72626837745025  -6.223533349778045e-09 2.145121650473428e-10 -226.4533940039306
135.72626836836426  -1.1878764730538717e-08 7.795955678621866e-09 -226.45339399160665
135.72626835881618  -1.4123167951929607e-08 1.567542715266096e-08 -226.4533939811684
135.7262683487096  -1.9149647140136628e-08 2.407844321630002e-08 -226.45339396831895
135.7262683489566  -1.4576445020371093e-08 2.3767947478873873e-08 -226.45339397165606
135.72626832976573  -2.433031578389147e-08 3.972911096330659e-08 -226.45339394711448
135.7262683088006  -4.061368042961073e-08 5.729874651700102e-08 -226.45339391648125
135.72626830726736  -4.3948693441670286e-08 5.863442604436465e-08 -226.45339391278432
135.7262682907678  -5.7436102767479135e-08 7.247773935687828e-08 -226.45339388821907
135.72626826274697  -5.8382240809753595e-08 9.546856022909932e-08 -226.4533938614173
135.72626821635208  -8.252840423501337e-08 1.3406861354982325e-07 -226.45339380170276
135.72626819187872  -1.0607805634463241e-07 1.5468579702437463e-07 -226.45339376285827
135.72626811699718  -1.6111029013772246e-07 2.1736608813343164e-07 -226.45339365556893
135.72626803264208  -1.913163403429196e-07 2.872251430416191e-07 -226.45339355629977
135.72626792371537  -2.6461181946385554e-07 3.782435755433993e-07 -226.4533934048212
135.7262678275068  -3.142259363357729e-07 4.5827750528839e-07 -226.4533932813023
135.7262676274179  -4.337513380191041e-07 6.251133613620926e-07 -226.45339301331484
135.72626837771486  -6.097997165998568e-09 -5.430952004721787e-12 -226.453394004263
135.72626837653843  -5.572795827713316e-09 9.465368393647012e-10 -226.45339400352145
135.72626837932867  -3.228109101644454e-08 -7.094845861680187e-10 -226.4533939879835
135.72626837725406  -2.1752067718116928e-08 7.423106654567489e-10 -226.45339399319897
135.72626837718315  -1.0328860937891238e-08 5.305212229327354e-10 -226.45339400089247
135.72626837662403  -7.3620736196982495e-09 9.186567136574982e-10 -226.4533940023859
135.72626837689825  -2.379591422112352e-08 1.0821812620227088e-09 -226.45339399147852
135.72626837568814  -9.729589901028832e-09 1.7417870164460371e-09 -226.4533939999039
135.72626837492123  -4.071773262428708e-09 2.2366799338751973e-09 -226.45339400303132
135.72626837399574  1.1818796826459582e-08 2.6198403540796197e-09 -226.45339401296167
135.7262683727998  3.028288395744828e-08 3.163868167833575e-09 -226.45339402438768
135.72626837231647  3.1260758940675775e-08 3.5368448101060095e-09 -226.45339402460087
135.72626836760304  5.336016476150587e-08 6.878230543890137e-09 -226.4533940352126
135.72626836698709  8.254501319465003e-08 6.693428792293817e-09 -226.45339405446276
135.7262683637409  1.2661565972354378e-07 8.313029514227593e-09 -226.45339408136908
135.7262683576943  1.5692731810146065e-07 1.2553098347545968e-08 -226.4533940963148
135.72626835216155  1.968296084223847e-07 1.6145300453141444e-08 -226.45339411825518
135.72626834665374  3.0609313355387907e-07 1.807809619359056e-08 -226.45339418733548
135.7262683309247  3.798734197978648e-07 2.9227710408549066e-08 -226.45339422277004
135.72626833429695  4.6377181947757534e-07 2.4480938399410293e-08 -226.45339428291
135.72626835442512  2.025416652339834e-07 1.4154879831004683e-08 -226.45339412424852
135.72626832883614  3.7647759744366454e-07 3.1019916964700285e-08 -226.4533942185135
135.72626837856507  -8.374146369462662e-09 -6.48395928449511e-10 -226.4533940035104
135.7262683787611  -6.027551555668104e-09 -8.645296296972417e-10 -226.4533940052874
135.72626790464017  -6.52252051671642e-07 4.030393331348593e-07 -226.4533931236914
135.72626837774288  -5.738409902159215e-09 -3.678241493558854e-11 -226.4533940045333
135.72626837689407  -5.164791709320775e-09 6.453981910830789e-10 -226.4533940041306
135.7262683771184  -6.773319103468505e-11 3.4112010580927376e-10 -226.45339400780236
135.7262683768022  2.952755049794822e-09 5.288380094688971e-10 -226.45339400955908
135.72626837660226  -1.8538677206935919e-09 8.063517951868216e-10 -226.45339400610726
135.72626837606325  -2.49921829569454e-09 1.2634207130972775e-09 -226.45339400516565
135.7262683753585  6.215235354313968e-09 1.6352085029113818e-09 -226.45339401042742
135.7262683739488  1.2775157231160157e-08 2.6356456238287167e-09 -226.45339401356756
135.7262683740099  6.056554960710177e-09 2.7443302167374085e-09 -226.45339400906067
135.72626837204655  2.1796352220379486e-08 3.981881179220426e-09 -226.4533940179196
135.72626837183486  3.171652380635913e-08 3.920872737739442e-09 -226.45339402446083
135.72626837149596  3.56026622292979e-08 4.106802065371095e-09 -226.4533940267843
135.72626836925065  5.701138193481132e-08 5.441478185103719e-09 -226.45339403923091
135.72626836569623  7.328633556537775e-08 7.970452206182321e-09 -226.45339404696813
135.72626836139608  1.0483485498188762e-07 1.0749651997131485e-08 -226.45339406438455
135.72626836056315  1.2727881386716924e-07 1.0902107745426443e-08 -226.45339407885297
135.72626835353617  1.7908985942868927e-07 1.5437799950259292e-08 -226.4533941074878
135.7262683490482  2.1108595440468088e-07 1.836045449311923e-08 -226.4533941250329
135.7262683307895  3.443246733238368e-07 3.01785166666639e-08 -226.45339419849577
135.72626832632403  3.715043321867198e-07 3.319653144502502e-08 -226.45339421279004
135.72626832208144  5.177013788734106e-07 3.321954259493352e-08 -226.45339430814022
135.7262683140372  5.185295703281405e-07 3.9793775420119895e-08 -226.45339430119307
135.72626834606857  2.6295225835185203e-07 1.9577243421318984e-08 -226.45339415748373
135.7262683258424  3.948858972535275e-07 3.3038924629097694e-08 -226.4533942282233
135.72626837771037  -5.248665731730099e-09 -2.1671433262642234e-11 -226.4533940048356
135.72626837833735  -6.6765181268535825e-09 -5.019281011119873e-10 -226.45339400445104
135.72626790520812  -6.520390666435518e-07 4.0256878656986807e-07 -226.45339312436624
135.72626837771546  -5.823228302946404e-09 -1.2340082018110307e-11 -226.45339400445016
135.72626790613052  -6.550846723154326e-07 4.0188470049171554e-07 -226.45339312315846
135.72626837715472  -5.6608842536880606e-09 4.4349875044517763e-10 -226.45339400403688
135.7262683773056  -6.26974746642104e-09 3.3419168774868066e-10 -226.45339400376415
135.7262683775943  -5.513862789154028e-09 7.969520943605329e-11 -226.45339400454716
135.72626837787206  -5.980199167859823e-09 -1.3702285518490238e-10 -226.45339400448975
135.72626837790241  -6.502360574900767e-09 -1.4949316910221427e-10 -226.4533940041633
135.7262679053476  -6.518730149625969e-07 4.0245054457899257e-07 -226.45339312460922
135.726268377592  -5.911502986572108e-09 9.097369123402096e-11 -226.45339400427488
135.72626837770338  -5.783701809099804e-09 -3.3534787573908653e-12 -226.45339400446568
135.7262683777325  -4.949776667942959e-09 -4.699159103280025e-11 -226.45339400505944
135.7262683777198  -6.154896707622256e-09 -8.082536666917267e-12 -226.45339400422893
135.72626790566088  -6.531166536977964e-07 4.0222313196835537e-07 -226.4533931240569
135.72626837746256  -5.665042920288174e-09 1.912778584449397e-10 -226.45339400432144
135.72626837730056  -5.2612485917329474e-09 3.1446706463167726e-10 -226.45339400444456
135.72626837759373  -5.851062300022329e-09 8.820093926648251e-11 -226.45339400431746
135.72626837771327  -5.3825122432963e-09 -2.1010337437792727e-11 -226.4533940047475
135.72626837800098  -6.061691574520006e-09 -2.407818851910778e-10 -226.45339400455472
135.72626790528793  -6.513840439256477e-07 4.024878797684378e-07 -226.45339312488568
135.72626837769636  -5.396770340372609e-09 -6.728089154518438e-12 -226.45339400472199
135.72626837774433  -4.371638252731325e-09 -7.031680499812081e-11 -226.45339400546317
135.7262683775253  -5.461027653419619e-09 1.3506811705371783e-10 -226.45339400451854
135.72626837729678  -5.1774140432657335e-09 3.1559519786976916e-10 -226.45339400449797
135.72626837759077  -5.610525714592153e-09 8.48521100880582e-11 -226.4533940044782
135.7262683776832  -4.9453174604239655e-09 -6.6912721427677184e-12 -226.45339400501643
135.7262683776698  -3.744988510190235e-09 -2.407180062960858e-11 -226.4533940058193
135.72626837695051  8.683156921477487e-10 4.565684925468501e-10 -226.45339400828152
135.72626790557808  -6.525275248238142e-07 4.022770865811781e-07 -226.45339312437977
135.72626837598776  -2.5589704257963032e-09 1.326772217291629e-09 -226.45339400505455
135.72626837766185  -3.484183425038501e-09 -2.3580185844697953e-11 -226.45339400598888
135.7262683775099  -2.568390208218984e-09 7.930605903117612e-11 -226.45339400646915
135.72626837771674  -4.010977989076868e-09 -5.622555411271569e-11 -226.4533940056824
135.7262679052439  -6.523228120977082e-07 4.025462091377922e-07 -226.45339312420683
135.72626790512965  -6.521054450432944e-07 4.0263467304880547e-07 -226.45339312424787
135.72626790537234  -6.520280701404417e-07 4.0243389813582363e-07 -226.45339312452703
135.72626837690018  -3.2678706454355016e-09 5.955768118674578e-10 -226.45339400542483
135.7262683776614  -4.202030484238978e-09 -6.3037033925944384e-12 -226.45339400550088
135.7262683775453  -6.500877756800978e-09 1.4309447446774086e-10 -226.45339400383102
135.72626837687906  -4.382204633610294e-09 6.392290376086766e-10 -226.45339400464815
135.72626837764813  -3.5305936786278705e-09 -1.1351062497651112e-11 -226.4533940059447
135.72626837738366  -1.0173911486162636e-09 1.4609472741119575e-10 -226.4533940074049
135.72626837761317  -2.759307426557006e-09 -8.605264575324579e-13 -226.45339400643593
135.72626837792097  -2.464823039575728e-10 -3.124518848693495e-10 -226.4533940084301
135.72626837558323  -2.2674236592682394e-09 1.651408705767149e-09 -226.453394004875
135.72626837756613  -2.8887393080110994e-09 4.070244016533385e-11 -226.45339400630414
135.7262683774784  -1.7765860018504152e-09 8.64263126173458e-11 -226.4533940069776
135.72626837752114  -2.503423689120791e-09 6.858748597664288e-11 -226.45339400652375
135.7262683778044  -5.145852676200878e-09 -1.0117695924545532e-10 -226.4533940049932
135.72626837945964  -2.3591277858631814e-09 -1.523811227701425e-09 -226.45339400843147
135.72626790320973  -6.51361476511432e-07 4.041908168121154e-07 -226.45339312296093
135.7262683775672  -1.7160039965011934e-09 1.2172935115977252e-11 -226.45339400710168
