 Dim = 2
3994.4203021827066  -83922.77166713083
3384.936848450223  -76419.37054413886
1502.6568340446024  -47405.08927104626
685.3514981856054  49642.646763075245
66.8071943613707  -1692.40266874394
16.593837748668456  4434.056767603095
67.65030290019186  22813.43507664421
175.40264331642473  -9269.390966319137
18.627240024503404  4071.4985847043927
647.1729877564499  48537.633751074485
652.4635143673559  -27648.769275360253
17.015392018079037  16686.975640297173
276.0829228409961  -14307.879724336723
70.829711798396  -2054.960851642645
81.7330962247548  24031.796005686334
878.7159830475431  -33775.228711707285
4343.654524468335  -87964.89459761373
5491.686473948864  -100217.8134703078
47.434738521619934  229.6445330851493
25.442508440495796  2983.5279063749376
256.27061970107354  -13400.216026253816
429.1336621097038  -20434.339160683758
2503.8155000021434  85296.39036915671
3978.6985413626912  104780.78169019858
2450.9836954865355  -63459.05685222558
3330.086931647558  -75711.97572491966
411.3502818448533  40830.25520278662
35.58902803119618  1606.586219730043
1173.0947145651662  -40659.937144931755
3249.6908685439066  -74664.8103897242
4619.913752254157  -91048.55432235295
631.490611715589  -27030.076585592782
1881.082928249805  -54289.79770427072
3962.542420606118  -83545.15319936103
151.901302947243  28939.894512991246
801.3277581220707  -31779.59433529493
101.31619170558778  -4519.873216616996
227.61543667313393  -12023.274339608924
49.30964493529233  28.08085775953805
57.45585151014732  -805.3666681013674
33.10718413257594  1923.3762759878591
49.35446351841879  23.28949393296716
25.80484282464273  2930.5000739828793
96.78764732443909  25223.428512070128
75.7789603631167  -2486.834906199081
101.32023904250416  -4520.059430461537
154.92492204941018  -8078.197267369396
209.56376657820854  -11110.817733307707
0.9630996470851045  11989.663900591499
2.084380898661706  12682.499271109558
104.12223107959102  -4726.600683458273
49.29637219742178  29.4764208306442
37.60591523216669  1357.7633280525952
66.71318180260727  -1683.9319836621544
75.7467139915989  -2483.9848816776394
169.54271938038505  -8935.901588457982
17.468223738194926  4275.972585241234
0.006584473067113391  10689.70205391903
49.077627931033156  52.82856535024257
50.25160000710103  -71.46504982717306
31.24681502915818  2168.4346534413125
48.709140865129996  92.13657826521012
48.14141602449336  153.3178734348112
42.01704456175735  835.258741344147
59.73847207770851  -1028.1747291545835
104.42155160001782  -4748.557264906776
151.878257934429  -7894.403484278984
198.63716505378866  -10539.311607315449
1.58606125161989  12404.769941306047
42.37701907203711  793.5859499962789
49.01144667814037  59.806380705736956
48.70434857337824  92.89094237851896
48.133774785562814  154.15553674204784
69.69498393085136  -1953.738068706738
84.98151924210316  -3254.0639672060606
57.37878582593835  -797.7810089529376
38.64882094022596  1231.60946766083
12.310762976154448  5277.670517711691
50.1607146421646  -62.099030877416226
52.731739685188224  -329.9048782376194
49.63990234434574  -7.02136341161895
48.0937776835264  158.2116389857656
48.96676016917562  64.59774453230784
49.52342087021065  5.352490383731492
47.14635332966497  260.7844839485806
51.66639939153821  -219.7495433060285
117.05010093029176  -5645.550496379816
149.7068201078736  -7762.272465368384
152.37864367670258  -7924.71434162357
3.048067456477492  7910.6716148003325
35.584364272315014  1607.2099968738294
49.17484528862789  42.474051769771904
49.40708420287933  17.726344179078296
48.16426222729054  150.6291490169897
51.137807302872545  -164.67187584023486
64.7698939117779  -1504.9104618678066
66.14250480179383  -1631.6263398080482
142.22756111589877  -7299.694544193517
36.51940654103529  1490.867735044565
31.410726897485183  2146.217492349715
49.711515864525495  -14.603853380394867
49.8999686550752  -34.560197144521226
49.45194106741989  12.93498035250741
49.32240854750209  26.70439721895309
62.46299142827096  -1288.786481217925
76.36261644027798  -2536.825838393652
80.87108544786501  -2916.7872583698263
25.991785984262613  2902.7445315465866
19.979378431281493  3841.669790762764
49.34244112919349  24.575253281564073
49.30413543655505  28.663269972508715
49.46648342355946  11.388248628081783
51.91809770287422  -245.89281396782462
55.12638525285149  -573.5676926204069
62.582229953338945  -1300.0448468485083
47.41281250947056  231.85008714458309
33.3648724154815  1889.6700106200915
49.580366630531934  -0.7074340298968309
49.80026791644319  -24.018213618684968
49.736382692852104  -17.24887450803726
49.569595689654356  0.45132283465136425
49.508850881047934  6.875055938875448
49.55978291869293  1.4821773688163375
60.1343175326445  -1066.560207300965
63.06968404493944  -1345.9932926211113
66.56068300373641  -1670.016461781146
37.69320835166962  1346.8959382904104
27.152871626309267  2734.454366992417
49.708249233767894  -14.252179812581744
50.12762184452174  -58.61759256871301
49.552277611156285  2.289260665555048
49.51211575525335  6.5233823710623255
50.20236319292098  -66.49128864396698
51.19567735534029  -170.73180025386318
53.168086188584184  -374.718733314945
63.63009247544601  -1398.6143087509736
46.097169094980664  375.6213789842477
35.9042824077031  1567.223806915139
49.4019741240552  18.234354115269525
49.57429482242395  -0.06501468639544328
49.82613932238909  -26.760463830501976
49.239998277077206  35.468450044420024
49.11456211086837  48.85035238179262
49.21998703739876  37.59759398180904
49.36942227782849  21.699033177970705
51.84619558151942  -238.4201277215543
57.92363268655487  -851.5824088773043
62.03733632869439  -1248.4862791606065
47.344101321442665  239.32277339085704
31.75931235481202  2099.8736439787244
49.55608243078012  1.8622433441087196
49.57378138223553  -0.013376771239563823
49.5080414198191  6.956467253901792
49.343112143870506  24.492460974150163
49.25833317023675  33.53420379092495
49.657658295162406  -8.911859819276287
49.86841148423441  -31.22808616594557
59.31981326097312  -987.8293765555427
61.59836537321987  -1206.774717078286
64.39196517158243  -1469.7477732353218
36.68311786040443  1470.650418904621
31.04903005524811  2194.5639633201063
49.5722430194051  0.14153697423171252
49.575369054808846  -0.16132310898319702
49.56814105789067  0.5853135416837176
49.567710319027306  0.6290425722581858
49.57254766082064  0.12059312053315807
55.05432893317507  -566.3289673348663
57.02626283372064  -763.1460117871102
57.14725704752491  -775.1072642225263
42.536092339814225  775.3484504635926
47.73406869913758  197.04882228767383
49.56884883059779  0.5225027958585997
49.57426277063499  -0.06315254795117653
49.57164887762193  0.21642039706785
49.57374950525582  -0.011514632795297075
49.5705904580647  0.32155836582387565
49.1506866009389  44.97261162836003
49.171483567219646  42.77507052980582
50.177828425998996  -63.916024854621355
49.3946819182311  19.010743350543635
49.26547685865936  32.74992648632906
49.51302051312897  6.4363846406995435
51.1889548706062  -170.035880856758
63.42653792391613  -1379.539011044828
64.07332492869443  -1440.0588517113356
36.92941243586814  1440.3000379524055
36.04618975740226  1549.5403480032037
49.573654439844724  -0.005928217455220874
49.586219799201665  -1.35215502738356
49.21659924058109  37.94788655723096
49.20649025618805  39.03872740667066
49.12460025749237  47.75022165538394
49.795800799663574  -23.547446451397263
51.850346075327295  -238.87737877366453
55.17822414856444  -578.799589883598
64.46901677553632  -1476.9441296674122
44.267039678620705  579.0407761246643
49.752792938309376  -18.997952470130258
49.57337433336382  0.010831028550455812
49.57877594852435  -0.546473538295686
49.57331347635868  0.03872147471702192
49.57314202518248  0.0457096976970206
49.5771934125841  -0.3766835005226312
55.017697618489365  -562.645643119271
55.85987344425357  -647.14613364869
57.23296041866423  -783.5833540723361
43.66188708738441  647.2235765981204
48.32830527010681  132.98197058185178
49.57561104655496  -0.20689346274957643
49.57376288299992  -0.00919216355032404
49.57701605840278  -0.3631882006084197
49.57364232018418  -0.00825068670019391
49.567162122771215  0.6737130796936981
49.639856389589205  -7.021823742416018
48.984515100600426  62.682140478533256
49.63717063457861  -6.747356066680368
48.96621318283952  64.65775166284584
49.150581212953256  44.97587557445513
49.61079626683812  -3.945098724332638
57.237945501164816  -784.0741236164613
61.38565131495684  -1186.5053026923888
65.81910665419461  -1601.9262246381295
39.02192431681126  1186.5827456418156
47.54549724382496  217.4508255729561
49.57360935419949  -0.01521809442419908
49.08664462171123  51.757349807885475
48.99469432597702  61.6010498368596
48.96895690379312  64.3665455563605
49.38102606347911  20.432836690681142
49.14928115672966  45.1200768200506
60.30505039937241  -1083.02207778726
65.0729554241825  -1533.0256402522828
65.25447575621773  -1549.804347267771
36.04346631860353  1549.8817902171977
27.985132095308447  2616.0020637562684
49.57354099321769  -0.03612031760349055
49.39394791450017  18.982977795944862
49.683069234639  -11.60155145434328
49.04994587610073  55.64306189167473
65.29393166883037  -1553.494597260562
52.53608293041849  -309.82333168211335
38.285990533299355  1274.9596583780549
58.10825015965255  -869.7212567029037
44.437491182152066  559.8618047031905
53.84602945944311  -444.0230270687771
48.316955560307655  134.16357506906206
51.77578449277463  -231.1739122517174
48.835071710582255  78.61329911279972
51.269602076542085  -178.4863610991324
49.07826547739827  52.65143083498151
51.42263544569466  -194.44538936429672
49.42328480445956  15.922907947562635
51.24357916309091  -175.7748049487709
49.54795449883056  2.675435832758012
50.833509768153974  -132.88958889434252
49.17022150931184  42.84909573682671
50.070780383125566  -52.663204008858884
48.82035873963371  80.19026456788015
50.326409119278395  -79.61962552878686
49.319833605018275  26.92030120232448
50.07381201777701  -52.98464384600811
55.179032392054566  -578.8814615294177
55.86598305951103  -647.8033876539757
65.51336983721173  -1573.7723808618339
44.26776306620676  578.9589044788445
48.61132879057073  102.56695837587904
49.573610743022186  -0.09882698713136051
49.57005310725583  0.38388796559593175
49.57052426064691  0.2853195195475564
49.94485420589861  -39.36083003280146
50.82595923417939  -132.10621143607932
54.46802641345164  -507.13164763980603
56.185418111627285  -679.6912104536459
44.90897691067561  507.20909058923644
42.21898068677999  811.689060936922
49.57474422995972  -0.11292832466278924
49.58508861062776  -1.261412204872613
49.21511795791056  38.06329751033081
49.759024385277876  -19.698475175200656
50.46311534332844  -94.0123800234851
52.10470053060411  -265.28158018076647
52.51800227654748  -307.92634901279234
46.71356839316897  308.0037919622191
46.246054259218475  359.1855992514429
49.572300084421315  0.09496945701903314
49.5723000671011  0.0949712949568493
49.56883941748971  0.5134095160065044
49.5688394065207  0.5134106800323934
49.39993006998891  18.40094265272819
49.66270054359622  -9.492127690253255
49.97864082854279  -42.935292002741335
50.84089098776861  -133.66971605618164
50.98722370385958  -148.94165515191344
48.17928189653456  149.01909810134384
47.92386797370979  176.49664710611796
49.573244722030545  -0.004271131563655217
49.5747964727599  -0.1676909240832174
49.57123611141232  0.20904435224292683
49.57127023835802  0.25545494144171244
49.57545747070436  -0.24070676018709491
49.571721905036085  0.15783660230226815
50.66422146190971  -115.14170378120434
50.68442659139029  -117.26184079679115
50.88264546919733  -137.99367213916048
48.28104588310893  138.0711150885909
47.407365150558576  232.39073118329725
49.57235598376661  0.09127642654493684
49.573734016688555  -0.005883724184968742
49.57373401717931  -0.005883776262635365
49.57314510565371  0.00624476102348126
49.572846258357266  0.03779243879034766
49.57317311122004  0.0034986147802555934
49.573199065741946  0.0007447314037563046
49.571989401762615  0.12729947491607163
49.57403393104064  -0.08750088776650955
49.87148433464357  -31.60428841301473
49.90223414894997  -34.85680922372558
50.21343074327237  -67.71859530827896
49.24525221496543  34.85829868653673
48.64173654000028  99.31007032659727
49.573062109079366  0.015792320313266828
49.57323412745245  -0.0032136897316377144
49.57821194452827  -0.5321258491057961
49.57184933820905  0.1444856462021562
49.57413397210055  -0.09904096626632963
49.56727619979572  0.6294346307422529
49.56920840031488  0.42382444696886523
50.51465643839484  -99.43141761935476
50.7023978811346  -119.14773286135278
51.10017985533835  -160.80369860737483
48.0693775301876  160.80518807018234
47.53482598833551  218.5695094115017
49.57333933600872  -0.015088953154190676
49.5731551721497  0.005145670615092968
49.57315782830441  0.005026626935432432
49.573156636244626  0.00515312159768655
49.5731395518787  0.0076041318534407765
49.57328937554569  -0.009415681903192308
49.945321820592184  -39.41314107168546
50.18013080914007  -64.20707660942207
50.39850670619553  -87.21409983119884
48.754703965925735  87.2155892940118
48.60159888392306  103.6105766119017
49.57326822681538  -0.00678452433385246
49.57326822891924  -0.006784747583878925
49.57318621032176  0.0016905066568142502
49.5731861814545  0.001693569887720514
49.573210622612734  -0.0007002969650784507
49.57320765264382  -0.00039933889820531476
49.57321764042933  -0.0015017712794360705
49.57321654215905  -0.0011113466644019354
49.57328125161023  -0.008223698716392391
49.57320173654932  1.1710799299180508e-05
49.57318720860883  0.0018892180141847348
49.69842906458778  -13.279540023831942
49.888835074532636  -33.44003674615851
49.979982739007596  -43.07675921131158
49.25856992334871  33.44006016775529
49.043543305975106  56.35510121844527
49.57318400770357  0.0012448598972696345
49.57324471723607  -0.0044881097292091
49.57318892379267  0.0017774897078197682
49.71484771949219  -15.019454503755696
49.96528099333924  -41.522955107544476
49.96553296916861  -41.549803778967544
49.18241670479744  41.54982720056432
49.041798989187015  56.54121159460556
49.573288352252625  -0.009005172405522899
49.57317262829581  0.0031316230069933226
49.58861822521978  -1.6356568358696677
49.64900983651776  -8.041280249059128
49.79178701692016  -23.16915724063074
49.497451550332364  8.041303670659545
49.50318304176315  7.43284788641904
49.573202924669225  -7.275957614183426e-11
49.57320662459342  -4.894314770353958e-05
49.57323242666039  -0.0031309770474763354
49.573232438091814  -0.003132190086034825
49.573201554603706  3.101778929703869e-05
49.57320143450435  4.376204924483318e-05
49.57320193830169  0.000345792192092631
49.57323830298166  -0.003617068652602029
49.58039080928743  -0.7629347103720647
49.58655805830443  -1.4171797280923784
49.79369173317734  -23.370931063203898
49.5660131860297  0.7629581319724821
49.44534077797504  13.576780063649494
49.5732064944452  -3.51326925738249e-05
49.57320250459706  -2.1482008378370665e-05
49.573205105986496  -0.00015249961325025652
49.57321733475546  -0.0016411194355896441
49.57323007949114  -0.0029935179572930792
49.573272419636886  -0.0074315371457487345
49.57320026869226  0.00013689377010450698
49.57322118378603  -0.0019145637834299123
49.607370927446645  -3.6252386206397205
49.7084951620679  -14.346644602592278
49.77494554221149  -21.385979687760482
49.43809265554493  14.346668024190876
49.49529574512183  8.270252499203707
49.57320480970709  -0.00012106043141102418
49.573202421796665  -2.5938788894563913e-09
49.57320031716005  0.0002614139757497469
49.57320235923386  -7.343791367020458e-05
49.57317643134654  0.0024379417009186
49.57322633316934  -0.0025993921990448143
49.573240158849366  -0.0040664942152943695
49.57316170503545  0.0042612911165633705
49.57316167617858  0.004264353245162056
49.5732444730541  -0.004529585912678158
49.57318134918908  0.0022097125565778697
49.73381544680605  -17.02976978143306
49.76671711080328  -20.51447756846028
49.97489525386865  -42.53918439084191
49.38006328484204  20.514500990060696
49.14333857971528  45.71386813366371
49.5732471790736  -0.004749520343466429
49.57320157317043  2.9047638236079365e-05
49.57320154612872  3.1917150408844464e-05
49.5870713497534  -1.4717726081744331
49.79317040526734  -23.315866366123373
49.798748322641934  -23.906437940129763
49.34816701838946  23.90646136173018
49.549094111707966  2.558470917838349
49.57320155876621  -2.1827872842550278e-10
49.57319744552795  0.0003447816488915123
49.57325084749884  -0.005138616803378682
49.57325085333811  -0.005139236434843042
49.57326404335008  -0.006598223984838114
49.57326423928271  -0.00661901522653352
49.57320149670984  -7.343554170802236e-05
49.57317929050411  0.002197220681409817
49.57322611566652  -0.002925637969383388
49.57321361399079  -0.0012486556188378017
49.573213682115814  -0.00125588465743931
49.57325580648995  -0.005588656838881434
49.57325627350478  -0.005638213771817391
49.57315720746887  0.004614747602317948
49.57315946471546  0.004452479648534791
49.58587219042939  -1.344791425166477
49.807739146926316  -24.85813730883092
50.103220856368075  -56.09295014211966
49.33921776168198  24.8581607304277
49.336966563112725  25.097827480316482
49.57321468218997  -0.0013620068220916437
49.57317785502718  0.0023495453533541877
49.573177851522104  0.0023499172912124777
49.657401146179176  -8.930939607198525
49.73800221283182  -17.473228902461415
49.77943947246482  -21.86195885622692
49.36739206229318  21.861982277827337
49.32468577577981  26.40394820304391
49.573200804661845  -1.2187229003757238e-10
49.5731987285179  0.00022030613581591751
49.57320080466489  -6.148184183984995e-10
49.57320142439958  -5.256879376247525e-10
49.57320080058616  4.322155291447416e-07
49.5732007883593  1.7292150005232543e-06
49.5732007997888  4.584508133120835e-07
49.57320080466023  -3.4015101846307516e-10
49.57320081688231  -1.2979962775716558e-06
49.57320080246333  -6.20948412688449e-08
49.57320079587257  -2.473552740411833e-07
49.573200776100705  -8.031402103370056e-07
49.57320071678802  -2.4704950192244723e-06
49.57320122555326  -4.466287464310881e-05
49.57320597136847  -0.0005839204186486313
49.57326243015234  -0.006547598854012904
49.57319871096878  0.00026309311760996934
49.57322851798516  -0.002956377638838603
49.573171068926335  0.003151460416120244
49.660130628667545  -9.220440253815468
49.68860837358723  -12.23915673778356
49.69473562475293  -12.88855853532732
49.451814754172176  12.88855939975474
49.371174526063946  21.459589580108513
49.57320053887641  -7.4725685408338904e-06
49.573274037408915  -0.007878281765442807
49.57320854702599  -0.000821585716039408
49.57322938677281  -0.0030407079630094813
49.57322939254973  -0.0030413209769903915
49.57315549617526  0.004760666568472516
49.573169329783944  0.003327860727949883
49.59278844573274  -2.0783983227884164
49.718900892965095  -15.449426484499782
49.74376656093067  -18.083796137349054
49.40292793219255  18.083797001776475
49.40815867825105  17.52780238959167
49.573200005378226  -2.2478774553746916e-05
49.573222250614876  -0.0025976198576245224
49.57322931071714  -0.0031732031184219522
49.5731715761891  0.002953256318505737
49.57312109136881  0.008497154300130205
49.57318403299208  0.0016367820935556665
49.573221789143396  -0.002262481524667237
49.64598944843628  -7.721175600561764
49.689575056253034  -12.341675419193052
49.69496605041133  -12.913087284059657
49.456962964290064  12.341676283616835
49.37893655270389  20.634195448305036
49.5731984070152  -6.7497392592486e-05
49.573119302873764  0.007684680997044779
49.57320091074364  -1.125707058236003e-05
49.57314175907604  0.006025717770171468
49.573141747547595  0.0060269411023909925
49.57325817317809  -0.006516518811622518
49.57322593180929  -0.0027736680312955286
49.65901600624248  -9.10247453327247
49.69727908816078  -13.158122750526672
49.72597226842502  -16.198993887090182
49.44927757918508  13.158123614954093
49.335048230849  25.301265928184876
49.57319363110938  -0.00020255325216567144
49.57313035089573  0.004605118328981916
49.57320034735485  -0.0011698244816216175
49.57320079715097  7.967391866259277e-07
49.57094655791851  0.2382734530729067
49.57435433579235  -0.1235734749770927
49.61141168414943  -4.054923184581639
49.62774334334783  -5.786038260301211
49.71051053749726  -14.56128494691984
49.51868824250887  5.786039124728632
49.397916171379684  18.615600471739526
49.573179476040856  -0.0006077208327042172
49.57311808995126  0.00034943710124935023
49.57324822239659  -0.008899711716367165
49.5731609979835  0.004223665297104162
49.57316099223893  0.004224274880471057
49.93249781767573  -38.060196776476005
49.394005025771435  19.029376689002675
49.6586952556963  -9.071117037996373
49.663473299288334  -9.574813725645072
49.689222942013316  -12.307153041923812
49.48301041043727  9.574814590072492
49.371929537757005  21.376446917416615
49.573138564676306  -0.0018232235761388438
49.57302981515146  -0.005469731806442724
49.57284832690137  -0.018414717240375467
54.3185018113047  -492.07106616396413
49.573252095130336  -0.005413534745457582
49.573252149978174  -0.005419354882178595
49.572749994643324  0.00278910125780385
49.57274998786297  0.0027898207499674754
49.752835884509864  -19.10021950031569
49.48352289608684  9.464857957040294
49.66303144790228  -9.583590699598062
49.528333792830395  4.7065435566828455
49.61815964853934  -4.825276299242432
49.55071841900409  2.3304035229648434
49.595759793433835  -2.44913626552443
49.56194084157735  1.1393393712742181
49.58453354268759  -1.2580721138310764
49.56761345335677  0.5373420930300199
49.92906325650208  -37.749846412471925
50.10449674746522  -56.227212301351756
50.503584350798306  -98.32296957609287
49.044736396553326  56.22721316577554
48.29914967841923  136.01757183684458
49.572649760047724  0.0026933588642350514
49.57314249605286  0.006199182616910548
49.56162466812279  1.1726494344520688
49.58728437737102  -1.5499993140556398
49.570097888581415  0.27351248298236897
49.58295536079203  -1.0907138996253707
49.6510992950002  -8.318674027726047
49.841135329073026  -28.39311568219091
49.846861104042866  -29.05480907245874
49.305988301669544  28.393116546614692
49.22161725668839  37.31823894846457
49.572600257738586  0.007912806381682458
49.57320080374657  9.685027180239558e-08
49.568519941995845  0.4408706971898937
49.58257460361544  -1.050336866111138
49.604513567246734  -3.3780124600416457
49.66254331685974  -9.476120629280558
49.71311361761947  -14.891946542157712
49.48393870959702  9.476121493707979
49.40117079134632  18.21471485047732
54.31847795382489  -492.0686476609044
49.5726749318974  -1.217813405673951e-09
49.572186503260575  0.051874593167667626
49.57320081363534  -9.524883353151381e-07
49.572621138334846  0.005693156635061314
49.57262113579339  0.005693426321158768
49.56294963065397  1.0319221476511302
49.577644593938054  -0.5272891072090715
49.567825508930085  0.5145408601638337
49.57523525017329  -0.2716616931838871
49.570234671805025  0.2589134461395588
49.5740306003492  -0.14384798617174965
49.62066283357385  -5.09091580520726
49.689417684293346  -12.324924267182723
49.74879251279785  -18.671936676670157
49.45711996672024  12.324925131610144
49.34899005183876  23.762852478223067
49.57215474923227  0.05524414685078227
49.57267478959507  -4.129105946049094e-10
49.57269321699409  -0.002000649990804959
49.57264948084344  0.0026609525230014697
49.572649479365445  0.002661109359905822
49.57320079622029  8.954975783126429e-07
49.57265650555074  0.002000648361899948
49.572666498109065  0.0008609680198787828
49.65331732603893  -8.498054741457963
49.66952931185349  -10.27256078863411
49.700880525909426  -13.595623023276858
49.49314895465502  8.498055605885384
49.34799967734627  23.868183810673145
49.572674363212336  2.0081643015146255e-09
49.57266311327676  0.001058551240930683
49.572684989715235  -0.00106499227877066
49.57262598521925  0.005154170602509112
49.57262725508876  0.00506146715633804
49.57266473436236  0.001064718052475655
49.57269774406011  -0.0024233125823229784
49.644104097319925  -7.576918634220419
49.671689931096104  -10.50164467630566
49.6826487356808  -11.663267080684818
49.501296047616655  7.576918638236748
49.364016010122825  22.164911755754474
49.572673088783084  9.265932021662593e-09
49.572697116088094  -0.002950802467239555
49.57268355201265  -0.000930039280319761
49.57264571055421  0.0029166736394472537
49.572666169481906  0.0009300376514147501
49.57272589253981  -0.005419065799287637
49.590335895324586  -1.873942942243957
49.67865900637414  -11.240541369897983
49.71924200583217  -15.5413159038917
49.466800334201096  11.240541388428937
49.40869202024749  17.415258844899654
49.5726693079659  3.104105417151004e-08
49.572684037469955  -0.0027259447269898374
49.57271257605525  -0.004028106035548262
49.674326080909395  -10.781056921849995
49.69020631851645  -12.464344596851333
49.70541851698611  -14.07709206715117
49.44009758114525  14.077092129233279
49.353855568163695  23.245401517466235
49.572658347749396  9.636460163164884e-08
49.572652883199275  -0.0025438966922592954
49.57265352625209  -0.008698300299101902
49.57273316935435  -0.006034814043232473
49.57264824872298  0.0010891399397223722
49.722015792928985  -15.840116096494967
49.814654861520985  -25.651006183609752
49.83979568860123  -28.30889451523126
49.306238757670506  28.308894707959553
49.18246564205365  41.48349059002521
49.572592098897  0.004051868052556529
49.57259723897882  0.0064389371473225765
49.480239187690216  9.808346190425254
49.73094861658142  -16.78651232552329
49.56373428655194  0.9438523323378831
49.68915078723091  -12.357328626197159
49.539837279427786  3.480243573601001
49.676407677287116  -11.006618713829084
49.55992471935158  1.3481660156776343
49.65687508279002  -8.935894045727764
49.553140696849255  2.068180771409061
49.64556213402696  -7.736387227660998
49.56134953165943  1.196962921373597
49.63292405804069  -6.396209109094343
49.560024090152  1.3376342218743957
49.62415302258496  -5.46600601499722
49.56388717441237  0.9276591974048642
49.61569245870255  -4.56864949761075
49.56419671028812  0.8948126206960296
49.60916054728031  -3.8758013560727704
49.56612380520302  0.690304244843901
49.60324816853142  -3.2486277465759485
49.61870967615011  -4.888686022140973
49.66581428563234  -9.880467287929605
49.706442676893325  -14.189912264739178
49.47958984500312  9.880467480658808
49.39307003907145  19.070966596802464
49.572667450680676  -0.010175875864661066
49.57262890721497  2.92336153506767e-07
49.57257154664813  8.802519460004987e-07
49.5726014236975  0.0029123534022801323
49.572616783829254  0.00128355192100571
49.57261631040513  0.0013337888885871507
49.56674268011438  0.6246297128045626
49.59858649971161  -2.7541010539935087
49.635288263371486  -6.646938034293271
49.64816074458152  -8.011896963873369
49.69898514203299  -13.399598997451903
49.49715456141558  8.011897548544766
49.38396525770473  20.038905341665668
49.572628841728125  -7.185008144006133e-11
49.57263911381754  -0.0011117129761260003
49.57259679320451  0.003407030330890848
49.572670108677684  -0.004407914715557126
49.572608027294685  0.002206887720603845
49.656365581476045  -8.881854496240521
49.730033705136734  -16.689601369906086
49.73689052523351  -17.416012198666067
49.408638949225  17.416012783336555
49.331940127294025  25.571455865933785
49.57262864546743  -8.772940418566577e-07
49.5726594635385  -0.003336016001412645
49.57258803380537  0.004308635626330215
49.57261837337906  0.0011108356102340622
49.572708990132156  -0.008521129857399501
49.58348145045193  -1.1515600398515744
49.6576366274882  -9.016637481064208
49.72720325982672  -16.389745314821994
49.561777551847406  1.1515606245238814
49.33349180775719  25.406380164004077
49.57262805848518  -3.5089624361717142e-06
49.572604280344656  0.0023266418666025857
49.57266954416707  -0.004384760355605977
49.572577131372206  0.005484834390699689
49.57261623836901  0.0012579593912960263
49.572637656094685  -0.0009552242154313717
49.618042315876814  -4.817996331612449
49.70670688117307  -14.218004174189446
49.72630300498521  -16.29433512127798
49.41919260363391  16.29433570595029
49.393398174156594  19.035989978916405
49.57262631373619  -1.1403966709622182e-05
49.57263402703076  -0.0013935276901975158
49.57267730002669  -0.005113617577080731
49.65457177856152  -8.69194565761154
49.692602440687665  -12.7231442704242
49.73401938904859  -17.112138451142528
49.4528003571335  12.723144855095597
49.329750914938124  25.804049896849392
49.57262122526924  -3.50889858964365e-05
49.57258203039217  0.002572320554918406
49.572621250621886  -3.777924939640798e-05
49.57262142123765  -5.5883927416289225e-05
49.57262494577125  -0.00042988539280486293
49.59786232061077  -2.678139803819249
49.715777038720475  -15.179889885721423
49.73054837004377  -16.74412051973559
49.41496054781881  16.744121104407895
49.40447352843744  17.857924422583892
49.572607271888316  -0.00010614403845465858
49.57256104500385  0.001397072684540035
49.57266232783265  -0.0038176278194441693
49.635392799210905  -6.658023705825144
49.65801968925047  -9.059627963863932
49.726281347040285  -16.294441557653954
49.50990471778937  6.658024290497451
49.33396429480913  25.353751089399793
49.57257721992486  -0.0003193091965840722
53.173585697704475  -375.4195871833672
49.57259155668277  0.003945111703615112
49.572604419554665  0.0027443838898761896
49.5726044144902  0.0027449213012005202
49.6694314974573  -10.272880097419147
49.70078289191768  -13.595942332060986
49.7346652607158  -17.180276057634728
49.41085690915875  17.180276642307035
49.34790241672363  23.867864501887652
53.173509364458376  -375.41176620143005
49.57262888293102  -3.8562575355172157e-10
49.5725715686507  4.2937745092785917e-07
49.57262889837083  -1.0550138540565968e-10
49.572571558216495  5.625224730465561e-10
49.572556098060055  0.0009579298402968561
49.57257155495939  -9.956693247659132e-10
49.57250060898436  0.006845127089718517
49.57254743721987  0.001876965742212633
49.572543726123165  0.0029539077031586203
49.57255425654435  0.001837455690065326
49.57262928966831  -0.00612646043236964
49.59280219038448  -2.146540154016293
49.596017267334304  -2.4876124365923715
49.71798216499164  -15.418786715747046
49.549131391823565  2.4876124377169617
49.40717700490991  17.565326866778378
49.572556088985536  0.0009579236145782488
49.57257157264468  5.5608779803151265e-09
49.57257157264225  5.8214482123730704e-09
49.572547318395614  0.0025718388733366737
49.57262697427669  -0.005880765438632807
49.600619530348176  -2.975862312982599
49.6293445444862  -6.022681340861027
49.63718548116432  -6.854200885651608
49.515831058791335  6.022681341984935
49.57164519031202  0.09830063097160746
49.57257155528365  -2.1509549696929753e-10
49.572571572982554  -3.0307546694530174e-08
49.572571551558795  3.9504311644122936e-07
49.57257155522085  -9.254108590539545e-11
49.572571558229846  -1.01022123999428e-09
49.572571551039594  4.4359649109537713e-07
49.57257155484408  -6.2118488131091e-10
49.57257154472951  -4.1636667447164655e-09
49.57257151441044  -1.4795432434766553e-08
49.57257142367497  -4.669254849432036e-08
49.57260454859762  -0.0035438307625099696
49.572591871791914  -0.0021538115051953355
49.57257141988815  3.5514176488504745e-07
49.572571153464274  -1.423838966729818e-07
49.572606385938286  -0.003823194218739445
49.57259710592752  -0.0027540257549389935
