 Dim = 3
4287.372427834544  -89883.78381398827
8001.097834616521  -125745.05826592701
1957.7588766149213  -58059.711946957505
160.02167345981505  17948.722523563316
447.1186005380725  -23827.497795181564
7080.0879310174705  -115416.78278941961
7902.531742091279  137967.51755594322
3900.3849887779247  -48631.854544328926
2166.0897010911244  -32111.20351184602
881.111357122246  -6753.671166740345
3416.6417633725177  -54037.77591272515
683.0853829524167  -29209.766283892914
702.7684584305676  -31095.97046781088
3220.229398491158  -59164.48119803482
383.875366736784  -13986.072581176886
177.44547772032968  -12123.521276943799
101.55676756796781  -4567.096731466905
307.54685191443775  -1311.6785401513437
258.39389975772883  10392.297978086423
520.1922250669501  18102.176904963773
5678.132586405357  37948.15485757626
28.676902770575825  838.8246369293229
824.955457238744  17056.588742118
597.1563010750616  -14646.468239879272
368.6192165854119  -15592.595087542017
1623.999652248486  -12649.419444199066
294.1039756099336  -7090.043694402379
367.6463418148757  -19160.255826830187
213.00869597059872  -5459.230512912218
664.5848345791279  -27296.571605779784
180.8685895501372  -9606.782485673088
342.16224091425505  -9949.365220178253
165.43049935648466  -10865.151881308444
1770.6872727195155  -49329.07177637714
2812.112063006153  -10864.301106857602
2791.3590652478365  -42333.79939448739
3102.0515627771697  -59443.69728112138
1695.3480824856315  16722.343435028553
124.95006278324124  6244.746005325549
157.919652412355  -6717.59990854757
458.96322690790356  -20418.625222465544
337.06592030802614  8761.484796596258
2443.817080689645  -18420.725652334495
2128.0612551958016  -9598.159596671198
4029.7686523118423  -38419.806116094005
3802.4721042742103  -76529.9422880705
2357.5499118835087  31045.565928883556
30.902598766518096  -419.5447587060305
45.25653740439782  -2050.3579401961942
59.68011820743416  -3308.7273358315506
61.6466683843949  4247.697209645343
2234.4227270534416  -53121.98925159496
3072.9057730292348  -56653.57590691624
5977.658565811867  -49523.98832577424
20.09474265639304  4015.9590869024205
912.1501160747252  42768.49933707466
205.01242487727708  -2282.096062939119
479.83004793507797  -13015.655058389111
539.7912590816842  -19536.825441971683
390.37624760596384  11650.667373721775
24.3872287302943  1541.0632280235895
26.807623720255727  165.6540672058577
25.071391842708596  1424.023462841209
167.19399048087072  -11538.322451031912
199.30144668572999  -1696.8972370272304
201.85921939826878  -12485.087094134808
243.69204222675805  13458.58781629728
16.36965223942755  1921.2505449415228
26.63353301470246  58.06682663517745
29.114520029040566  -293.0524689119559
31.691386606510974  1316.4362222705277
33.87869514981199  965.316926723397
3.1149499768768876  8521.74147220029
131.6202234661922  -7561.525141541271
167.64532622045888  -6239.988323206365
225.3186895846046  -1804.4844775979109
466.7348983031846  -24249.773714345814
28.212445852794207  7263.372076564937
37.22238438892013  -1346.410355553355
25.53794998992325  1490.9015826587981
27.416569187202427  -54.468987024818546
29.095834873259477  4135.018070670404
126.7087856627267  -7210.405845994138
145.81854340444977  -5277.324523478729
169.05126843331283  -11645.909691602592
311.7911589275097  -9599.452908245261
177.48725403114565  9540.939439066635
26.7526334785402  41.20597839001948
26.795676245058445  36.32658268709565
26.892663606278845  21.09525842995049
21.866472823068875  859.7635279504477
32.99100472918796  -811.5463054668812
25.131227295389614  321.162346204482
30.559172391562274  -485.59439783245534
28.846763220732033  -156.85932763959386
26.474752866719427  156.5088860384784
29.30692703216129  -319.6923189220206
27.377271039855934  -9.39319287195633
26.838651307567623  135.00385426767167
25.848957381388487  263.1521623856645
29.12073067196082  -287.138137008865
19.852954647013775  1124.0704889495769
25.385577022303696  247.78799479425743
18.255794614628044  1426.327470768653
18.378907520514446  1607.944412980098
41.92811982972781  -1591.1102181062276
23.06269488929396  595.120770766194
118.4432367914626  -8206.925968888445
138.74398103761794  -9824.263574740502
239.72909378432013  -8914.345441451118
372.0594112738638  -19437.81087863518
3.768013215007655  9981.414228900876
28.496695428447403  -205.59747793435653
30.61610773871808  125.83418958662651
27.029487755377936  1.0626887564995968
26.847102607466798  28.482052430398653
27.521415864217087  -46.69717910734833
45.91431068338632  -2076.462639884524
52.6241616647836  -682.7430233338893
63.635000692101265  -3052.168660801193
120.50960171162534  -8454.35825017181
30.548119284672175  3154.3397580552173
24.411904102316566  389.9951478893406
28.740441444239277  51.58511527952328
27.29442507006013  -36.92804593096308
47.110083824722  -2232.044197924566
22.70697246183454  681.1408978494206
30.395890808707243  -452.3227839721127
46.339700779275475  -2162.211288843719
24.337228111834623  415.9735941943595
26.2678500249388  113.71661237528356
62.19658810529451  -3462.7402634654677
113.36157960417877  -3878.936606532435
242.14828015002726  -15082.096226229802
314.3368636424133  -14128.634684818615
14.475295015715442  3740.8003942041923
27.563625698101323  -74.50155669826938
25.582972313233693  222.8026999213207
26.846577910590366  29.04066055128176
27.019092773509136  2.4619067055965616
28.042992627959265  -52.40325641356981
27.895314938669323  -120.36291798947167
32.8109141331521  -648.42738911488
62.930281916678304  -2459.3236808752818
66.43835396534472  -4280.529670171236
90.65638500799903  -6433.9345022297275
6.914787337687558  4415.334104027337
21.6434395412409  855.085120990844
27.59343313700175  -78.88739826186324
42.3737704229231  -1539.300291260076
42.14891442327189  -1919.333422025391
47.626215814080965  -2477.7049613220333
51.644910949109565  -2690.2031874947797
13.123247554170506  2470.8212072503834
1.15402574699116  6207.77051784777
27.232386345861777  -28.145139199903042
28.032358596876527  -141.4604665237312
27.40152701906768  -52.29168414448799
26.93110301499998  15.11884481021093
27.6741727277326  -74.87964060006414
27.163525387317446  -17.033907340905245
27.231486295929155  3.717499827397212
27.415656660090253  -42.263376970259685
25.551042700355406  227.0777939383613
27.85500129576978  -116.02121231856621
40.55291448656609  -1745.6508610799474
44.285519415239534  -1417.723870414196
48.70749805621998  -2592.278218914426
51.197735456327855  -2832.2030596566506
11.74548135644429  2948.7149529821963
4.222714572010894  5921.390160965982
26.946081520216516  13.330380527705756
26.602461177085587  62.570778157559175
27.46668662625808  -43.41983688246958
32.741619377821756  -686.9236394693495
36.18622012417389  -1212.5439006666795
40.67180473420483  -1719.789713021465
19.031459357163033  1279.2006840464064
26.811551667475598  45.54521439547079
27.03640050704882  0.14827539166026327
27.038813217600403  -0.3835985243607922
26.33817636557841  111.96977587054174
27.53487493434708  -70.75094402322446
26.77743473604635  38.15236692051455
27.104252785586446  -7.832474241457589
27.27154565595022  -32.39948381188207
26.455962398528623  84.03990302821308
28.03325204500009  -86.78487624477648
28.16098233209988  -19.28336245956382
40.925204623735375  -1789.5214939718255
42.75042864371635  -1971.6229753632063
15.381539933874075  1971.919526146528
27.303001933483433  -36.9719397605254
27.22115412537038  -26.491574618404456
27.647065609227745  -87.059075838127
26.93604141717967  17.21375243841898
27.268265724523467  -32.9998621541647
29.602422838896427  -229.6813514840361
34.06574749965421  -919.10484324712
34.37703051081288  -935.5144958368223
35.800408586210786  -1170.7812503481373
21.263235561524038  935.8110466201438
12.849842683816277  2478.23907012919
27.058051621154615  -2.594964702856487
26.589483715422443  75.61107937142896
27.0325400813061  0.8050468799272039
27.037762260942092  -0.22213482257454586
27.03635737326965  0.2622562827841506
27.034395748413377  0.2524799504758448
27.049212342530055  -1.4195386731312638
26.378889289851866  99.14200481319904
27.074559050529395  -5.165459264644028
27.485080978843925  -64.22046032641748
29.568645596062552  -350.7042371320051
29.876131338231723  -336.27855296945245
34.504369850599694  -1001.3258677611676
24.662653736974526  351.00078791532655
17.999688279314228  1461.1283295049047
27.036037966083608  0.034469886567649155
27.061775863175846  -0.3069466287115574
27.03960417920261  0.19291253937467445
27.054913216495056  -2.681108311452975
27.033971898336222  0.38876214955345745
27.053296608677652  -2.4384353164958057
30.257428963532313  -405.5440649484166
30.650200651953714  -487.90302895454545
31.19743399579008  -576.2679731175904
31.447683034768772  -609.8963343504847
23.17407115056417  576.336912890727
17.360439149382007  1556.3492028316643
27.0721630483184  -0.17215556002201993
27.038358609266638  -0.0798803735774225
27.02435371197592  1.8544697631130305
27.041934681841692  -0.657271839436909
27.476388523031133  -62.9945266994157
28.281889037104786  -168.47403823196203
28.392827178396846  -192.32902760720856
28.76111886991741  -243.13456946534558
26.599821141252104  63.06346647255191
22.96059187144671  610.7327930058411
27.038671097274417  -0.2638436654956422
27.041747691395727  -0.5885322350472073
27.036690877442574  0.4866669680286577
27.040962731516572  -0.6660944266611324
27.339787533633483  -42.711487159966765
27.740533080237586  -100.53913987375763
27.824952772175877  -111.97949410573601
28.121695233233048  -154.23496051607685
25.976558598502976  154.30390028921238
25.29720809775887  254.54835393476534
27.03631085134026  -0.007616397712354228
27.034962717729762  0.17970705582638402
27.03724829834286  -0.04879334778752309
27.039379224849146  -0.4012071599522642
27.034735739671884  0.2705469771610751
27.03763580198223  -0.14804681135774445
27.50235687445943  -65.90247572911039
27.823280623680912  -110.29817077261441
28.198154777651432  -164.84532547391154
28.44524041559172  -199.88612613581745
25.662731033777213  199.95506590895275
24.71601377284955  341.0155063847874
27.037142520562206  -0.1338752505548655
27.036175350092535  -0.003572296758648008
27.037959376838625  -0.11037026400344985
27.03766547262731  -0.06612923157899786
27.03824110972672  -0.13081041606665167
27.037114664464458  -0.1362218907145234
27.04614392559011  -1.1033093118439865
27.42753444237907  -55.81621097077641
27.554248813201106  -74.03505637287071
27.641663437439195  -85.45696007961806
26.52462050222541  74.10399614600465
26.05440441684566  142.3621911752009
27.037143669830247  0.008560006101561157
27.0361732115465  -0.003353772749278505
27.038632283967548  -0.1762898857559776
27.037594311175287  0.21556996157892172
27.04189180148151  0.09606997100422632
27.03381730797245  0.3358532500719775
27.035345912728058  0.11716796213681846
27.0454335564697  -0.8982681975385276
27.46317909382871  -60.293302045811515
27.530182024607953  -70.63965534077283
27.70849805838925  -95.98237620124792
26.378369402209216  95.99949621345058
26.97699029842378  8.60809975326083
27.05121695599142  0.22875824120865218
27.036837015104517  -0.08630062522274784
27.037842308618746  -0.0678660344783566
27.035687381015784  0.10213065805510269
27.036411656208784  -0.036266810273900774
27.105487846975716  -9.60447540162204
27.159269227937575  -16.590587617845813
27.44601534442624  -58.0806198719406
27.88355674633299  -120.67185701448284
26.633310015179177  58.097739884143266
27.005164635944954  4.497305131690609
27.038224995407848  -0.11682475070392684
27.052422040371006  0.044956914682870774
27.03737564751885  -0.0035757861271576985
27.0361022454316  0.0072915199702947575
27.04417433452873  0.04132751115457722
27.03659242359089  -0.058022702486596245
27.03482706009678  0.24351519075844408
27.035877566696332  0.05209684310511875
27.036269103339862  -0.017101891059155605
27.321138089404982  -40.476262122902654
27.415648170674874  -54.298685570019416
27.418571509763293  -53.93394998109716
27.498383816232074  -66.02435697408168
26.659834224645703  54.31326860995932
25.93410973448173  160.42115398708074
27.04444849960477  0.0034860615755860636
27.036146443761396  0.0005446994050544163
27.036143991521456  0.0027127999912863743
27.036143990120333  0.002713001299298412
27.03632903958633  -0.009119077059494884
27.036235403731535  -0.008529693344826228
27.05676880645327  -2.884005660242792
27.158531362778987  -17.330637764425774
27.181001890220042  -20.510076998981276
27.323934200170164  -41.20535271152471
26.896147367873894  20.51550259896453
26.918375261379815  16.955409057824227
27.036182766640692  0.020912518215482123
27.03621310669611  -0.006279777480358462
27.02763867250755  1.2260871888540805
27.036223420074776  -0.0002742046503954043
27.036237106418316  -0.008819249780344762
27.072962292313395  -5.061206757035507
27.146194128234626  -15.652827533840082
27.4145052877052  -54.082981744421886
27.41784879815282  -54.50896246316529
26.66205934123531  54.08840734440446
26.51584249684045  75.20958166304058
27.036160471920606  -5.8291445839131484e-05
27.036211689474598  -0.00837156576039888
27.038155429813767  -0.0020390495537867537
27.03815543450984  -0.00203971102291689
27.03634049312967  0.005659713996692517
27.036137725384755  0.001913351373787009
27.036202161510076  -0.007151816789473742
27.037778274843117  -0.22462633901113804
27.03786581155974  -0.2462321059704209
27.034542766859825  0.23228560698544243
27.03564370752183  0.11632517981729507
27.03791419117252  -0.2533847019130917
27.0360095118505  0.020487664478196166
27.142167297692286  -14.514955838097649
27.254652612722854  -31.322950499646822
27.357229162066115  -44.80647645975387
27.603684836266225  -81.10508567333545
26.939948091833102  14.518782540844313
25.96317715836623  157.2342794669512
27.036154841050884  0.007828279829936946
27.036171189856898  -0.0030343459573032305
27.03692683479303  0.0009094150714190619
27.03618055692905  -0.003909895847527878
27.036219058805454  -0.009823064009196969
27.091600550511526  -7.750140775850468
27.149582895183098  -16.245505819551
27.36774348336654  -47.320870972935154
27.398071403201815  -51.8122761262066
26.676854120041455  51.81336552501739
26.992147740536264  6.327466157069466
27.03630443409112  -0.019695762287938123
27.036204803749797  0.01089260494836708
27.036663268941492  0.0041415749653879175
27.082777435842175  -6.4659138193364925
27.117317887366912  -11.649890951315456
27.216604139741882  -25.855944097439988
27.243366597011438  -29.484211644124343
26.992778861730034  6.467003218148875
26.57306189481558  66.98981352709575
27.036180730373054  -0.002132814363221769
27.036183379403287  -0.0037483526266441913
27.06776072225997  -4.493706904392411
27.0913260425678  -7.914858105838448
27.115364691574385  -11.371374149129224
27.153313338943317  -16.81199364132135
26.98114344267121  7.9159475046490115
26.97052030675592  9.485050476224387
27.036152313098878  -0.0002563264265518228
27.03618338817925  -0.004339406791132205
27.036167942392716  -0.0022829725899100595
27.036391661504897  0.0035341135669568757
27.036114462762228  0.006317814062185789
27.03615252100336  -0.00027651836671793717
27.041124462746602  -0.6785046967288508
27.112518876063138  -10.915960724427805
27.121658287799605  -12.246900575800737
27.13841311920315  -14.679239549028807
26.960569750160325  10.917050123239505
27.011661501991686  3.525706275119319
27.03617170180118  -0.0026594039259180136
27.0361471466125  0.000489832996208861
27.036147142144067  0.0004904750235255051
27.03614753562419  0.00038890975429239916
27.036147531258376  0.00038953705416133744
27.036143843507865  0.0011571343302421155
27.036164078599874  -0.0019864759533447796
27.039113808413074  -0.4129055449534462
27.05235361405907  -2.327621435311812
27.07491270261761  -5.563115325315266
27.10464533138764  -9.833412502194733
27.01994712632947  2.328601101305594
26.926240816744453  15.808408066754055
27.036150814613958  -7.594999851789908e-05
27.03616085246251  -0.001472411158374598
27.036164167078468  -0.001743604780131136
27.036164284041934  -0.0017604132617634605
27.036364065230387  0.0019933745097659994
27.036364064583825  0.0019934677038691007
27.03614831241075  0.001454402080980799
27.036160124810273  -0.0010315983779491944
27.0409592338063  -0.6807677280212374
27.041216428521587  -0.7166739196709386
27.075436139694073  -5.642582186718755
27.093614055989452  -8.246273995640422
27.031481839161135  0.6815468021295601
26.93459743998255  14.605226302033316
27.03614572869008  0.0009007413154904498
27.0361457263454  0.0009010780731841805
27.036154117312346  0.000341432776167494
27.036154114799675  0.00034179455860794405
27.036147505875153  0.0005497000174727873
27.036157467525598  -0.0009668833481555339
27.03816968798336  -0.28856942945822084
27.04747642995586  -1.6249277526412698
27.05365800157602  -2.5145796955607693
27.075626988604782  -5.66945334573029
27.01869539446741  2.5152632846788947
27.033906446188897  0.32253346697871166
27.03624184253809  0.00019856706967402715
27.037057941468156  -0.1303788482832715
27.037060944083173  -0.13081000281181332
27.036223418948584  3.931709215976298e-07
27.03622342167092  -1.5506884665228426e-10
27.03614959260705  0.00015203050497802906
27.03615651153244  -0.0007356911746683181
27.036871121162626  -0.001023810992592189
27.03220512844984  0.5859697159494317
27.032205126124552  0.5859700489027091
27.036161353243596  8.190730977730709e-05
27.03616135582445  8.153695262080873e-05
27.036148845425213  0.00024144373810486286
27.036155308948295  -0.0006648015537393803
27.039765823558504  -0.5184305850730198
27.054903810777883  -2.690891548124
27.06267215097368  -3.8072787798473655
27.06599664894533  -4.287175130605647
27.009826420487155  3.8072795661896635
27.027692500087866  1.2164399060434334
27.036150283476665  -1.0186340659856796e-10
27.036152033831552  0.00022784958400734467
27.03615023846531  -1.6825651982799172e-11
27.03615020891495  2.4147084332071245e-10
27.036151069616814  1.0168150765821338e-09
27.036150499637856  -1.260277258552378e-06
27.036150995547022  -4.029061528854072e-10
27.036150489599063  2.3686925487709232e-07
27.03615099244098  4.2760120777529664e-07
27.036150487379835  7.510979912694893e-05
27.036150485960228  -3.8185065477591706e-05
27.038910143120127  -0.39636471578614874
27.0425707887029  -0.9181886317169301
27.052445067785246  -2.3369945353961157
27.071300161258524  -5.04836541811801
27.029791850789277  0.918188632201236
26.98202058680032  7.781724669233199
27.036156421143684  3.675136213132646e-07
27.036156423694326  -1.5415935195051134e-10
27.03615117689969  -3.2650859793648124e-10
27.036151168132122  1.2565897122840397e-06
27.036150387700108  -2.419655993435299e-05
27.037398656458944  -0.17862272201818996
27.046327807555734  -1.4621713947121862
27.04915579741222  -1.868387803052883
27.05216147790125  -2.3000568839893276
27.02014567968489  2.300056884473179
27.02673800173283  1.352493467961267
27.036150882077386  -7.009703040239401e-08
27.036151785566833  -2.610249794088304e-10
27.036150879775057  2.620122359076049e-07
27.03615178306289  3.458435458014719e-07
27.036150050522497  2.205398914156831e-05
27.036150374548452  -2.3125356165110134e-05
27.037852761693056  -0.24461095181504788
27.038633709448884  -0.35674140925902975
27.041575391006283  -0.779405130822397
27.045606899408153  -1.3585607840232115
27.030726537765652  0.779405131304884
27.022512403248463  1.9599131450281675
27.036150840623502  -7.139533408917487e-11
27.036154237463307  -1.9872459233738482e-10
27.03615083795644  3.831323738268111e-07
27.036154234871457  3.604050107242074e-07
27.036151624964393  -9.349605534225702e-10
27.036150361654315  5.288711690809578e-10
27.036225598355554  -0.010799854883771332
27.03811996898479  -0.2829996838072475
27.038770736369255  -0.3764842651376057
27.039095336598777  -0.42312522781821826
27.03607547434743  0.010799855366713018
27.035194525660376  0.13731692342753377
27.036151069564582  -9.458744898438454e-11
27.036158267249075  -0.0011528474096849095
27.036159028354916  -0.001262185544874228
27.03615106708723  3.560644472599961e-07
27.03675934817168  -0.08751837517047534
27.03680601187515  -0.09421897840093152
27.03703279434098  -0.12679065481825091
27.037832526057784  -0.24171377711809328
27.035494455443988  0.09421897888432795
27.034909046633736  0.17834286925017295
27.036150201221975  -3.8107828004285693e-10
27.03615026624864  -2.247816155431792e-09
27.036150209931293  -3.383320290595293e-10
27.036150215374242  -9.754330676514655e-10
27.036150207417478  3.6088613342144527e-07
27.03615020674583  3.634618224168662e-07
27.036150306867764  -1.191438059322536e-10
27.03615036283217  -1.7579759514774196e-07
27.036150303786233  4.426765372045338e-07
27.03615035979207  2.6272391551174223e-07
27.03615031286499  -1.1568772606551647e-09
27.036150205146953  -3.2787283998914063e-10
27.03621932547775  -0.009931640768627403
27.03622382144169  -0.010577517070942122
27.036253005403026  -0.014769422349672823
27.036576972787504  -0.06131868896136439
27.03604741309536  0.014769422833069257
27.03597459887779  0.025231425312540523
27.036150204879444  -3.5374478102312423e-07
27.036150215697827  -2.2464519133791327e-10
27.036150199916193  3.5939774534199387e-07
27.036150203674882  -3.183231456205249e-12
27.03615021622325  -1.4415491023100913e-10
27.036150200903954  3.981522240792401e-07
27.036150216946492  -4.2791725718416274e-10
27.03615021402809  4.189155333733652e-07
27.03615019648861  6.573350219696295e-07
27.036150199037937  2.910455805249512e-07
27.036150192616642  1.1653260116872843e-06
27.036150201390644  -1.5006662579253316e-11
27.03615020409273  -4.185631041764282e-08
27.03615019850474  4.146409082750324e-07
27.036150205130586  -1.787157088983804e-10
27.036150206217076  -4.31100488640368e-10
27.03615020290625  3.194782038917765e-07
27.03615020376452  3.5192942959838547e-07
27.036150197837753  4.7026742322486825e-07
27.03615019622968  7.053390618239064e-07
27.036167046989856  -0.0024204172241297783
27.036170980107705  -0.0029855131751901354
27.03618983071017  -0.0056940038593893405
27.036198908428236  -0.00699832032660197
27.036101489696495  0.006998902419582009
27.036136518144055  0.0019659989025058167
27.036150201082858  -6.821210263296962e-11
27.036150207273675  -8.734132279641926e-07
27.036150201133033  -3.865352482534945e-10
27.036150202591813  -2.5332610675832257e-08
27.03615019869467  3.499621925584506e-07
27.03620204114299  -0.0074484319998191495
27.036202041414935  -0.007448471072166285
27.036202040953818  -0.00744840481911524
27.03620204014034  -0.007448287938586873
27.03615019359998  1.0671014933905099e-06
27.036150203833724  -3.883151293848641e-07
27.03615815577628  -0.0011429368228164094
27.03615822573443  -0.0011529917378538812
27.036159518424178  -0.0013387283688643947
27.03616171484549  -0.0016543075630579551
27.036140879656877  0.0013393104609349393
27.0361227079892  0.003950235846332362
27.036150198718587  3.43700321536744e-07
27.03615020108911  -1.1959855328314006e-10
27.036150201119366  -1.8053469830192626e-10
27.03615019809922  4.2947021938744e-07
27.036150201130667  -5.547917680814862e-11
27.03615019828494  4.0222357711172663e-07
27.036150201059904  -3.6425262806005776e-10
27.03615020712583  -8.745960258238483e-07
27.036150201073795  -1.6825651982799172e-10
27.036150201076257  -3.979039320256561e-10
27.036150198002172  4.412922862684354e-07
27.036150201047526  -2.955857780762017e-11
27.036150201010642  9.75887815002352e-10
27.036150201089594  -1.2564669304993004e-09
27.036150198038627  4.379762685857713e-07
27.036150201069322  -1.5870682545937598e-10
27.036150201083455  -3.48791218129918e-10
27.036150197963824  4.46040303359041e-07
27.036150201032132  -8.822098607197404e-11
27.03615020114715  -2.6057023205794394e-10
27.03615020107983  -4.274625098332763e-11
27.036150198080787  4.308649295126088e-07
27.036150201195067  -2.4861037672962993e-08
27.036150208200976  -1.0229055078525562e-06
27.03615019963668  1.9904246073565446e-07
27.036150199739332  1.929533937072847e-07
27.03615024427653  -6.21345452600508e-06
27.036150424621464  -3.2125660709425574e-05
27.036150523057593  -4.626899681170471e-05
27.0361505299482  -4.725448161480017e-05
27.03614986812766  4.7836574594839476e-05
27.036149612172935  8.460776416541194e-05
27.036150201059005  -2.3374013835564256e-10
27.036150201074424  -3.2605385058559477e-10
27.036150198188075  4.143894329899922e-07
27.036150201026828  -7.776179700158536e-11
27.036150201235913  -5.184119800105691e-11
27.036150201058785  -2.041815605480224e-10
27.036149330907026  0.00012502543950176914
27.0361501988057  3.235190888517536e-07
27.036150201057435  -7.73070496506989e-12
27.03615019764608  4.922430889564566e-07
27.036150187154245  1.9972026166215073e-06
27.03615020770042  -9.589480214344803e-07
27.03615023654221  -5.102952400193317e-06
27.03615028165673  -1.1579699275898747e-05
27.036150290364848  -1.2836257155868225e-05
27.03615011641913  1.2161792710685404e-05
27.0361501711355  4.294730388210155e-06
27.03615020107074  -6.366462912410498e-11
27.036150204360336  -4.793400876224041e-07
27.036150198028004  4.3711497710319236e-07
27.03615020106336  -1.6416379367001355e-10
27.036150201628196  -8.775396054261364e-08
27.03615244585249  -0.0003225387149541348
27.036150193406264  1.1000133781635668e-06
27.036150139814595  8.79496474226471e-06
27.03615025272743  -7.428471235471079e-06
27.03615017745204  3.387177457625512e-06
27.036150233908703  -4.72457759315148e-06
27.03615019188217  1.3138251233613119e-06
27.036150225377085  -3.49874153471319e-06
27.036150188827378  1.7527531781524885e-06
27.03615022263808  -3.1052022677613422e-06
27.036150195533434  7.892135727161076e-07
27.03615021791612  -2.426746505079791e-06
27.036150195124623  8.479555617668666e-07
27.03615021576006  -2.1169616957195103e-06
27.036150198408677  3.7609606806654483e-07
27.036150213039495  -1.7260686036024708e-06
27.036150198751155  3.2689104045857675e-07
27.036150211507874  -1.5060031728353351e-06
27.036150200450386  8.274128049379215e-08
27.036150203597394  -3.694221959449351e-07
27.03615019670853  6.203763405210339e-07
27.03615020780802  -9.744067028805148e-07
27.036150200408372  8.877850632416084e-08
27.036150202258504  -1.7704815036267973e-07
27.036150196888027  5.945903467363678e-07
27.036150204997494  -5.70589691051282e-07
27.03615019959095  2.062301973637659e-07
27.03615020094246  1.204170985147357e-08
27.036150201076136  -9.408722689840943e-10
27.03615020154239  -7.415383151965216e-08
27.03615019873098  3.360109985806048e-07
27.036150201032033  -8.249116945080459e-10
27.036150201140206  -1.1205429473193362e-08
27.036150219527748  -2.6531442927080207e-06
27.036150193810744  1.0367375580244698e-06
27.036150209976228  -1.285935468331445e-06
27.03615020771787  -9.614514056011103e-07
27.03615021674576  -2.2585895749216434e-06
27.036150203879213  -4.0991244532051496e-07
27.036150192655775  1.20268487080466e-06
27.036150209983802  -1.2870254977315199e-06
27.036150198432  3.7274867281666957e-07
27.036150207096625  -8.721917765797116e-07
27.036150200283604  1.0670919436961412e-07
27.03615020214254  -1.603862074261997e-07
27.036150197602403  4.919470484310295e-07
27.03615020472323  -5.311826498655137e-07
27.03615019997577  1.5093928595888428e-07
27.036150201162812  -1.9617800717242062e-08
27.036150199009356  2.8979457056266256e-07
27.03615020022589  1.1499969332362525e-07
27.036150191886513  1.4000538612890523e-06
27.036150201027237  -1.3733369996771216e-10
27.036150571928186  -5.327741155269905e-05
27.036149844925195  5.117866021464579e-05
27.03615019801965  4.319967956689652e-07
27.036150201102057  -1.0885287338169292e-08
27.03615106819235  -0.00012458038827389828
27.036150077545667  1.775614782673074e-05
27.036150199472893  2.2319409254123457e-07
27.03615020001246  1.456642166886013e-07
27.036150200267112  1.0907888281508349e-07
27.036150201891164  -1.242674443346914e-07
27.036150203035103  -2.8862950784969144e-07
27.036150203982782  -4.2479268813622184e-07
27.036150199889935  1.782254912541248e-07
27.03615019749942  5.21696620126022e-07
27.036150197970297  4.3908767111133784e-07
27.036150201069006  -6.138634489616379e-09
27.036150085709455  1.65837659551471e-05
27.036150074708097  1.8164451375923818e-05
27.036150199801487  1.7597994883544743e-07
27.03615019957374  2.0870265871053562e-07
27.0361501988469  3.131349330942612e-07
27.036150199359646  2.3946449800860137e-07
27.036150199898003  1.621128831175156e-07
27.03615019966754  1.952248567249626e-07
27.036150201069216  -6.16682882537134e-09
27.036150201747766  -1.0366329661337659e-07
27.036150202574017  -2.223769115516916e-07
27.03615019768345  4.952553354087286e-07
27.036150199705883  2.046681402134709e-07
27.036150199778483  1.7928550732904114e-07
27.036150201258334  -3.334207576699555e-08
27.03615013861044  8.982910003396682e-06
27.036150199551958  2.1183495846344158e-07
27.036150200081465  1.357539076707326e-07
27.03615019971314  1.886733116407413e-07
27.03615020143675  -5.897481969441287e-08
27.036150201478275  -6.494201443274505e-08
27.03615020149731  -6.767777449567802e-08
27.03615019842902  3.881305019604042e-07
27.036150201027386  -1.5779733075760305e-10
27.03615019854632  3.7127438190509565e-07
27.03615020102652  -3.319655661471188e-11
27.036150201025613  9.640643838793039e-11
27.036150201047846  -3.099103196291253e-09
27.036150198625332  3.5992252378491685e-07
27.036150201117806  -1.3151293387636542e-08
27.03615017728008  3.426825969654601e-06
27.036150199054845  2.832584868883714e-07
27.036150200491896  7.678227120777592e-08
27.03615020089349  1.9080744095845148e-08
27.036150201037795  -1.6511876310687512e-09
27.036150201091697  -9.398263500770554e-09
27.036150201210422  -2.6456746127223596e-08
27.036150198602538  3.631994331954047e-07
27.036150201027922  -2.360138751100749e-10
27.03615019869832  3.4943786886287853e-07
27.03615019933732  2.426718310744036e-07
27.0361502010135  1.8385435396339744e-09
27.036150201021968  6.198206392582506e-10
27.036150201045444  -2.750311978161335e-09
27.036150201077  -7.285962055902928e-09
27.036150201095055  -9.881205187411979e-09
27.03615019863878  3.5799348552245647e-07
27.036150201027667  -1.9917933968827128e-10
27.0361501980487  4.4277612687437795e-07
27.03615020102921  -4.210960469208658e-10
27.036150198925696  3.167679096804932e-07
27.0361502004362  8.478355084662326e-08
27.036150201004343  3.154127625748515e-09
27.036150201027386  -1.5825207810848951e-10
27.036150200989688  5.258243618300185e-09
27.03615020101141  2.137767296517268e-09
27.036150201029628  -4.802132025361061e-10
27.0361502010447  -2.6448105927556753e-09
27.036150198693807  3.5008633858524263e-07
27.036150201027795  -2.1736923372372985e-10
27.03615019914736  2.8491695047705434e-07
27.036150200937545  1.275157046620734e-08
27.036150201013786  1.7976162780541927e-09
27.036150201025954  4.638422979041934e-11
27.03615020103135  -7.275957614183426e-10
27.036150201030235  -5.652509571518749e-10
27.036150201027322  -1.4733814168721437e-10
27.036150198844247  3.284717422502581e-07
27.036150201041334  -2.160504664061591e-09
27.03615020103753  -1.6143530956469476e-09
27.036150201017808  1.2191776477266103e-09
27.036150201024363  2.7830537874251604e-10
