 Dim = 2
-9688.969511256271  2661.9275677631895 5404.068309201187 8556.681135141467
-9767.90184292833  2292.252451916891 4787.873599021049 7288.111732417641
-9695.52924216045  1328.4664210010437 3181.382308320337 3980.803728216403
-9717.896020247625  652.2063729464353 2054.155058080774 1660.1638785942123
-9279.489498483334  -1261.6599331791574 -1135.982019787671 -4907.419744925757
-9587.195712643083  -108.96904783445734 785.3862183643946 -951.8697896647766
-9643.226558890146  891.8254365029057 1541.2762478988127 1283.895377857906
-9526.706733318611  -157.22086147361432 -207.33152102645982 -2315.989977171028
-9323.112748441712  1801.4882138735306 437.9738686366604 963.945230979919
-9497.778189053648  -521.0069928348139 98.57882663214355 -2365.8105916904656
-9437.289209729177  -569.2588064739708 -894.138912758711 -3729.9307791967167
-9472.759353207362  142.56938867020503 -539.5226354245405 -2380.1607057188176
-9334.992194827031  -613.2586615643837 -1799.378185328425 -4973.8444489509675
-9675.830734192652  1692.831264175256 3788.725565454567 5231.150510203349
-9432.562372969058  801.2858757396577 -321.456389644856 -1275.7357176428868
-9219.000519158863  -1309.9117468183144 -2128.6997591785257 -6271.539932432009
-9364.392182188418  96.02968299736996 -1497.016000398495 -3695.87813146536
-8331.08807958038  900.8325739470027 -5616.622863240689 -8108.772178501159
-9116.703504256719  -1353.9116019087273 -3033.93903174824 -7515.453602186259
-8741.530402456368  -1495.547615845007 -5947.914133754613 -11519.625286452329
-9424.37607691489  1189.6750465986388 325.93193138581387 57.05244520935912
-9635.040262835979  1280.2146073618867 2188.6645689294824 2616.6835407101516
-9424.409718416468  -201.2207165640272 -1112.570793596174 -3559.903646925278
-9657.407040923155  603.9545593072784 1061.4373186899193 296.0436910879612
-9312.338679611978  753.2735125927832 -1309.24774941458 -2633.086434205034
-9529.73583464349  -159.80073055866637 -260.40894160156694 -2388.9250905817053
-9578.085469434387  183.98937467556587 312.6392165700666 -1209.1821493752448
-9440.318311054056  -571.8386755590228 -947.2163333338179 -3802.8658926073945
-9510.27518377741  -525.0247427807484 15.918894435747461 -2479.395831213023
-9331.011243398425  -252.32312685566592 -2163.9358179560304 -5004.612648546746
-9350.855718621755  -618.1761973973775 -1900.5500312617241 -5112.867407812941
-9222.029620483743  -1312.4916159033664 -2181.7771797536325 -6344.475045842686
-9440.273242211191  -206.13825239702092 -1213.7426395294733 -3698.926605787251
-9461.803910053439  -168.17596155409137 -432.71832758301775 -2625.700059525379
-9711.263021180705  -42.22680966369694 -15.653143472605294 -1921.3787919216752
-9720.236419781071  295.5058954505065 547.2982087431786 -762.422298390311
-9401.998566442448  -525.8248015046172 -1653.6386433629905 -4673.808241807469
-9564.784560669063  -433.5731327750473 244.31836859757811 -2065.7743845469677
-9659.63777897807  313.2140251099098 739.5056470668737 -487.91705003116016
-9411.521128808801  -188.51025409618808 -49.49566189736123 -2147.4819320012525
-9738.45525437736  -23.24181476134887 -32.785068813689186 -1920.3123686974366
-9607.486420578554  -431.4795482986049 -713.2580601474507 -3321.212444476423
-9648.99266194506  -69.57933659970344 -986.1187667415954 -3230.3138839029825
-9655.482367673969  42.23731445096885 -81.98996619691138 -1903.6502584295356
-9538.991165611198  -228.79057740134377 -375.4049931569297 -2625.6692073796867
-9502.551705229143  -529.6949782986651 84.09721709050257 -2395.6241010621197
-9721.593989302957  49.69269491365384 71.39470229582477 -1692.8802535807404
-9771.752000505176  6.025003975460031 977.0645959182491 -557.2586044154241
-9492.6116919345  -54.94270191441278 -496.96633345791827 -2569.504342804784
-9361.160678359767  -227.63010124115112 -654.3877733313776 -2990.7481674027995
-9433.996921723625  -819.9155144545502 -399.65825223693173 -3391.5388284210835
-9433.555978777105  61.62817155106099 -330.3594853271361 -2205.8734894359854
-9705.271530462836  -316.340503958132 230.21711311988554 -1938.731179713671
-9742.174039585982  -17.860875234825144 -5.59625940640257 -1877.9108835671313
-9743.99192578225  4.174135788005572 77.68824622997579 -1741.132864784026
-9743.59303363311  -15.814662641069281 -2.1855202948726102 -1870.889143188517
-9749.21695399774  -4.633639250176879 16.45162127224557 -1832.520576961509
-9741.525322634117  -17.2825712759784 6.301585574106888 -1861.561734275519
-9730.613398335332  -25.918366691846103 11.530661603165917 -1865.415079804363
-9746.858997378238  -10.860612204815325 -2.693581826154606 -1865.4051214521573
-9743.275372928316  5.688581610229286 -28.527834017248942 -1878.7961379851774
-9658.273928244038  -397.3349003348277 -646.890071549747 -3191.622212745495
-9657.242044372846  -56.83451094827985 -948.5462117998271 -3165.126699656942
-9738.722189752621  -304.576624389879 321.2744493952873 -1804.4952061132194
-9688.608499956095  326.1744644057293 -409.6731883570965 -1981.5836109519155
-9862.238949666245  393.3757096521506 1559.3536036033781 688.7143897741345
-9588.312206596773  64.5946197976256 -88.92891584342324 -1885.0051478238001
-9740.823518367233  -18.236463332764153 4.711586100843398 -1864.8350903248424
-9747.860808387903  -8.764638385491484 0.8001020188797288 -1858.212621491706
-9750.861026556571  1.2481519473852472 17.48996880403471 -1823.852939414924
-9369.34236681361  -127.36863876850433 -631.223673212251 -2835.8200433897973
-9385.705998181658  -196.94527323527544 -562.2422104975286 -2831.588161210846
-9452.214600728294  -78.455913713671 316.0211678288723 -1530.6202433718793
-9507.76609807048  111.60433142821257 632.8239837388884 -878.4134776846041
-9748.960742124784  -5.597289011325097 -3.374207858356825 -1859.7637828376319
-9747.389960225792  2.8716847665392677 -16.218814595223744 -1866.122657253236
-9749.147552667853  -3.1375376359811957 -7.533165512124543 -1862.1734070916132
-9749.04774454992  3.377834865342571 -5.8054405895528705 -1851.813359516797
-9746.059351489117  6.265503242710913 -16.65842858752076 -1862.4860682463977
-9747.517834356498  -9.26465978949808 -9.487182134718392 -1872.3486557658061
-9515.116252235706  -168.39731109233887 -209.96328382327582 -2333.325435806864
-9485.219513575556  -57.18139859071892 -543.0245794816688 -2632.794219382068
-9514.174473470965  -185.68174969408525 -330.5099960152927 -2513.1586828933573
-9575.876923768465  175.83088178819605 342.3189661799585 -1180.3201977726421
-9749.845863764529  0.3113040326034172 -1.7844475126304602 -1850.338434089469
-9749.648155748131  11.710342465974861 17.21609345616976 -1811.2217319983815
-9456.505413806934  -155.4174332001003 -58.30323493063386 -2117.9613595718556
-9426.468905222157  -96.21365587383681 -608.0856816042347 -2766.736497847992
-9489.126297261939  -177.2888876437537 -392.89580196137473 -2584.697936812695
-9568.139149683946  182.88166237991732 386.2278886232126 -1113.878825984467
-9750.195858750347  3.8608588873073657 4.132144736094736 -1838.1578558223632
-9749.819741428491  -2.700711125205962 1.4539666509425055 -1849.8239466911682
-9619.617655543561  -58.49616444668622 -278.1974102467456 -2286.504096547258
-9676.978604658792  -67.74241784358368 -133.9222645362968 -2108.44053620197
-9648.122335623482  -55.89021142076116 53.91334566750727 -1846.95024035932
-9694.991134373293  72.7735696745328 136.71244864554401 -1578.407810553654
-9723.384853703054  -33.74915958870339 -7.0205141367899415 -1899.5106883299472
-9725.261661390097  -34.612520843444585 -78.69953948604939 -1994.752673946069
-9739.46539107735  -1.6074580319631604 78.71132824198074 -1746.9678364637384
-9729.060934742909  28.176854499623758 -6.590990860593671 -1822.0521777761198
-9749.975787408115  -0.14559372947065755 -0.2426835945660945 -1848.8802418683367
-9750.16609520201  -1.3945950488651495 4.49467570494736 -1844.207327675826
-9749.977238225121  -0.25927385185401597 -0.175289468863708 -1848.932859173388
-9750.120577353317  -1.8018062348319497 4.9131357441878905 -1844.163204957164
-9749.990623272408  -0.0998611572084883 -0.07871469273752012 -1848.6080373764098
-9750.028260676188  0.41005957360487016 0.24731813556738153 -1847.5465301806207
-9749.995369834018  -0.07140821344690634 -0.03128776924876324 -1848.5103988491567
-9750.213945116617  -1.2411031504364096 5.092727783844451 -1843.2310306504255
-9750.00874760539  0.10148344617220405 0.0750451921468919 -1848.156020036161
-9749.985855151404  -0.16597161893538642 -0.11057250530768434 -1848.7319813874897
-9750.04343924205  0.6107579163488194 0.411630042842432 -1847.0814523513038
-9750.0  -1.521369892514162e-13 -2.535902579886721e-13 -1848.3806254686451
-9750.00266851862  0.06385092151879052 0.012317240959075382 -1848.2851590213838
-9750.01298925063  0.21445039070305186 0.09817271481995204 -1847.9853634294022
-9750.0115775022  0.2608526672314317 0.07221293952333324 -1847.9618504527173
-9750.001634384858  -0.03363312169896893 0.03167782057288514 -1848.380770633671
-9750.005948902477  0.03636229844688453 0.06061066864526964 -1848.255845365129
-9732.784416161423  -19.248844442284113 -80.69879818957304 -1978.3019988531523
-9740.089075682201  1.6899903222933572 -45.68956316086799 -1906.3078426246157
-9738.351717210859  16.347310201412725 -18.806263247201063 -1852.7891437127705
-9748.013688696105  -1.6058560774885091 42.704969668944734 -1794.2700150834225
-9750.074965012822  0.044780729307207286 0.9213047347548381 -1847.1146358145309
-9749.992177118918  -0.3342003067701285 0.05222197623163749 -1848.7269978730824
-9749.982684858549  -0.10450177304702943 -0.1741892732179407 -1848.73923156934
-9749.979733484693  -0.37880926299689494 -0.08087782164589452 -1848.9572521752302
-9743.320734384712  -16.82347079146867 -12.957674653078488 -1886.2939527723402
-9742.340496163877  -17.702984912125018 -31.760269023920607 -1912.0883886918239
-9739.756773495366  -1.6893547816100185 -51.42968004079049 -1918.045221060627
-9746.103555724847  18.00939479120984 15.855584183723392 -1805.1875290795724
-9750.075349685132  0.2253374056164946 0.857788908565855 -1846.9738819512445
-9747.075434401542  -6.959530328154356 -22.35149992132203 -1886.3871394837533
-9748.378693501905  -6.405940241805931 -10.127229516708592 -1869.6398288978276
-9749.901386686828  -3.1108760389328056 12.42716272702619 -1835.9169685070397
-9750.376537846012  7.24735100111772 11.71769063462738 -1823.987128761593
-9750.017006326827  0.15303151081375302 0.16096832678750636 -1847.9791287746968
-9749.635869005611  -3.1137638469137396 -0.7592694426495612 -1853.244527776701
-9749.062440200454  -0.1136704076979384 -8.972775105029932 -1860.3099574623593
-9748.680665554932  -2.139471598988951 -12.425376964045919 -1867.3613509085772
-9750.509463252934  0.012948029568779607 8.448194572249506 -1837.2655410998948
-9750.842009662281  5.7162439416573365 14.503109325476524 -1822.2289144913996
-9750.00005294514  -0.001807607724863593 0.0012512741319686631 -1848.3812261054056
-9750.00005583486  -0.0018059222225080432 0.0012859511308614328 -1848.3811784548075
-9750.000052925807  -0.0018076190016106913 0.0012510421276968457 -1848.381226424209
-9750.000052921652  -0.001807621424553783 0.001250992278822634 -1848.3812264927076
-9749.993420442164  -0.07254991229288454 -0.0547767246260773 -1848.5426756554857
-9749.753972152805  -1.6827906971293933 -1.8662483981968472 -1852.9219912701778
-9749.49534912456  -1.829239939646875 -4.89263971812779 -1857.0798289418126
-9750.245537481058  -0.47207383428675354 3.940767286903054 -1843.789532619464
-9750.169572015204  1.9038516063938875 2.1566609446934004 -1843.183229848099
-9750.000940558317  0.02507487542178273 0.003262029375508145 -1848.3452041544422
-9749.994011031793  0.08287802833656066 -0.09736248448909693 -1848.4056270724966
-9750.000144392456  0.0007514147174737266 0.0015093035333622134 -1848.3777095470564
-9750.000144342559  0.0007516295978512372 0.0015086233869091626 -1848.3777101737946
-9750.000170707734  0.0010108390547541137 0.0017434806799318196 -1848.3770797614739
-9750.000170792686  0.0010108885940147746 0.0017444998852040215 -1848.3770783609566
-9750.001814275563  0.001058563473798139 0.021778554205403575 -1848.350698970641
-9749.996596850759  -0.04928565704843579 -0.02441192882143478 -1848.4738957360566
-9749.841328501197  -1.6266742172106397 -0.7251158285845527 -1851.3531221005214
-9749.38626695349  -1.104262202820898 -6.346564645546729 -1858.089742841552
-9750.066404012452  -1.373286767392425 2.441719163472041 -1846.87798702743
-9749.783168519756  1.526810224862788 -1.9594735626213717 -1849.0590710765048
-9750.511867403138  2.628093015671242 6.661765837545295 -1836.365247876432
-9750.000050988132  -0.007712669924656837 0.003221988674039564 -1848.3859694154692
-9749.999830437935  -0.0010422424367971387 -0.0017186305646862581 -1848.38417752234
-9749.99983042286  -0.0010422512284344793 -0.0017188114410862966 -1848.3841777708872
-9749.999866650525  0.0012409898695788905 -0.0020398892379721156 -1848.3817644684516
-9749.999848949825  0.001151948858789666 -0.002225961040628222 -1848.382119487695
-9750.00000001925  1.1225792296950785e-08 2.309588200795582e-07 -1848.380625151278
-9749.99995405309  -0.0002822286893234596 -0.0004658072926936325 -1848.3815878799846
-9749.724754415016  -1.6999839832554653 -2.233368052377301 -1853.4256521105015
-9749.499665275553  -0.4761144846357135 -5.29953365924046 -1855.9342042577434
-9750.182670803804  -0.8021113786091021 3.390642813297425 -1844.9220823451474
-9749.722779978754  1.0216578244590706 -2.802964745937555 -1850.7944799989777
-9750.616565117078  2.3479387956095192 8.09431814332024 -1834.8310704752269
-9750.000000071093  4.145693467388866e-08 8.529248987863391e-07 -1848.3806242966177
-9749.999845409104  -0.0007702761332136196 -0.0016271315950261932 -1848.3837196099412
-9749.999845394628  -0.0007702845744852079 -0.0016273052631107017 -1848.3837198485833
-9749.999925205153  0.001275127862559594 -0.0013375448354884874 -1848.3807993580886
-9749.999925165086  0.0012751045028399255 -0.0013380254310631054 -1848.3808000184877
-9750.000109532579  0.0005098814734788871 0.0011649959606301404 -1848.3784618034085
-9749.999913156422  -0.0004448880057699137 -0.000910016956322497 -1848.3823734463422
-9749.22045049053  -1.9655397431935424 -7.69682929467174 -1860.9331413781406
-9750.049931440344  -1.4496365522094874 2.311312260496148 -1847.144116414917
-9749.743575166243  1.1890316467726616 -2.523976900904605 -1850.2201234878073
-9750.145764233732  -0.9883689706866763 3.080178467580388 -1845.5612400060404
-9750.004501061481  0.05141878119319846 0.038280587557782624 -1848.266486213431
-9749.999874293419  -0.0007843093676943052 -0.0012702688853695253 -1848.3832681987087
-9749.99987426418  -0.0007842963538811636 -0.001270629727269304 -1848.3832686566134
-9749.999877574912  -0.0016165295690315118 -0.000951465305311852 -1848.3838827402983
-9750.000015792011  9.20892162138404e-06 0.00018946147934182698 -1848.3803651245223
-9749.999945461512  -0.0002922861276520209 -0.0005671939798693152 -1848.3817335674696
-9749.92182769677  -0.7141257443491424 -0.603053795704462 -1850.0596388419651
-9749.769730777023  -0.8016377769376546 -2.4034990144157127 -1852.5336791173513
-9749.883206145649  0.3113233671864056 -1.38468304424322 -1849.8132104713186
-9750.054683999782  0.6732372830542181 0.5417737926508389 -1846.8328917383787
-9750.285588596516  0.4472537839985966 3.601970385586876 -1843.093095467438
-9749.999994115875  -3.5847933476143264e-05 -5.975329696812243e-05 -1848.3807484836639
-9749.999994154967  -3.5609770266027465e-05 -5.9356313498199364e-05 -1848.380747666388
-9749.999994138978  -3.570717897115008e-05 -5.951867965769767e-05 -1848.3807480006537
-9749.999994149903  -3.564062673400244e-05 -5.9407746747357874e-05 -1848.3807477722744
-9750.000060670936  0.00037182402721629246 0.0006154060211655519 -1848.3793552670727
-9750.000000205835  1.2002904865106715e-07 2.469443024921338e-06 -1848.3806220753168
-9749.905604188101  -0.3850516568854214 -0.9939778144941651 -1850.1646091880264
-9749.863846147427  -0.3463457798810246 -1.501624723629329 -1850.7834802799423
-9749.938344011323  0.1015640851362944 -0.7550243534245304 -1849.2464425416601
-9750.122742730244  0.3439546555416019 1.4199844374676456 -1846.0879965148795
-9750.144236965752  0.29643717043133877 1.7155623809109062 -1845.7586772931027
-9750.000029444971  -0.00016167944028817982 0.00041308506000497055 -1848.3802835279498
-9750.000029519364  -0.00016115555873469811 0.00041381683613249333 -1848.3802819160528
-9750.000041821388  0.0002704187345007951 0.0004194849474997204 -1848.379738578884
-9750.00004181871  0.00027061543471364695 0.00041938653744637934 -1848.3797384639277
-9750.000038035234  0.00023391223083160057 0.0003855270929906298 -1848.3798285223115
-9749.99997647584  -0.0001444491089192938 -0.00023850630636305852 -1848.3811181757496
-9749.972230786268  -0.17395714263452383 -0.27486417512435257 -1848.9577389966703
-9749.958901266713  -0.029467011532246366 -0.4853088256090824 -1849.0548004257307
-9750.031985652844  -0.04205027627075136 0.41209268866908166 -1847.8914436720784
-9749.970086099464  0.03901962764769579 -0.3711513276562643 -1848.8197828161947
-9750.00072287767  0.0021980934730272154 0.008079783325216083 -1848.3672810736866
-9749.999989381824  -7.184118963647717e-05 -0.00010543554484016042 -1848.3808531929733
-9749.9999893343  -7.18407030748866e-05 -0.0001060151282289323 -1848.38085395381
-9749.99998936669  -7.181613686529493e-05 -0.00010562842440054002 -1848.380853415265
-9749.999989325399  -7.182889657220904e-05 -0.00010612760191610745 -1848.3808540869145
-9750.000005437349  4.030454235061648e-05 5.2816411714590064e-05 -1848.3805060332948
-9749.999993123532  -4.4932459300921355e-05 -6.881428389180706e-05 -1848.3807716680963
-9749.9916648413  -0.07357692456893523 -0.07590615434310519 -1848.571710174044
-9749.987553543668  -0.07597761208331405 -0.1252971492615633 -1848.639579670655
-9749.979820237098  -0.02837664893103284 -0.23538616468837917 -1848.7251049631986
-9750.011115093585  0.06876324676466042 0.11338188590073656 -1848.1462833702922
-9750.000268304946  0.0009139492557706131 0.0029658150795533727 -1848.375594201148
-9749.999998801475  -1.2619117050314413e-05 -1.0392998290175295e-05 -1848.380654791978
-9749.99999877829  -1.2744762456684139e-05 -1.063364566210011e-05 -1848.380655264149
-9749.999998373401  -6.92356646158106e-05 3.3211168237435543e-06 -1848.3807070761404
-9749.999998310172  -6.920432185212801e-05 2.5397176913071514e-06 -1848.3807080638028
-9750.000000030272  1.7402913028897087e-07 3.108763531210401e-07 -1848.3806248441297
-9749.999998792453  -1.0974549310850807e-05 -1.1052926038876429e-05 -1848.380653616895
-9749.999997517943  -1.1406675264339542e-05 -2.6447541575986632e-05 -1848.3806743784949
-9749.999997510176  -1.1383353244189634e-05 -2.6550043703807153e-05 -1848.3806744842
-9749.999997741867  -7.542673333940477e-06 -2.500951792639541e-05 -1848.380667691285
-9749.999997701032  -7.768871666865651e-06 -2.5431717063161525e-05 -1848.3806685268314
-9749.99999972028  -3.027083168799494e-06 -2.3981915269291656e-06 -1848.3806323780855
-9749.99656828297  -0.018860915838978986 -0.03546998890020206 -1848.450644775845
-9749.996213968  -0.019067459838875252 -0.039719360627348405 -1848.4564839520046
-9750.003769146526  -0.000752371504080859 0.04627807336309646 -1848.3207608312755
-9750.003587446132  0.019908849963076538 0.03715244893888437 -1848.3070945601642
-9750.000002798566  0.00019363447610152 -3.0616102284766614e-05 -1848.3804252531768
-9749.999999843749  -5.818257941030747e-06 4.0509026208124675e-08 -1848.38063264002
-9749.99999984157  -5.703071914056854e-06 -2.4575286275656786e-08 -1848.380632582498
-9749.999999229945  -7.401559660194077e-05 1.5362973870188885e-05 -1848.3806971911727
-9749.999999195275  -7.411990265631615e-05 1.4975152753139237e-05 -1848.3806978301996
-9750.00000035427  6.600831420403309e-06 2.112117181090895e-06 -1848.3806144974778
-9749.999999935731  -2.8534126496093497e-06 1.7055587521085935e-07 -1848.3806287876869
-9749.999103931332  -0.006950773824568551 -0.008591399828180997 -1848.400543466959
-9749.999059203545  -0.006976860199090682 -0.009128092747916103 -1848.4012809511578
-9749.998250948212  -0.001996716369360764 -0.02064763209728514 -1848.4102311069519
-9750.00084089261  0.006776261718943712 0.007995547298841405 -1848.3617069786706
-9750.000028287626  9.110125611736723e-05 0.00031442827951304905 -1848.3800992599479
-9749.999990516493  -0.0002770919292812677 -2.2946796398325467e-05 -1848.3809996836217
-9749.999990483822  -0.00027706814030928676 -2.3353115752924435e-05 -1848.3810001878942
-9750.000000038475  1.81218780581484e-06 -1.3685477557174202e-07 -1848.3806233982268
-9750.0000000109  1.6762470513900064e-06 -4.2761130153794613e-07 -1848.380623949014
-9749.999296953358  -0.0035274637198795676 -0.007389946868625003 -1848.3947142690545
-9750.000714669437  -0.0001471288961613925 0.008765208877700898 -1848.3692926688475
-9750.000158682471  -0.003024867610041737 0.002950308478377249 -1848.3805054456366
-9749.999871983126  0.003302391067187757 -0.002660491759213843 -1848.3800201344466
-9750.000000585285  4.072139175731826e-05 -6.4802319967158706e-06 -1848.3805834179948
-9749.99999336221  -0.00016109518698613918 -2.705402571285344e-05 -1848.3808610451529
-9749.99999224854  -0.00017371001285184154 -3.641285130505682e-05 -1848.3808890044902
-9750.000000396338  1.2634614997602968e-07 4.789982611081676e-06 -1848.380619018811
-9750.000000444514  4.802411340815034e-07 5.2590371438710045e-06 -1848.380617963145
-9749.999736125397  -0.001699018215916303 -0.0026485609559181774 -1848.3862147651482
-9749.999612165904  -0.00029133427039501836 -0.004630609958583553 -1848.3870707901656
-9750.00019623779  -0.001093339129241024 0.002759151073906833 -1848.3783581827834
-9749.99982449649  0.0010023546777985796 -0.0024741499462938945 -1848.3826313042266
-9750.000006962604  2.1189063156853435e-05 7.780446395435768e-05 -1848.3804969405771
-9749.99999975371  -6.528783062095615e-07 -2.784501744116374e-06 -1848.3806299375328
-9749.999999714984  -1.0528641435482005e-06 -3.1229151252594156e-06 -1848.380630878798
-9749.999999548883  -5.164340001504364e-06 -3.773229276513105e-06 -1848.3806368384278
-9749.999999537962  -4.9935633165758e-06 -3.963470161357958e-06 -1848.3806368763057
-9749.999832172873  -0.0007779944644241732 -0.001785926130056743 -1848.3839378137895
-9749.999765558958  -0.0008168375073633518 -0.0025850707604743494 -1848.3850359399535
-9749.999868228495  0.00010752290012117644 -0.0016424324420090408 -1848.3826497390346
-9750.000239259727  0.0007927677384011818 0.002652168377670173 -1848.3761567340212
-9750.00000295334  6.851065994465267e-06 3.3716914646087954e-05 -1848.3805726652413
-9749.99999977573  -8.846516014687049e-07 -2.4385316287011828e-06 -1848.3806297708022
-9749.999999748763  -8.940651098756814e-07 -2.7641771966475385e-06 -1848.3806302103153
-9749.999994459406  -0.00012959753686475446 -2.4211762517370103e-05 -1848.3808182000857
-9749.999994483154  -0.0001293229933266319 -2.4014047662130093e-05 -1848.3808175994295
-9749.999948681007  -0.0003492180272804391 -0.000508896317494504 -1848.3817276705652
-9749.999917173165  -7.77110171658141e-05 -0.0009838356002405237 -1848.3820144995389
-9749.99991048995  -0.00037148840145816684 -0.000967080038306218 -1848.3823572731585
-9750.000091297477  0.0003896836040752278 0.0009828433759242086 -1848.3788503615058
-9750.000001304896  4.250701038713159e-06 1.4488209210678367e-05 -1848.3806011562897
-9749.999999779895  -2.7058792360130005e-06 -1.7787579576957813e-06 -1848.3806311654482
-9749.999999766207  -2.5382913657131867e-06 -2.001691854428922e-06 -1848.380631250237
-9749.99999982461  -2.9984675813385347e-06 -1.1357468224941647e-06 -1848.3806306839879
-9749.999999787746  -2.9645488016464505e-06 -1.5965256221417953e-06 -1848.3806312472293
-9749.999969199625  -0.00017091072790209082 -0.00031836975196227694 -1848.381255955841
-9749.999940232476  -0.00018780230631100894 -0.0006658918090241208 -1848.3817334952614
-9750.000016262718  -0.00012250758640601768 0.00023925378723036085 -1848.3804632625925
-9750.000033414955  0.0001856785762303629 0.00034532051300645685 -1848.379941236876
-9750.000000386864  4.838747599436165e-06 3.098726674033842e-06 -1848.380615389296
-9749.999999690383  -5.239408646260539e-06 -2.022941505408402e-06 -1848.3806346321612
-9749.999999860862  -7.989657931406016e-06 9.752620586970963e-07 -1848.3806341082181
-9749.999999935582  -2.358979782603407e-06 3.4067445598080418e-09 -1848.38062839334
-9749.999999950458  -1.5317700819186874e-06 -9.181200452232545e-08 -1848.3806274912804
-9750.000000079292  1.6428002932323872e-06 4.174142298637689e-07 -1848.380622880374
-9749.999999975349  -8.145786035599321e-07 -2.8157480330086754e-08 -1848.3806265171083
-9749.99998492722  -7.381194588366812e-05 -0.00015908808483700896 -1848.3809261273207
-9749.99998681438  6.484902741959881e-06 -0.0001629296376442985 -1848.3808314687649
-9750.000003694859  -6.286783542091278e-05 6.607262475782508e-05 -1848.3806167279245
-9749.999997131821  6.658883971726855e-05 -5.723405005739581e-05 -1848.3806179770754
-9750.00000029534  7.180280893284718e-07 3.3607580786863125e-06 -1848.3806201617892
-9749.99999965198  -1.1593026824343886e-05 -3.6652594028969827e-07 -1848.3806403453657
-9749.999999631927  -1.1684704744300356e-05 -5.803742297231899e-07 -1848.3806407401512
-9749.99999976775  -8.83871781335044e-06 1.2392634730993418e-07 -1848.3806362809669
-9749.999999714635  -9.087762931562835e-06 -4.403699531485897e-07 -1848.380637331566
-9750.000000078138  2.753892610238516e-06 3.1812493552981816e-08 -1848.3806220073113
-9749.999999963304  -1.4763289578600458e-06 4.6258853278767874e-08 -1848.3806272410447
-9749.999995697719  -3.524668898819992e-05 -4.066812792560879e-05 -1848.3807226635197
-9749.99999075888  -3.8126697212086114e-05 -9.992051737617298e-05 -1848.3808040838242
-9749.999994659656  1.1159861662504382e-05 -6.884214096896402e-05 -1848.3807020542406
-9750.0000045181  3.5147410487532834e-05 4.333312836879347e-05 -1848.3805248958402
-9750.000000153228  2.8480109123428656e-07 1.772965981208367e-06 -1848.3806227857299
-9749.999999936717  -3.1599359975455545e-06 2.850926859619809e-07 -1848.380629017825
-9749.999999953632  -2.5530781966779574e-06 2.8839423888450497e-07 -1848.3806282599455
-9750.000000017633  -3.704310918287253e-07 3.3885360412299436e-07 -1848.3806254834362
-9750.000000001957  -2.3451593981881383e-07 1.0227831431842728e-07 -1848.3806256254752
-9749.999995299475  -1.9451682136163687e-05 -5.0805440445199707e-05 -1848.380716368809
-9749.999995003525  -8.280852990518004e-06 -5.8149103574732966e-05 -1848.3807121457708
-9749.999997313007  5.927683009384926e-06 -3.4742512095990735e-05 -1848.380663751936
-9750.000004989066  8.245179037867651e-06 5.8070835027538114e-05 -1848.380538938642
-9750.000000071217  1.3282734148307943e-07 8.238842951283189e-07 -1848.3806242213147
-9750.000000024413  2.2494742992633194e-07 2.2243283921108836e-07 -1848.3806248970986
-9750.000000034772  -3.259693832292101e-08 4.3484339303627664e-07 -1848.3806249378351
-9749.999999975069  -8.329380641845415e-07 -2.5438660356136754e-08 -1848.3806265363335
-9750.00000002906  -5.78732136711673e-07 5.478397890322625e-07 -1848.3806254675255
-9750.00000003147  5.630295712458343e-08 3.648583395689719e-07 -1848.3806249193917
-9750.000000014837  -2.2425244684050163e-07 2.5589039865805064e-07 -1848.3806254109195
-9750.00000003685  4.812472362257782e-10 4.491421959136641e-07 -1848.3806248779763
-9749.999999995269  -1.2835090374435477e-07 -1.4771908757766877e-08 -1848.3806256474263
-9750.000000002137  -2.1060167360917213e-08 3.309375814861682e-08 -1848.3806254513174
-9750.000000035954  8.038350389025764e-07 1.6956757308233672e-07 -1848.3806242477403
-9749.999999982145  -4.2956041477373824e-07 -7.404421535305915e-08 -1848.3806260993115
-9750.000000020511  3.810051696478338e-07 1.2267625266178826e-07 -1848.3806248343776
-9749.999999993726  -2.38433066604196e-07 3.233365071204118e-09 -1848.3806257604615
-9750.000000032172  8.514163601426718e-09 3.894023877323609e-07 -1848.3806249464863
-9750.000000029799  1.2255080997334712e-07 3.223398287115313e-07 -1848.3806248929905
-9749.99999999041  -2.3234202138608492e-07 -3.922806175422934e-08 -1848.380625808683
-9750.00000003022  2.6015438264977395e-08 3.5974858108782135e-07 -1848.3806249637132
-9750.000000028642  5.506167728875626e-08 3.3079970930657026e-07 -1848.3806249656782
-9750.000000029337  2.4716902521936836e-08 3.49401464676218e-07 -1848.380624978919
-9750.000000033255  9.237576789432642e-08 3.7457375949026646e-07 -1848.3806248618357
-9750.000000028906  3.2667029207350314e-08 3.414946014716608e-07 -1848.3806249794352
-9750.000000000724  1.9982692021333965e-09 8.155526606746407e-09 -1848.3806254554488
-9750.000000000075  -1.6477006138560507e-09 1.4599994747803328e-09 -1848.3806254687725
-9750.000000019807  1.3357877740072654e-08 2.3701985272234748e-07 -1848.3806251406677
-9750.000000118804  6.834485412236194e-07 1.2199496785339424e-06 -1848.3806230172625
-9750.000000029591  1.502222855921769e-07 3.1054731577300707e-07 -1848.3806248741234
-9750.000000026972  5.4087261434241135e-08 3.107523819344885e-07 -1848.3806249932259
-9750.000000020455  4.987999074845383e-08 2.3271423595499943e-07 -1848.3806251009746
-9750.000000000591  3.3493106161384804e-09 6.082088064928587e-09 -1848.3806254564952
-9750.000000000506  2.404121271712065e-09 5.3696965024524485e-09 -1848.3806254586048
-9750.00000000004  -3.2651492200312024e-09 1.5899549417371855e-09 -1848.38062547061
-9749.99999999872  -3.4217013439762316e-09 -1.4479259596679456e-08 -1848.3806254919157
-9750.000000028902  1.6959598584756026e-07 2.9566784309665843e-07 -1848.380624869615
-9750.000000031832  1.784729215098917e-07 3.284348665027235e-07 -1848.3806248155438
-9750.000000001184  3.6948582015812273e-09 1.3191276134790428e-08 -1848.3806254467263
-9749.999999999942  -1.3113614671734366e-09 -2.836320120409365e-10 -1848.3806254706456
-9750.000000000553  2.1307247821085277e-09 6.035915256816427e-09 -1848.380625458069
-9750.000000000684  2.033970093691778e-09 7.645963904929478e-09 -1848.3806254560739
-9750.000000000724  2.230208759603246e-09 8.082667529854777e-09 -1848.3806254552564
-9749.999999999887  1.570217520424085e-09 -1.895136655846029e-09 -1848.3806254691845
-9750.000000030906  1.7562349591275975e-07 3.1807775308250535e-07 -1848.3806248326891
-9750.00000003003  1.5066138201452435e-07 3.1576309000813665e-07 -1848.3806248667256
-9749.999999999989  -4.2269120987962033e-10 1.2538861130745794e-11 -1848.380625469153
-9750.00000000082  2.587246947161118e-09 9.137266938575512e-09 -1848.3806254534277
-9749.99999999766  -6.802785740117563e-09 -2.6240888575792878e-08 -1848.3806255115662
-9750.000000000275  9.904466444843814e-10 3.0133062833830196e-09 -1848.380625463456
-9750.000000000053  -5.452638087977504e-10 8.138320494924092e-10 -1848.3806254682527
-9749.99999999973  -8.660690645365669e-10 -2.9784497531210696e-09 -1848.380625473633
-9750.000000030162  1.7320384690199474e-07 3.0982341768331705e-07 -1848.380624846538
-9750.000000030379  1.7484985772325014e-07 3.1192781080207155e-07 -1848.3806248417295
-9749.999999999996  -1.1354369678328765e-10 -2.401652682731589e-11 -1848.380625468817
-9750.000000000324  1.0189993594793516e-09 3.6007409214932046e-09 -1848.3806254626488
-9750.000000000084  5.142899968691087e-10 8.572467065948367e-10 -1848.3806254668798
-9750.00000000052  1.5150443583225174e-09 5.822953774902978e-09 -1848.3806254591134
-9750.000000000106  1.992930586477397e-10 1.206445514250174e-09 -1848.380625466812
-9750.000000000025  3.424967308535598e-10 1.9911738551548786e-10 -1848.3806254679578
-9750.000000030213  1.7361545632034434e-07 3.1031499755467566e-07 -1848.380624845381
-9750.000000030328  1.7444177616967563e-07 3.1143697208032717e-07 -1848.380624842881
-9750.00000003049  1.743922611548052e-07 3.1342930853052993e-07 -1848.3806248403253
-9750.00000003034  1.7407021047456166e-07 3.1172152402546283e-07 -1848.3806248429685
-9750.000000030419  1.741156704338853e-07 3.1265680302637395e-07 -1848.3806248416831
-9749.99999999989  -4.802830133546062e-10 -1.1723369112222803e-09 -1848.380625470781
-9750.000000000164  5.605300491029048e-10 1.808575095329182e-09 -1848.3806254655724
