 Dim = 2
88107.22901122611  -5609.654627572861 -514.8569596237435 337.1061388234307 19722.891806779317 3152.682129029507 -11947.702629353838 -3034.619752300638 -3625.5773954884576 -3803.3266538849903 -26558.480257696658 19797.524408116555 13642.67206578867
80485.45806147988  -4607.781903830015 -396.6304268690174 364.6042346950916 19944.414270517584 3230.8193484017365 -8160.027539489542 -2399.990907229817 -2990.9485504176364 -3168.6978088141695 -19374.101909703757 12613.146060123654 6458.29371779577
65872.93334276369  -1602.1637326014793 -41.9508286048391 447.0985223100744 20608.981661732378 3465.231006518425 3202.9977301033487 -496.1043720173534 -1087.0620152051729 -1264.8112736017058 2179.0331342749487 -8939.988983855048 -15094.841326182937
60415.74343323577  4409.072609855593 667.4083679235177 612.08709754004 21938.11644416197 3934.0543227518024 25929.04826928913 3311.6686984075736 2720.711055219755 2542.9617968232214 45285.30322223237 -52046.25907181246 -58201.11141414035
60340.567470759495  3407.1998861127486 549.1818351687914 584.5890016683791 21716.593980423702 3855.917103379573 22141.373179424838 2677.039853336753 2086.0822101489334 1908.3329517524007 38100.924874239456 -44861.88072381956 -51016.733066147455
62811.25135578022  -1021.4940007608234 7.263173661586734 398.58399508165405 17986.00324065478 3039.315675907504 4182.907098938187 -196.37121068639453 -787.3288538742136 -965.0781122707469 4549.088231444133 -11310.044081024234 -17464.896423352126
59708.33169031515  720.5151947611448 154.9051804608642 253.0404133963932 10117.067977421986 1761.5696840747412 7122.635205442703 702.8282733064823 111.87063011866326 -65.8786282778699 11659.253522951689 -18420.20937253179 -24575.06171485968
64014.96658273361  4204.53358580508 450.18919405941915 -38.04674997412849 -5620.802549043598 -793.9222995907842 13002.091418451735 2501.227241292236 1910.2695981044171 1732.520339707884 25879.584105966802 -32640.539955546905 -38795.392297874794
60048.67110989397  4306.803097830338 558.7987809914684 287.02017378295574 8158.656947559184 1570.066011580509 19465.569843870435 2906.4479698499053 2315.4903266620863 2137.741068265553 35582.443664099585 -42343.39951367969 -48498.25185600757
68724.74177002179  -3025.2394482465143 -229.18989184786548 343.5878033383322 17542.95831317825 2883.041237163045 -3392.4430807904064 -1465.6289008280369 -2056.586544015856 -2234.335802412389 -9819.668464541668 3058.712614961565 -3096.1397273663188
60439.02997801148  -1283.2302527245458 -81.54788504858803 198.04422165307133 9674.023049945456 1605.2952453302821 -452.7149742858901 -566.42941683516 -1157.387060022979 -1335.1363184195122 -2709.5031730341134 -4051.4526765459914 -10206.305018873874
59596.72229504423  2462.5243902831126 302.54718726014164 107.49683171113236 2248.132714189194 483.82369224197856 10062.36331194722 1602.0277572993593 1011.0701141115402 833.3208557150069 18769.418814459244 -25530.374664039347 -31685.227006367237
64713.03289435424  -2444.5697164058583 -179.9758895814397 295.07327610991194 14919.979892100651 2457.125906552124 -2412.533711955568 -1165.895739497078 -1756.853382684897 -1934.6026410814302 -7449.613367372484 688.6575177923787 -5466.194824535505
72327.306421902  -4448.315163891549 -416.4289550908919 240.07708436659007 14476.93496462412 2300.851467807665 -9987.883891684161 -2435.1534296387204 -3026.1110728265394 -3203.8603312230725 -21818.37006335829 15057.414213778182 8902.561871450298
60670.329917131254  -862.0272608223568 -12.535354560287772 274.0568447531526 12518.523934761319 2109.347795313433 2355.050746743568 -231.53373309529775 -822.491376283117 -1000.2406346796498 2104.8200777896036 -8865.775927369705 -15020.628269697594
59564.12862983781  299.3122028589555 85.89264997256387 177.027790296312 7272.567092606124 1257.5171340915908 4314.869484413245 367.9325895666202 -223.02505362119882 -400.7743120177321 6844.930272127974 -13605.886121708076 -19760.738464035967
59421.53105653825  -121.89078904323401 16.880119484263616 101.01516719623079 4428.066207790262 753.4645841084404 1507.103763383787 33.036905826758016 -557.9207373610611 -735.6699957575943 2030.6070213042576 -8791.562870884363 -14946.415213212245
59289.915368914015  37.57595089523261 -2.918408737610857 -23.51198313227071 -1039.4130981031988 -176.50329648563104 -320.75258881083204 -2.1256165821451987 -593.0832597699643 -770.8325181664976 -413.66113235027274 -6347.294717229832 -12502.147059557716
59450.141340021524  -1544.9665046882687 -170.3589437587628 -2.495551775511352 1362.0428592361336 171.27481475306035 -5088.337047509967 -936.4876229839253 -1527.4452661717446 -1705.1945245682778 -9968.09457751236 3207.1387279322553 -2947.713614395628
59521.836191365626  197.04269083369923 -22.71693695948531 -148.0391334607722 -6506.892403996659 -1106.4711770797026 -2148.6089410054515 -37.28813899104841 -628.2457821788674 -805.9950405754008 -2857.9292860048045 -3903.0265635753003 -10057.878905903184
59430.80710474909  -383.6270410069568 -71.93093922591113 -99.52460623235193 -3883.9139829190613 -680.5558464687815 -3128.5183098402904 -337.0213003220074 -927.9789435098265 -1105.7282019063598 -5227.98438317399 -1532.9714664061153 -7687.823808734
59768.06480192803  1198.9154145765447 95.5095957952408 -120.54103758911128 -6285.369940258393 -1028.3339577074728 1639.0661488588455 597.3407060797728 6.383062891953728 -171.36619550457965 4326.449061988098 -11087.404911568203 -17242.257253896085
59367.05509843905  -964.2967728476128 -121.14494149233695 -51.01007900393164 -1260.9355618414638 -254.64051585786058 -4108.427678675129 -636.7544616529664 -1227.7121048407855 -1405.4613632373187 -7598.0394803431755 837.08363076307 -5317.768711564813
59382.018388239296  618.2456827358886 46.295593528814976 -72.026510360691 -3662.3915191807964 -602.418627096552 659.1567800240066 297.6075447488138 -293.35009843900536 -471.0993568355386 1956.3939648189125 -8717.349814399016 -14872.2021567269
59284.38612579319  -543.0937809454234 -52.13241100403668 25.002544096149574 1583.5653229743987 249.4120341252899 -1300.6619576456708 -301.8587779131042 -892.8164211009233 -1070.5656794974566 -2783.7162295194585 -3977.2396200606463 -10132.09196238853
60535.612447387575  2200.78813831939 213.7361285499669 -93.04294171745035 -6063.847476520128 -950.1967383352434 5426.741238723142 1231.9695511505938 641.0119079627749 463.26264956624163 11510.827409981 -18271.783259561103 -24426.63560188899
74343.3354011248  -3605.90918008717 -278.40389411429135 392.1023305667525 20165.936734255847 3308.956567773966 -4372.352449625245 -1765.3620621589957 -2356.319705346815 -2534.068963743348 -12189.723561710853 5428.7677121307515 -726.0846301971324
89516.15546834742  9635.100196421497 1110.3343883213502 175.45635248425737 -1668.6893455364107 100.81634725351398 34748.232588802675 6009.267150386204 5418.309507198386 5240.560248801852 66615.79909675503 -73376.75494633513 -79531.60728866301
67254.50128500939  -3867.645432050893 -367.2149528244661 191.56255713816978 11853.956543546523 1874.936137196744 -9007.974522849323 -2135.420268307761 -2726.3779114955805 -2904.1271698921137 -19448.3149661891 12687.359116608997 6532.506774281113
59852.23820749097  2724.2606422468366 391.3582459703165 308.0366051397151 10560.112904898517 1917.8441228192005 14697.985385171301 1972.085963448125 1381.128320260306 1203.3790618637727 26028.010218937496 -32788.966068517606 -38943.81841084548
61904.179817639146  3202.6608620622355 331.96266130469303 -65.54484584578941 -5842.325012781863 -872.0595189630138 9214.416328587438 1866.598396221415 1275.640753033596 1097.8914946370628 18695.2057579739 -25456.161607554004 -31611.013949881893
63699.6616386213  -3286.975700210237 -318.00095055804024 143.0480299097495 9230.978122468925 1449.020806585823 -8028.065154014484 -1835.6871069768024 -2426.6447501646217 -2604.394008561155 -17078.259869019916 10317.304019439813 4162.451677111929
60063.293303219485  -2125.636236528925 -219.5729460251886 46.01897545290893 3985.0212803137315 597.1901453639813 -6068.246416344807 -1236.2207843148844 -1827.1784275027035 -2004.9276858992366 -12338.149674681546 5577.193825101442 -577.6585172264422
59432.43114272977  1460.6516665402673 184.32065450541552 79.99873583947144 2026.610250450929 405.68647286974897 6274.688222082923 967.3989122285382 376.441269040719 198.69201064418593 11585.040466466346 -18345.996316046447 -24500.848658374336
59641.67965024628  1620.118406478734 164.52212628354107 -44.52841448903007 -3440.869055442531 -524.2814077243224 4446.831869888303 932.236389819635 341.2787466318158 163.5294882352827 9140.772312811814 -15901.728162391919 -22056.5805047198
59315.76210732262  1039.448674638078 115.30812401711526 3.9861127393902187 -817.8906343649336 -98.36607711340149 3466.9225010534647 632.503228488676 41.54558530085684 -136.2036730956763 6770.717215642629 -13531.673065222734 -19686.525407550616
59251.705173880444  -2.7414569305042784 -0.33895370300194555 -0.12680552857203725 -2.807254620824217 -0.5907713664798062 -11.33663279249663 -1.7910257751616634 -592.7486689629808 -770.4979273595139 -21.093966635839614 -6739.861882944265 -12894.714225272148
59391.17322521813  418.46153497168507 68.67357678529834 75.88581757150918 2841.693630195038 503.4617786166707 2796.4290882369614 333.10465796470055 -257.8529852231186 -435.60224361965174 4793.229284187877 -11554.18513376798 -17709.037476095862
59392.58343727438  -423.9444488326942 -69.35148419130228 -76.13942862865326 -2847.308139436687 -504.6433213496303 -2819.1023538219565 -336.6867095150242 -927.6443527028432 -1105.3936110993764 -4835.417217459559 -1925.5386321205453 -8080.390974448429
59328.98647802315  577.9282749101517 48.87504856342388 -48.64133275699233 -2625.7856756984215 -426.5061019774007 968.5727360423421 297.94213555579734 -293.0155076320218 -470.76476602855496 2348.9611305333456 -9109.91698011345 -15264.769322441334
59331.00833388405  999.1312668123411 117.88757905172416 27.371290343088894 218.71520911744085 77.54644800574975 3776.3384570718003 632.8378192956595 41.880176107840384 -135.86908228869277 7163.284381357063 -13924.240230937166 -20079.092573265047
59365.967905350066  -123.69368040771565 7.399411400824711 70.02872728252399 3107.0102758263 527.146803990974 916.9112352625075 -0.7872533542114866 -591.7448965420306 -769.4941549385637 1156.6075305074555 -7917.56338008756 -14072.415722415442
59254.89424520904  -58.64179043605351 -6.742420363402553 -1.016565049870877 12.34640640303905 -0.23847902898199713 -210.51948097406108 -36.51979964201255 -627.4774428298317 -805.2267012263649 -404.013435007179 -6356.942414572926 -12511.794756900808
59264.4702490923  -226.34279095269937 -25.95282034460417 -3.6858436137674024 57.807389474626824 0.8183979835111561 -808.0680255187485 -140.7061212425641 -731.6637644303833 -909.4130228269164 -1552.7718401211855 -5208.184009458919 -11363.036351786803
59254.770398416076  -42.816365880218136 -5.068015013190994 -1.2267293634384753 -11.668153170354827 -3.7162601413689913 -162.84363638706864 -27.17617957799453 -618.1338227658136 -795.8830811623469 -308.46910055555594 -6452.486749024549 -12607.33909135243
59388.10840754642  378.3866260219712 63.9445154751093 74.78589373664273 2832.832731645508 500.33628984178154 2644.9220846423896 307.7195041618677 -283.23813902595145 -460.9873974224846 4505.85415026816 -11266.809999848265 -17421.662342176147
59322.91057425563  -223.3616801190276 -36.027484274699376 -38.40809803732926 -1427.2729216661382 -253.39841855177735 -1453.0962442058694 -175.58515609580112 -766.5427992836202 -944.2920576801534 -2500.0993755276286 -4260.856474052476 -10415.708816380358
59318.435048672734  177.80385730830483 30.620515558506387 37.05456314531874 1412.7975138749591 249.09138704392853 1278.9159750263025 146.61795074264464 -444.3396924451745 -622.0889508417076 2170.5363083362295 -8931.492157916333 -15086.344500244217
59288.45733185009  -128.0796593809086 -19.95661698017154 -19.67992322102556 -718.3629250995551 -128.166653249712 -789.0315648471473 -98.20752361154364 -689.1651667993629 -866.914425195896 -1368.362346301627 -5392.593503278477 -11547.44584560636
59283.9817665012  82.52183657018614 14.5496482639786 18.326388329015046 703.8875173083761 123.85962174186324 614.8512956675819 69.24031825838746 -521.7173249294317 -699.4665833259648 1038.799279110231 -7799.755128690335 -13954.607471018218
59271.55194918638  -77.53530035264622 -11.675113321575552 -10.558408449015818 -377.0228189216515 -67.68034725173393 -452.0996783236136 -58.020041562760426 -648.9776847505796 -826.7269431471128 -790.6435562027834 -5970.312293377321 -12125.164635705203
59267.07638110283  31.977477541923378 6.2681446053825605 9.204873557005293 362.5474111304723 63.373315743885115 277.9194091440466 29.05283620960396 -561.9048069782152 -739.6540653747484 461.08048901138477 -7222.03633859149 -13376.888680919372
59263.09925785875  -52.26312083851484 -7.534361492277531 -5.997651063010942 -206.35276583269953 -37.43719425274489 -283.633735061846 -37.92630053836868 -628.8839437261878 -806.6332021227211 -501.7841611533603 -6259.171688426744 -12414.024030754626
59258.62368930241  6.705298027791727 2.127392776084517 4.644116171000438 191.87735804152157 33.130162744896246 109.45346588227854 8.959095185212071 -581.9985480026071 -759.7478063991402 172.2210939619605 -6933.176943542066 -13088.029285869947
59258.87291221374  -39.62703108144879 -5.463985577628484 -3.7172723700085077 -121.01773928822412 -22.315617753250436 -199.40076343096106 -27.879430026172596 -618.8370732139917 -796.586331610525 -357.3544636286466 -6403.601385951458 -12558.45372827934
59254.397343688404  -5.930791729273615 0.057016861435543964 2.363737477997995 106.54233149704508 18.008586245401638 25.22049425139579 -1.0877753269835981 -592.0454185148027 -769.794676911336 27.791396437251052 -6788.747246017356 -12943.599588345238
59256.05534849472  -31.202971243405003 -4.083734967862476 -2.197019908006882 -64.12772159190682 -12.234566753587416 -143.24544901037186 -21.181516351375347 -612.1391595391945 -789.8884179357277 -261.06799861217223 -6499.8878509679325 -12654.740193295815
59251.57978174427  -14.354851567317409 -1.3232337483304628 0.8434850159963693 49.65231380072778 7.92753524573862 -30.934820169193422 -7.785689001780848 -598.7433321896 -776.492590586133 -68.49506857922336 -6692.460781000881 -12847.313123328764
59254.64656668594  -26.990941324383453 -3.39360966297951 -1.4368936770060645 -35.682712743747636 -7.194041253755831 -115.16779180007829 -17.83255951397693 -608.790202701796 -786.5394610983292 -212.9247661039371 -6548.031083476168 -12702.88342580405
59251.58134499578  13.083967625330398 1.3354516472095381 -0.33696984213962633 -26.821814194217026 -4.068552478866645 36.33921179449371 7.552594288855939 -583.4050488989632 -761.1543072954963 74.45036781577923 -6835.406217395883 -12990.258559723767
59254.00409119179  -32.79763864278989 -3.885749685643758 -0.951748404721872 -9.452928532972223 -2.934887947646712 -124.96688548842647 -20.829891127286455 -611.7875343151056 -789.5367927116388 -236.62531707562846 -6524.330532504476 -12679.182874832359
59251.06270029381  -8.548154248910974 -0.8310937256662152 0.3583397437121768 23.42252958995236 3.6683819396295014 -21.135726480845243 -4.788357388471322 -595.7460005762905 -773.4952589728235 -44.794517607532015 -6716.161331972573 -12871.013674300455
59253.88026116748  -16.972214086954768 -2.211344335432222 -1.1619127182894489 -33.46748810636494 -6.412669060033517 -77.29104090143446 -11.486271063268571 -602.4439142510877 -780.1931726476208 -141.08098262400642 -6619.874866956097 -12774.727209283981
59253.237785002646  -22.778911405361203 -2.70348435809647 -0.6767674460052564 -7.237703895589522 -2.153515753924399 -87.09013458978264 -14.483602676578098 -605.4412458643972 -783.1905042609304 -164.7815335956978 -6596.174315984406 -12751.02665831229
59313.07261272009  -108.94365058829277 -22.332440366796504 -34.62318126044573 -1374.4604418067697 -239.7627989210005 -1008.374327110502 -102.42702630061217 -693.3846694884313 -871.1339278849646 -1661.6745247401718 -5099.2813248399325 -11254.133667167815
59305.29026411931  7.069046341827232 -8.835381741112325 -32.08353598684723 -1376.322755006337 -235.42685809616455 -581.9309735370796 -29.620521729511978 -620.578164917331 -798.3274233138643 -847.692355489258 -5913.2634940908465 -12068.115836418729
59277.614712751645  -666.2653437173112 -73.2321407149643 -0.2917858404448239 620.8654714117711 79.59691151846334 -2179.548800998402 -403.03073348324114 -993.9883766710603 -1171.7376350675934 -4276.898567839667 -2484.0572817404386 -8638.909624068321
59305.29309815118  -8.339930283813771 8.84759963999145 32.59005116070399 1399.153254612848 239.28584086303653 587.3353651623815 29.38742701658734 -561.5702161712318 -739.3194745677649 853.6476547258171 -7614.603504305921 -13769.455846633804
59251.061131511575  7.277270306923962 0.8433116245452904 0.1481754301445662 -0.5920299834416134 0.19060082724247263 26.54011810614553 4.555262675546413 -586.4023805122727 -764.1516389088059 50.749816844087874 -6811.705666424192 -12966.558008752076
59472.14879234848  36.500556158820245 -34.32466585544361 -127.95372736167286 -5496.869256162876 -939.9351182852188 -2293.713995770833 -113.10900959256378 -704.0666527803829 -881.8159111769162 -3327.4875220495223 -3433.468327530582 -9588.320669858465
59295.83951439346  -451.41754293626843 -55.022959876386736 -18.242160914960333 -349.6365443869403 -77.99176080757744 -1816.9823345295115 -292.12946379078625 -883.0871069786054 -1060.8363653751385 -3399.9781818870674 -3360.9776676930373 -9515.83001002092
59353.23796659496  -406.7668557534972 -60.566547778511506 -53.10976300694074 -1880.530750037109 -338.3827673739174 -2328.7821131440023 -301.97497006527874 -892.9326132530979 -1070.681871649631 -4084.373264910331 -2676.5825846697735 -8831.434926997656
59278.13030895369  377.7619541266797 34.908435378136296 -21.909240514332698 -1294.359443423179 -206.51608692843962 819.5088097127089 205.19215094669164 -385.7654922411275 -563.5147506376607 1810.5276332681133 -8571.483482848218 -14726.3358251761
59259.96921326395  420.9049484371511 42.895784296286806 -11.057308966753745 -872.1147599755652 -132.4709488184117 1164.9201660698413 242.7339266062545 -348.2237165815646 -525.9729749780978 2388.988553931812 -9149.944403511916 -15304.7967458398
59262.727771415  -4.7868471710093985 -2.511145441642932 -6.628144003713727 -278.3964445528801 -47.870537589905716 -140.60620130087068 -9.895440346315041 -600.8530835341342 -778.6023419306674 -215.15115779849535 -6545.804691781609 -12700.657034109492
59270.88630413651  -168.27581776863371 -21.03142011796158 -8.537296336609435 -204.49045263313317 -41.773135077580974 -710.0770886352647 -110.73280510946819 -701.6904482972873 -879.4397066938205 -1315.766330404267 -5445.189519175838 -11600.041861503722
59265.42150867466  2.614517546781485 -2.216990701197455 -8.358560779282943 -359.30102182259026 -61.42936970195557 -149.08567113446952 -7.249733957094691 -598.2073771449138 -775.9566355414471 -215.8932883633509 -6545.062561216753 -12699.914903544637
59356.370372329664  -10.749068838353764 17.63818241854736 62.81636484340997 2691.7641777286503 460.56309548067134 1149.4502360733675 59.86262936015834 -531.0950138276608 -708.8442722241939 1679.5039130143832 -8440.459762594488 -14595.312104922372
59288.36092809983  -521.0979107571472 -60.92864014835784 -12.420417647549895 -34.879133857628275 -26.881921134266882 -1934.571458789692 -328.09744315050136 -919.0550863383205 -1096.8043447348537 -3684.38479354737 -3076.5710560327348 -9231.423398360617
59323.605419205705  -47.68734260545824 -17.80701070459146 -41.96517698985781 -1746.1078700323992 -300.9536895939741 -946.9405172709122 -73.1569606156946 -664.1146038035138 -841.8638622000469 -1473.5543780963467 -5287.401471483758 -11442.25381381164
59286.403679974545  257.53722727753814 20.721251447569152 -25.209012018932015 -1320.942139071771 -215.8925532531072 364.98779892899285 129.03668953819303 -461.9209536496261 -639.6702120461592 948.4022315089642 -7709.358081089069 -13864.210423416951
59294.757054363174  52.91637769902118 13.373029302196546 25.248055431291924 1027.5058263872188 178.09495019006297 648.7691750019732 58.657492701505205 -532.3001504863139 -710.049408882847 1041.7678013696452 -7802.72365094975 -13957.575993277633
59273.68545564162  -261.6336977042595 -31.275837501449477 -8.521581958488895 -115.07788825170778 -30.20612720920021 -1014.4107196791601 -167.1461507176642 -758.1037939054834 -935.8530523020165 -1913.4750186505396 -4847.480830929565 -11002.333173257448
59276.668429147125  -116.01554190297476 -16.602159913983265 -12.903603787167254 -440.55851053011656 -80.1055148325638 -621.8852454401292 -83.75682058968192 -674.714463777501 -852.4637221740343 -1102.4613716590404 -5658.494477921064 -11813.346820248948
59253.47199837554  263.67339799905346 27.237826663492115 -5.704996593506945 -494.17456927560323 -74.05325458282945 752.7965044541149 153.34993325165317 -437.607709936166 -615.3569683326991 1530.5738049969314 -8291.529654577036 -14446.381996904918
59257.39143439112  266.86273279782284 26.841856099054624 -8.195539600076977 -603.5241553934726 -92.6526121947109 716.2393774102226 152.6466828034751 -438.31096038434407 -616.0602187808772 1481.6884419238409 -8242.644291503944 -14397.49663383183
59259.36833248866  -102.9287293047889 -12.161606978474568 -2.8766151157381326 -24.959500994650742 -8.404493303702768 -390.10414177892665 -65.25391028224384 -656.211553470063 -833.9608118665963 -739.5318014351304 -6021.424048144974 -12176.276390472856
59273.727036457545  -91.76605750909671 -13.54750395400583 -11.59351563873323 -407.6830524071922 -73.50224494528766 -518.0540864325513 -67.71528685086734 -658.6729300386864 -836.4221884352196 -910.6305721909504 -5850.3252773891545 -12005.177619717037
59258.12999722085  55.325516253561375 4.582446523640641 -4.978258251414069 -265.1050967285842 -43.182304427571935 86.65430409098732 28.18229035793426 -562.7753528298848 -740.524611226418 215.91154308107915 -6976.867392661184 -13131.719734989067
59257.11682623096  96.99509260265968 9.113522551610918 -5.123605919832654 -310.9189912379883 -49.35649445862349 219.88274416361227 53.21581893667796 -537.7418242511412 -715.4910826476743 478.8439954642485 -7239.799845044353 -13394.652187372236
59251.408558035175  -1.2732471527462422e-09 -1.7786037512410766e-10 -1.2711066641767407e-10 -4.215893733860723e-09 -7.731060848210922e-10 -6.551568024639837e-09 -9.038922499412091e-10 -590.9576431887231 -768.7069015852562 -1.1695606002082597e-08 -6760.955849568409 -12915.808191896293
59251.481289499374  8.224370786419591 1.0168611082943733 0.38041658520769056 8.42176384561024 1.7723140963471835 34.00989835128318 5.373077321869287 -585.5845658659498 -763.333824262483 63.28189986073537 -6824.23774944084 -12979.090091768723
59251.40855803497  -6.586660713197489e-10 -7.714317445003494e-11 -1.6131881741335095e-11 -6.255055922713174e-11 -3.714073077258469e-11 -2.453447952166608e-09 -4.1517101788349045e-10 -590.9576431882343 -768.7069015847675 -4.669088647297882e-09 -6760.955849575435 -12915.80819190332
59251.408558034345  1.186224883854642e-09 2.251352892345919e-10 3.168073507249548e-10 1.2396510879730943e-08 2.170635586762325e-09 9.844711563706065e-09 1.0516894501971584e-09 -590.9576431867674 -768.7069015833006 1.641789694275932e-08 -6760.955849596522 -12915.808191924405
59251.408558032505  6.720897749377815e-09 1.1319706802884723e-09 1.3156250481238245e-09 4.977369519660517e-08 8.793964539367055e-09 4.6739190111324085e-08 5.452270854439105e-09 -590.9576431823668 -768.7069015789 7.967885371293092e-08 -6760.955849659784 -12915.808191987666
59251.408558026946  2.3324987163405882e-08 3.85246806113736e-09 4.312022839156639e-09 1.6190282009866303e-07 2.8663538408479967e-08 1.57421814022895e-07 1.865399945186815e-08 -590.9576431691652 -768.7069015656983 2.6946063855033273e-07 -6760.955849849564 -12915.808192177448
59251.40855803502  -1.4347165714279849e-09 -1.675638648852644e-10 -3.356787507774736e-11 -6.919161925901799e-11 -6.941626317114049e-11 -5.314516873725346e-09 -9.026724494033305e-10 -590.9576431887218 -768.706901585255 -1.0126559462948177e-08 -6760.955849569978 -12915.80819189786
59251.408558035575  -6.6700948878840084e-09 -8.131663122200631e-10 -2.7005564379627636e-10 -5.188026566865555e-09 -1.1561371974753377e-09 -2.6857172578601535e-08 -4.317012509330223e-09 -590.9576431921362 -768.7069015886693 -5.025193284763493e-08 -6760.9558495298525 -12915.808191857735
59251.40855802312  -3.776609454564535e-08 -1.8459395424837028e-09 7.678003639611038e-09 3.6366243203619403e-07 6.076589086894692e-08 2.1551643364678583e-08 -1.4716500212835052e-08 -590.9576432025356 -768.7069015990687 -2.8265675012651028e-08 -6760.955849551839 -12915.808191879722
59251.430308907504  -0.14230757156461674 -0.018723906324311503 -0.010351071897162303 -0.3066023348547966 -0.05821897693543702 -0.6595440810895203 -0.09695245288112422 -591.0545956407003 -768.8038540372334 -1.199870159882056 -6759.7559794202225 -12914.608321748105
59251.40855803481  -8.196905691352341e-10 -6.679416108367736e-11 7.742312120625965e-11 4.0842499311104595e-09 6.665837907733778e-10 -1.2147147356142903e-09 -4.1366938552325613e-10 -590.9576431882329 -768.706901584766 -3.0968516032596365e-09 -6760.955849577007 -12915.808191904891
59251.408558034906  -9.410796287122767e-10 -9.541257197141425e-11 2.6377794274355424e-11 2.0205800914265617e-09 3.082869004249482e-10 -2.573370376271443e-09 -5.409675393653215e-10 -590.9576431883601 -768.7069015848932 -5.295343181460891e-09 -6760.95584957481 -12915.808191902692
59252.663145557424  -5.605637276097892 -0.8082389103995403 -0.643691365668732 -22.149860637635026 -4.01832870640244 -30.429439697950784 -4.068316425007944 -595.0259596128271 -772.7752180093603 -53.831364746110644 -6707.124484833994 -12861.976827161878
59251.34847509815  -13.420930019510779 -1.3906616716773155 0.2761597436434362 24.54621348630204 3.6653104388430293 -38.58542437377048 -7.8205108362629705 -598.7781540240821 -776.5274124206153 -78.30182642110685 -6682.654023158997 -12837.50636548688
59251.05000898517  -8.211191848668548 -0.7758837001436409 0.4191498435078264 25.698130347577234 4.071623988409718 -18.88951385728398 -4.5204408360273405 -595.4780840238465 -773.2273424203796 -40.94305892719675 -6720.012790652907 -12874.86513298079
59251.86712124074  8.211191862110157 0.7758837024075517 -0.41914984087661006 -25.698130248031106 -4.071623970822014 18.889513950761113 4.5204408469317325 -586.4372023408874 -764.1864607374205 40.943059086552324 -6801.898908666656 -12956.75125099454
59251.393231926966  0.20037454474854702 0.023645306550942616 0.00549961917433158 0.04430449274764813 0.01562744387444419 0.7575350179727759 0.12692576901415026 -590.830717418805 -768.5799758153382 1.4368756695984222 -6762.392725249703 -12917.245067577585
59251.49766823344  -0.7857196691928674 -0.09787457565152775 -0.038774090793473194 -0.9083448318779506 -0.18709024226363125 -3.2949911079029026 -0.5158877314460036 -591.4735309192652 -769.2227893157983 -6.1133265578196925 -6754.842523022285 -12909.69486535017
59251.40855803509  -1.1620912730931176e-09 -1.50449536169201e-10 -7.634620646213448e-11 -2.154486536102194e-09 -4.1560729208091304e-10 -5.2315998936526965e-09 -7.830762280133218e-10 -590.9576431886022 -768.7069015851354 -9.570496036669295e-09 -6760.955849570534 -12915.808191898417
59251.81663882589  -4.78406376341858 -0.5720376309713853 -0.15631411593906333 -2.125327946132104 -0.5559412451753409 -18.558170616666555 -3.0568477591727805 -594.0144909469919 -771.7637493435251 -35.002310366931056 -6725.953539213173 -12880.805881541057
59251.812591221984  -4.820645949144933 -0.5751381119050525 -0.1532576993919196 -1.9600802557681687 -0.5291085705157799 -18.61990485771044 -3.075730942469167 -594.0333741302883 -771.7826325268215 -35.15162375370459 -6725.8042258263995 -12880.656568154283
59251.117052650035  -3.292075276674163 -0.2919419061181073 0.23190337492775842 13.028941389394697 2.0992594119009893 -6.369164781495092 -1.7449017989574476 -592.7025449867766 -770.4518033833098 -14.637814289536404 -6746.318035290568 -12901.170377618451
59251.004524908705  4.820645962586987 0.5751381141690156 0.15325770202314815 1.9600803553143942 0.5291085881035198 18.619904951189255 3.0757309533738413 -587.8819122344453 -765.6311706309784 35.151623913063354 -6796.107473493167 -12950.959815821052
59251.40739228292  0.08076138972933153 0.008639795292238992 -0.0007558926063302076 -0.10903613449617816 -0.015433181705087558 0.2492733514801065 0.048017495157986916 -590.9096256926612 -768.6588840891942 0.4964012418040777 -6761.452250821908 -12916.304593149793
59251.40856024635  -2.910448810969585e-05 -3.4318801953495345e-06 -7.901074732037248e-07 -6.06323364068696e-06 -2.206181577313011e-06 -0.00010986795459001708 -1.842681594689279e-05 -590.9576616146351 -768.7069200111682 -0.00020846425094929983 -6760.955641115854 -12915.807983443736
59251.4085602377  -2.8991306470212124e-05 -3.4185241347536667e-06 -7.870010111754861e-07 -6.038208230737973e-06 -2.197354409566384e-06 -0.00010944006064067293 -1.835512187693105e-05 -590.957661542941 -768.7069199394741 -0.00020765263116883566 -6760.955641927473 -12915.807984255356
59251.408560252254  -2.8942956069254952e-05 -3.41606230129028e-06 -7.965018766518964e-07 -6.489747155133488e-06 -2.2727454380719043e-06 -0.00010946144893777912 -1.833593340881136e-05 -590.9576615237526 -768.7069199202857 -0.0002076072874758672 -6760.955641972818 -12915.8079843007
59251.40856026376  -2.9045001092112424e-05 -3.4287606580372334e-06 -8.014940375605482e-07 -6.605856487669954e-06 -2.296724890517134e-06 -0.00010988856224849215 -1.8402888050006125e-05 -590.9576615907072 -768.7069199872403 -0.00020840003952321808 -6760.955641180065 -12915.807983507948
59251.40855803764  -8.653068842606206e-09 -1.3869960852699952e-09 -1.4588460515047705e-09 -5.405097465327855e-08 -9.604022210558099e-09 -5.5744641255307855e-08 -6.771467230526586e-09 -590.9576431945906 -768.7069015911237 -9.604460087820679e-08 -6760.95584948406 -12915.808191811942
59251.40855803379  2.8753017697133828e-09 5.018842020473446e-10 6.216275138772003e-10 2.3803316597442738e-08 4.191949603526012e-09 2.1104204661985518e-08 2.3946631931524726e-09 -590.9576431854244 -768.7069015819576 3.5723937688801746e-08 -6760.955849615829 -12915.808191943712
59251.67529482347  -0.6460389306092338 -0.11485266063379658 -0.14663561942545733 -5.6455833668021445 -0.9927902050065736 -4.873147126898427 -0.5454041142608946 -591.5030473020801 -769.2523056986131 -8.220508350108783 -6752.735341229995 -12907.58768355788
59251.44591637258  -3.051273644384631 -0.32523512567519747 0.032524015360618476 4.288808144084736 0.6120768176404833 -9.343106683559174 -1.8099763135976987 -592.7676195014169 -770.5168778979499 -18.644336095946322 -6742.311513484158 -12897.163855812041
59251.31973734469  2.5861571952427256 0.28581471091463717 0.006336122248820304 -2.187802379091465 -0.27091862906447894 8.558199323408596 1.5698900564088178 -589.3877531314104 -767.1370115279435 16.7459220381245 -6777.701771618229 -12932.554113946113
59251.49737872776  -2.586157181801117 -0.28581470865072645 -0.006336119617603969 2.187802478637592 0.2709186466521842 -8.558199229931462 -1.5698900455044251 -592.5275332333235 -770.2767916298567 -16.745921878768932 -6744.209927701335 -12899.062270029219
59251.40551708385  0.03697312507824229 0.004400877784422238 0.0011411160242026607 0.013567752163611856 0.003807133835824085 0.1421625356026916 0.023553803855207237 -590.934089383964 -768.6833477804971 0.26864843969924174 -6761.224498019803 -12916.076840347687
59251.40855802737  2.043576799785791e-08 3.4759996946727107e-09 4.114140573434037e-09 1.5620185066281122e-07 2.7571257573350264e-08 1.4426273779010778e-07 1.6698572924718493e-08 -590.9576431711206 -768.7069015676537 2.4544167078547216e-07 -6760.9558498255465 -12915.808192153429
59251.408558035575  -4.394105983918315e-09 -5.752925907484309e-10 -3.100842067295011e-10 -9.060243529990918e-09 -1.7279756194346876e-09 -2.0185359377588015e-08 -2.9835830803493935e-09 -590.9576431908027 -768.7069015873359 -3.6783738518571705e-08 -6760.955849543321 -12915.808191871205
59251.4085580356  -4.478051348500248e-09 -5.867420337817278e-10 -3.1754026782759446e-10 -9.29873817521001e-09 -1.7721886814400054e-09 -2.0599874517551714e-08 -3.0422003169989336e-09 -590.9576431908613 -768.7069015873944 -3.752910359421962e-08 -6760.955849542575 -12915.80819187046
59251.40855802238  -6.407507693541388e-08 -4.460499270054742e-09 8.591709758466272e-09 4.2767544182066376e-07 7.067320772843316e-08 -4.706575909553316e-08 -2.9653652574874035e-08 -590.9576432174728 -768.706901614006 -1.7139666248948287e-07 -6760.955849408708 -12915.80819173659
59251.4085580588  -1.246495520715157e-07 -1.7257635185549907e-08 -1.1927576895618821e-08 -3.9068613198545513e-07 -7.191074856200599e-08 -6.316534293782775e-07 -8.794454208754789e-08 -590.9576432757636 -768.7069016722969 -1.1306138290475405e-06 -6760.955848449491 -12915.808190777374
59251.40855808024  -2.501466796908191e-07 -3.417101413234133e-08 -2.239540273979002e-08 -7.182517772561887e-07 -1.330454236150285e-07 -1.238546079651709e-06 -1.7485930259083457e-07 -590.9576433626785 -768.7069017592116 -2.2260287137635433e-06 -6760.955847354076 -12915.808189681959
59251.40855823697  -1.4671799425462452e-09 -3.605576579044041e-08 -1.1981848867117622e-07 -5.113496400060058e-06 -8.75801689916878e-07 -2.2641982589231555e-06 -1.2746436357223466e-07 -590.9576433152835 -768.7069017118167 -3.3443188554724663e-06 -6760.955846235786 -12915.808188563667
59251.4085581976  3.876718929524246e-07 1.157242057769224e-08 -1.034377777045616e-07 -4.784123594016981e-06 -8.037791739310232e-07 -6.855339644567659e-07 1.2505457289442543e-07 -590.9576430627645 -768.7069014592977 -3.9517015399996187e-07 -6760.955849184935 -12915.808191512817
59251.408558035044  -1.1120575202580898e-09 -1.372140079504189e-10 -5.050076375600763e-11 -1.098738954311822e-09 -2.327912910541918e-10 -4.580971922471733e-09 -7.255300446991765e-10 -590.9576431885447 -768.7069015850777 -8.53057014571381e-09 -6760.955849571574 -12915.808191899458
59251.43141244749  -0.014670557102081663 -0.005592855740276969 -0.01329305685880981 -0.5535176571436067 -0.09538466152052795 -0.29853698841792964 -0.022910510161221996 -590.9805536979804 -768.7298120945135 -0.463981422346877 -6760.491868157757 -12915.344210485642
59251.41549597032  -0.27618678559639465 -0.0300706867639959 0.0008344374844845631 0.29815156984598834 0.039980061653024965 -0.8854719876214109 -0.16605893097272512 -591.1237021187918 -768.872960515325 -1.746310067754187 -6759.20953951235 -12914.061881840234
59251.394909430586  0.2155358381679792 0.0249302852821045 0.004232906184007963 -0.0241814240537827 0.004506803386029308 0.7831204983325388 0.13475180730886271 -590.8228913805103 -768.5721497770435 1.498757887865077 -6762.454607467969 -12917.306949795853
59251.422206634445  -0.2155358247259258 -0.02493028301814128 -0.004232903552779412 0.02418152360000827 -0.004506785798289377 -0.7831204048537234 -0.13475179640418788 -591.0923949842233 -768.8416533807565 -1.4987577285063172 -6759.457091851598 -12914.30943417948
59251.4082601115  0.0029085727549984387 0.00035663534634261036 0.00012458617729557684 0.0025536608096064306 0.0005540459608595423 0.011840087257526104 0.00188969398778345 -590.9557534938314 -768.7050118903644 0.022102910137789308 -6760.977952490242 -12915.830294818124
59251.40855803531  -7.762012318840713e-10 -1.510607768120745e-10 -2.198007424662355e-10 -8.645178275994646e-09 -1.511726632873808e-09 -6.67754196164525e-09 -7.013728216689387e-10 -590.9576431885205 -768.7069015850536 -1.1090872531022271e-08 -6760.9558495690135 -12915.808191896896
59251.408558025585  -9.519543673422037e-08 -8.280391283053272e-09 7.2451383466626546e-09 3.997737024613532e-07 6.464605583601462e-08 -1.7400478255492702e-07 -4.9886811769173286e-08 -590.957643237706 -768.7069016342391 -4.082647594238779e-07 -6760.955849171839 -12915.808191499724
59251.408558102856  -9.597616885179978e-07 -1.1228483101715125e-07 -2.309647440157569e-08 -7.365195756287873e-08 -5.1123100311379025e-08 -3.567264201733596e-06 -6.045250110094622e-07 -590.9576437923441 -768.7069021888773 -6.792061264039744e-06 -6760.955842788043 -12915.808185115926
59251.40855811627  -9.616671418926863e-07 -1.1486625476672684e-07 -3.101513372408555e-08 -4.0987769651906716e-07 -1.0878193146649333e-07 -3.722803494498425e-06 -6.140421139472656e-07 -590.9576438018613 -768.7069021983945 -7.024670293097759e-06 -6760.955842555434 -12915.808184883319
59251.40855813572  -1.2623809413862428e-06 -1.4972212332171724e-07 -3.716567190085079e-08 -3.8659113616284596e-07 -1.1685966268267059e-07 -4.8200232781929985e-06 -8.023053424338723e-07 -590.9576439901244 -768.7069023866576 -9.122538944600555e-06 -6760.9558404575655 -12915.808182785448
59251.408558140334  -1.3662694080947433e-06 -1.6138973749291988e-07 -3.804160385743073e-08 -3.252318662755968e-07 -1.1051962008009501e-07 -5.1755323011605305e-06 -8.660258206448475e-07 -590.957644053845 -768.706902450378 -9.812534614044722e-06 -6760.955839767569 -12915.808182095454
59251.40855803495  -9.808802016233867e-10 -1.0744052825736611e-10 8.132185445931986e-13 9.670951515615578e-10 1.2626899700647753e-10 -3.185310837782395e-09 -5.920315907652889e-10 -590.9576431884111 -768.7069015849443 -6.261887459628425e-09 -6760.955849573842 -12915.808191901726
59251.40855803497  -1.0167803154275229e-09 -1.1515822115560068e-10 -1.1792829372129507e-11 4.630848347468524e-10 3.8511202397617876e-11 -3.5401657053394025e-09 -6.270484919404267e-10 -590.9576431884461 -768.7069015849794 -6.842765555703221e-09 -6760.955849573262 -12915.808191901146
59251.40427461827  -0.015030712939946149 -0.0008082952327565704 0.0028100562320439062 0.1342450518577125 0.02238785915363521 0.00394334876600029 -0.006116704965654021 -590.9637598927848 -768.7130182893179 -0.018089577108564958 -6760.937760002996 -12915.790102330879
59251.40562447163  0.05820942410286055 0.0065991709847098064 0.0006968366361984255 -0.025584197075652362 -0.0020459872783291 0.2030795533254849 0.03592069234124242 -590.9217224954779 -768.6709808920111 0.3923442248040538 -6761.348193804909 -12916.200536132792
59251.40833363588  -0.06809860130243334 -0.007070599769160112 0.001353519173005419 0.12251134476895995 0.018249041052983864 -0.19668482757360464 -0.03973216400407274 -590.9973753518232 -768.7466337483563 -0.3986366741614763 -6760.557212905943 -12915.409555233826
59251.408782429135  0.0680986147444867 0.0070706020331233275 -0.0013535165417768676 -0.12251124522273439 -0.018249023465243926 0.19668492105242003 0.03973217490874755 -590.9179110129104 -768.6671694094434 0.39863683352023627 -6761.354486413625 -12916.20682874151
59251.40863020477  -0.0004317877832177645 -5.7908836175291824e-05 -3.506894512777003e-05 -0.0010866086114689757 -0.000203418756600308 -0.0020702315224405167 -0.0002980402970690535 -590.9579412281162 -768.7071996246493 -0.0037425512375633017 -6760.952107028867 -12915.804449356749
59251.408558034964  -3.754070420987214e-10 -4.680388921706911e-11 -1.8661433762142128e-11 -4.3978685347735125e-10 -9.038116022817342e-11 -1.5768636753378295e-09 -2.466280233140336e-10 -590.9576431880657 -768.706901584599 -2.9246468261161095e-09 -6760.95584957718 -12915.808191905062
59251.40855803495  4.746279147267582e-10 4.423582188920846e-11 -2.6271634602626354e-11 -1.5726605726424798e-09 -2.502915929975736e-10 1.053324322325836e-09 2.591340686571183e-10 -590.9576431875599 -768.7069015840931 2.3097311533246093e-09 -6760.955849582414 -12915.808191910297
59251.40855803495  -4.049888379827457e-10 -4.7979567733391993e-11 -1.1745298994977686e-11 -1.1642720534071928e-10 -3.618918087600426e-11 -1.5429729058126805e-09 -2.572023902529916e-10 -590.9576431880763 -768.7069015846095 -2.9216806765307473e-09 -6760.955849577183 -12915.808191905066
59251.40855803493  -4.939920947972157e-10 -5.1528458689740706e-11 9.024650084578764e-12 8.548165754836466e-10 1.2657590158313723e-10 -1.4417357644145638e-09 -2.890585993326468e-10 -590.9576431881082 -768.7069015846413 -2.913834743670064e-09 -6760.95584957719 -12915.808191905075
59251.40855803495  -1.43122180127242e-10 -1.977884463784458e-11 -1.3573991371640987e-11 -4.4341012712926605e-10 -8.168150992530122e-11 -7.229765959959614e-10 -1.0084956760051673e-10 -590.95764318792 -768.7069015844531 -1.2947931785262387e-09 -6760.95584957881 -12915.808191906692
59251.408558020536  -1.9345807769814216e-08 5.374477816475156e-10 8.883541283295211e-09 3.9761573807390096e-07 6.731986395616764e-08 1.0439042786527365e-07 -2.3088592517422243e-09 -590.957643190128 -768.7069015866612 1.2330735879529168e-07 -6760.955849703412 -12915.808192031296
59251.40855803494  -9.647782874057423e-11 -1.3502840282295301e-11 -9.717738942080054e-12 -3.231298592929219e-10 -5.921063001452791e-11 -4.980573368169335e-10 -6.858171514101341e-11 -590.9576431878877 -768.7069015844208 -8.886103392121285e-10 -6760.955849579215 -12915.8081919071
59251.40855804226  -2.0548159642229487e-08 -3.449870898867084e-09 -3.985733888532126e-09 -1.506135066512513e-07 -2.6618701438263267e-08 -1.4220811761560216e-07 -1.6630857592059013e-08 -590.95764320445 -768.7069016009832 -2.4258781199073744e-07 -6760.955849337517 -12915.8081916654
59251.40855803501  -4.898049607341808e-10 -6.64857515682408e-11 -4.243805392156892e-11 -1.3460375300330607e-09 -2.5017670433466427e-10 -2.3985024460154676e-09 -3.40893445938699e-10 -590.95764318816 -768.7069015846932 -4.319373675611808e-09 -6760.955849575786 -12915.808191903667
59251.408558037154  -1.561251223602968e-08 -2.027136633500363e-09 -1.0452967153268737e-09 -2.9781777408851703e-08 -5.726893784559114e-09 -7.065526554349391e-08 -1.0541208153002673e-08 -590.9576431983603 -768.7069015948935 -1.2912355829391032e-07 -6760.955849450981 -12915.808191778864
59251.40855802553  4.34086293340104e-09 2.1225610712035633e-09 5.494464169282746e-09 2.304251008771378e-07 3.963701972565397e-08 1.1777319977329611e-07 8.42823476824036e-09 -590.9576431793909 -768.706901575924 1.8073991543567124e-07 -6760.955849760844 -12915.808192088729
59251.40855803495  -2.384437548618237e-10 -2.986974997610498e-11 -1.2326224975971682e-11 -2.9953631125623737e-10 -6.086620142718854e-11 -1.0104850916800017e-09 -1.5714831091635183e-10 -590.9576431879763 -768.7069015845094 -1.8707914913257134e-09 -6760.955849578233 -12915.808191906117
59251.40855803608  -8.426580043377484e-09 -1.0839703759145723e-09 -5.303289748658014e-10 -1.4629112376843467e-08 -2.843504619512673e-09 -3.749660394872642e-08 -5.653671270237888e-09 -590.9576431934728 -768.7069015900059 -6.874998399591223e-08 -6760.955849511354 -12915.808191839238
59251.408558022515  -7.173399056200569e-09 1.4571722567813058e-09 7.492903023151522e-09 3.266807145930506e-07 5.565986112902771e-08 1.1788622302106108e-07 3.5796388789928173e-09 -590.9576431842395 -768.7069015807726 1.6259050151815133e-07 -6760.955849742694 -12915.808192070579
59251.40855805702  -1.3640973098701863e-07 -1.816906624620651e-08 -1.0660321466450285e-08 -3.25410003371431e-07 -6.120335380637744e-08 -6.461307280112732e-07 -9.371421184569637e-08 -590.9576432815334 -768.7069016780665 -1.1706899312984206e-06 -6760.955848409414 -12915.808190737298
59251.408558059156  -1.1867202891738236e-07 -1.6695715674025513e-08 -1.2242395587929772e-08 -4.098072815352144e-07 -7.494561535118727e-08 -6.180850859801645e-07 -8.466402039098841e-08 -590.9576432724832 -768.7069016690162 -1.1010780782710588e-06 -6760.955848479026 -12915.80819080691
59251.40855805714  -5.186947731562469e-07 -5.810814246109912e-08 -3.886098745116223e-09 3.2715521326852906e-07 3.521688868439724e-08 -1.7657987457611157e-06 -3.1762912682596165e-07 -590.9576435054482 -768.7069019019814 -3.4314513827120097e-06 -6760.955846148653 -12915.808188476536
59251.40855805827  -5.333224364761877e-07 -5.98342877843887e-08 -4.287579770417952e-09 3.2392091419981935e-07 3.4076060203247064e-08 -1.821100017735941e-06 -3.268949116495453e-07 -590.957643514714 -768.7069019112471 -3.5363456124350334e-06 -6760.955846043759 -12915.808188371642
59251.40855803495  -3.578995657298207e-10 -4.1651060250328355e-11 -7.876834957748727e-12 3.951438231510392e-12 -1.3683601069220058e-11 -1.3163715809958259e-09 -2.246527059711327e-10 -590.9576431880438 -768.7069015845769 -2.512307332312813e-09 -6760.955849577593 -12915.808191905475
59251.40855803495  -3.0488164307485543e-10 -3.616636404266125e-11 -8.997687269671572e-12 -9.42926647664671e-11 -2.8381704273553014e-11 -1.1645081373016952e-09 -1.9379023022299083e-10 -590.957643188013 -768.7069015845461 -2.203817073170332e-09 -6760.955849577901 -12915.808191905784
59251.408733648874  -0.001801720672648608 -0.0002193306909614588 -7.187523023105118e-05 -0.0013556240341546708 -0.0003044576820643959 -0.007234423549189184 -0.0011649754962985974 -590.9588081633154 -768.7080665598485 -0.01354417512393853 -6760.942305404981 -12915.794647732862
59251.40876285675  -0.0015377112007691862 -0.00019695430097963775 -9.393113173626638e-05 -0.002548116322654001 -0.0004980920858373413 -0.006788858559217143 -0.001028695694447991 -590.9586718835136 -768.7079302800466 -0.012466544269512752 -6760.943383035835 -12915.795725363718
59251.40845620072  -0.0015099081125888442 -0.00013956103863567996 8.746198970702689e-05 0.0051688850875554965 0.0008246453349811008 -0.0032776157901796385 -0.0008202645551474082 -590.9584634523743 -768.7077218489075 -0.007239678444965918 -6760.948609901659 -12915.800952229543
59251.40835320825  0.001537724642377633 0.00019695656489035062 9.393376295260624e-05 0.0025482158687811824 0.0004981096735425757 0.006788952036350467 0.0010287065988409763 -590.9566144812203 -768.7058728777534 0.01246670362508219 -6760.968316283729 -12915.820658611614
59251.408557297145  3.311618963281815e-05 3.588903544467444e-06 -1.5587750427421314e-07 -3.8132940194900985e-05 -5.201936928193698e-06 0.00010511988603673401 1.985233067736813e-05 -590.9576233354884 -768.7068817320217 0.0002078376305817117 -6760.956057417735 -12915.80839974562
59251.4085580396  -1.95687027184686e-08 -2.8751378040595896e-09 -2.426176908746036e-09 -8.496913199557706e-08 -1.533707652230202e-08 -1.0960363402285504e-07 -1.43912945678418e-08 -590.9576432022104 -768.7069015987436 -1.9290512166937555e-07 -6760.955849387199 -12915.808191715083
59251.40855802551  -1.0509188667480722e-07 -9.30071009247597e-09 7.465933859158516e-09 4.186062811051094e-07 6.747425901508481e-08 -2.0213370818112963e-07 -5.563544644601064e-08 -590.9576432434545 -768.7069016399878 -4.655261190681197e-07 -6760.955849114578 -12915.808191442462
59251.40855805474  -2.329651623073775e-07 -2.7846639329640714e-08 -7.580666963101974e-09 -1.0216248643502194e-07 -2.684392816291199e-08 -9.031215243662086e-07 -1.4882353066573123e-07 -590.9576433366426 -768.7069017331759 -1.7036064875715694e-06 -6760.9558478764975 -12915.808190204381
59251.408558025425  -4.9148709927681286e-09 1.1755265897817822e-09 5.725088539561582e-09 2.4906822492171373e-07 4.2458484738192315e-08 9.19202946654816e-08 3.077262658698916e-09 -590.9576431847419 -768.706901581275 1.2785720539068993e-07 -6760.9558497079615 -12915.808192035845
59251.40855798757  -1.4908863783778454e-07 -7.152350501992087e-09 3.076043174844622e-08 1.4548385446588719e-06 2.431751748125081e-07 9.356648214803691e-08 -5.762062090595253e-08 -590.9576432454397 -768.7069016419729 -9.905648662460585e-08 -6760.955849481048 -12915.80819180893
59251.40855803546  -3.6442778452529266e-09 -4.767678793465323e-10 -2.559870310903731e-10 -7.463659849012937e-09 -1.4244569697804816e-09 -1.6718536974419992e-08 -2.473202428017786e-09 -590.9576431902924 -768.7069015868256 -3.04738810394485e-08 -6760.95584954963 -12915.808191877513
59251.40855802161  -5.287000933365665e-08 -3.155036813404395e-09 8.843180491049009e-09 4.2775936535702877e-07 7.11371716428391e-08 -5.761270071050706e-09 -2.261511999225659e-08 -590.9576432104343 -768.7069016069674 -9.260633141832349e-08 -6760.955849487498 -12915.808191815382
59251.40855803501  -4.356716345245768e-10 -5.990050372354364e-11 -4.029395699093352e-11 -1.3059655681556967e-09 -2.411418971126108e-10 -2.181432429987479e-09 -3.0590763996466917e-10 -590.9576431881251 -768.7069015846582 -3.912863379189828e-09 -6760.955849576191 -12915.808191904074
59251.408558043  -7.476940925774097e-08 -9.242964705997153e-09 -3.4533558898864726e-09 -7.634675737955629e-08 -1.6075267460590334e-08 -3.0909488684541306e-07 -4.8842351978171195e-08 -590.9576432366615 -768.7069016331945 -5.75166872085181e-07 -6760.955849004938 -12915.80819133282
59251.40855802335  -1.3131099645946851e-08 6.853881467707254e-10 7.099917769911295e-09 3.155678179100757e-07 5.351760842876217e-08 9.103554037224159e-08 -4.3663275811649844e-10 -590.9576431882558 -768.706901584789 1.1348138450132235e-07 -6760.955849693586 -12915.80819202147
59251.40855803214  -8.825341091480431e-08 -8.720088268708353e-09 3.233414048918576e-09 2.2191978471140638e-07 3.446514630069687e-08 -2.2700158425336003e-07 -4.992874928789499e-08 -590.9576432377479 -768.7069016342809 -4.7544571897523336e-07 -6760.955849104659 -12915.808191432541
59251.40858135064  -0.00012816472522190749 -1.7525250808261803e-05 -1.1532714054952496e-05 -0.0003704886022944492 -6.859274066698937e-05 -0.0006356776522681399 -8.965214274201619e-05 -590.9577328399619 -768.706991236495 -0.0011421453712737396 -6760.954707434733 -12915.807049762616
59251.40855471489  -0.0002407231875327044 -2.4545023380985658e-05 6.283335353548346e-06 0.000497047655140341 7.546615440763656e-05 -0.0006670034796084106 -0.0001388667703831393 -590.9577820545895 -768.7070404511227 -0.0013674343287352303 -6760.954482145776 -12915.806824473659
59251.40856531267  -0.00027304668513814716 -2.9803196223133973e-05 5.766071428989319e-07 0.00028416030124936675 3.7709895238855853e-05 -0.0008800876252885475 -0.0001644332795122674 -590.9578076210987 -768.7070660176317 -0.001733367587153329 -6760.954116212518 -12915.806458540399
59251.40855073357  0.0002729711526911867 2.97995043221936e-05 -5.612511140749314e-07 -0.000283432975220458 -3.758836326797355e-05 0.0008801307281401095 0.0001644038463787335 -590.9574787839728 -768.7067371805058 0.0017333110547507879 -6760.957582891158 -12915.809925219042
59251.408557834984  3.688779854850031e-06 4.206888119208462e-07 5.248366770059379e-08 -1.2659281443234781e-06 -6.879594106611905e-08 1.3026296569212048e-05 2.285118435957961e-06 -590.9576409027006 -768.7068992992338 2.5094879305912835e-05 -6760.9558746749835 -12915.808217002867
59251.40855803502  -1.4262992447542703e-09 -1.6618471747922077e-10 -3.20488377198458e-11 -1.2347072493012341e-11 -5.934326973211879e-11 -5.258406443003024e-09 -8.959798892224901e-10 -590.9576431887151 -768.7069015852483 -1.0030349957569228e-08 -6760.955849570075 -12915.808191897957
59251.40855803529  -5.371621041457626e-09 -6.261553479677898e-10 -1.2164443513851208e-10 -8.68205157765909e-11 -2.3039939204857865e-10 -1.9821625809309875e-08 -3.375369924795035e-09 -590.9576431911945 -768.7069015877275 -3.780183896582987e-08 -6760.9558495423025 -12915.808191870186
59251.40855802101  -4.7947084515120704e-08 -2.534909989806715e-09 9.109131659134849e-09 4.3443295744950634e-07 7.247762508117265e-08 1.5317428918525408e-08 -1.9358516249645894e-08 -590.9576432071776 -768.7069016037108 -5.3662797325167214e-08 -6760.955849526442 -12915.808191854325
59251.40855803552  -3.9713548064280274e-11 -1.1029955297363327e-10 -3.536325316279311e-10 -1.5058349936009272e-08 -2.580502455610118e-09 -6.798016307030443e-09 -3.9758593930837524e-10 -590.9576431882167 -768.7069015847499 -1.009713116116188e-08 -6760.955849570007 -12915.80819189789
59251.40855803897  -3.9873291027003734e-08 -4.883869259743476e-09 -1.6905667776460464e-09 -3.426630463493705e-08 -7.46835588770812e-09 -1.6198683963960708e-07 -2.588724784168687e-08 -590.9576432137064 -768.7069016102395 -3.0252278058942446e-07 -6760.955849277581 -12915.808191605465
59251.408558024785  -9.110419254764209e-09 8.509170738591906e-10 6.179034468247416e-09 2.724346661415674e-07 4.629190447801159e-08 8.679011112422744e-08 1.020826905830332e-09 -590.9576431867984 -768.7069015833315 1.1361094911100012e-07 -6760.955849693715 -12915.8081920216
59251.40855802705  -9.696740494770232e-08 -8.72505428468168e-09 6.4101881530805815e-09 3.65815147460228e-07 5.8759179376755634e-08 -1.9553138638024098e-07 -5.1839923998032066e-08 -590.9576432396591 -768.7069016361922 -4.4285704285598534e-07 -6760.955849137247 -12915.80819146513
59251.40856174241  -5.1214924715326645e-05 -6.006365501455619e-06 -1.2812397591892386e-06 -6.011842452994707e-06 -3.08453735054102e-06 -0.00019127632080363023 -3.231025367107067e-05 -590.9576754980728 -768.706933894606 -0.0003637960514041282 -6760.955485784053 -12915.807828111936
59251.40855467459  -2.7099107009802636e-05 -2.2324347280557837e-06 2.4788116000356826e-06 0.00013157632597278102 2.1446579215356356e-05 -4.1682496193947555e-05 -1.3761347158444152e-05 -590.9576569491663 -768.7069153456995 -0.00010463161457221574 -6760.95574494849 -12915.808087276373
59251.40855657812  -5.217814454512687e-05 -5.189287324206537e-06 1.7991965425393961e-06 0.0001264034562424783 1.955439910729203e-05 -0.00013633171829547015 -2.9638263800573325e-05 -590.9576728260829 -768.706931222616 -0.00028422936661258447 -6760.955565350738 -12915.80790767862
59251.408559468124  5.210261209816642e-05 5.1855954232661614e-06 -1.7838405137153958e-06 -0.00012567613021356952 -1.9432867136409735e-05 0.00013637482114703232 2.960883066703939e-05 -590.9576135789885 -768.7068719755216 0.0002841728342100433 -6760.9561337529385 -12915.808476080821
59251.40855803147  7.830414332458304e-07 8.237414743045992e-08 -1.1985729451137098e-08 -1.2559781985994033e-06 -1.8368147843068388e-07 2.3290767303893145e-06 4.6064566232307184e-07 -590.9576427271735 -768.7069011237066 4.68336446944635e-06 -6760.9558542634695 -12915.808196591352
59251.40855802233  -2.17647475481514e-08 -3.569491187662844e-11 7.856809456117939e-09 3.5608526325955914e-07 6.011025344655151e-08 7.713631773302853e-08 -4.855632054576512e-09 -590.9576431926748 -768.7069015892079 7.92320385959981e-08 -6760.955849659336 -12915.80819198722
59251.40855803715  -3.275090709172582e-08 -3.815158824564562e-09 -7.33237532895587e-10 -1.6941253342324813e-10 -1.3431080916956213e-09 -1.2069395107353478e-07 -2.057080713639046e-08 -590.95764320839 -768.706901604923 -2.3024407452565598e-07 -6760.95584934986 -12915.808191677743
59251.4085580215  -2.562103986225283e-08 -2.8956476574144956e-10 8.42256377760966e-09 3.839021740180735e-07 6.471947759708216e-08 7.522150280990559e-08 -6.5888897846199545e-09 -590.957643194408 -768.7069015909412 7.027137581192297e-08 -6760.955849650376 -12915.80819197826
59251.40855803495  -2.0922164158263587e-11 -7.099205919938826e-12 -1.6030358914573777e-11 -6.644269287326656e-10 -1.146299399862993e-10 -3.705533538590862e-10 -2.958099414608463e-11 -590.9576431878487 -768.7069015843819 -5.802231818590563e-10 -6760.955849579524 -12915.808191907408
59251.408558034986  -6.245242170845402e-10 -7.524074296324304e-11 -2.2293164414746306e-11 -3.580211643200532e-10 -8.637343565855457e-11 -2.4582248899230167e-09 -4.010429008115438e-10 -590.9576431882201 -768.7069015847534 -4.621828533794156e-09 -6760.955849575483 -12915.808191903365
59251.408558020936  -3.187520045964398e-08 -8.426194739013374e-10 8.86835089167114e-09 4.088771492574567e-07 6.874577701230257e-08 6.322014645934867e-08 -9.898267881279273e-09 -590.9576431977174 -768.7069015942506 4.2608458295747324e-08 -6760.955849622713 -12915.808191950597
59251.408558035066  -2.120893056552248e-09 -2.4737892356259336e-10 -4.853712366521814e-11 -5.596078064202e-11 -9.46824165754956e-11 -7.835808536443113e-09 -1.3332438528073476e-09 -590.9576431891523 -768.7069015856855 -1.493954828802601e-08 -6760.9558495651645 -12915.80819189305
59251.408558035306  -3.3868659128535077e-09 -4.2129404165279047e-10 -1.6514405825486343e-10 -3.83037886471925e-09 -7.918890398458849e-10 -1.4165571976410956e-08 -2.221642917319834e-09 -590.9576431900407 -768.706901586574 -2.629619640909327e-08 -6760.955849553809 -12915.808191881692
59251.40855802307  -2.987226002177994e-08 -1.0136655484734962e-09 7.563387257317516e-09 3.512660932448782e-07 5.8959612205444846e-08 4.514818052288095e-08 -1.0066172851532735e-08 -590.9576431978853 -768.7069015944185 1.912017506953778e-08 -6760.955849599224 -12915.808191927108
59251.40855798462  -9.754662711741895e-08 -1.2461952728102468e-09 3.1587299321979765e-08 1.441142933166467e-06 2.42897716651076e-07 2.773420238943072e-07 -2.5592664510371346e-08 -590.9576432134118 -768.7069016099449 2.5418863102157455e-07 -6760.955849834294 -12915.808192162176
59251.408558037154  -3.086558633500812e-08 -3.6197161877856397e-09 -7.717382436486542e-10 -3.605056224763309e-09 -1.855853643814469e-09 -1.152680907762495e-07 -1.9471902091964037e-08 -590.9576432072911 -768.7069016038242 -2.1923637508923442e-07 -6760.955849360868 -12915.808191688751
59251.408558020215  -2.1174971021614987e-08 4.030720667322667e-10 9.105307168755529e-09 4.0882134621149226e-07 6.916555512482742e-08 1.0260363297668481e-07 -3.1802167406820335e-09 -590.9576431909993 -768.7069015875325 1.17760297602911e-07 -6760.955849697864 -12915.808192025748
59251.40855803494  -1.9454126824304742e-10 -2.314558841910025e-11 -5.969208568000834e-12 -6.98954822668469e-11 -1.97761300628512e-11 -7.473558591206984e-10 -1.2389593827881226e-10 -590.957643187943 -768.7069015844762 -1.4125718570219641e-09 -6760.955849578692 -12915.808191906575
59251.408558040705  -7.332796676473645e-08 -8.684377889619289e-09 -2.1169964155816286e-09 -2.0669528116270496e-08 -6.482089778024868e-09 -2.7919175189848083e-07 -4.655933111233815e-08 -590.9576432343785 -768.7069016309117 -5.287365056002975e-07 -6760.955849051368 -12915.808191379252
59251.408558022034  -1.7190799620655845e-08 4.942126668462364e-10 7.949490658629559e-09 3.5569391375628717e-07 6.02267551724724e-08 9.380895076030675e-08 -1.9930107969548506e-09 -590.9576431898121 -768.7069015863452 1.1111703149418913e-07 -6760.955849691221 -12915.808192019105
59251.40855803437  -2.4925684957014757e-07 -2.5927006840864952e-08 4.797463623539994e-09 4.417294877585868e-07 6.564990249284466e-08 -7.228681141401772e-07 -1.455946126720899e-07 -590.9576433334137 -768.7069017299468 -1.4634660955887169e-06 -6760.955848116639 -12915.80819044452
59251.40855795451  -3.692806875935491e-07 -2.4271040067910184e-08 5.4309393611254546e-08 2.669416741910206e-06 4.4235016089184537e-07 -1.8086620142468891e-07 -1.6583780223039813e-07 -590.957643353657 -768.70690175019 -8.54391636158231e-07 -6760.955848725713 -12915.808191053597
59251.40855795047  1.0419465714311313e-06 1.238000137717175e-07 3.1417128643800915e-08 3.5072836128817575e-07 1.0187307782785158e-07 3.992338416228319e-06 6.629914941645956e-07 -590.9576425248276 -768.7069009213608 7.550211190951441e-06 -6760.955857130316 -12915.808199458199
59251.408557971874  1.124350051379062e-06 1.2860163605273527e-07 1.724743641684519e-08 -3.3248583519150024e-07 -1.1828561129924824e-08 3.994026665823178e-06 6.978310657377428e-07 -590.9576424899881 -768.7069008865212 7.683785870201402e-06 -6760.95585726389 -12915.808199591775
59251.40855809059  -1.080638631891626e-06 -1.2272517071155e-07 -1.3650058288818163e-08 4.4450301648389025e-07 3.2766615384587684e-08 -3.783559242563409e-06 -6.676094944999022e-07 -590.9576438554286 -768.7069022519618 -7.303599663865762e-06 -6760.955842276505 -12915.808184604388
59251.40855803638  -7.647463522403753e-09 -1.056905601549888e-09 -7.255021402889396e-10 -2.3701386377046938e-08 -4.365970695934456e-09 -3.863468997507885e-08 -5.388919174118911e-09 -590.957643193208 -768.7069015897412 -6.919043864796588e-08 -6760.955849510914 -12915.808191838798
59251.4085580435  -6.927207779442426e-08 -8.757397716437754e-09 -3.847071367110289e-09 -9.837945686042315e-08 -1.9628036547605593e-08 -2.985811777953112e-07 -4.5935428402142714e-08 -590.9576432337545 -768.7069016302877 -5.509036616310702e-07 -6760.955849029201 -12915.808191357084
59251.40855802149  -1.4583593461538154e-08 8.64429020373579e-10 8.229850512755067e-09 3.651838098234602e-07 6.195661614064556e-08 1.0760308435607518e-07 -1.209161500217487e-10 -590.9576431879401 -768.7069015844731 1.3562474150700156e-07 -6760.9558497157295 -12915.808192043613
59251.408558044735  -2.2752589152592315e-07 -2.5501400100834633e-08 -1.7454158459359527e-09 1.4176625711898167e-07 1.514981215368855e-08 -7.753379810467576e-07 -1.3937135494144427e-07 -590.9576433271905 -768.7069017237236 -1.5063438946961119e-06 -6760.9558480737605 -12915.808190401644
59251.40855803493  1.1396974099912409e-10 1.1331139031996441e-11 -3.9416485151032014e-12 -2.7659813621904954e-10 -4.2797579201374854e-11 2.975597098750485e-10 6.472473683316589e-11 -590.9576431877545 -768.7069015842875 6.204984802966547e-10 -6760.955849580725 -12915.808191908607
59251.40855803494  -2.3436126770940937e-11 -4.309017691344219e-12 -5.795282455241597e-12 -2.2511554513865447e-10 -3.949387614783619e-11 -1.857542132192796e-10 -2.028810880918388e-11 -590.9576431878395 -768.7069015843725 -3.1145640872784245e-10 -6760.955849579793 -12915.808191907676
59251.408558074676  -4.882696469549859e-07 -5.8045040720423056e-08 -1.4825125602607923e-08 -1.687379492270492e-07 -4.848952575705198e-08 -1.8727971595238114e-06 -3.1079483703890286e-07 -590.957643498614 -768.7069018951471 -3.5409838073117576e-06 -6760.955846039121 -12915.808188367004
59251.40855808637  -2.715173773395199e-07 -3.749204311967316e-08 -2.5649625918958632e-08 -8.368562029804901e-07 -1.542152193171333e-07 -1.3696441087959906e-06 -1.9121456558629643e-07 -590.9576433790337 -768.7069017755668 -2.453526343220345e-06 -6760.955847126578 -12915.808189454463
59251.40855800451  -3.1245228112602144e-07 -2.7219095802683286e-08 2.3643146572401717e-08 1.3062971805206894e-06 2.1118103564247898e-07 -5.737049389718584e-07 -1.6388415899630303e-07 -590.9576433517033 -768.7069017482364 -1.3438271066832922e-06 -6760.955848236277 -12915.80819056416
59251.40855795469  2.3282557474818763e-07 3.856690803524806e-08 4.341667472916332e-08 1.6320864159161417e-06 2.8885472338516994e-07 1.5784237176280774e-06 1.8659669835925246e-07 -590.9576430012224 -768.7069013977556 2.70013892282192e-06 -6760.955852280244 -12915.808194608127
59251.40855803186  4.4641165233075256e-08 5.2053532728599976e-09 1.0164518221806377e-09 9.571152051945323e-10 1.955094488703767e-09 1.6483282681322734e-07 2.805703572811547e-08 -590.9576431597621 -768.7069015562952 3.1430795824878423e-07 -6760.9558498944125 -12915.808192222295
59251.408558035044  -1.4394002528164882e-10 -3.551539361432805e-11 -6.580375907920994e-11 -2.6722516514255695e-09 -4.6342809020531294e-10 -1.7105391750034317e-09 -1.5651999616191318e-10 -590.9576431879757 -768.7069015845088 -2.7537488784608947e-09 -6760.955849577351 -12915.808191905235
59251.4085580207  -1.669810449324129e-08 7.825037942574228e-10 8.731268276801728e-09 3.8859862121987657e-07 6.588181915069799e-08 1.1015857034232027e-07 -8.693241905354194e-10 -590.9576431886885 -768.7069015852217 1.3603302606300205e-07 -6760.955849716137 -12915.80819204402
59251.40855802582  -1.0026457504009005e-07 -8.851927888308216e-09 7.194965776131111e-09 4.0245039397891196e-07 6.490107523686469e-08 -1.9149165574010308e-07 -5.3003843089932164e-08 -590.957643240823 -768.7069016373562 -4.4213930186427083e-07 -6760.955849137966 -12915.808191465847
59251.40855804897  -2.1223528821408576e-07 -2.46558768877345e-08 -4.526443048297267e-09 8.513375791825023e-09 -7.0576990049137666e-09 -7.778858997854011e-07 -1.3306689328753737e-07 -590.9576433208861 -768.7069017174192 -1.4857812264895977e-06 -6760.955848094323 -12915.808190422207
59251.40855804934  9.57397433088326e-08 7.4340532470672644e-09 -1.02697297408712e-08 -5.294068569268894e-07 -8.682532775619022e-08 1.1874631618247642e-07 4.702060594337443e-08 -590.9576431407985 -768.7069015373316 3.2756842409711483e-07 -6760.955849907673 -12915.808192235558
59251.4085580245  -3.223770511710295e-07 -3.180841098209001e-08 1.1960811621737722e-08 8.170279589153728e-07 1.2699004889969885e-07 -8.263829654128916e-07 -1.822245057479868e-07 -590.9576433700436 -768.7069017665768 -1.732570797587258e-06 -6760.955847847534 -12915.808190175418
59251.40855801657  2.836854356314011e-07 3.288330654538504e-08 5.8062709448527e-09 -2.179648276757078e-08 7.649679012636429e-09 1.0351638211434389e-06 1.7760678724450234e-07 -590.9576430102123 -768.7069014067455 1.9791855151778415e-06 -6760.955851559291 -12915.808193887173
59251.40855801916  4.915115161891224e-08 7.932898472220348e-09 8.468409333692152e-09 3.1478422784829465e-07 5.5882417165611426e-08 3.200702289362048e-07 3.8655413619034786e-08 -590.9576431491637 -768.7069015456968 5.506145369531731e-07 -6760.955850130718 -12915.808192458602
59251.408558023635  -1.3573609885145708e-08 5.885730823493338e-10 6.938907044063894e-09 3.091151153932514e-07 5.2394756507554896e-08 8.655544371949087e-08 -8.742004592142497e-10 -590.9576431886934 -768.7069015852264 1.0616478551388254e-07 -6760.955849686269 -12915.808192014152
59251.408558024195  -1.5160649886185202e-09 1.7470929574017822e-09 6.3874743995329716e-09 2.7411384157739813e-07 4.688419700302154e-08 1.1550128949628969e-07 5.831414281617366e-09 -590.9576431819877 -768.706901578521 1.6806967731437312e-07 -6760.955849748174 -12915.808192076058
59251.40855804653  -6.481643389647868e-08 -8.830164362912689e-09 -5.722796328429758e-09 -1.8268697851222414e-07 -3.38878543520325e-08 -3.194127040925687e-07 -4.5223761010222035e-08 -590.9576432330429 -768.706901629576 -5.745634683285898e-07 -6760.955849005541 -12915.808191333424
59251.40855800973  -2.0215983796656766e-08 2.3655867054148567e-09 1.530485763131147e-08 6.725602946110503e-07 1.1437224567297951e-07 2.226374309447819e-07 3.948712058077441e-09 -590.9576431838705 -768.7069015804035 2.9645718737955214e-07 -6760.955849876562 -12915.808192204446
59251.40855803133  -1.8476076663837916e-08 -1.2907436452473388e-09 2.462212723671283e-09 1.226710831610157e-07 2.0267447539459755e-08 -1.385825727987248e-08 -8.566712393384243e-09 -590.9576431963859 -768.706901592919 -4.984566029387261e-08 -6760.955849530259 -12915.808191858143
59251.4085580332  -1.1935787176231677e-07 -1.2156183632448276e-08 3.1621508666504895e-09 2.4844413523738695e-07 3.77597022577784e-08 -3.298403101547779e-07 -6.880504917502376e-08 -590.9576432566242 -768.7069016531573 -6.767161841380165e-07 -6760.955848903388 -12915.808191231272
59251.4085580247  7.121968578915169e-08 9.254273052885325e-09 4.791943871886565e-09 1.3686349315712185e-07 2.629699909097223e-08 3.22753699349704e-07 4.8110828777871534e-08 -590.9576431397084 -768.7069015362414 5.89680750567606e-07 -6760.955850169786 -12915.808192497669
59251.408558035124  -3.0177022332862445e-10 -6.688206130502485e-11 -1.1266861420532507e-10 -4.522823458165008e-09 -7.866917460687322e-10 -3.1092725650873996e-09 -3.014286136532208e-10 -590.9576431881205 -768.7069015846537 -5.0693642209421345e-09 -6760.955849575035 -12915.80819190292
59251.4085580208  -8.193883939751608e-09 1.6541718604091495e-09 8.524467988404843e-09 3.71686869671359e-07 6.33267171774977e-08 1.3400851103549523e-07 4.052565479068091e-09 -590.9576431837665 -768.7069015802997 1.847638705533053e-07 -6760.955849764869 -12915.80819209275
59251.40855803141  3.396644424334317e-08 4.1700395767842005e-09 1.472400624094521e-09 3.056786220555768e-08 6.597950945937685e-09 1.3859864906610113e-07 2.208639542824675e-08 -590.9576431657327 -768.7069015622658 2.586052405436149e-07 -6760.95584983871 -12915.808192166593
59251.40855804028  -3.6509385488002726e-08 -4.765335039389836e-09 -2.5276377568678857e-09 -7.319732025953173e-08 -1.4000749914824435e-08 -1.6679490324079688e-07 -2.4738233928815644e-08 -590.9576432125573 -768.7069016090904 -3.0426843166194956e-07 -6760.955849275836 -12915.808191603719
59251.40855802541  -1.2103208042223268e-08 4.267024222972942e-10 5.859726812411731e-09 2.6164865775224336e-07 4.432459885667639e-08 7.100337161708539e-08 -1.1254771087008283e-09 -590.9576431889446 -768.7069015854778 8.554876478412157e-08 -6760.955849665654 -12915.808191993536
59251.40855803354  -5.2733908619696595e-08 -5.259599078094593e-09 1.7681586131802555e-09 1.256067725056963e-07 1.939565877938117e-08 -1.387304760504389e-07 -3.0006982861297716e-08 -590.9576432178261 -768.7069016143594 -2.8865404116030763e-07 -6760.95584929145 -12915.808191619335
59251.408558015646  -2.6588852418271414e-08 6.481406378702247e-10 1.1907343542571023e-08 5.335827200198228e-07 9.031509435576287e-08 1.37775802047824e-07 -3.4925232266059704e-09 -590.9576431913116 -768.7069015878448 1.6106276230155797e-07 -6760.955849741167 -12915.80819206905
59251.40855803173  2.2428082055038434e-08 2.909620405220234e-09 1.4934268120402773e-09 4.24332823831557e-08 8.1670712382886e-09 1.0134506818647917e-07 1.513427238781048e-08 -590.9576431726848 -768.706901569218 1.8526391435523462e-07 -6760.955849765369 -12915.808192093253
59251.4085580211  -2.6587050430736478e-08 -3.2014582564235485e-10 8.674489022392728e-09 3.9557477133435406e-07 6.66797788853758e-08 7.681991807517895e-08 -6.906656036849976e-09 -590.9576431947257 -768.7069015912589 7.109398168300081e-08 -6760.955849651198 -12915.808191979082
59251.408558037256  -1.3026544107518757e-08 -1.7756549528098512e-09 -1.1534968748550242e-09 -3.685880075626055e-08 -6.835153172160361e-09 -6.425748766039144e-08 -9.092429727967025e-09 -590.9576431969116 -768.7069015934447 -1.1556674607873589e-07 -6760.955849464537 -12915.808191792421
59251.40855801902  -2.8073891549845395e-08 -1.0634956319007896e-10 9.93302418387297e-09 4.50713277483195e-07 7.606320009882456e-08 9.570043452832105e-08 -6.4758436063862654e-09 -590.957643194295 -768.706901590828 9.659667723122217e-08 -6760.9558496767 -12915.808192004584
59251.408558020856  -2.400437388491317e-08 -6.303774263299539e-12 8.775657495596906e-09 3.97438543733777e-07 6.710259759596053e-08 8.715500846513437e-08 -5.238687942994641e-09 -590.9576431930578 -768.706901589591 9.045708033840732e-08 -6760.955849670561 -12915.808191998445
59251.40855803299  3.081873599849743e-08 3.560133419583039e-09 5.900165295146409e-10 -4.107866923250136e-09 5.330504205045783e-10 1.1168849992955101e-07 1.9251610760302978e-08 -590.9576431685675 -768.7069015651007 2.1387832736038012e-07 -6760.955849793982 -12915.808192121867
59251.40855803404  1.4924349828854387e-08 1.7159764993983182e-09 2.5881248218357695e-10 -3.138046880692151e-09 6.13979718934562e-11 5.357907715468765e-08 9.294399700215799e-09 -590.9576431785248 -768.7069015750578 1.0282420077047405e-07 -6760.955849682929 -12915.808192010812
59251.40855803582  -9.110547638423664e-09 -1.110619598497929e-09 -3.686371757446256e-10 -7.07655735073965e-09 -1.5774894810500376e-09 -3.667940004651655e-08 -5.896280899147436e-09 -590.9576431937154 -768.7069015902485 -6.863179783503244e-08 -6760.9558495114725 -12915.808191839356
59251.408558019764  -9.396704377279724e-09 1.7138122470232336e-09 9.16433935484089e-09 4.0014546872647905e-07 6.815230520325214e-08 1.4214968675997377e-07 4.001490493109291e-09 -590.9576431838176 -768.7069015803507 1.9486696892784313e-07 -6760.955849774971 -12915.808192102855
59251.40855802049  -1.929577635731227e-08 5.493368242211614e-10 8.904892939547637e-09 3.9847965414665393e-07 6.746982659544383e-08 1.0495630911025329e-07 -2.256061767005764e-09 -590.9576431900753 -768.7069015866083 1.2422219373557744e-07 -6760.955849704327 -12915.80819203221
59251.40855803499  -9.744513770069034e-10 -1.1556515893504214e-10 -2.8663173622261502e-11 -2.973235550584227e-10 -9.001874318476383e-11 -3.7201681058343466e-09 -6.192848784241915e-10 -590.9576431884384 -768.7069015849715 -7.041116865631843e-09 -6760.9558495730635 -12915.808191900946
59251.4085580207  -2.349188616011872e-08 7.444293028146023e-11 8.857387025476882e-09 4.0044032062348777e-07 6.763724810152686e-08 9.036844279652365e-08 -4.842576020228983e-09 -590.9576431926617 -768.7069015891948 9.601538612911898e-08 -6760.95584967612 -12915.808192004002
59251.40855803481  -7.796476911720781e-10 -6.206887960738505e-11 7.852216589638208e-11 4.09310374734016e-09 6.697067814143583e-10 -1.0633288282098962e-09 -3.8830452151125584e-10 -590.9576431882074 -768.7069015847405 -2.8097061619154708e-09 -6760.955849577294 -12915.808191905176
59251.4085580362  -4.968684412461116e-09 -7.465912413826441e-10 -6.713272706962827e-10 -2.3935058775928886e-08 -4.2985065974697364e-09 -2.887216948787747e-08 -3.712506660439293e-09 -590.9576431915316 -768.7069015880649 -5.0519585799047805e-08 -6760.955849529585 -12915.808191857468
59251.408558034396  9.143696914603573e-10 1.897708050416925e-10 2.983834315393138e-10 1.1868431544996213e-08 2.069288267176416e-09 8.610219916314102e-09 8.679040068202263e-10 -590.9576431869513 -768.7069015834844 1.4163319945813213e-08 -6760.955849594267 -12915.808191922151
59251.40855802044  -2.0998185244435785e-08 3.8106942943927117e-10 8.967075804047932e-09 4.0275238963584224e-07 6.813327251603267e-08 1.0057386960159368e-07 -3.2193880909270763e-09 -590.9576431910385 -768.7069015875717 1.1504556230447029e-07 -6760.9558496951495 -12915.808192023032
59251.40855803486  -3.49779797456338e-10 -2.5635915504831315e-11 4.260702086516353e-11 2.151321444418478e-09 3.5440306222342687e-10 -3.3790514359989094e-10 -1.6641304745478385e-10 -590.9576431879855 -768.7069015845186 -1.0551621642787084e-09 -6760.95584957905 -12915.808191906932
59251.40855803437  5.3375818674393093e-11 1.0380879602286289e-10 3.2695931519391406e-10 1.3906719268882177e-08 2.3838211488833253e-09 6.3396213548514475e-09 3.776661954789052e-10 -590.9576431874415 -768.7069015839746 9.442267647040652e-09 -6760.955849589546 -12915.80819191743
59251.40855803452  1.5682467581681824e-10 8.859481912350696e-11 2.3826409891818903e-10 1.0022105347536248e-08 1.7226888178260309e-09 5.004657589037586e-09 3.46497035815228e-10 -590.9576431874726 -768.7069015840058 7.63640503144056e-09 -6760.955849587741 -12915.808191915625
59251.408558020514  -1.7856402444613987e-08 6.969827524454046e-10 8.870266892060519e-09 3.9563331135920195e-07 6.704011221230458e-08 1.090000939155307e-07 -1.422614986437585e-09 -590.9576431892417 -768.7069015857749 1.3248054540790205e-07 -6760.9558497125845 -12915.80819204047
59251.40855802068  -2.167510464070073e-08 2.674053343245578e-10 8.835724211302401e-09 3.977886144877854e-07 6.725601046533313e-08 9.588816852834574e-08 -3.7673116196315536e-09 -590.9576431915864 -768.7069015881195 1.0705260377330743e-07 -6760.955849687157 -12915.80819201504
59251.40855803547  -2.2497623976982945e-09 -3.332493553312919e-10 -2.8795164412960345e-10 -1.0153749150286512e-08 -1.829211111873745e-09 -1.2770940349291716e-08 -1.6640586712796935e-09 -590.9576431894832 -768.7069015860163 -2.2428862636782797e-08 -6760.955849557676 -12915.808191885559
59251.40855803476  -4.4705535881158704e-10 -1.7221939045393702e-11 1.0634117620579707e-10 4.9645130045962915e-09 8.322901592426484e-10 5.465129131860153e-10 -1.5788158513510316e-10 -590.957643187977 -768.7069015845102 9.550948009228272e-11 -6760.9558495802 -12915.808191908083
59251.40855802047  -1.9165442170172984e-08 5.683869018477641e-10 8.920720584307055e-09 3.9903142540516124e-07 6.756955304351308e-08 1.0568005506842e-07 -2.1605610875818147e-09 -590.9576431899796 -768.7069015865128 1.254977800853138e-07 -6760.955849705602 -12915.808192033484
59251.40855802048  -2.085460608087854e-08 3.899095857226929e-10 8.943968377052978e-09 4.016294846835937e-07 6.794672357894104e-08 1.0060663781565999e-07 -3.1570129426287187e-09 -590.9576431909761 -768.7069015875093 1.153223262222657e-07 -6760.955849695427 -12915.808192023309
59251.40855802054  -2.1856567871689957e-08 2.7167254256035633e-10 8.916467836584581e-09 4.0140794252637946e-07 6.786857941312451e-08 9.68186259992745e-08 -3.791698206573437e-09 -590.9576431916108 -768.706901588144 1.0813730917885386e-07 -6760.955849688242 -12915.808192016124
59251.408558034964  -1.2661829862498313e-09 -1.3995026904425774e-10 -3.153371533985101e-12 1.0689625282114501e-09 1.322674499079383e-10 -4.191061360818394e-09 -7.686725222269476e-10 -590.9576431885878 -768.7069015851209 -8.200231366360776e-09 -6760.955849571904 -12915.808191899789
59251.40855803494  -2.334687426515648e-10 -2.67703182583625e-11 -3.80330401556504e-12 5.956676637879366e-11 8.337897225547488e-13 -8.335351941912343e-10 -1.451374720649245e-10 -590.9576431879642 -768.7069015844974 -1.6016972610866301e-09 -6760.955849578502 -12915.808191906386
59251.408558020536  -1.9428824782545356e-08 5.270682425311147e-10 8.879316415053944e-09 3.975142962814069e-07 6.729915996029007e-08 1.0403987239918329e-07 -2.3635018817254484e-09 -590.9576431901827 -768.7069015867157 1.226578757679148e-07 -6760.955849702762 -12915.808192030645
59251.408558024035  6.077299521141613e-08 8.279266208278982e-09 5.36563573759673e-09 1.7128377878024911e-07 3.177269170841588e-08 2.9948386726365497e-07 4.240240594239445e-08 -590.9576431454168 -768.70690154195 5.387161820334348e-07 -6760.95585011882 -12915.808192446704
59251.40855802274  -1.5930063418641886e-08 5.014544635072662e-10 7.511651797490898e-09 3.358047600693259e-07 5.6871103262753706e-08 8.966647224983808e-08 -1.693499471406245e-09 -590.9576431895126 -768.7069015860458 1.070081893462632e-07 -6760.955849687113 -12915.808192014996
59251.40855802257  -1.742828325216825e-08 3.744745466291394e-10 7.636826958037617e-09 3.425724596373973e-07 5.797003224205743e-08 8.713815094954766e-08 -2.466858478165755e-09 -590.957643190286 -768.7069015868192 1.0089307199397196e-07 -6760.955849680998 -12915.80819200888
59251.40855802286  -1.2297460906760187e-08 8.596471934402832e-10 7.376106944269087e-09 3.265655454565429e-07 5.5434539763837644e-08 9.896381651456604e-08 3.590273682247391e-10 -590.9576431874601 -768.7069015839933 1.265097246684859e-07 -6760.955849706614 -12915.808192034498
59251.408558023104  -1.2519060153807122e-08 7.925621969382897e-10 7.233381274759651e-09 3.206834196361962e-07 5.441826922518721e-08 9.554936031163815e-08 7.430531475189032e-11 -590.9576431877449 -768.7069015842781 1.2111743704215417e-07 -6760.955849701222 -12915.808192029104
