 Dim = 2
-975.9126997538909  -241.0348080142906 -413.443500370704 -17713.783881251646
-1022.7152781315681  -40.91079349696447 -213.31948585337787 3346.8880328847827
-944.110890921458  -196.9857524373333 -369.39444479374674 -24650.94537672712
-984.6818364884336  -301.3142700862051 -473.7229624426185 -11715.424994688536
-890.9892466920631  -482.1526563019478 -654.5613486583612 6279.651665000885
-923.1230132646003  559.4612500550126 387.05255769859923 66528.90377529403
-1013.9461413970253  19.368668574950803 -153.0400237814626 -2651.470853678329
-973.4509732229765  -361.5937321581204 -534.0024245145338 -5717.066108125424
-947.1435630193481  -180.75534594237456 -353.16403829878794 -23712.14276781476
-898.3744262848053  -120.47588387045928 -292.88457622687264 -29710.501654377873
-1003.2104463056169  340.05160723610686 167.64291487969345 6412.483287331885
-942.2201099575193  -421.87319423003566 -594.281886586449 281.29277843768614
-861.7390561228001  981.417484558419 809.0087922020057 24540.39156935231
-954.441309571074  400.33106930802217 227.92237695160875 414.124400768771
-1029.5178565092453  159.213221020361 -13.195471336052393 24407.55994702122
-1014.502810229888  24.576738106735625 -147.83195424967778 -2350.2245931268626
-976.2969797215645  -345.9695235627661 -518.3782159191794 -4813.32732647103
-945.0661164561074  -406.2489856346814 -578.6576779910947 1185.0315600920803
-985.161170904865  -298.71023532031273 -471.1189276767262 -11564.801864412806
-973.4860276717342  -254.05498184375207 -426.4636742001654 -18466.899532630327
-974.8829764722705  -353.78162786044334 -526.1903202168568 -5265.196717298233
-1014.2254758134567  21.97270334084327 -150.43598901557013 -2500.8477234025927
-976.3920341703222  -238.43077324839746 -410.83946560481087 -17563.16075097592
-973.9303076394078  -358.98969739222804 -531.3983897486414 -5566.442977849694
-985.1770046624824  79.64813064686608 -92.76056170954732 -8649.829740241441
-1031.9795830401597  279.77214516419156 107.36345280777819 12410.842173894995
-986.5871741541591  -290.8981310226355 -463.30682337904886 -11112.932473585603
-990.7571839020411  -267.46181812960384 -439.8705104860172 -9757.324301104007
-1023.3291435044499  29.109335702786076 -143.2993566536273 1705.973394531453
-979.5263206365839  -327.74128020151915 -500.14997255793253 -3758.965414540893
-987.6417522693125  -297.6015491655615 -470.0102415219749 -6758.144857822451
-990.4281716775317  -275.29814819895284 -447.7068405553662 -8977.5376458508
-988.8726155347697  -237.32208709364622 -409.7307794500596 -12756.503744385562
-973.0890206110548  -232.5956833242217 -405.00437568063506 -18553.554125370483
-1020.8307097642967  -10.771062461006839 -183.17975481742022 347.7085896032266
-1002.2952131456874  -197.15287945050898 -369.56157180692236 -5690.499783659215
-1032.328654788822  63.25059713873192 -109.15809521768148 9371.813243914119
-1002.2492872477237  -198.96126331266643 -371.3699556690798 -5510.549017062322
-1002.2819045130329  -197.75567407122813 -370.16436642764154 -5630.516194793583
-1002.1413857987789  -185.0969870361259 -357.5056793925393 -6890.171560971838
-1001.649040492596  -209.20877186489201 -381.6174642213054 -4490.828006346592
-979.2665271007995  -253.0907004286729 -425.4993927850863 -16514.112103939027
-972.8723292437096  -231.99288870350256 -404.40158105991594 -18613.537714236114
-1034.569953550341  270.7302258534043 98.3215334969909 13310.596006879463
-1028.1613008766262  13.773936586776074 -158.6347557696373 6509.9737686751805
-1016.4499654946399  -0.4993281371094227 -172.9080204935228 -1903.6684671929038
-1019.0534377874835  -60.10331827329023 -232.5120106297036 339.7386922633659
-1020.2685615602242  -7.15429473669192 -179.5629870931053 -12.192943590560077
-1024.704349756977  -27.11919453543918 -199.52788689185257 5662.233627216485
-1020.4104649237051  0.4649532779695096 -171.94373907844388 49.118961498382326
-1018.6233139091764  189.49925657670764 17.09056422029423 3774.63837287575
-1012.3264047324518  -101.14085413517793 -273.54954649159134 -3361.8710270944066
-1020.6321223224121  93.48723126137659 -78.9214610950368 1446.0096163109433
-1016.0006677340498  -51.83282409456613 -224.2415164509795 -2122.2450836741323
-1020.0118593208141  44.179201220764895 -128.2294911356485 206.38367289067514
-1017.2497863429603  -28.17942914684683 -200.58812150326023 -1607.7354715346748
-1020.1443824085446  -34.834395746429436 -207.24308810284285 283.74005206766196
-1017.6662361190081  -9.734103730912574 -182.14279608732596 -1394.4721199466983
-1020.667011336272  11.291030679242565 -161.11766167717084 201.07040799742998
-1018.027098224909  -19.764530228450617 -192.17322258486402 -1215.849669573116
-1020.4374236661249  -17.184721234229965 -189.59341359064334 166.42950678302213
-1018.2696929557353  -12.748076834508337 -185.15676919092172 -1094.5541756185428
-1020.5171562910505  -0.13784134274964044 -172.54653369916304 109.10255036401315
-1018.6077670577715  -14.556460696665798 -186.96515305307918 -914.6034090216492
-1020.5586356622604  -8.962678598849381 -181.37137095526276 167.7578230063334
-1018.895101474203  -11.95242593077333 -184.3611182871867 -763.9802787459124
-1020.5478959766555  -4.550259970799452 -176.95895232721284 138.43018668517664
-1019.0037928415484  -12.555220551492482 -184.96391290790586 -703.9966898802812
-1005.7145076569834  -153.63148779072932 -326.0401801471427 -5923.792558005176
-1004.4859639493064  -47.32350237982928 -219.73219473624266 -7078.196904316915
-1001.0746306570576  -124.09455137549082 -296.5032437319042 -8862.988412421102
-1020.8496521369931  162.83188852539257 -9.576803831020833 3560.0467050644484
-1020.1331305072738  -2.1390814879228426 -174.54777384433623 -101.50416877734772
-1021.3738992259495  3.26184432687772 -169.14684802953568 590.2995775123735
-1019.6791530417565  -7.9499456404268125 -180.3586379968402 -342.76684046318366
-1020.7245390257414  -1.343430584187947 -173.75212294060134 229.0697280952755
-1019.9604874581878  -5.345910874534461 -177.75460323094785 -192.14371018745362
-1020.44720460931  -3.947465350080299 -176.3561577064937 78.44659781954546
-1015.3141696397424  -66.46852550316984 -238.87721785958325 -2304.852482717648
-1014.3667212161394  -26.346819513017667 -198.75551186943105 -3019.3422842119767
-1017.5793031603653  9.916810926460219 -162.49188142995317 -1301.1759460899705
-1023.666788450385  -18.438762019011783 -190.84745437542517 2749.7087766750938
-1020.3445132419647  -3.344670729361146 -175.75336308577454 18.463008953914297
-1017.1298520318725  -67.09554589556069 -239.50423825197407 -1013.2128477716087
-1016.7383674968323  -87.56633722834019 -259.9750295847536 -205.42687242055854
-1007.0966392807571  -26.491224252690003 -198.8999166091034 -5873.211862111048
-1012.3807542888579  86.92916774848112 -85.47952460793226 -1589.1390444083313
-1029.9706779030828  92.59467727095455 -79.81401508545885 6042.059903759932
-1020.2398218746192  -2.7418761086419927 -175.1505684650554 -41.52057991171688
-1020.3672529275696  -7.757089357411074 -180.16578171382446 47.790645275071086
-1017.0571432938743  -31.38625853345856 -203.79495088987196 -1698.3750129447876
-1014.2438848940155  -14.315152870306314 -186.7238452267197 -2987.3580154441906
-1018.4314030461782  10.109667209475957 -162.29902514693742 -910.6184603517158
-1020.6967214267149  34.14877472322686 -138.25991763318652 385.00612326425687
-1024.2111383406198  -0.18629288609315253 -172.59498524250654 2572.4146425248227
-1020.3704181503418  -1.517979768672638 -173.92667212508604 29.27229131787329
-1020.3413188195973  -0.18605541350357843 -172.59474776991698 11.463178929449814
-1020.1701757705114  -3.3928848001150804 -175.80157715652848 -79.17636248064939
-1020.338582664332  -6.503286045218832 -178.9119784016322 25.462838978372417
-1020.2386017637207  -4.3342039404002675 -176.74289629681365 -38.77378055086473
-1019.4907290494854  -24.394030911187983 -196.80272326760135 -345.4234729098058
-1018.1264748343026  -10.709196467984441 -183.11788882439782 -1166.3219516615686
-1015.5558656088267  -0.6921844201252831 -173.10087677653866 -2294.225952931165
-1019.5207407119037  20.525806273045596 -151.8828860833678 -308.1259392487823
-1022.9165959968844  13.64034316909677 -158.7683491873166 1475.1665937997013
-1020.321009516735  -0.2800894745549748 -172.68878183096837 0.3330070837291892
-1023.7668438319665  -30.97929370933011 -203.3879860657435 3915.6569126006348
-1020.2898896695768  -2.2731498507814107 -174.6818422071948 -14.408416462087885
-1023.7395603903234  -31.239697185919322 -203.64838954233272 3900.594599573063
-1020.3535650291934  13.568140799260602 -158.8405515571528 48.23180485016576
-1020.4601727186628  0.9336795358302071 -171.47501282058317 76.23112494801802
-1020.3189893551817  -6.6855684788312235 -179.0942608352446 14.91921985907561
-1020.3945810369223  -2.8759444715005644 -175.28463682791394 45.57517240354329
-1019.4209472686033  -37.765355158196215 -210.1740475146096 -170.3448116310692
-1015.0410095257002  -16.860399716041606 -189.26909207245498 -2660.327907666413
-1018.8565198355518  22.191942003397603 -150.21675035301578 -596.8462491259661
-1020.9534991979182  -22.752120952507674 -195.16081330892106 597.512263293418
-1025.1037122144269  47.80630532189347 -124.60238703451992 2787.4474699112125
-1020.229165197635  12.37028480695011 -160.03840754946327 -21.054835076670543
-1020.2871098254126  -2.2991901984402743 -174.70788255485365 -15.914647764841703
-1020.2655826334487  -0.8008964277335147 -173.2095887841469 -29.79161897142083
-1018.9198542195861  0.0011196689612074096 -172.4075726874522 -736.5147038864017
-1020.2876767347652  2.5819546874702324 -169.82673766894317 -18.130120636369142
-1020.2302280312277  -4.412324983377089 -176.82101733979047 -43.292474459139584
-1018.3215607506929  -12.279350576647639 -184.68804293306104 -1067.442012168907
-1018.3097217088473  -17.23861650553497 -189.64730886194837 -1069.7452332056541
-1020.5258041928026  -14.993465406316442 -187.40215776272981 198.3260273855882
-1019.3819867303248  17.24085584345727 -155.16783651295614 -403.28417456715596
-1021.783394265235  20.453366430619962 -151.95532592579343 825.8907353970621
-1013.8201786696138  6.823928228188834 -165.58476412822455 -2902.8335661593565
-1020.3247051546114  -0.3422974994571057 -172.7509898558705 2.425791112906815
-1019.7452398935288  -20.718475266715778 -193.12716762312917 -227.67176805007125
-1019.4606835743701  -11.521339894263331 -183.93003225067673 -454.4936201118896
-1017.8876607196604  -7.728996961175351 -180.13768931758875 -1278.4923096343796
-1018.1701206648019  11.52357923218575 -160.88511312422764 -1018.5357876609141
-1022.9217721955412  21.628022675547008 -150.78066968086637 1462.9388282981943
-1020.3145219809223  -2.455916799827257 -174.86460915624065 -0.31891465977733446
-1023.4631401657471  -9.959641022750858 -182.36833337916423 2221.464842570534
-1020.2777867176848  -1.2021134876350152 -173.61080584404843 -22.646720956475992
-1020.3173018250867  -2.4298764521683935 -174.83856880858178 1.1873166429764836
-1018.7933785314202  -14.873296008570211 -187.28198836498362 -813.4181549040787
-1018.7631656424421  -17.849144375381822 -190.2578367317952 -820.5078266819178
-1019.3403151339841  5.238611657535347 -167.17008069887802 -503.75599993962334
-1018.8353195967301  17.851383713304237 -154.55730864310914 -652.5215810908858
-1022.5434530773628  2.266933951552982 -170.1417584048604 1316.217410864363
-1023.4522740649311  -9.827026206192645 -182.23571856260602 2208.2684530200954
-1020.3203465629456  -0.02740024928638366 -172.4360926056998 -0.22697931822873174
-1020.3586497106473  6.992919769219801 -165.4157725871936 26.44160580729553
-1020.3037340979597  -0.18364233523991091 -172.59233469165332 -9.264367134771732
-1020.2665006271609  -0.8891448002945088 -173.29783715670789 -29.205066244997035
-1018.7029187356454  0.13760111008332743 -172.27109124633006 -844.3380022658896
-1020.2804853895825  -2.0103332959285343 -174.41902565234193 -20.073649498737424
-1020.2704875679879  -0.49612650714708106 -172.90481886356048 -27.339142767864423
-1019.4269313175159  -16.061547182344256 -188.47023953875765 -453.4246863687435
-1018.3815217209623  -1.0563882576633716 -173.46508061407675 -1008.251551021782
-1017.8549562394655  -14.827438022658358 -187.23613037907177 -1309.6795886681787
-1019.9167521997065  14.829677360580657 -157.57901499583275 -163.3498191046312
-1022.9107984503584  17.035734692148246 -155.37295766426516 1460.995299435826
-1020.3073583090154  7.25814940233623 -165.15054295407717 0.048826706417742116
-1020.3104447182808  -3.5689065287072097 -175.97759888512059 -0.19831940559518557
-1020.3210218255872  1.085589479593569 -171.32310287681983 -0.34757457241088474
-1020.3141457840662  -2.4117926135468175 -174.8204849699602 -0.612191022992576
-1019.7138561147774  -4.964212201747585 -177.372904558161 -328.4658548592295
-1019.574949427928  -2.4399657861382895 -174.84865814255167 -403.45967089758847
-1020.7861444047151  -3.5100996107428446 -175.91879196715624 272.57880156029114
-1018.214662211244  2.442205124060589 -169.96648723235282 -1069.5697368752215
-1020.3139759008662  0.09098785431056497 -172.31770450210283 -3.8127114879337602
-1020.3191656662827  -0.39437819477494807 -172.80307055118834 -0.5866714926075183
-1020.3203958999176  -0.3181857146283389 -172.72687807104174 0.02644755828150025
-1020.320670648306  2.0341383557659247 -170.37455400064746 -0.4947361510589161
-1020.3164632298905  -1.3368991247401099 -173.74559148115353 -1.0393458026160616
-1020.0500964422283  -2.673630638629194 -175.0823229950426 -146.6512583733711
-1018.8289847362136  -3.543274705253139 -175.95196706166652 -793.5634355317538
-1020.0890096515975  1.0740276015162349 -171.33466475489718 -126.2190822605194
-1019.0038565029585  3.545514043175438 -168.86317831323794 -679.4659722410561
-1020.8121205950108  1.5174022892536863 -170.8912900671597 272.1894026791983
-1019.2113835121302  -7.595257756065621e-12 -172.40869235642097 -588.6125898205944
-1020.3184076411649  -1.3186494874833217 -173.72734184389674 0.016253579549662334
-1019.2113835486957  3.4045430874485305e-07 -172.40869201595908 -588.6125701275249
-1020.0546356347  -0.008720937347489466 -172.4174132937609 -145.21639353857717
-1020.3197474200721  -0.6470674200435392 -173.05575977645694 -0.02668509064960034
-1020.302903324209  -0.013173536325119875 -172.4218658927385 -9.837636698962427
-1019.8374138870513  0.009614657894351897 -172.39907769851905 -261.7705202091672
-1020.3197812831002  -0.35628195470158397 -172.76497431111497 -0.2801119671598311
-1020.0684260746772  -2.776105724151449 -175.18479808056486 -136.45404826621393
-1019.1678532400276  -3.8096236668763503 -176.21831602328973 -619.2685226719926
-1020.066851698283  0.8657048202447497 -171.54298753616865 -138.26893268258343
-1019.2449138573638  3.809624347785083 -168.5990680086283 -557.9566175830505
-1020.8163379158766  1.828200156047314 -170.58049220036608 274.0420429940981
-1020.0552071986963  -0.0033576450661556567 -172.41205000147954 -144.90616885088127
-1020.3203497045411  -0.25395864402927504 -172.66265100044268 -0.05253914329042608
-1020.3211375018132  -0.9237779472740575 -173.33247030368744 1.040867336159863
-1020.3212368207761  -0.051421551248314115 -172.4601139076617 0.28058670662314467
-1020.3208869195784  0.0749230613859253 -172.33376929502748 0.0005935056406731753
-1020.3192710908675  -0.24793069782208416 -172.65662305423547 -0.6523750319466703
-1019.8850465292322  -1.9899691560860457 -174.39866151249944 -237.05203738552945
-1019.0158120761521  -3.032018606148642 -175.44071096256204 -696.6473523086569
-1020.2995135664088  2.82653562885159 -169.58215672756182 -11.571063076023393
-1019.4039468212395  3.0320192870573743 -169.376673069356 -480.57778794638625
-1020.5849773427327  -1.9374419409491404 -174.34613429736254 151.07953847363444
-1020.3200881620246  -0.9336338282578303 -173.34232618467124 0.47078138153084836
-1020.3203510838457  -0.14070479439470482 -172.5493971508081 -0.14122539992249106
-1020.3202742602837  0.19893228625091905 -172.20976007016247 -0.4144836891574073
-1020.3186783055237  -1.107551935294138 -173.51624429170752 -0.10397029441559624
-1019.5777787018443  -0.00012475371453479767 -172.40881711012793 -398.91867995943016
-1020.3078368965505  0.0007968170242994219 -172.4078955393891 -7.132549303696078
-1020.3203316437698  -0.3672631891375928 -172.775955545551 0.03321477501548209
-1020.3200822874765  -0.11085899769741714 -172.5195513541108 -0.3118897670834122
-1020.2557045118895  -1.8586504656372096 -174.2673428220506 -34.06411422050896
-1020.1150547284233  -0.44255185134662567 -172.85124420776003 -112.45128972334639
-1019.2036650057788  -1.7860676778862659 -174.19476003429966 -597.0721316591818
-1019.2166891328927  1.7860683587949997 -170.6226239976184 -580.1530085958614
-1020.5876330377046  1.879087933799493 -170.52960442261391 146.09172774407418
-1020.3202658386901  -0.3696588433853483 -172.77835119979875 -0.0010195459695001574
-1020.3202658385646  -0.3696588445650162 -172.7783512009784 -0.0010196142040985734
-1019.5501882300879  0.1422504372678386 -172.26644191914556 -413.08708698560395
-1020.3203523596449  -0.11236598424921486 -172.5210583406626 -0.1619307949193507
-1020.3203519519815  -0.027349553812636075 -172.43604191022604 -0.2240469799025745
-1020.3205406315026  -0.1856873570090405 -172.59437971342243 -0.0019350415954413336
-1020.3210891286669  -0.405527786991052 -172.81422014340444 0.48520662306601636
-1020.3206170973516  -0.12994825786973724 -172.5386406142831 -0.0027814078092465166
-1020.3208304247345  0.03726903954805689 -172.37142331686533 -0.005320506457352714
-1020.3206914376693  -0.07938574131269704 -172.4880780977261 0.000469041653080815
-1020.320691439082  -0.07938572802434747 -172.48807808443775 0.00046981028060999463
-1019.5775830652835  7.779287719333894e-05 -172.4086145635362 -399.0207848921217
-1020.3208040832885  -0.20326963062956283 -172.61196198704295 0.15721434551466285
-1020.3204660238724  -0.13509189584433076 -172.54378425225772 -0.08214450981251975
-1020.2274553426172  -0.44074156518972496 -172.84943392160312 -51.025689823745076
-1019.2891744383718  -0.1360407622709996 -172.5447331186844 -549.0562069221944
-1020.3049416017184  0.5344514988552138 -171.8742408575582 -8.997711480189192
-1019.1330845945197  0.136041443179733 -172.27265091323366 -628.1689333328486
-1020.3269757726001  -0.1589746934018566 -172.56766704981524 3.5255612681554824
-1019.3956413693154  -8.801848139228241e-12 -172.4086923564222 -493.7620268749168
-1020.3207596308189  -0.04003744743701239 -172.44872980385043 0.009532932740877298
-1019.3956414098218  3.7777147454676197e-07 -172.4086919786419 -493.76200502327004
-1020.3205941751539  -0.15298398915074823 -172.56167634556414 0.002173883661040321
-1020.3205941776292  -0.1529839658707819 -172.56167632228417 0.0021752302257826983
-1019.3956414037046  3.2071965616609077e-07 -172.40869203569372 -493.7620083232734
-1019.9357719702408  4.897228595979186e-07 -172.40869186669053 -209.2103097105125
-1020.3207310296375  -0.046461549814711914 -172.4551539062281 -0.0016192179579483934
-1020.3210239404111  0.20387752972893627 -172.20481482668447 -0.005134137025734731
-1020.3207536649204  -0.019682464863031813 -172.4283748212764 -0.008206948611910403
-1020.3208178382222  0.060654789992008476 -172.3480375664214 -0.027970140573796876
-1020.320718698018  -0.056943244843827 -172.46563560125722 -0.0008600382471288803
-1020.3084225436202  -1.849179094505493e-05 -172.40871084820432 -6.809791373322604
-1019.5777553875308  -4.1947903905992234e-06 -172.40869655120378 -398.93067667720334
-1020.3207535702393  -0.009314492375712876 -172.4180068487891 -0.015544091663544979
-1020.299471663154  -0.3158316624608903 -172.7245240188743 -11.513493156451592
-1019.3898364594075  -0.37306541343014743 -172.78175776984352 -497.61338529185525
-1020.2908919911313  0.023797030210364334 -172.384895326203 -16.46336937790096
-1019.4013564970162  0.37306616897309697 -172.0356261874403 -489.9106247546849
-1020.3718063551759  0.23298723766143054 -172.17570511875195 27.95224168851682
-1019.4619837702988  -0.6808155074488669 -173.08950786386228 -460.69504162598605
-1019.4619837388872  -0.6808158002309574 -173.08950815664437 -460.6950585611497
-1020.3207260201531  -0.05379714490160244 -172.462489501315 0.000901271131002801
-1020.3207260216388  -0.05379713092575894 -172.46248948733913 0.0009020795247007829
-1020.3207753410744  0.017464592575967223 -172.39122776383743 -0.02213182231750721
-1020.3207424405164  -0.030480014218372854 -172.43917237063175 -0.006747369124678215
-1020.3137516974233  -0.18804110264921775 -172.59673345906262 -3.7424022872066702
-1020.301173283208  -0.04177122647108457 -172.45046358288448 -10.770926068928212
-1019.3830892638026  -0.1373746165097458 -172.54606697292314 -500.5793568295584
-1019.408188272621  0.13737537205269845 -172.2713169843607 -486.9446532169821
-1020.3473104962093  0.1707649345310912 -172.2379274218823 14.488707510292462
-1020.3207854820873  -0.006411282396258604 -172.41510363880965 -5.54117196571724e-10
-1020.3208821704964  0.03339038532719953 -172.3753019710862 0.025802980334195036
-1019.402146389041  -0.25832173092563293 -172.66701408733903 -490.9763569139826
-1019.4021463670276  -0.2583219361489575 -172.66701429256236 -490.9763687846488
-1020.3207788466319  -0.01473664651660203 -172.42342900293 0.002180396308098409
-1020.3207788477926  -0.014736635597880346 -172.42342899201128 0.002181027871109742
-1020.3207856010474  -0.01677925488357754 -172.42547161129698 0.007337142497517379
-1020.3207610499992  -0.011177713082797053 -172.4198700694962 -0.010119317263717231
-1020.3125856453678  -0.1680788998924636 -172.57677125630588 -4.400013175557216
-1020.3027281001697  -0.014162228583251071 -172.42285458499663 -9.933388165568953
-1019.3722858781592  -0.04685015042541085 -172.45554250683878 -505.95699948937613
-1019.4189735564852  0.046850905968359946 -172.36184145044504 -481.567010557164
-1020.3470187135132  0.16300728128693887 -172.24568507512646 14.333401339463816
-1020.3208800381226  0.03340226500405767 -172.37529009140934 0.0246208436195956
-1020.3206905907133  -0.0793810168495763 -172.48807337326295 -1.085723152716156e-06
-1019.4298454443131  -1.0611511669367246e-11 -172.40869235642398 -476.0344566604612
-1020.313097885954  2.2299600055050717e-07 -172.4086921334174 -4.236905368649962
-1020.290009921897  0.019212139813513177 -172.38948021659988 -16.945372629586586
-1020.3142163542128  -1.5078538221226234e-05 -172.4087074349516 -3.62126178408447
-1020.3206921158176  -0.07940246477499316 -172.48809482118838 0.0008549637798593857
-1020.320794841805  -0.002920678263880882 -172.41161303467726 0.002718080543382989
-1020.3197276641653  2.642705218141011e-06 -172.40868971370816 -0.5869950725793996
-1020.3207934809709  0.002089509491686762 -172.40660284692171 -0.0015183236340578082
-1020.3207631240991  -0.0142365013564097 -172.4229288577698 -0.006830326619676308
-1020.320233419521  -0.09488946514940161 -172.5035818215628 -0.24047850658224235
-1020.3002876850369  -0.09954115151669597 -172.5082335079301 -11.220147229579469
-1020.3230775050881  -0.1467700215888409 -172.55546237800223 1.3663963837729112
-1020.3059419990855  0.09488991114140272 -172.313802445272 -8.233332230717682
-1020.3389660250662  0.22707732591676105 -172.18161503049663 9.853750844144205
-1020.2900058525972  0.019234739172774684 -172.38945761724062 -16.947621472937165
-1020.3207856742013  -0.0062472889493154354 -172.4149396453627 -8.798224905209873e-06
-1020.3438158906869  -0.024967406264386344 -172.4336597626778 12.708450064776171
-1020.3207911926243  -0.0008823799974939665 -172.40957473641086 -0.0007116327235523814
-1020.343857401512  -0.0034169400920811416 -172.41210929650546 12.714420141091653
-1020.2900236532143  0.01934128489183544 -172.38935107152156 -16.937902592622642
-1020.3207793727437  -0.004234159779114307 -172.41292651619253 -0.0048848626258675976
-1020.320348492017  -0.31671518127584525 -172.72540753768922 -0.0009609715518017481
-1020.3203484912165  -0.3167151888040482 -172.72540754521742 -0.0009614069997088137
-1020.3207913947708  -0.0007184468300145102 -172.40941080324342 -0.000714432035290511
-1020.3207986218767  0.0021041112378222637 -172.40658824517556 0.0013026123308080007
-1020.3207800450637  -0.00033912508085740445 -172.40903148149425 -0.0072287919915386845
-1020.3206334893837  -0.11978142067518457 -172.52847377708858 -0.0014293042876047934
-1020.3206334885789  -0.11978142824513438 -172.52847378465853 -0.0014297421502451613
-1020.3208035688248  -0.0027103101761515873 -172.41140266658954 0.007377518393605315
-1020.3179165562694  0.00010847905628814415 -172.4085838773571 -1.584312892503343
-1020.3207946229493  0.00465908243542351 -172.40403327397797 -0.0026731034115067
-1020.3207749197412  -0.0036279421349551043 -172.41232029854834 -0.007760118477519062
-1020.2882538230677  -0.23411672441112394 -172.64280908082452 -17.750292240793943
-1020.3053193931432  0.1781708560697488 -172.23052150034366 -8.623474086988415
-1020.2856774016172  0.06665562748584063 -172.34203672892755 -19.3515219384849
-1020.3404375133107  -0.0666551814938395 -172.47534753790723 10.877711201184978
-1020.3230115441634  -0.02065805396438941 -172.4293504103778 1.2361687765583247
-1020.3207920010714  -0.00022664732756944923 -172.40891900374095 -0.0007228299711708464
-1020.320793818722  0.0012487511797590416 -172.40744360523362 -0.0007480237781458954
-1020.3205856555433  -0.15243988531818856 -172.56113224173157 -0.0029409282586438934
-1020.3205856553126  -0.1524398874874082 -172.56113224390077 -0.0029410537311065355
-1020.3206754248293  -0.09073192421037535 -172.49942428062377 2.856680602292272e-06
-1020.3206754250148  -0.09073192246567885 -172.49942427887908 2.9575977062989978e-06
-1020.3207954282494  0.005314815105348028 -172.40337754130803 -0.002684300659125116
-1020.3207871179746  -0.0033511583060365888 -172.41204351471941 -0.0012353859371846548
-1020.313808363431  -0.15531869592672412 -172.5640110523401 -3.7358388677622556
-1020.3081715727492  -0.13723996483636153 -172.54593232124978 -6.854064789578539
-1020.3084031818714  0.04535043445607909 -172.3633419219573 -6.849499910073291
-1020.3123647444147  0.1553191419187252 -172.25337321449467 -4.73797186953767
-1020.3457776248587  0.0912095883974551 -172.31748276801594 13.70139620973196
-1020.3207935915443  -6.691851764940412e-06 -172.40869904826516 -4.913172190054368e-10
-1020.3207983627349  0.0006531745758798708 -172.40803918183752 0.0021684879616216818
-1020.3207934512835  -0.00011770375776927691 -172.40881006017116 -3.2560558416161456e-11
-1020.320788755304  -0.0038295593897972532 -172.4125219158032 -7.195199991372192e-11
-1020.3207934520447  -0.00011771767794272779 -172.40881007409135 4.287995137609857e-07
-1020.3207715843114  -0.017323006853653896 -172.42601536326706 -3.541189563804892e-11
-1020.3197273832511  -7.280387664260202e-12 -172.40869235642066 -0.5871479329152756
-1020.3207715851593  -0.01732288648471842 -172.4260152428981 3.8220699172253347e-07
-1020.3207932107077  -0.0003080908622332849 -172.40900044727562 -2.3198843714100637e-10
-1020.319727307894  -7.089322708372231e-07 -172.40869306534566 -0.5871889387046725
-1020.3207932126867  -0.0003081026710256721 -172.4090004590844 1.0978253435680457e-06
-1020.3197274061868  2.1576045852690282e-07 -172.40869214065293 -0.5871354524320374
-1020.3438548530664  -0.0004715396997692217 -172.40916389611317 12.71071782114761
-1020.3207550537917  -0.030198087316549736 -172.43889044372995 -8.181707267240768e-08
-1020.3207549446671  -0.030282828725132577 -172.43897518513853 -7.192824114099494e-11
-1020.3207550541914  -0.0301980835563223 -172.43889043996973 1.3568279899622837e-07
-1020.3207549453778  -0.03028283435062472 -172.438975190764 3.954018181762109e-07
-1020.3207938320708  0.00018369525269906756 -172.40850866116068 -2.918893399553313e-10
-1020.3207933660678  -0.00018514433383590997 -172.40887750074722 -3.1363780149396003e-10
-1020.3180847309327  -0.026488999583580742 -172.43518135599697 -1.4732998836670956
-1020.3180753530556  -0.02632492783078082 -172.4350172842442 -1.4785788687779875
-1020.3185660508535  0.011447668531766523 -172.39724468788162 -1.234465720893402
-1020.3235019725538  0.02625356422781093 -172.38243879218555 1.4733007412728123
-1020.3257383840122  0.014857183743831775 -172.39383517266958 2.71304458820446
-1020.3207922701633  -0.0010476372828239502 -172.4097399936962 -3.1655884606476836e-06
-1020.3207910191873  -0.00204106161731953 -172.41073341803073 -1.547507728211217e-07
-1020.3207693742452  3.2596296921338344e-07 -172.40869203045042 -0.013341443032398623
-1020.3207443979388  2.1115370465592492e-07 -172.4086921452597 -0.027095886926932454
-1020.3207936767496  6.074872430169265e-05 -172.40863160768907 -2.1023997646973935e-10
-1020.3207934437431  -0.00012367106999452702 -172.4088160274834 -3.2800565302054663e-10
-1020.3204756024072  -0.01896861225762653 -172.42766096867103 -0.16185741641958218
-1020.3183476336069  -0.006812965351367916 -172.41550532176475 -1.3421955427911665
-1020.3213290831671  -0.011280950645237164 -172.41997330705863 0.3027999733940271
-1020.3202576131443  0.011045515289351708 -172.39764684112404 -0.3027991157949995
-1020.3235571935702  0.025761502053811922 -172.38293085435959 1.504052957743819
-1020.3207931445106  -0.00035955252396191174 -172.40905190893733 -6.412375540935933e-07
-1020.3207924794698  -0.0008866274359292498 -172.40957898384931 -2.194569109770228e-10
-1020.320792480095  -0.0008866506661853773 -172.4095790070796 3.601764497832005e-07
-1020.3206767223606  2.8979622021730505e-07 -172.40869206661716 -0.06436495481935349
-1020.3207935990843  -7.245395396903121e-07 -172.40869308095293 -1.9587212462128024e-10
-1020.3207936217035  1.7177397023763795e-05 -172.40867517901637 6.834411721452771e-10
-1020.3207929170231  -0.000540473416673276 -172.40923282983007 -5.974147253284823e-10
-1020.320792771661  -0.000655480303320447 -172.40934783671673 -4.886843707474497e-10
-1020.3207929178353  -0.000540464769283757 -172.40923282118268 4.4068473951941467e-07
-1020.320792772793  -0.0006552262196613898 -172.40934758263305 4.460184860367866e-07
-1020.3207937393338  0.00011028736646464621 -172.40858206904693 -6.546287852071675e-10
-1020.3207935233002  -6.0705977862031185e-05 -172.40875306239127 -2.782296528586192e-10
-1020.320229990275  -0.005153035568943009 -172.41384539198233 -0.3067947427192929
-1020.3202630156873  0.0031095978503864127 -172.40558275856299 -0.29434488870421754
-1020.3214725486016  -0.0018304025283203834 -172.41052275894174 0.3751877637893741
-1020.3201143049882  0.0015949671724349282 -172.40709738924096 -0.37518690619034656
-1020.3218877324935  0.002041264099937526 -172.40665109231347 0.6011396308358941
-1020.3207932233777  -0.0002980637936841674 -172.4089904202071 -8.380805736896146e-10
-1020.3207915270316  -0.0016398302687642456 -172.41033218668215 -2.109559887886192e-10
-1020.320793224354  -0.0002978436595171415 -172.4089902000729 3.8370869629052173e-07
-1020.3207915284587  -0.0016392483425178206 -172.4103316047559 3.8032670473392427e-07
-1020.3207936673256  5.328958655405429e-05 -172.40863906682685 -4.0862671493030467e-10
-1020.3207935593073  -3.220708790840833e-05 -172.4087245635013 -4.010642000798481e-10
-1020.3207885547146  -0.003288786423608441 -172.411981142837 -0.00048764597714739955
-1020.3203438022599  -0.0016406375331797238 -172.41033299394658 -0.24656208217594106
-1020.3207052090402  0.002292810530383889 -172.406399545883 -0.050270414089907775
-1020.320881686621  -0.0025282458862693445 -172.41122060229966 0.05027127168893529
-1020.321248428681  0.004927250338165747 -172.40376510607524 0.24704972756580512
-1020.3207936008387  8.697173013508798e-08 -172.40869226944164 4.0136135741355874e-07
-1020.3206351823338  -0.12043918119134203 -172.52913153760474 -7.436609887889745e-07
-1020.3207935937985  -4.907649620200525e-06 -172.40869726406302 -5.428928117603635e-10
-1020.3207715844063  -0.017322932404671653 -172.42601528881806 -1.4676571069571764e-10
-1020.320793594457  -4.995991458408195e-06 -172.40869735240486 4.2362599206405846e-07
-1020.3207935206447  -6.280751741738137e-05 -172.4087551639308 -3.381789319065187e-10
-1020.3207475437233  -0.03601114477387746 -172.4447035011873 -2.898663531425427e-10
-1020.3207935211901  -6.285161278438392e-05 -172.40875520802618 3.3064822829850446e-07
-1020.3207425138073  -0.0398918544234583 -172.44858421083686 -2.1837243124878114e-10
-1020.3207936005491  2.202550221265071e-07 -172.40869213615838 1.4919510573473302e-07
-1020.3207936061019  2.5215056519074804e-06 -172.40868983490776 1.6060400680145914e-06
-1020.3207936006344  6.017361226561176e-08 -172.4086922962398 3.075398515487116e-07
-1020.3207860595471  1.5410188748541258e-05 -172.40867694622463 -0.0041632804041798815
-1020.3207936013383  1.0596626050495738e-06 -172.4086912967508 -2.4744771735248994e-10
-1020.3207935939928  -4.7539734511714675e-06 -172.40869711038684 -4.935962318129011e-10
-1020.3207846574969  -0.00015740472577037716 -172.40884976113918 -0.004815154124857184
-1020.3207753711046  -0.00010647132204451975 -172.40879882773544 -0.009964648922641992
-1020.3207883978587  0.00011237679645595686 -172.40857997961692 -0.002943025067343555
-1020.3208025441712  0.0001575786692306473 -172.40853477774417 0.004815956847572011
-1020.3207938897237  -2.0233752630895036e-06 -172.40869437978864 0.00016095997208774462
-1020.3207935986577  -1.0617682849635473e-06 -172.40869341818166 -4.239182443052376e-10
-1020.3207935986438  -1.073160493868017e-06 -172.40869342957387 -1.6290542423732417e-10
-1020.3207935993262  -1.040004610382026e-06 -172.40869339641802 3.526123091038711e-07
-1020.3207935993124  -1.032032585879286e-06 -172.40869338844598 3.394789843233056e-07
-1020.3207443983654  5.48382449929184e-07 -172.40869180803094 -0.027095886698886334
-1020.3207812986009  -6.592314473459026e-07 -172.40869301564484 -0.006773972017643932
-1020.3207920626044  -7.509527129430062e-05 -172.4087674516847 -0.0007943999113375782
-1020.3207874451791  -4.8540255369179165e-05 -172.40874089666877 -0.003355712984808418
-1020.3207840968962  -9.101430478823642e-06 -172.40870145784388 -0.005227066242619299
-1020.3207997564972  4.871419882610316e-05 -172.40864364221454 0.003356515707856221
-1020.3207937094708  1.029356498508332e-07 -172.40869225347774 6.0214429234648804e-05
-1020.3207935905627  -7.466833263815311e-06 -172.40869982324668 -1.897223119926017e-09
-1020.3207935903365  -7.648429501149307e-06 -172.4087000048429 -8.199432967445283e-11
-1020.3207935912558  -7.468900446109784e-06 -172.40869982531385 3.812403008243053e-07
-1020.3207935909982  -7.644698547043038e-06 -172.40870000111195 3.6169934714371833e-07
-1020.3207935990981  -7.131473307858424e-07 -172.4086930695607 -4.568849446790293e-10
-1020.3207935993253  -5.331408070659422e-07 -172.40869288955417 -6.072192102467863e-10
-1020.3207936000067  6.878876389950335e-09 -172.40869234953453 -1.0512000204438663e-09
-1020.3207935907973  -7.283236307821871e-06 -172.40869963964968 -3.845755424725962e-10
-1020.3207935902498  -7.67928660309982e-06 -172.40870003569998 -2.639583630722987e-08
-1020.3207935915294  -6.857080488017092e-06 -172.40869921349386 1.0625832090908546e-07
-1020.3207935914447  -7.313905186609422e-06 -172.40869967031858 3.774398069246302e-07
-1020.3207935993391  -5.217486015076548e-07 -172.408692878162 -8.678990545006235e-10
-1020.3207935994665  -4.203545184517249e-07 -172.4086927767679 -1.2843471356357712e-09
-1020.3207935998487  -1.1617204134536914e-07 -172.40869247258544 -2.5199803818513785e-09
-1020.3207936009948  7.963753866275157e-07 -172.408691560038 -6.226547144694289e-09
-1020.3207935926038  -5.853685066108934e-06 -172.40869821009846 -2.333945896791645e-10
-1020.3207935904176  -7.583695131110418e-06 -172.40869994010853 -4.981029675635469e-10
-1020.3207935934033  -5.83171373804798e-06 -172.40869818812715 4.2475952581128495e-07
-1020.3207935910984  -7.582182411266721e-06 -172.40869993859582 3.734497454968306e-07
-1020.320793599976  -1.477784599324739e-08 -172.40869237119122 -2.9294064764876407e-09
-1020.3207936002941  2.387066186754378e-07 -172.40869211770678 -4.06036262239355e-09
-1020.3207936003581  2.8940463111310833e-07 -172.4086920670088 -4.165039722702719e-09
-1020.3207935915872  -6.658618089979146e-06 -172.40869901503146 -4.393572219365746e-11
-1020.3207935901544  -7.783281104594607e-06 -172.4087001396945 -6.515919309646977e-09
-1020.3207935923995  -6.638256739358507e-06 -172.40869899467012 4.33124847824015e-07
-1020.3207935907506  -7.625964313615333e-06 -172.4086999823777 2.122719498382766e-07
-1020.3207935996893  -2.429151884413214e-07 -172.4086925993286 -2.05453825590601e-09
-1020.3207914225468  -2.9346480536373273e-05 -172.40872170289393 -0.001178714237336388
-1020.3207907918703  -2.5725052955868875e-05 -172.40871808146636 -0.001528550162887007
-1020.3207906810894  4.931891375943687e-06 -172.40868742452201 -0.0016108878998924842
-1020.3207964098067  2.5898996416139053e-05 -172.40866645741696 0.0015293528856018342
-1020.3207936509391  2.290732888716771e-07 -172.4086921273401 2.7893041641421297e-05
-1020.3207935970073  -2.31736857109857e-06 -172.40869467378198 -3.570940962119794e-08
-1020.320793596561  -2.720837946729876e-06 -172.40869507725134 -7.638129936887337e-10
-1020.3207935989377  -1.164980526221339e-06 -172.40869352139393 2.2557011113213005e-07
-1020.3207935972023  -2.7070044202789957e-06 -172.4086950634178 3.4278741885130476e-07
-1020.3207936001353  1.1196541674507904e-07 -172.40869224444796 -3.388159591742059e-09
-1020.3207936000239  2.3245993402009238e-08 -172.4086923331674 -3.0362098717044415e-09
-1020.3207933954933  -1.8141725806407832e-05 -172.4087104981392 -0.00010000006182985129
-1020.3207926240646  -1.520274377629605e-05 -172.40870755915716 -0.000526874100473657
-1020.3207912108986  -7.43348028798946e-06 -172.40869978989366 -0.001310516322342188
-1020.3207945776126  1.537668723322004e-05 -172.40867697972615 0.0005276768235214602
-1020.3207936259114  2.4067731279855614e-07 -172.40869211573607 1.4102094081689374e-05
-1020.3207935979423  -1.6272582741383625e-06 -172.40869398367167 -9.677556740049715e-10
-1020.3207935976127  -1.8884624070425332e-06 -172.4086942448758 -7.51772067313734e-10
-1020.3207936007276  3.0690947403180507e-07 -172.4086920495039 1.8713741813478356e-07
-1020.3207935986115  -1.6379425615139012e-06 -172.40869399435596 3.750628239962585e-07
-1020.3207935998007  -1.5419588074062576e-07 -172.40869251060926 -2.4131769866338366e-09
-1020.3207933689298  -7.020496641015684e-06 -172.40869937691005 -0.00012236660934664627
-1020.3207929496392  -4.57715880937943e-06 -172.4086969335722 -0.0003549718086863805
-1020.3207927289875  -1.0709791272854346e-07 -172.4086924635113 -0.00047959574125895697
-1020.320794252038  4.751102269649606e-06 -172.40868760531112 0.00035577453140120765
-1020.3207936109964  5.6203172505237675e-08 -172.40869230021022 6.016664178890526e-06
-1020.3207935997211  -2.2013663864958596e-07 -172.40869257655004 -3.549586071798042e-10
-1020.3207935982184  -1.4095493462928518e-06 -172.40869376596274 -3.733270395025936e-10
-1020.320793600348  -2.1207768653727316e-07 -172.40869256849106 3.3926204488647105e-07
-1020.3207935989047  -1.4106296666036164e-06 -172.40869376704308 3.7838347111455816e-07
-1020.3207936012076  2.9520648038536627e-07 -172.40869206120692 4.5966436375993385e-07
-1020.3207936002838  6.271711327694976e-08 -172.40869229369628 1.126305562976409e-07
-1020.320793385654  -2.96701449615405e-06 -172.40869532342788 -0.00011597677873080508
-1020.3207933503114  -2.663486052908472e-06 -172.40869501989945 -0.00013565133437814175
-1020.3207933037097  4.387062390495764e-07 -172.40869191770716 -0.00016347353326233734
-1020.3207938513658  2.8374295131786472e-06 -172.4086895189839 0.00013645405709296888
-1020.3207936050818  1.0208808158770035e-08 -172.4086923462046 2.791508317537057e-06
-1020.3207935996104  -3.0792711170105935e-07 -172.4086926643405 -2.404779151824561e-10
-1020.3207935995771  -3.3430072688930223e-07 -172.40869269071413 -2.669563167901213e-10
-1020.32079360071  1.5574005265609713e-07 -172.40869220067333 2.8266734184802384e-07
-1020.3207936003832  -2.958298479644381e-07 -172.40869265224325 4.1693214943639034e-07
-1020.3207934935022  -1.3881676592645998e-06 -172.40869374458106 -5.768297637610125e-05
-1020.3207934261391  -1.1192992062960853e-06 -172.4086934757126 -9.496715743664602e-05
-1020.3207935371606  1.0146019491263032e-06 -172.40869134181145 -3.5311888244503315e-05
-1020.3207937081752  1.5621111161885937e-06 -172.40869079430226 5.8485699423904176e-05
-1020.3207936036966  -3.4265402031210886e-08 -172.4086923906788 2.059596793057768e-06
-1020.3207936007279  4.725739054562611e-08 -172.408692309156 3.680895461602344e-07
-1020.3207936006969  4.054761250702733e-08 -172.40869231586578 3.555892781807362e-07
-1020.3207935445495  -4.2865725978089914e-07 -172.40869278507066 -3.0238526274563354e-05
-1020.3207935020292  -2.9824169189398477e-07 -172.40869265465508 -5.3745376465620337e-05
-1020.3207935894907  6.967419078553134e-07 -172.4086916596715 -6.272334866912025e-06
-1020.3207936571278  6.026007200510751e-07 -172.40869175381266 3.1041248989390476e-05
-1020.3207936487496  -2.8704144574582025e-07 -172.40869264345486 2.7046358821350435e-05
-1020.3207935998546  -1.1486610410500395e-07 -172.4086924712795 -1.1145946653597094e-10
-1020.3207936008205  2.356615185541204e-07 -172.40869212075188 2.878915413176195e-07
-1020.3207936007396  2.423652026772154e-08 -172.40869233217686 3.905030755481268e-07
-1020.3207935994072  -3.441933737808438e-07 -172.40869270060676 -8.693953208189009e-08
-1020.320793554946  -1.7848705784450005e-07 -172.40869253490044 -2.468721128710158e-05
-1020.3207936305358  4.228657723818524e-08 -172.40869231412682 1.678678586161882e-05
-1020.3207935711416  1.316568830319907e-07 -172.4086922247565 -1.59840631467917e-05
-1020.320793600432  -9.846603125306396e-09 -172.40869236625997 2.447437741752992e-07
-1020.3207936006613  4.268176295300821e-08 -172.40869231373162 3.3457600509389787e-07
-1020.3207936006015  -1.4666235827592532e-07 -172.40869250307574 4.3334242447395844e-07
-1020.3207935873127  -4.4980534066951166e-08 -172.40869240139392 -6.955603481628998e-06
-1020.3207935822381  -1.2325608230131766e-07 -172.40869247966947 -9.695775140627782e-06
-1020.3207935941476  9.242374232049319e-08 -172.40869226398965 -3.287208990504269e-06
-1020.3207936143646  2.1892399433712715e-07 -172.4086921374894 7.758326196456115e-06
-1020.3207936041366  -3.530777965795256e-08 -172.40869239172116 2.3026352214880777e-06
-1020.3207935999812  -1.4587324282759693e-08 -172.4086923710007 -1.6145753919551245e-10
-1020.3207935999969  -1.401599712840959e-08 -172.40869237042938 8.12967720291336e-09
-1020.320793599938  -1.415152102064657e-08 -172.4086923705649 -2.427599297621084e-08
-1020.3207936008405  9.431773530677698e-08 -172.40869226209566 3.9726157648537523e-07
-1020.3207936052852  2.4143133027643143e-06 -172.4086899421001 1.2307600676142889e-06
-1020.3207935999949  -3.948228500007882e-09 -172.4086923603616 -6.821202262528144e-11
-1020.3207936000356  2.796929013299587e-08 -172.4086923284441 2.2490254846752374e-10
-1020.3207935999851  -1.106751489357995e-08 -172.4086923674809 -4.963088988352974e-10
-1020.320793600707  4.6620130820892695e-08 -172.40869230979325 3.5693352628496326e-07
-1020.320793599989  -8.33598081114569e-09 -172.40869236474936 -2.351133964066694e-10
-1020.3207936007011  2.4451114287061082e-08 -172.40869233196227 3.6914900405072434e-07
-1020.3207935999949  -3.965268447070739e-09 -172.40869236037867 -1.02649347574393e-11
-1020.3207936007045  -7.924069403863689e-09 -172.40869236433747 3.9350819014282175e-07
-1020.3207935999942  -4.0148218345756344e-09 -172.4086923604282 -4.108193616542906e-10
-1020.320793600876  6.31568749773719e-08 -172.4086922932565 4.384590781137469e-07
-1020.3207935999947  -4.13409142546863e-09 -172.40869236054746 -6.1886740012691055e-12
-1020.3207936007677  6.37596696479665e-08 -172.4086922926537 3.7847548428505143e-07
-1020.3207936000067  6.8959163370131916e-09 -172.40869234951745 -1.1091471083117614e-09
-1020.3207936000036  4.179862440322781e-09 -172.40869235223352 -8.545599597224274e-10
-1020.3207935998792  -5.377434381244932e-09 -172.40869236179083 -6.272337295665402e-08
-1020.3207936007393  6.166189499597698e-08 -172.4086922947515 3.6431632460501147e-07
-1020.3207935996998  -6.72410804936193e-09 -172.40869236313748 -1.6063122464769324e-07
-1020.3207936007982  5.128708461598445e-08 -172.4086923051263 4.0388652379322834e-07
-1020.3207936008341  5.1625685487527055e-08 -172.4086923047877 4.2347194709626957e-07
-1020.3207935999919  -6.142106328667953e-09 -172.4086923625555 -1.5149622161231218e-10
-1020.3207936006929  5.0297532820291126e-08 -172.40869230611585 3.466486593109458e-07
-1020.3207935999924  -5.311884100171494e-09 -172.40869236172526 -4.089175082404716e-10
-1020.3207936001394  -4.754166553990929e-09 -172.40869236116757 8.013001009092165e-08
-1020.320793599995  -3.779402175427656e-09 -172.4086923601928 -7.262125918877811e-11
-1020.3207935999953  -3.602244737534345e-09 -172.40869236001564 -6.901423053173938e-11
-1020.3207935999966  -2.5645213886797212e-09 -172.4086923589779 -8.513185144019451e-11
-1020.3207936000003  5.488832888148068e-10 -172.4086923558645 -1.2043966859101904e-10
-1020.3207935998911  -3.5566173166045834e-09 -172.40869235997 -5.7470154568923034e-08
-1020.3207936007146  5.017697321693574e-08 -172.40869230623642 3.5864544467184635e-07
-1020.3207936007858  5.392692172370997e-08 -172.4086923024865 3.9523969030003646e-07
-1020.3207936006595  5.9495151565003345e-08 -172.40869229691822 3.217917922529714e-07
-1020.3207936001002  -3.1419954975437686e-09 -172.40869235955537 5.737883404348157e-08
-1020.3207935999951  -2.5977720228922797e-09 -172.40869235901118 -8.705985373426595e-10
-1020.3207935999927  -2.568076814237647e-09 -172.40869235898145 -2.1878601283864393e-09
-1020.3207936006356  6.020878882684182e-08 -172.40869229620458 3.081518673335606e-07
-1020.3207936029822  1.271971427414598e-06 -172.40869108444195 7.573385579202102e-07
-1020.3207936007738  2.712844658889789e-07 -172.40869208512893 2.3740775476850242e-07
-1020.320793600339  2.951455278717791e-07 -172.40869206126786 -1.8587992159882318e-08
-1020.3207935999989  -2.594216597334354e-09 -172.4086923590076 1.2321297396035853e-09
-1020.3207935999973  -2.5889239705368215e-09 -172.40869235900232 3.0514216372675777e-10
-1020.3207936007278  3.069450057287135e-07 -172.40869204946839 1.872955754713709e-07
-1020.3207936008927  3.0037003546872405e-07 -172.40869205604335 2.826602818742558e-07
-1020.3207936008102  3.0365776393394186e-07 -172.4086920527556 2.34944616344812e-07
-1020.3207935999944  -3.3446081469001377e-09 -172.408692359758 -7.224398025018071e-10
-1020.3207935999942  -2.5759135732667158e-09 -172.4086923589893 -1.4080307877100664e-09
