 Dim = 2
2086.3275678082023  -7743.168473705721 -23087.898005736723 -13513.37494963685 -2771.3850799469033 -3504.054665089512 -912.4420397383992 -5392.173441438126 -1258.423463776516 -1417.7585778178739 -1320.1180684517326
2108.312554573209  -3385.9899188022728 -7707.523625298141 -17578.22620514895 -2984.8070323000616 -3717.4766174426704 -2144.96824302579 -13032.17478611545 -1476.5367577254005 -1635.8718717667582 -1538.231362400617
2075.639138287698  -11412.022268835823 -36170.15133733461 -9447.78382533342 -2494.0025801876864 -3226.6721653302943 221.5672691457446 1628.9796151693627 -1023.7366973891797 -1183.0718114305375 -1085.4313020643965
1851.7087004522268  -14367.315111302749 -48536.01035385486 2757.6437217021385 -913.7147067526721 -1646.3842918952803 2471.2525528915044 15453.829852459687 -125.8180844064151 -285.1531984477728 -187.51268908163186
2190.2826175661894  -10426.924654680177 -32048.198331827844 -13516.259674345285 -3020.765204666026 -3753.4347898086344 -528.3278254361778 -2979.30379726076 -1323.042901716769 -1482.3780157581266 -1384.7375063919856
2015.6540620597248  -13.908978054468207 3550.897749633681 -17574.601611649166 -2671.4663601748775 -3404.1359453174864 -2627.5993517312554 -16063.892718362637 -1395.3438473466942 -1554.6789613880521 -1457.0384520219109
1947.0631382876986  -8039.941328088016 -24911.72996240278 -9444.159231833637 -2180.661908062502 -2913.33149320511 -261.0638395597214 -1402.7383170778267 -942.5437870104735 -1101.8789010518312 -1004.2383916856902
1681.3351382876986  2076.3014941553974 8863.534162392687 -9433.285451334286 -1240.6398916869493 -1973.3094768295578 -1708.9571656761188 -10497.89211381939 -698.965055874355 -858.3001699157128 -760.6596605495718
1749.9111382876983  -1295.779446592407 -2394.8872125391354 -9436.91004483407 -1553.9805638121336 -2286.650148954742 -1226.326056970653 -7466.174181572202 -780.1579662530611 -939.493080294419 -841.8525709282779
1689.8791382876982  22308.787138642223 76414.06241198361 -9411.537890335587 639.4041410641553 -93.2654440784529 -4604.743817908913 -28688.199707302512 -211.80759360211806 -371.1427076434759 -273.50219827733486
1655.2676590092076  -2280.877060748053 -6516.840218045899 -5368.434195822205 -1027.2179393337938 -1759.8875244764022 -476.4309623887307 -2857.8907691420786 -480.85176192547203 -640.1868759668297 -542.5463666006888
1512.0481797307175  106.10626584411628 619.6281513792023 -1296.3337533105953 -187.11464273027508 -919.7842278728834 -209.16697651228156 -1281.3252889591888 -100.35264721917962 -259.68776126053734 -162.04725189439634
1538.1156590092075  4463.284820747556 16000.002531817747 -5361.185008822638 -400.53659508342554 -1133.2061802260341 -1441.6931797996622 -8921.326633636454 -318.46594116805966 -477.8010552094174 -380.1605458432764
1838.4871382876986  -4667.860387340212 -13653.308587470956 -9440.534638333853 -1867.3212359373176 -2599.990821079926 -743.6949482651872 -4434.456249325014 -861.3508766317673 -1020.6859906731252 -923.045481306984
1586.6916590092073  1091.2038799997517 4741.581156885924 -5364.809602322422 -713.8772672086096 -1446.5468523512181 -959.0620710941965 -5889.608701389266 -399.65885154676585 -558.9939655881235 -461.3534562219826
1491.337221173735  -5236.169903214988 -18882.699234566186 6836.993351213394 553.0699341012253 -179.59965104138303 1773.2543213570361 10966.959468148289 417.0668510572955 257.73173701593777 355.3722463820788
1322.3897418952447  7267.056245620624 22029.033259654505 10919.96757422423 2333.1952470802808 1600.5256619376723 592.6249811170653 3448.3711515894774 1041.1446968996972 881.8095828583396 979.4500922244806
1953.1306175661894  -3682.762773184567 -9531.355581964193 -13509.010487345719 -2394.083860415657 -3126.753445558266 -1493.5900428471095 -9042.739661755137 -1160.6570809593563 -1319.9921950007142 -1222.3516856345732
1374.1852211737355  1507.9919782806303 3634.143515297498 6844.24253821292 1179.7512783515886 447.0816932089801 807.9921039460974 4903.523603653868 579.4526718147049 420.11755777334713 517.7580671394882
1457.4047004522258  -878.9913483115389 -3502.324854127602 2772.1420957013124 339.6479817480699 -393.0216033945385 540.7281180696483 3326.95812347098 198.95355710841258 39.61844306705483 137.25895243319584
1543.8116590092086  17951.60858373878 61033.68803154507 -5346.686634823544 852.8260934173059 120.15650827469744 -3372.2176146215324 -21048.198362625248 6.305700346762023 -153.02941369459575 -55.38890432845477
1669.2001797307175  -6638.055615651493 -21897.21459848444 -1303.5829403101618 -813.7959869806433 -1546.4655721232516 756.09524089865 4782.110575535186 -262.73846797659195 -422.07358201794966 -324.43307265180863
1408.8287004522263  2493.089592436276 7756.096520804262 2775.7666892010543 652.9886538732487 -79.6809312693596 58.097009364174994 295.2401912237465 280.14646748711573 120.81135344575799 218.451862811899
1632.7591382876983  5448.382434903202 20121.95553732451 -9429.660857834504 -927.2992195617653 -1659.9688047043737 -2191.5882743815846 -13529.610046066577 -617.7721454956488 -777.1072595370067 -679.4667501708656
1777.776179730717  -10010.136556399306 -33155.635973416305 -1307.2075338099044 -1127.1366591058222 -1859.8062442484306 1238.7263496041232 7813.82850778242 -343.9313783552951 -503.2664923966529 -405.6259830305118
1492.3862663616003  -209.12497068569024 -699.3968103829619 5.578518373202241 -18.550602897206353 -751.2201880398148 30.799453753933612 193.32540301845057 -4.5746618343510725 -163.90977587570882 -66.2692665095678
1444.1427870831094  -1194.2225848413354 -4821.349815889724 4074.054367385068 508.21202158113334 -224.45756356147513 780.6945483358558 4801.608815448573 294.73154249323807 135.39642845188033 233.03693781802133
1629.2057456400914  -2596.1082972778495 -7835.865179808022 -4066.5219241384475 -858.6538995007302 -1591.3234846433388 -236.464532122523 -1383.2400771644848 -385.07377654064646 -544.4088905820042 -446.76838121586314
2279.6641834755646  -9757.05827705433 -29245.270288083208 -16282.823251673395 -3378.963789311302 -4111.63337445391 -1038.256489751892 -6112.936517713288 -1526.5711206595324 -1685.90623470089 -1588.2657253347493
1806.0252249185824  -4983.091623870009 -14972.333549233079 -8138.622366650097 -1698.757196104254 -2431.4267812468624 -503.72851799897956 -2959.8055573474194 -765.5728912469417 -924.9080052882995 -827.2674959221584
1338.7473078046185  4564.841682498628 13573.53992846716 8149.7794033965 1661.6559903098414 928.986405167233 565.3274255068465 3346.456363384321 756.4235675782396 597.0884535368818 694.7289629030229
1573.0513078046183  -8923.48208049259 -31460.14557126013 8135.281029397367 408.29330180910483 -324.3762833335037 2495.85186032871 15473.32809237307 431.651926063415 272.31681202205715 369.95732138819824
1600.2972249185825  5133.151198373405 18802.930575562386 -8127.7485861507475 -758.7351797287017 -1491.40476487131 -1951.621844115377 -12054.959354088982 -521.9941601108233 -681.329274152181 -583.68876478604
1758.1142663616004  -10325.367792929103 -34474.66093517843 -5.295262126147472 -958.5726192727587 -1691.2422044153673 1478.692779870331 9288.479199760013 -248.15339297046955 -407.4885070118273 -309.8479976456863
1560.6297456400912  775.9726434699552 3422.556195123801 -4062.8973306386642 -545.313227375546 -1277.9828125181546 -719.0956408279889 -4414.958009411672 -303.8808661619403 -463.21598020329805 -365.575470837157
1443.8102663616005  3162.9559700621144 10559.02456454886 9.20311187298548 294.79006922797777 -437.8795159146307 -451.8316549515322 -2838.392529228737 76.6182485443551 -82.71686549700266 14.923643869138353
1648.8732249185823  1761.0702576256003 7544.509200630564 -8131.373179650531 -1072.0758518538858 -1804.7454369964942 -1468.9907354099112 -9023.241421841794 -603.1870704895294 -762.5221845308871 -664.8816751647462
1649.5382663616006  -6953.2868521813 -23216.239560246606 -1.6706686263642352 -645.2319471475746 -1377.9015322901832 996.0616711648652 6256.761267512826 -166.9604825917634 -326.29559663312114 -228.6550872669801
1445.6885262542492  -1154.8186802751095 -4656.471695669454 3911.3153334245935 487.1415166019997 -245.52806854060873 750.6987445525789 4617.277478951368 282.7592943201345 123.42418027877673 221.06468964491776
1488.9077063616003  -6.800114240821786 -23.89152788705204 5.795993983189235 0.24983743030471073 -732.4197477123038 1.841587231605637 11.42232708361917 0.2969127883713017 -159.03820125298643 -61.39769188684543
1766.526963621616  -5396.83262181538 -16703.55381154592 -6429.8625100651125 -1477.5168938233514 -2210.1864789659594 -188.77257827457208 -1024.3265241267673 -639.8642854293543 -799.199399470712 -701.558890104571
1540.962441027683  519.8472637894776 2350.8484136920015 -3005.093609895538 -408.35494501117256 -1141.024530153781 -524.1229162366815 -3216.804322179795 -226.0612530367641 -385.39636707812184 -287.75585771198087
1748.100832973133  -5603.7031207880655 -17569.16394270234 -5575.482581772622 -1366.8967426829001 -2099.566327825509 -31.294608412368575 -56.58700751644301 -577.0099825205607 -736.3450965619184 -638.7045871957773
1556.7425716761659  726.717762762163 3216.4585448484218 -3859.47353818803 -518.9750961516238 -1251.6446812942322 -681.6008860988852 -4184.5438387901195 -288.9155559455578 -448.25066998691557 -350.6101606207746
1739.6364850452842  -5702.21288220363 -17981.359243253017 -5168.634996871435 -1314.2204802350661 -2046.8900653776745 43.69490104582371 404.2413337265698 -547.0793620878017 -706.4144761291594 -608.7739667630184
1462.2859667223547  -499.34892131864433 -2084.868030640433 2040.033918489122 263.6311496694745 -469.0384354731339 376.7891345225667 2315.56403329868 149.95001495216584 -9.385099089191886 88.25541027694912
1558.62944553274  -3339.477150422401 -11117.434782598602 -160.5676334770688 -334.16133967401305 -1066.8309248166215 454.4768921537945 2858.8089228336016 -92.86824576343844 -252.20335980479618 -154.56285043865518
1725.7060935679406  -5869.67947661009 -18682.091254189167 -4476.994102539418 -1224.6708340737484 -1957.3404192163568 171.17706712475047 1187.6495138396904 -496.1973073521115 -655.5324213934693 -557.8919120273283
1552.9053977122421  677.4628820543905 3010.3608945731244 -3656.049745737477 -492.63696492771214 -1225.3065500703206 -644.1061313697966 -3954.1296681686604 -273.95024572918135 -433.28535977053906 -335.6448504043981
1478.9040263616005  600.1744550937829 2002.624319600675 6.448420813150218 56.65115841283784 -676.0184267297707 -85.03201233537817 -534.2869007208744 14.911636656538406 -144.42347738481934 -46.78296801867833
1553.7044010276836  -188.28973376755152 -13.420075043639372 -3005.8547745305336 -474.1564861574664 -1206.826071300075 -422.77038340854114 -2580.143556407931 -243.11176421629537 -402.4468782576531 -304.80636889151214
1417.2624871904604  5787.496008686654 19288.29933052473 174.80557469828858 563.3997051860068 -169.26987995660159 -803.1144270455733 -5049.118359206811 152.73289591663652 -6.602218124721247 91.03829124141976
1524.7901397307173  -602.0307317129225 -1744.64033735648 -1297.0949179455497 -252.91618387656376 -985.5857690191721 -107.81444368413378 -644.6645231872795 -117.40315839870792 -276.73827244006566 -179.09776307392465
1470.1466604522263  -1587.128345868568 -5866.593342863243 2771.380931066317 273.846440601776 -458.82314454083235 642.0806508977886 3963.6188892428436 181.9030459288813 22.567931887523542 120.20844125366455
1472.0141397307175  2770.050209034882 9513.781037575342 -1293.4703244457664 60.42448824862038 -672.2450968939879 -590.4455523895996 -3676.382455434467 -36.21024802000176 -195.5453620613595 -97.9048526952185
1624.5271856400914  -2393.783440832981 -7160.359897312111 -4066.304448528461 -839.8534591732191 -1572.5230443158275 -265.422398644851 -1565.143153099316 -380.20220191792407 -539.5373159592818 -441.8968065931408
1508.0402270831091  -4363.978669144271 -15404.265908325637 4070.6472494952714 213.67178978346027 -518.9977953591481 1234.3677905189936 7651.423671760929 218.41020673725427 59.07509269589656 156.71560206203753
1542.9226604522264  -4959.209286616373 -17125.014717795068 2767.7563375665336 -39.49423152340813 -772.1638166660165 1124.7117596032544 6995.336821490031 100.71013555017514 -58.6249784911826 39.0155308749584
1546.6576190092085  3755.1478231905267 13635.734043082102 -5361.946173457632 -466.33813622971934 -1199.0077213723278 -1340.340646971522 -8284.665867864589 -335.51645234759087 -494.85156638894864 -397.21105702280767
1459.215355839819  -1843.2537255490356 -6938.3011242950015 3829.184651809402 410.80472296614437 -321.86486217646404 837.0533754890885 5161.772576474675 259.7226590540545 100.38754501269673 198.0280543788377
1468.1613551183095  1603.4629753525069 5402.299484911992 -236.64524394762265 112.78078913918901 -619.8887960034194 -265.16242844782397 -1659.6649264958946 19.687279302920764 -139.64783473843698 -42.00732537229597
1580.5008254060385  -1406.4067534195701 -4055.3773936032117 -3129.2501495958095 -605.8954135781348 -1338.5649987207432 -266.69372602497646 -1596.6564238493752 -282.13232718624437 -441.4674412276021 -343.8269318614611
1501.0017153523627  616.0862879390958 2297.316981203091 -1173.6995428802736 -121.17725645589542 -853.8468415985038 -263.89110106769846 -1628.1516557458353 -78.38259542875895 -237.71770947011672 -140.07720010397568
1559.4999278926196  -917.6438977836424 -2523.495906776294 -2640.3806208844244 -486.2825776582008 -1218.9521628008092 -263.57991424212963 -1589.3716421622544 -231.6008587987665 -390.93597284012424 -293.2954634739832
1519.1226128657818  127.32343230316815 765.4354943761741 -1662.5690715916587 -240.79009237582935 -973.4596775184377 -267.0049128505453 -1635.4364374329562 -128.91406381623676 -288.24917785759453 -190.6086684914535
1549.35047913591  -673.2624699656791 -1757.555163362837 -2395.945856528732 -426.4761596982339 -1159.1457448408423 -262.02300835070616 -1585.729251318694 -206.3351246050276 -365.67023864638537 -268.02972928024434
1521.6962178389438  -1087.0034679110502 -3488.7754256756775 -687.185999943748 -205.23585741733123 -937.9054425599396 52.93293137370121 349.7497819019578 -80.62651878744016 -239.9616328287979 -142.32112346265689
1545.566593928695  -427.36582797177596 -928.2461370625415 -2436.3768934738655 -409.8099388942544 -1142.479524036863 -303.30613690590803 -1844.0323407002982 -203.64468292179407 -362.9797969631518 -265.3392875970108
1521.0922545235026  -356.1340897190196 -915.3313110561842 -1337.5259548906836 -236.24996307258425 -968.9195482151927 -149.09757223933565 -902.9676125688843 -114.71271671547437 -274.0478307568321 -176.4073213906911
1507.9855222172982  -214.4303042994296 -550.5114917775192 -808.3341270391583 -142.7035681203854 -875.3731532629938 -90.22169864012292 -546.4282035327428 -69.3074773225913 -228.64259136394904 -131.00208199780803
1489.5570680193212  -389.09520804057604 -1366.9056920714577 330.9478484891579 14.19018689730527 -718.4793982453032 105.26999458165136 652.9396139802759 16.934047200494863 -142.40106684086288 -44.760557474721864
1530.7704024513514  -426.22837534084545 -1066.0570792520996 -1744.5547694668592 -304.5932591266774 -1037.2628442692858 -199.95552626225452 -1212.210057199537 -148.7029826671686 -308.0380967085264 -210.39758734238535
1502.4592594966646  -390.2326606715068 -1229.0947498819 -360.87427551784845 -91.0264928702717 -823.6960780128801 1.9193839379978783 21.117330479514635 -38.0076530541306 -197.34276709548834 -99.70225772934734
1522.9732093162872  -413.7247323924192 -1099.280208499753 -1378.283205250798 -247.78440275987134 -980.4539879024796 -146.94390101104554 -888.4160880482416 -119.3296369663244 -278.6647510076821 -181.0242416415411
1506.2705918028682  -26.124304978926318 94.8486370792076 -889.5224143444062 -137.57178700369295 -870.2413721463014 -129.35115596703466 -790.1797683937046 -71.23395589020775 -230.56906993156554 -132.92856056542448
1519.7460353523627  -462.9796131002015 -1305.3778587750915 -1174.8594128002044 -221.44627153595434 -954.1158566785627 -109.4491462819494 -658.0019174267354 -104.36432674994492 -263.69944079130266 -166.05893142516166
1504.898348253374  -263.6851850072118 -756.6091420528572 -604.910334588565 -116.36543689646842 -849.0350220390768 -52.726943911026815 -316.01403291123677 -54.34216710621184 -213.67728114756957 -116.03677178142858
1495.9102003255248  -193.590899385386 -605.883373856942 -197.88152001238907 -48.02214084237521 -780.6917259849836 -1.8689898881078761 -6.77158828058387 -20.351901154517606 -179.68701519587535 -82.04650582973434
1484.881687190461  54.95840941538633 148.98299314063152 168.64376574865707 30.720562573193757 -701.9490225694146 17.35845775371854 104.80212561340835 14.704948272836024 -144.63016576852172 -46.98965640238071
1511.0159970100835  -339.46256578778537 -959.6288167197247 -849.1638692692683 -160.50482125017618 -893.1744063927846 -78.4154052377235 -471.2423203671565 -75.54825578101544 -234.8833698223732 -137.24286045623217
1492.98372553274  -68.55863789703017 -196.76604891473636 -157.05177778227903 -30.220887712584428 -762.8904728551929 -13.675283290507293 -81.95747144617017 -14.111122696093462 -173.44623673745122 -75.8057273713102
1484.308252397676  45.10743327382987 107.76346308556384 209.32852423877577 35.98818881797716 -696.6813963246312 24.85740869953777 150.8849597377096 17.69801031611192 -141.63710372524582 -43.99659435910482
1481.4784036409662  -47.719232982986966 -252.13793099416046 453.4008292444901 64.46053956542572 -668.2090455771827 74.67742546150782 457.6991438059891 34.84445347198022 -124.49066056937752 -26.85015120323651
1501.2857638750193  -192.075685209447 -542.5150909701051 -482.7473213132154 -91.16233799836269 -823.8319231409711 -44.70902433473312 -268.71706850574867 -42.927193665022976 -202.26230770638068 -104.6217983402397
1487.7441619832457  -70.07385207296913 -260.1343318015729 127.81402351854705 12.919309443403016 -719.7502756992054 29.16475115611791 179.98800877899436 8.464169814411889 -150.87094422694585 -53.23043486080484
1497.6965047038798  -164.03797096071662 -482.224783691739 -319.93579548274516 -63.82501957672541 -796.4946047193339 -24.365842725565564 -145.02009065348764 -29.33108728434529 -188.66620132570304 -91.02569195956202
1491.221421154385  -98.11156632169956 -320.42463907993937 -34.99750231192296 -14.418008978234223 -747.0875941208426 8.821569546950395 56.29103092673361 -5.13193656626578 -164.46705060762352 -66.82654124148252
1495.9168751183097  -150.01911383635147 -452.079630052556 -238.53003256750995 -50.156360365906764 -782.8259455085152 -14.19425192098177 -83.17160172735703 -22.53303409400644 -181.86814813536418 -84.22763876922318
1492.975050739955  -112.13042344606471 -350.56979271912235 -116.40326522715819 -28.086668189052872 -760.7562533316612 -1.3500212576334043 -5.557457999397016 -11.92998975660463 -171.26510379796238 -73.62459443182136
1492.9730263616002  -242.84578009316832 -811.9810241322803 5.542272438204408 -21.684009618458198 -754.3535947610667 35.625764840988275 223.64258234092247 -5.386590938138134 -164.72170497949588 -67.08119561335486
1490.07657594717  12.901838042291192 58.54753222308351 -75.57352299704839 -10.285415059262123 -742.9550002018706 -13.156314660032864 -80.74334116498363 -5.689211298180504 -165.02432533953825 -67.38381597339723
1494.14724553274  -136.0002567119863 -421.934476413373 -157.1242696522747 -36.48770115508812 -769.1572862976966 -4.02266111639797 -21.323112801226387 -15.734980903667587 -175.07009494502535 -77.42958557888431
1491.815530739955  -44.68880463110855 -125.40136522048572 -116.33077335716251 -21.819854746549183 -754.4894398891576 -11.002643431742728 -66.19181664434082 -10.306131549030505 -169.64124559038825 -72.00073622424725
1490.65133594717  -20.818971365186883 -54.036681526234815 -75.60976893204621 -13.418821780513966 -746.0884069231224 -8.330003572978201 -50.426161842511725 -6.501140401967565 -165.83625444332532 -68.1957450771843
1490.6426611543852  -64.39075691422148 -207.84042533062103 -34.96125637692512 -11.284602256982378 -743.9541873995908 3.995258459895732 25.97385160426171 -4.320007462478717 -163.65512150383645 -66.01461213769545
1492.394290739955  -78.40961403858662 -237.985578969804 -116.36701929216035 -24.953261467801028 -757.6228466104094 -6.176332344688065 -35.87463732186892 -11.118060652817567 -170.45317469417532 -72.81266532803431
1487.1827515688153  50.790528432577645 160.05736955651616 46.55324434330314 11.784277117591708 -720.8853080250167 -0.3120839966844873 -3.1291974370235422 4.913833039221279 -154.42128100213645 -56.78077163599545
1551.0360112080612  -1210.1427536784577 -3633.3452426546496 -1989.5694687825169 -414.53418462667383 -1147.2037697692822 -124.29145476080345 -730.7775788835474 -186.95958252150047 -346.29469656285823 -248.65418719671723
1526.5523955864157  235.68416986028916 1218.850324981918 -2110.101414982964 -298.7339810684467 -1031.403566211055 -349.4933732545567 -2142.3476128002694 -161.83774629227156 -321.1728603336293 -223.53235096748827
1459.8482763079246  -277.32211259066344 -1326.9236880343892 1958.881877118872 271.8963375074188 -460.7732476351896 332.83336610860044 2041.495289115247 148.83546548833647 -10.499648553021277 87.14086081311973
1492.801206722355  -2151.6685822850686 -7601.494504357026 2038.2578676742282 110.09422032813427 -622.5753648144741 613.2783777882449 3801.105820099802 110.16548886659983 -49.169625174757904 48.4708841913831
1488.3349463616003  26.920695166655918 88.69268586226504 5.832239918187067 3.3832441515565206 -729.2863409910519 -2.984723855448972 -18.894852238852394 1.108841892158355 -158.2262721491994 -60.58576278305838
1475.5187671904607  628.2121693425133 2062.914626879042 169.25994664362022 83.98847683447508 -648.6811083081334 -64.68883072621065 -410.5899228686136 28.507743037216073 -130.82737100414167 -33.18686163800066
1504.5163118028681  75.0381232435079 432.60127832716256 -889.4136765394127 -128.17156683993744 -860.8411519825459 -143.83008922819863 -881.1313063611203 -68.79816857884657 -228.13328262020434 -130.4927732540633
1477.6043600914718  -116.67606597388209 -540.6746413796336 738.1941386753206 101.33392327890948 -631.335661863699 127.17008208224235 780.2789826760975 55.79588777491145 -103.53922626644629 -5.898716900305283
1479.9700505059022  -338.7028747018631 -1298.6189839856777 819.3461800455709 93.06873544096526 -639.6008497016433 171.12585049620873 1054.3477268595311 56.91043723874087 -102.42467680261687 -4.784167436475858
1493.0070019832456  -373.5611367402718 -1273.3922555454378 127.48781010356655 -15.281351047863584 -747.950936190472 72.60155093960987 452.84262268124144 1.1568078803283282 -158.1783061610294 -60.5377967948884
1481.4710784337512  -4.147447433952436 -98.33418718977447 412.75231668936925 62.326320041894164 -670.3432651007142 62.35216342863392 381.29913035921595 32.66332053249139 -126.67179350886634 -29.031284142725344
1490.149828019321  -422.81601744805414 -1479.4899058207761 330.9116025541601 11.056780176053426 -721.612804966555 110.09630566870601 683.2567933027478 16.1221180967078 -143.21299594464995 -45.57248657850893
1491.514843875019  381.1780747176799 1371.4165427683051 -482.13114041825224 -37.89442373708137 -770.5640088796897 -126.75631281466232 -784.1091169877707 -29.124398900642923 -188.45951294200066 -90.81900357585965
1488.8974908303476  -0.025647943925298643 -0.10731903913470343 0.10592714431375741 0.013714843690042444 -732.6558702989183 0.01952430638645502 0.119981496050748 0.007792762094039757 -159.3273212792637 -61.686811913122696
1483.7258820736615  42.03092342916978 90.32814187841305 244.32321589001944 41.019692476145956 -691.6498926664624 30.534296720137903 185.665448274443 20.401952333110586 -138.93316170824716 -41.292652342106145
1499.476158758134  -171.28236178818503 -488.58572848300383 -407.03162523685546 -77.72980137415863 -810.3993865167671 -36.359496455368514 -218.17092516718654 -36.41826050096136 -195.7533745423191 -98.1128651761781
1486.7620403255248  345.9420511342628 1195.4640461321499 -197.30158505242375 2.112366697654263 -730.5572184449541 -79.08996728098242 -491.846457440134 -7.361035493924619 -166.69614953528236 -69.05564016914136
1487.988809172705  415.99025526330666 1455.4910588945881 -325.00968142665704 -10.793227902058707 -743.4628130446672 -108.23519413071386 -671.7144847230776 -15.817412546242466 -175.15252658760022 -77.5120172214592
1494.7586315688154  -387.57999386463695 -1303.5374091846206 46.08204718833132 -28.95001025868223 -761.6195954012907 62.42996013502607 390.99413375511085 -5.641245310010523 -164.97635935136825 -67.33584998522726
1483.6936178799886  62.35432231985951 161.6807684221658 227.25301537339345 40.31132471630204 -692.3582604263064 25.06810794448038 151.7584115117379 19.534592254278838 -139.8005217870789 -42.160012420937896
1488.8974908326281  -0.025648078033214346 -0.10731948688297852 0.10592714416960705 0.013714831228460062 -732.6558703113799 0.01952432558073095 0.11998161662240094 0.007792758864991531 -159.32732128249276 -61.68681191635174
1488.8974908296805  -0.0256479047082696 -0.10731890820017197 0.10592714435591115 0.013714847334169158 -732.6558702952742 0.019524300773494197 0.11998146079211325 0.007792763038306749 -159.32732127831943 -61.68681191217843
1483.7258820730017  42.03092346838718 90.32814200934885 244.3232158900616 41.019692479790116 -691.6498926628183 30.534296714524885 185.66544823918403 20.40195233405486 -138.9331617073029 -41.29265234116187
1501.2644142894492  -279.21925630751605 -850.1225785788772 -401.4502962029737 -86.89389895129956 -819.563484093908 -20.058500268985334 -115.9170416122023 -38.56492778604531 -197.90004182740302 -100.25953246126204
1486.0625429017807  -267.13945635766277 -975.2236882054667 406.7722823705533 37.022943688908946 -695.6466414536994 99.14058919423897 612.5342193161634 25.878767676861916 -133.45634636449583 -35.81583699835482
1480.3662576048907  237.58131357714183 742.0492155264061 250.23075833888146 60.05625539027162 -672.6133297523368 3.39849312302902 15.064717927179458 25.562646982110184 -133.77246705924756 -36.13195769310654
1480.3745168658575  287.9275654622902 919.6371683096446 203.8921789449277 57.68591328376962 -674.9836718588388 -10.748831840676978 -72.63764114242056 23.092394017288402 -136.24272002406934 -38.60221065792833
1483.6936178773533  62.35432247672875 161.68076894590772 227.25301537356208 40.31132473087865 -692.3582604117298 25.06810792202838 151.75841137070233 19.534592258055934 -139.8005217833018 -42.1600124171608
1488.8974908328407  -0.025648090543369112 -0.10731952865083533 0.1059271441561601 0.01371483006599084 -732.6558703125424 0.01952432737125436 0.11998162786983575 0.007792758563772226 -159.32732128279397 -61.686811916652964
1488.897490832595  -0.02564807607709875 -0.10731948035206364 0.10592714417170965 0.013714831410226332 -732.6558703111982 0.019524325300760734 0.11998161486372705 0.00779275891209085 -159.32732128244567 -61.68681191630464
1488.8974908303387  -0.02564794341951641 -0.10731903744604009 0.10592714431430107 0.013714843737040766 -732.6558702988714 0.019524306314064634 0.11998149559601719 0.007792762106217974 -159.32732127925152 -61.68681191311052
1488.8974908304988  -0.025647952827590068 -0.10731906885692832 0.1059271443041885 0.01371484286282328 -732.6558702997456 0.01952430766060082 0.11998150405448131 0.0077927618796905275 -159.32732127947804 -61.686811913337046
1491.8129870417588  -55.581751018367385 -163.85230117158284 -106.16864521838231 -21.28629986566631 -753.9558850082747 -7.9213279235242275 -47.091813282647365 -9.760848314158302 -169.095962355516 -71.45545298937503
1490.648792248974  -31.711917752445707 -92.48761747733194 -65.447640793266 -12.885266899631095 -745.5548520422396 -5.248688064759701 -31.32615848081825 -5.955857167095362 -165.2909712084531 -67.6504618423121
1490.0669709295196  -25.441333240859297 -76.7997623247765 -39.802831948541936 -8.407301878554346 -741.0768870211627 -2.3100840711038115 -13.511329331823063 -3.769814311430327 -163.10492835278805 -65.46441898664706
1488.9111898349306  9.321446412320764 33.015857320570035 -9.24395566220562 -0.5398237934020074 -733.2094089360104 -2.7187597205576903 -16.84567789168682 -0.5101063992395825 -159.84522044059733 -62.20471107445631
1491.085139666088  -39.57381058844025 -115.40428026756565 -81.73423026656272 -16.089009749982583 -748.7585948925911 -6.559059562618289 -39.14827936767377 -7.437257170731188 -166.77237121208893 -69.13186184594792
1489.6343402106017  -6.686494017605922 -15.43216358344565 -33.67837061402543 -5.73711390908573 -738.4066990516942 -4.0810280814637245 -24.789211806661008 -2.8336975426667053 -162.16881158402444 -64.52830221788344
1488.9112915828584  9.75716426781106 34.55389475861373 -9.650440787756786 -0.5611659886373208 -733.2307511312458 -2.8420123408864155 -17.60967802615447 -0.5319177286344683 -159.8670317699922 -62.226522403851206
1489.051960792951  -11.308855893278334 -38.19524438198734 2.128566369478854 -0.7255940071261102 -733.3951791497345 1.9388914204106653 12.125620704027643 -0.10237145212946575 -159.4374854934872 -61.7969761273462
1490.2492121466335  -18.466069937563645 -50.179371065310654 -56.07347321043961 -10.232345771555039 -742.9019309141635 -5.744032447266428 -34.67300912056607 -4.893965509399848 -164.22907955075758 -66.58857018461659
1489.4524471934878  -13.661757320901568 -42.05255484291149 -17.407729352127756 -3.912070016085039 -736.5816551586935 -0.6470797053011079 -3.627532017918 -1.709546344697184 -161.04466038605491 -63.40415101991392
1488.9087853421458  -34.587547230788516 -121.91372862130899 31.404194433565266 1.5630616629170349 -731.1065234796915 9.654765423186742 59.85750734831103 1.66290724921138 -157.67220679214637 -60.03169742600536
1488.89749083299  -0.02564809931088511 -0.1073195579230833 0.10592714414673604 0.013714829251295284 -732.6558703133571 0.01952432862611035 0.11998163575239727 0.007792758352668118 -159.32732128300506 -61.686811916864066
1488.8974908301607  -0.025647932932490573 -0.10731900243283668 0.1059271443255734 0.0137148447115167 -732.6558702978969 0.019524304813102765 0.11998148616750559 0.007792762358724412 -159.32732127899902 -61.68681191285801
1488.897490830382  -0.025647945948801952 -0.10731904589060677 0.10592714431158239 0.01371484350201437 -732.6558702991064 0.019524306676070146 0.11998149787000778 0.007792762045317877 -159.32732127931243 -61.68681191317142
1489.02059347457  5.0930819023518605 19.315043898419585 -11.283268017611478 -1.241882046616451 -733.9114671892248 -2.4180237156610622 -14.905414492756208 -0.7734295759335789 -160.1085436172913 -62.468034251150314
1489.8006946668181  -17.772682312245493 -52.69569788487916 -32.46942655852131 -6.581775272542829 -739.2513604151512 -2.311640005231691 -13.705229399741185 -3.0037229945802966 -162.33883703593804 -64.69832766979702
1489.2862177372713  -2.5755690262620003 -4.789020541477981 -18.616673407631875 -3.06740865262794 -735.7369937952362 -2.4164677815331412 -14.711514424837825 -1.5395208927835926 -160.8746349341413 -63.23412556800032
1489.0321594224977  4.854383569692671 18.601397061477158 -11.690478061862597 -1.3258923762767942 -733.9954775188853 -2.444750114248705 -15.063071040774485 -0.8114794874042042 -160.14659352876194 -62.50608416262094
1489.1045793201574  -9.550832329557648 -31.409411800943822 -2.3460321457342013 -1.242364759627249 -733.9119499022356 1.017480594629476 6.450165363905185 -0.4153696948140713 -159.75048373617182 -62.109974370030805
1489.5061163999726  -7.546555202277429 -19.886347881429373 -25.947179122852898 -4.642262720939333 -737.3118478635479 -2.801016734369686 -16.942988702717777 -2.240657881330673 -161.57577192268843 -63.93526255654741
1489.2325761307866  -8.690771144886138 -26.9552275029601 -10.077223636906734 -2.337215947773646 -735.0068010903819 -0.26253075246456214 -1.3960577400380512 -1.0084093561501037 -160.34352339750785 -62.703014031366834
1489.0930107722295  -9.31213399689846 -30.695764964001395 -1.938822101483081 -1.1583544299669057 -733.8279395725754 1.0442069932171187 6.607821911923461 -0.37731978334344596 -159.71243382470118 -62.071924458560176
1489.0664638745698  2.3954171497535395 10.308306798473868 -11.286167692411304 -1.4925545843166057 -734.162139726925 -2.0319188286966785 -12.480040146958387 -0.8383839042365456 -160.17349794559428 -62.532988579453274
1489.3544377017765  -9.672091143591746 -29.065388257703006 -15.77562704097347 -3.294022092530997 -735.9636072351395 -0.9745421087854618 -5.725451964867402 -1.484273079473846 -160.8193871208316 -63.178877754690575
1489.1643631662814  -1.594249027556283 -2.6788597867346144 -12.91827000356559 -2.1106025078706474 -734.7801876504791 -1.7044564252123244 -10.382120200008988 -1.0636571694598835 -160.39877121081764 -62.75826184467662
1488.960216272766  19.695317324432803 70.15024336194011 -21.441409103541705 -1.4307621881616293 -734.1003473307701 -6.030233443455474 -37.340307579920946 -1.2294006093891987 -160.56451465074693 -62.92400528460593
1488.897490832603  -0.025648076549187125 -0.10731948192823276 0.1059271441712022 0.013714831366358912 -732.6558703112421 0.019524325368328665 0.1199816152881649 0.007792758900723914 -159.32732128245704 -61.68681191631601
1488.8974908308323  -0.02564797245313871 -0.10731913438106613 0.10592714428309331 0.013714841039177077 -732.6558703015692 0.019524310469519253 0.11998152169911344 0.007792761407146885 -159.3273212799506 -61.686811913809585
1488.8974908306566  -0.025647962100888298 -0.10731909981783966 0.10592714429422077 0.013714842001129402 -732.6558703006073 0.019524308987847197 0.11998151239177363 0.0077927616564082034 -159.32732127970132 -61.68681191356033
1489.1107635597964  -7.709451146180424 -24.845066748216727 -4.378820232840448 -1.3804098030163536 -734.0499949456247 0.4494806038562541 2.9333364847907877 -0.5325456328263948 -159.86765967418413 -62.22715030804313
1489.2394374059204  -3.799364973076726 -9.624620383926718 -14.955407602871578 -2.6246563578100015 -735.2942415004185 -1.693299085538944 -10.260887560426488 -1.2782645999266617 -160.61337864128438 -62.972869275143395
1489.1574962911473  -6.485655199365587 -20.009466905767532 -8.040086037601197 -1.8231620978343503 -734.4927472404429 -0.27368809213802603 -1.5172903796210626 -0.7938019256833588 -160.1289159670411 -62.48840660090009
1489.1165032597964  -8.04665924025554 -25.970908885711037 -4.379182692190427 -1.4117438702289031 -734.0813290128373 0.497743714726849 3.23650827801581 -0.5406649238642736 -159.875778965222 -62.23526959908101
1489.089306726642  0.6108669179642696 4.266900810457948 -10.881132404260054 -1.5965486579313521 -734.2661338005398 -1.7156137648857883 -10.503352839591999 -0.8490497389931387 -160.18416378035087 -62.54365441420987
1489.1923940307865  -6.330314486362563 -19.074332540507438 -10.074686421456885 -2.1178774772860063 -734.7874626198943 -0.6003725285584047 -3.518260292611185 -0.9515743188850067 -160.28668836024275 -62.64617899410174
1489.1372136657446  -21.159873714793985 -72.001288262868 6.594465860292429 -0.9608408677254353 -733.6304260103338 4.018616907085006 25.07719908154356 0.015763805646239526 -159.3193502357115 -61.67884086957049
1488.8974908335886  -0.02564813451535015 -0.10731967546080219 0.10592714410889535 0.013714825980024242 -732.6558703166284 0.019524333664770542 0.11998166740347856 0.007792757505015578 -159.32732128385274 -61.686811917711715
1488.8974908325977  -0.02564807624594241 -0.1073194809157847 0.10592714417152817 0.013714831394537032 -732.6558703112139 0.019524325324926584 0.11998161501552837 0.0077927589080254355 -159.32732128244973 -61.686811916308706
1488.897490832147  -0.02564804974123128 -0.1073193924240754 0.10592714420001764 0.013714833857409113 -732.655870308751 0.01952432153142389 0.11998159118608612 0.007792759546205442 -159.32732128181155 -61.68681191567053
1488.8974908304604  -0.02564795056860414 -0.10731906131481532 0.10592714430661664 0.013714843072732881 -732.6558702995356 0.019524307337282106 0.11998150202350746 0.0077927619340823545 -159.32732127942367 -61.686811913282654
1489.1294608266421  -1.7495897405593084 -3.61399415199471 -10.883669619709902 -1.8158871284189917 -734.4854722710274 -1.3777719887919457 -8.381150287018865 -0.9058847762582358 -160.24099881761597 -62.600489451474964
1489.10087507457  0.3721685853047054 3.553253973514269 -11.288342448511175 -1.6805589875917302 -734.3501441302001 -1.7423401634733775 -10.661009387609939 -0.887099650463773 -160.2222136918215 -62.581704325680505
1489.045586033127  12.45860663585942 45.57242410932329 -19.414420366035564 -1.7940622201728575 -734.4636473627813 -4.690023678753622 -28.972730009211762 -1.242133327982833 -160.57724736934057 -62.936738003199565
1488.8974908327382  -0.0256480845073018 -0.1073195084981194 0.10592714416264817 0.013714830626874586 -732.6558703119815 0.019524326507338603 0.1199816224430225 0.007792758709108558 -159.32732128264863 -61.68681191650762
1488.897490832675  -0.025648080798356884 -0.1073194961150048 0.10592714416663485 0.01371483097151735 -732.6558703116368 0.019524325976493638 0.11998161910844216 0.007792758798412474 -159.32732128255932 -61.68681191641832
1488.8974908301009  -0.025647929425334424 -0.10731899072343752 0.10592714432934318 0.013714845037408836 -732.655870297571 0.019524304311138937 0.11998148301434634 0.007792762443169661 -159.32732127891458 -61.686811912773564
1489.122603751508  -6.640995912368721 -20.944601271028088 -6.005485653745058 -1.5284467183826362 -734.198031860991 0.052996344282435714 0.48367953336957115 -0.6360295324816778 -159.9711435738394 -62.33063420769841
1489.15824307457  -2.9999123554431018 -7.705167401417562 -11.291967042010958 -1.9938996597169147 -734.6634848023253 -1.2597090547679113 -7.629291455362749 -0.9682925608424793 -160.30340660220023 -62.66289723605921
1494.4499097409453  -124.00477302084755 -376.30391650533414 -184.37725849087082 -39.51566564779381 -772.1852507904023 -9.819168048514332 -57.04936050993331 -17.610423811936787 -176.94553785329452 -79.30502848715352
1487.3895868627176  -118.44608926329776 -434.8800719259697 192.46763096088793 18.255430652994328 -714.4141544896141 45.76960491441353 282.6673789794313 12.435567232547111 -146.8995468088106 -49.259037442669616
1488.6271209657102  -202.03579522836614 -716.2114574679501 203.36552550940922 12.157513623980334 -720.5120715186281 59.377468254227246 367.87097441309606 11.29506413926239 -148.04004990209538 -50.399540535954344
1490.9273347905669  114.94690978217903 427.6520836219798 -214.2349702003073 -21.887204909832256 -754.5567900524408 -48.52514889199734 -299.4296795534685 -14.247336785063549 -173.5824508264213 -75.94194146028028
1488.84015683259  3.34643286494026 11.151101895479723 0.10955173767178263 0.327055503560458 -732.3425296390479 -0.46310678344328515 -2.911736317625807 0.08898566929728732 -159.24612837206047 -61.60561900591944
1488.8974908306068  -0.025647959167276472 -0.10731909002334222 0.10592714429737407 0.013714842273726626 -732.6558703003346 0.019524308567972246 0.11998150975426766 0.007792761727043661 -159.3273212796307 -61.68681191348969
1488.8974908301175  -0.02564793040320503 -0.10731899398827 0.10592714432829209 0.013714844946543096 -732.6558702976619 0.019524304451097256 0.119981483893515 0.007792762419624509 -159.32732127893811 -61.68681191279711
1489.1287092432194  -5.235332584482168 -15.91829365634593 -7.631788615300143 -1.6451495665364626 -734.3147347091448 -0.3917510261620072 -2.269149211276842 -0.7313941410991244 -160.06650818245686 -62.425998816315854
1489.1110346035803  -6.402297579709532 -20.23095443408566 -5.598275609493939 -1.444436388722293 -734.1140215313306 0.07972274287007863 0.6413360813878475 -0.5979796210110525 -159.93309366236878 -62.29258429622779
1489.1006819787142  -0.49926712567599774 0.4771790974264345 -10.475372197408397 -1.6378745971210453 -734.3074597397296 -1.4958349228158438 -9.133009118674135 -0.843476991673968 -160.17859103303172 -62.5380816668907
1489.1403715390752  -5.038313061651061 -15.093903055244668 -8.445483785102425 -1.7505020914321188 -734.4200872340405 -0.5417300450783751 -3.190805893762766 -0.7912553819646356 -160.12636942332236 -62.48586005718137
1489.1266080929508  -15.692561116250372 -52.83119216939834 2.1238543979291356 -1.1329368808888396 -733.8025220234972 2.5663118617277556 16.06685401594889 -0.20792223562178114 -159.5430362769795 -61.90252691083852
1488.8974908329394  -0.025648096343579427 -0.10731954801609164 0.10592714414992555 0.01371482952702341 -732.6558703130813 0.019524328201412946 0.11998163308459836 0.007792758424114856 -159.32732128293364 -61.68681191679262
1488.8974908307111  -0.025647965304425358 -0.10731911051354083 0.10592714429077735 0.013714841703450173 -732.655870300905 0.019524309446355363 0.11998151527195976 0.00779276157927349 -159.32732127977846 -61.68681191363746
1488.897490831047  -0.025647985064749426 -0.10731917648765556 0.10592714426953731 0.013714839867280362 -732.655870302741 0.019524312274563606 0.11998153303776368 0.0077927611034847265 -159.32732128025427 -61.68681191411325
1489.1177961307862  -1.946609263390525 -4.438384753096431 -10.069974449907168 -1.710534603523277 -734.3801197461316 -1.2277929698754946 -7.459493604532431 -0.8460235353926913 -160.18113757675044 -62.54062821060942
1489.106514426642  -0.4007573642603348 0.889374397977523 -10.88221978230999 -1.6905508595689318 -734.3601360021773 -1.570824432274111 -9.593837459917607 -0.8734076121067569 -160.2085216534645 -62.568012287323484
1489.0851767934876  7.919560699884248 30.00134195665174 -17.384531953729145 -1.9066897144838726 -734.5762748570924 -3.73591880101607 -23.030526784299884 -1.1899117182734675 -160.5250257596312 -62.8845163934902
1488.8974908332486  -0.025648114519169082 -0.10731960869922787 0.10592714413038891 0.01371482783811037 -732.6558703147703 0.019524330802805124 0.11998164942562399 0.007792757986483302 -159.32732128337125 -61.68681191723025
1488.8974908337586  -0.025648144530661988 -0.1073197088990864 0.10592714409813006 0.01371482504938094 -732.655870317559 0.01952433509821806 0.1199816764078889 0.007792757263867061 -159.32732128409387 -61.686811917952866
1488.897490830651  -0.025647961763575353 -0.10731909869164744 0.10592714429458334 0.013714842032473213 -732.6558703005759 0.01952430893956908 0.11998151208850756 0.007792761664530018 -159.32732127969322 -61.686811913552205
1488.897490830909  -0.025647976938165465 -0.10731914935529778 0.10592714427827243 0.013714840622419198 -732.6558703019859 0.0195243111114414 0.11998152573144134 0.007792761299156483 -159.32732128005858 -61.68681191391758
1489.1170477473636  -5.4323521073132754 -16.74268425744719 -6.818093445497859 -1.539797041640806 -734.2093821842492 -0.2417720072456393 -1.3474925287909194 -0.6715329002336131 -160.00664694159136 -62.366137575450345
1489.1108535077246  -7.273733290690125 -23.307029310173036 -4.785305358391612 -1.4017519982516666 -734.0713371408601 0.326227983527529 2.1693363503231415 -0.5543569622212807 -159.88947100357902 -62.248961637438015
1489.1149561970951  -15.88958063908148 -53.655582770499606 2.937549567731419 -1.0275843559931832 -733.6971694986016 2.7162908806441237 16.988510698434812 -0.14806099475626988 -159.483175036114 -61.842665669973
1488.8974908313785  -0.025648004555522637 -0.10731924156181646 0.105927144248587 0.013714838056157768 -732.6558703045523 0.01952431506419222 0.11998155056122403 0.007792760634186204 -159.32732128072357 -61.68681191458255
1488.8974908303624  -0.02564794480208768 -0.10731904206205323 0.10592714431281497 0.01371484360856941 -732.6558702989998 0.019524306511945977 0.1199814968390378 0.0077927620729284445 -159.32732127928483 -61.686811913143806
1489.1061322349308  -2.1436287862216323 -5.262775354197691 -9.256279280104883 -1.6051820786276205 -734.2747672212361 -1.077813950959127 -6.537836922046509 -0.78616229452718 -160.12127633588494 -62.48076696974391
1489.0948497307863  -0.5977768870915514 0.06498379687580247 -10.068524612507256 -1.585198334673217 -734.2547834772815 -1.4208454133576598 -8.672180777431173 -0.8135463712412123 -160.14866041259896 -62.50815104645794
1489.0610262183534  4.039778810299174 16.048261250097994 -12.505260609714817 -1.5252471028100303 -734.1948322454184 -2.4499398005533957 -15.075212343586013 -0.8956986013833337 -160.23081264274106 -62.59030327660007
1489.0735056976318  7.722541177053141 29.17695135555048 -16.57083678392686 -1.801337189588216 -734.4709223321968 -3.585939782099702 -22.10887010181396 -1.1300504774079563 -160.4651645187657 -62.82465515262469
1488.8974908303032  -0.025647941328999765 -0.10731903046639822 0.10592714431654814 0.013714843931295857 -732.6558702986771 0.019524306014858186 0.1199814937165081 0.0077927621565533995 -159.3273212792012 -61.68681191306018
1488.8974908305308  -0.025647954715943572 -0.10731907516160481 0.10592714430215873 0.013714842687353603 -732.655870299921 0.01952430793087255 0.11998150575223272 0.0077927618342227825 -159.32732127952352 -61.68681191338251
1488.897490833119  -0.02564810689799298 -0.10731958325428351 0.10592714413858079 0.013714828546285673 -732.6558703140621 0.01952432971201972 0.11998164257369585 0.007792758169985857 -159.32732128318776 -61.68681191704675
1489.105387051508  -5.629371630144492 -17.56707485854891 -6.004398275695124 -1.4344445167450912 -734.1040296593535 -0.09179298832918814 -0.42583584630448446 -0.6116716593680687 -159.9467857007258 -62.3062763345848
1489.0991948118688  -7.470752813521233 -24.1314199112743 -3.9716101885893282 -1.2963994733560105 -733.9659846159644 0.476207002443897 3.090993032809064 -0.4944957213557694 -159.82960976271352 -62.1891003965725
1489.1033051012396  -16.08660016191259 -54.47997337160086 3.751244737533703 -0.9222318310975269 -733.591816973706 2.8662698995604914 17.910167380920736 -0.08819975389075863 -159.4233137952485 -61.78280442910749
1488.8974908326147  -0.02564807725750688 -0.10731948429311142 0.10592714417044086 0.01371483130054039 -732.6558703113078 0.019524325469707355 0.11998161592498997 0.007792758883669003 -159.3273212824741 -61.68681191633306
1488.897490830036  -0.02564792561493356 -0.1073189780015903 0.10592714433343892 0.013714845391479095 -732.6558702972169 0.019524303765773028 0.11998147958855057 0.007792762534916431 -159.32732127882284 -61.68681191268182
1488.8974908305877  -0.02564795805425606 -0.1073190863072829 0.10592714429857043 0.013714842377150763 -732.6558703002313 0.019524308408670532 0.11998150875359063 0.007792761753842949 -159.3273212796039 -61.68681191346289
1489.094469139075  -2.3406483090527397 -6.087165955298953 -8.4425841103026 -1.4998295537319644 -734.1694146963404 -0.9278349320427587 -5.616180239560586 -0.7263010536616689 -160.0614150950194 -62.4209057288784
1489.0831858349306  -0.7947964099226588 -0.759406804225458 -9.25482944270497 -1.4798458097775606 -734.149430952386 -1.270866394441292 -7.75052409494525 -0.7536851303757011 -160.08879917173346 -62.44828980559243
1489.082434251508  -4.280539253845518 -13.063706308576677 -6.002948438295211 -1.3091082478950313 -733.9786933905035 -0.28484543181135313 -1.6385230192032259 -0.5791944952165897 -159.91430853657434 -62.27379917043332
1489.0705912597966  -5.34899448765722 -16.96417178576532 -4.3762830173906 -1.1610713325287487 -733.8306564751372 0.11163882776246536 0.8111339322179907 -0.4757105955613067 -159.81082463691905 -62.17031527077804
1489.0602426349305  0.5540359663766887 3.7439617457480248 -9.253379605305057 -1.3545095409274661 -734.0240946835358 -1.4639188379235104 -8.963211267844327 -0.7212079662242132 -160.05632200758197 -62.415812641440944
1489.0940949473636  -4.083519731014301 -12.239315707474958 -6.816643608097946 -1.4144607727907461 -734.0840459153992 -0.4348244507278043 -2.560179701689661 -0.6390557360821343 -159.9741697774399 -62.333660411298865
1489.0803331012396  -14.737767785613613 -49.97660482162863 3.7526945749336162 -0.796895562247467 -733.4664807048559 2.6732174560783264 16.697480208021993 -0.05572258973927974 -159.39083663109705 -61.75032726495601
1488.8974908306886  -0.025647963989241802 -0.10731910612251615 0.10592714429219102 0.013714841825659725 -732.6558703007827 0.019524309258118926 0.11998151408952504 0.0077927616109404576 -159.3273212797468 -61.686811913605794
1489.0715227390751  -0.9918159327537661 -1.5837974053267203 -8.441134272902687 -1.3744932848819045 -734.0440784274903 -1.1208873755249238 -6.828867412459328 -0.6938238895101899 -160.02893793086793 -62.38842856472692
1489.0389082017762  8.874354030521381 32.8559293044227 -15.755691776724662 -1.570648395842465 -734.240233538451 -3.6290132066655527 -22.399900592227116 -1.0377120723909572 -160.37282611374872 -62.73231674760769
1488.8974908306216  -0.02564796004406551 -0.10731909295069202 0.10592714429643162 0.013714842192253591 -732.6558703004162 0.019524308693463204 0.11998151054255747 0.007792761705932349 -159.3273212796518 -61.6868119135108
1489.0707743556522  -4.477558776676625 -13.88809690967794 -5.189253268492927 -1.2037557229993752 -733.8733408656078 -0.13486641289498513 -0.7168663367173034 -0.5193332543510785 -159.85444729570884 -62.213937929567805
1489.064580916013  -6.318939960053368 -20.452441962403327 -3.1564651813871314 -1.065710679610294 -733.7352958222186 0.4331335778780997 2.799962542396246 -0.40215731633877927 -159.7372713576965 -62.09676199155551
1489.068682805384  -14.93478730844472 -50.80099542272989 4.5663897447359 -0.6915430373518108 -733.3611281799602 2.8231964749946945 17.619136890507917 0.004138651126231463 -159.33097539023152 -61.690466024090505
1488.8974908326825  -0.02564808123637703 -0.10731949757742976 0.10592714416616403 0.01371483093081562 -732.6558703116775 0.01952432603918553 0.11998161950225048 0.007792758787865831 -159.32732128256987 -61.686811916428866
1488.8974908303956  -0.025647946757828898 -0.10731904859171817 0.10592714431071278 0.013714843426837927 -732.6558702991815 0.019524306791862612 0.11998149859737511 0.007792762025838139 -159.3273212793319 -61.686811913190894
1489.0598604432193  -1.1888354555848735 -2.4081880064279817 -7.627439103100403 -1.269140759986248 -733.9387259025946 -0.9709083566085559 -5.907210729973404 -0.6339626486446787 -159.96907669000242 -62.32856732386141
1489.048579539075  0.3570164435455814 2.9195711446467625 -8.439684435502773 -1.24915701603181 -733.9187421586402 -1.3139398190071423 -8.041554585358405 -0.6613467253587021 -159.99646076671644 -62.355951400575435
1489.0272387059208  8.677334507690274 32.03153870332144 -14.941996606922379 -1.4652958709468087 -734.1348810135553 -3.479034187749185 -21.47824390974119 -0.9778508315254459 -160.31296487288319 -62.67245550674218
1488.897490832768  -0.025648086260879874 -0.10731951435281899 0.10592714416076328 0.013714830463928518 -732.6558703121444 0.01952432675832052 0.11998162401960212 0.007792758666885933 -159.32732128269086 -61.68681191654985
1488.8974908307816  -0.02564796945213917 -0.10731912436158027 0.10592714428631904 0.013714841318036105 -732.6558703012904 0.019524310039999392 0.1199815190010216 0.007792761479404903 -159.32732127987833 -61.68681191373733
1488.8974908340708  -0.02564816287472093 -0.10731977014469375 0.10592714407841233 0.013714823344813387 -732.6558703192636 0.019524337723722505 0.11998169290037926 0.0077927568221791066 -159.32732128453557 -61.686811918394554
1489.0591152597967  -4.674578299507733 -14.712487510779201 -4.375558098690644 -1.0984031981037188 -733.7679883407121 0.015112606021382757 0.20479034576861999 -0.45947201348556727 -159.7945860548433 -62.1540766887023
1489.0655023952918  -1.9617614051499137 -5.072067581964729 -7.221316436899218 -1.2791326319634497 -733.948717774572 -0.7993926254092895 -4.840038802281072 -0.6202706102876625 -159.9553846516454 -62.3148752855044
1490.9298199383447  -56.51375361642661 -176.87659353733153 -57.74218391594193 -14.015134483573505 -746.684719626182 -0.5419958458568583 -1.9547380579199967 -5.939287169448143 -165.2744012108059 -67.63389184466487
1490.2519219787143  -67.94088594063214 -224.6912484012102 -10.547864067404062 -7.904688039624734 -740.5742731822332 8.15678725129348 51.50134952626967 -2.4673351992480925 -161.80244924060585 -64.16193987446482
1490.1899015287893  20.873573486051573 87.91176706615977 -88.99441886788773 -11.585054779065384 -744.2546399216737 -16.306652024340814 -100.19508153114882 -6.563251697931354 -165.89836573928906 -68.25785637314809
1487.270617323228  55.318199842243615 177.00656113108363 37.60513469092697 10.84473781422701 -721.8248473283813 -2.2996949808585434 -15.389623496942853 4.312194426965686 -155.02291961439207 -57.38241024825105
1488.897490833097  -0.025648105616877657 -0.10731957897700298 0.10592714413995784 0.013714828665329533 -732.6558703139431 0.01952432952865932 0.11998164142189068 0.0077927582008325315 -159.32732128315692 -61.6868119170159
1488.8974908316973  -0.025648023304282237 -0.1073193041586045 0.10592714422843427 0.0137148363139846 -732.6558703062944 0.01952431774761969 0.11998156741756635 0.007792760182753873 -159.327321281175 -61.68681191503398
1488.897490833294  -0.025648117182855677 -0.10731961759252154 0.10592714412752575 0.013714827590595152 -732.6558703150179 0.019524331184046867 0.11998165182044979 0.0077927579223471 -159.3273212834354 -61.686811917294385
1488.89749083025  -0.02564793819285042 -0.1073190199956855 0.10592714431991913 0.013714844222713282 -732.6558702983857 0.019524305565994927 0.11998149089690786 0.0077927622320655525 -159.32732127912567 -61.686811912984666
1489.0546040828585  1.3269619159417292 6.407841321284771 -9.659502271506243 -1.3445176689502645 -734.0141028115588 -1.635434569122777 -10.030383195536661 -0.7349000045812294 -160.07001404593896 -62.429504679797965
1489.0710519994357  -3.1704052102053604 -9.273984595545624 -6.408708645146418 -1.26778230870528 -733.9373674513137 -0.5046242738812143 -3.008866740120581 -0.5847672425357272 -159.9198812838935 -62.279371917752464
1489.5980720360044  11.359805438569854 47.81807914858517 -48.30929791841905 -6.286094467069466 -738.9556796096779 -8.855964189392127 -54.41541920007223 -3.5620703636175897 -162.89718440497532 -65.25667503883432
1488.4405992597965  31.743895860568664 106.87846333848483 -4.336412488892985 2.28567606084828 -730.3839090817601 -5.197303367997663 -32.5377633225011 0.41741141860446185 -158.91770262275327 -61.27719325661227
1488.8783628543854  39.13212796673595 137.79311087978536 -34.84998135648178 -1.6650436227392422 -734.3346287653476 -10.821516577362043 -67.0998889157268 -1.8273851138524426 -161.16249915521018 -63.521989789069174
1489.3140808071876  -40.327681740919054 -137.66314328603374 14.712932131467275 -1.5053530466071923 -734.1749381892155 7.979825750646725 49.75552736086445 0.20029237137001754 -159.13482166998773 -61.49431230384671
1489.001376268085  -3.0453687807211134 -9.606215888022126 -2.7459930029862063 -0.6996937450372815 -733.3692788876457 0.025491978630817536 0.22907295139201667 -0.29103378552731746 -159.62614782688507 -61.98563846074405
1488.8990079949733  6.085138458029866e-08 1.5884184362663302e-07 2.1660622120082154e-07 3.8554306105481285e-08 -732.669585104054 2.369043645962088e-08 1.4337194508687462e-07 1.8653427657268515e-08 -159.33511402270432 -61.6946046565633
1488.3135868923025  1.8148966483402962 -0.10471301575210035 30.116507685624974 4.744063277978297 -727.9255218646301 4.246119641555235 25.915658427574385 2.4340867809558104 -156.90102726040192 -59.26051789426092
1488.8990079948617  3.795001246378395e-08 7.681628525047065e-08 2.4376605566334417e-07 4.0556500847517546e-08 -732.6695851020519 3.1035671017410436e-08 1.8882879888078855e-07 2.025981498864756e-08 -159.33511402109792 -61.69460465495692
1488.3123081691426  1.793224500828905 -0.19539598187311213 30.2060141543031 4.755652055716802 -727.9139330868917 4.262617333636012 26.017040662647688 2.4406715174510074 -156.89444252390672 -59.25393315776573
1488.899007994214  5.882557940119371e-08 1.4326521930115775e-07 2.596596450147037e-07 4.490766568355326e-08 -732.6695850977007 3.0422557145783755e-08 1.8457849506867293e-07 2.202225272523889e-08 -159.3351140193355 -61.694604653194475
1488.8990080004096  -5.8016809345250295e-09 -1.5921747966176027e-08 -1.685329436900293e-08 -3.098741827459943e-09 -732.6695851457072 -1.6903648845138483e-09 -1.0194804517326256e-08 -1.4769530767134942e-09 -159.33511404283468 -61.694604676693686
1488.8990080167175  -2.0576087747899612e-07 -5.402125227446031e-07 -7.172318410784763e-07 -1.2805788562628362e-07 -732.6695852706662 -7.783276891691805e-08 -4.7089505332992893e-07 -6.186809527865953e-08 -159.33511410322583 -61.69460473708482
1488.8990080004044  -6.9698172319758165e-09 -2.0096676065931262e-08 -1.551177329269926e-08 -3.003274268454729e-09 -732.6695851456117 -1.3222622830134973e-09 -7.916266371924345e-09 -1.3984945475856105e-09 -159.33511404275626 -61.69460467661523
1488.899008016698  -2.1043326702821965e-07 -5.569119004651875e-07 -7.118648529877383e-07 -1.2767586363766106e-07 -732.6695852702844 -7.636024558357355e-08 -4.6178021409215685e-07 -6.155418568859625e-08 -159.33511410291194 -61.69460473677092
1488.8990080000233  -2.593302948116588e-10 -6.577488102807722e-10 -1.0168492560748593e-09 -1.7854893257732295e-10 -732.669585142787 -1.1498712715962104e-10 -6.967558163133517e-10 -8.693594608070497e-11 -159.33511404144468 -61.69460467530367
1488.8990079988796  1.9871865508295956e-08 5.7658240649520874e-08 4.246747075983135e-08 8.2955338048526e-09 -732.6695851343128 3.50680866813893e-09 2.0961600816590038e-08 3.847697614546212e-09 -159.33511403751004 -61.694604671369035
1488.8990080000226  -5.303951548053748e-10 -1.6210202657629613e-09 -7.325008774110369e-10 -1.6049043449445446e-10 -732.6695851427689 -3.36017056145481e-11 -1.9267612352154174e-10 -7.086893867596634e-11 -159.33511404142862 -61.6946046752876
1488.8990080000208  -1.3445572227773344e-09 -4.514249761362433e-09 1.214468368715403e-10 -1.0626755105275644e-10 -732.6695851427147 2.1082823481453947e-10 1.3212593759340936e-09 -2.2619485581566654e-11 -159.33511404138034 -61.69460467523935
1488.8990080000162  -1.597627265749056e-10 -3.835837612562103e-10 -7.321024908023586e-10 -1.2605050964870923e-10 -732.6695851427345 -8.664869437378042e-11 -5.258985457239718e-10 -6.194485706062846e-11 -159.3351140414197 -61.694604675278676
1488.8990080151457  -1.8319267463042592e-07 -4.780582813106241e-07 -6.527461693777399e-07 -1.161669338146341e-07 -732.6695852587753 -7.141784481183161e-08 -4.3221907937566063e-07 -5.620797791227246e-08 -159.33511409756574 -61.69460473142471
1488.8990080040048  -5.694543288488101e-08 -1.5641359588697772e-07 -1.6475466789317163e-07 -3.031399090899539e-08 -732.6695851729224 -1.649183963727859e-08 -9.945614766100725e-08 -1.4443919333227385e-08 -159.33511405580165 -61.69460468966065
1488.899007994785  3.913328029929542e-08 8.014217401338807e-08 2.468192981025661e-07 4.1130150035562566e-08 -732.6695851014782 3.132296490073882e-08 1.9055676271800644e-07 2.0530560393867004e-08 -159.33511402082718 -61.694604654686174
1488.898774918668  -0.003940773153811223 -0.0164890897394388 0.016273902985160734 0.0021070149369773676 -732.6674781276715 0.0029996351521625617 0.018433477719567475 0.0011972156027707905 -159.33391682575498 -61.693407459613965
1488.8990080000156  -4.3093695437389556e-10 -1.3473128454517131e-09 -4.473024205822655e-10 -1.0793352916641997e-10 -732.6695851427163 -5.180017748701624e-12 -2.130723069731405e-11 -4.584461999194407e-11 -159.33511404140359 -61.694604675262575
1488.8990080000121  -5.335325288083075e-10 -1.7481131625217427e-09 -1.6277295709631639e-10 -7.422051979003094e-11 -732.6695851426828 5.209313617853845e-11 3.3130772472975494e-10 -2.5721211852960938e-11 -159.33511404138346 -61.69460467524245
1488.899008000014  -1.2446152783504495e-09 -4.238834776474732e-09 4.0619400455475703e-10 -5.3734340321268254e-11 -732.6695851426621 2.3911308478345157e-10 1.4917800582182185e-09 2.3806176623637348e-12 -159.33511404135535 -61.69460467521435
1488.8990080030053  -8.552117609154554e-08 -2.6831316953344733e-07 -8.420839068246737e-08 -2.072693802494075e-08 -732.6695851633353 -3.456208324376298e-10 -5.670538352121936e-11 -8.736047005903373e-09 -159.33511405009378 -61.69460468395278
1488.8990079986033  -1.599354682711218e-07 -5.796855765869062e-07 2.2312435097016208e-07 1.9064720470557536e-08 -732.6695851235436 5.6301468623849784e-08 3.480531096958687e-07 1.3873549261450997e-08 -159.3351140274842 -61.694604661343185
1488.899008006508  -3.826972940692667e-07 -1.2777178528896669e-06 -4.1045131329424623e-10 -3.5560879616379716e-08 -732.6695851781692 5.4773915127730736e-08 3.440703401720467e-07 -9.214507533925013e-09 -159.33511405057226 -61.69460468443124
1488.9996636165056  -2.640153413861052 -8.195810293187417 -3.0265021497631026 -0.7047253022205502 -733.374310444829 -0.07454094657411892 -0.39223664320992446 -0.30357742023996437 -159.63869146159772 -61.9981820954567
1488.849462514014  -1.497653856298066 -5.833232895655021 4.067925127406124 0.4791348808696055 -732.1904502617389 0.82325504679561 5.069104681503768 0.2869649006034504 -159.04814914075428 -61.40763977461329
1488.8833581125054  -3.490553753562368 -12.486960088428978 4.0657827755942275 0.2939505049813795 -732.375634637627 1.1084900083449278 6.860849836068629 0.23897987187036218 -159.09613416948739 -61.45562480334637
1488.9485739380123  1.497653978000835 5.833233213338708 -4.067924694193681 -0.47913480376099327 -733.1487199463694 -0.8232549994147371 -5.069104394759878 -0.2869648632965951 -159.62207890465433 -61.98156953851333
1488.89820797098  0.060280668835571156 0.20375902239155544 -0.01214380945698631 0.003746503552813446 -732.6658386390557 -0.010454414131712051 -0.06536405508533913 0.0004823608635085245 -159.33463168049425 -61.69412231435322
1488.3123144472725  1.7933309046799266 -0.19495075526082672 30.205574703946198 4.755595158236782 -727.9139899843716 4.262536334834695 26.016542905781122 2.4406391883373058 -156.89447485302043 -59.25396548687943
1488.8990079939854  6.737605074186019e-08 1.7088819525988615e-07 2.641860232943355e-07 4.6388506515009115e-08 -732.66958509622 2.987464807160344e-08 1.8102317942931307e-07 2.2586689311844516e-08 -159.33511401877107 -61.69460465263004
1488.899007994088  5.856152614132171e-08 1.4093426370404022e-07 2.6674011362127644e-07 4.5958935007808675e-08 -732.6695850966494 3.151980450967099e-08 1.9129303222695528e-07 2.2577940107582988e-08 -159.3351140187798 -61.694604652638795
1488.8990080000929  -6.459554647067881e-10 -1.2488719695066798e-09 -4.4356525887684325e-09 -7.338436113169371e-10 -732.6695851433423 -5.711259871845558e-10 -3.476133771229989e-09 -3.675847114524858e-10 -159.33511404172532 -61.694604675584316
1488.8990079941777  6.077564206565542e-08 1.4974263214108084e-07 2.598243923855051e-07 4.511358173181978e-08 -732.6695850974947 3.016778988542772e-08 1.8297404881909317e-07 2.208211698981887e-08 -159.3351140192756 -61.69460465313462
1488.8990080001531  -3.0970396171295123e-09 -9.224080001034589e-09 -5.455761342697057e-09 -1.1161920945232414e-09 -732.6695851437246 -3.7255223138771855e-10 -2.2031883047451294e-09 -5.0736539752553e-10 -159.3351140418651 -61.694604675724094
1488.8990080003232  -7.2160168192394785e-09 -2.1868257902766286e-08 -1.0872861947017937e-08 -2.3213039568700752e-09 -732.6695851449297 -5.928900787602128e-10 -3.4512190754141864e-09 -1.0361810459247152e-09 -159.33511404239394 -61.694604676252915
1488.8990079946602  5.612794679343118e-08 1.3870681614010358e-07 2.3792517880506553e-07 4.135523642811e-08 -732.6695851012532 2.755708099203279e-08 1.6712483479953318e-07 2.023232376264968e-08 -159.33511402112543 -61.69460465498441
1488.899005968212  -3.484042665960772e-05 -0.00014545951169771633 0.00014231080594082193 1.839006891922661e-05 -732.6695667525396 2.6285354367600608e-05 0.00016153721544927006 1.0460217189330488e-05 -159.33510358114057 -61.69459421499954
1488.8990059678063  -3.484728292732034e-05 -0.00014548820044175397 0.00014233912248448453 1.83937351808463e-05 -732.6695667488732 2.6290573628566174e-05 0.00016156928904717267 1.0462300356963248e-05 -159.3351035790574 -61.69459421291638
1488.8990079987548  1.502888073418455e-08 3.918991237781116e-08 5.3693787878756455e-08 9.551961778543982e-09 -732.6695851330564 5.88047560525629e-09 3.5589819996688517e-08 4.622607124427091e-09 -159.33511403673515 -61.694604670594124
1488.9009409557982  -0.025431267008769572 -0.068247996098382 -0.08141781338333592 -0.014729090827258137 -732.6843142334357 -0.008538150389867872 -0.051587799384432566 -0.007072823822801467 -159.34218686518054 -61.70167749903953
1488.9012906465568  -0.04599427786799189 -0.13690200983260947 -0.08144013320802147 -0.016639880908137648 -732.6862250235165 -0.005595089584566835 -0.033100526826643134 -0.007567956889568408 -159.34268199824731 -61.702172632106304
1488.897075045731  0.0254313887116481 0.06824831378252688 0.08141824659532665 0.014729167935811865 -732.6548559746727 0.008538197770657535 0.05158808612781112 0.007072861129623553 -159.32804118022813 -61.68753181408711
1488.8989964062241  0.08663368414216 0.3054739633862324 -0.07919118245829154 -0.0039957868205857715 -732.673580929429 -0.02426237837001797 -0.15041477942086234 -0.004207345033475121 -159.3393213863912 -61.6988120202502
1488.8989852896457  -0.0004063945021088407 -0.0016857209091140815 0.0016063127001618507 0.00020635656717411216 -732.6693787860413 0.00029857467419738896 0.001835153040340731 0.00011775297245337913 -159.3349962883853 -61.69448692224428
1488.8990080034046  -9.683016829667471e-08 -3.037716165122559e-07 -9.54525211008728e-08 -2.3484309448248555e-08 -732.6695851660927 -4.0759397107103794e-10 -1.636703439337128e-10 -9.899899419399852e-09 -159.33511405125762 -61.69460468511663
1488.899008003899  -6.806662937786825e-08 -1.9681774507052413e-07 -1.4877348286782295e-07 -2.8917496736963027e-08 -732.6695851715259 -1.2507145065411445e-08 -7.482771126060175e-08 -1.3442216133805512e-08 -159.33511405479996 -61.69460468865895
1488.8990079988826  -1.6979776397468932e-07 -6.113718005875361e-07 2.1705002003555248e-07 1.7227010121737642e-08 -732.6695851253814 5.680573256661617e-08 3.513731361522129e-07 1.315476747092116e-08 -159.33511402820298 -61.69460466206196
1488.8990080088402  1.67668271414936e-08 1.5729629534694726e-07 -4.949587414939685e-07 -7.364569762247134e-08 -732.6695852162542 -7.646045076498128e-08 -4.6785570933792957e-07 -3.8885805201593526e-08 -159.33511408024356 -61.69460471410253
1488.8997436116597  0.0008603335064586558 0.01120232563816963 -0.04069442282887674 -0.006103055252771934 -732.6756881978611 -0.0062121598890173425 -0.03799966779494968 -0.0032095386267919123 -159.33832357998455 -61.69781421384353
1488.8984517631689  -0.01140847947674648 -0.04641963604641132 0.04068330089641706 0.005122932742602728 -732.6644622098657 0.007721901945345208 0.047483328009020706 0.0029555776913838838 -159.33215846366636 -61.69164909752535
1488.8985899258932  0.036347276235250456 0.12357416350477952 -0.010811124820944512 0.0017289521039193431 -732.6678561905045 -0.006825681393387829 -0.04260378457786722 1.3918855960210396e-05 -159.33510012250179 -61.694590756360775
1488.8995642287819  0.011408601179625008 0.046419953730556206 -0.04068286768442635 -0.005122855634048999 -732.6747079982424 -0.007721854564555544 -0.04748304126564216 -0.0029555403845617986 -159.3380695817423 -61.69756021560129
1488.899004824662  -0.0003720765369941535 -0.0013477662657590136 0.0005150550202452025 4.374092139365407e-05 -732.669541401687 0.000130378407542816 0.0008060345020098728 3.195615094593148e-05 -159.3350820852068 -61.69457271906579
1488.8990080012368  -3.509678980459959e-08 -1.1007293376585834e-07 -3.475021917415205e-08 -8.535267139091501e-09 -732.6695851511437 -1.7059313228968723e-10 -1.9906793917069533e-10 -3.6004157789827685e-09 -159.33511404495815 -61.69460467881715
1488.8990080078902  -2.24620175823924e-07 -7.04753376591307e-07 -2.2101299408263484e-07 -5.441483036295057e-08 -732.6695851970233 -8.839526732006448e-10 -3.3354868525426972e-12 -2.2932471286456078e-08 -159.33511406429022 -61.6946046981492
1488.899007997214  -1.1317697657470908e-07 -4.301695332223999e-07 2.5540531765032e-07 2.8306549425557487e-08 -732.6695851143019 5.443163727551439e-08 3.35497335220262e-07 1.755775974014246e-08 -159.33511402379997 -61.69460465765897
1488.8990080036347  -3.1604660113646207e-07 -1.0745070899927345e-06 9.403327087828071e-08 -1.502925089001455e-08 -732.6695851576376 5.935487724944965e-08 3.704741751386098e-07 -1.187690210963127e-10 -159.33511404147652 -61.6946046753355
1488.8994282308063  -0.0026526674162196317 -0.004691545619517044 -0.02035052532483283 -0.003337990929653137 -732.6729231335382 -0.002664847486992162 -0.016228167644877237 -0.0016789977624255177 -159.33679303912018 -61.696283672979156
1488.8991637643103  -0.01907423766024017 -0.06555546801618636 0.009125055935283118 -0.0003828977070837584 -732.6699680403156 0.004098412031940785 0.02551489094291071 0.0002666731192619497 -159.33484736823848 -61.69433800209747
1488.8986044711955  0.014885873836353463 0.048029963429940335 0.008173448879116677 0.0026226181054478095 -732.666962524503 -0.0009099948821986467 -0.005921312696046968 0.0010059314175438218 -159.3341081099402 -61.693598743799186
1488.8994115193314  -0.014885752133474935 -0.04802964574579545 -0.008173015667125966 -0.002622540996894081 -732.6722076836053 0.0009100422629883108 0.00592159943942552 -0.0010058941107217371 -159.33611993546847 -61.69561056932746
1488.8990022400708  0.0002172686111415588 0.0007024687618952787 0.00011225423753852151 3.7208776252436475e-05 -732.6695479338323 -1.4335650739689853e-05 -9.28672547523523e-05 1.4123199659894614e-05 -159.33509991815808 -61.694590552017075
1488.899007994295  6.605750510240657e-08 1.6967634287310175e-07 2.485980952003826e-07 4.3897866580697894e-08 -732.6695850987105 2.7731240631790125e-08 1.67950836523001e-07 2.1317738920630788e-08 -159.33511402004 -61.694604653899
1488.8990080000058  -7.545180521468454e-11 -2.0206509839053358e-10 -2.4360621427675013e-10 -4.401083451974388e-11 -732.6695851426525 -2.563825684580511e-11 -1.549291829964323e-10 -2.1146895230309113e-11 -159.3351140413789 -61.69460467523788
1488.8990079999762  9.90519898267543e-10 3.2319705782165536e-09 3.679336937853506e-10 1.477809440168307e-10 -732.6695851424606 -8.687613624018122e-11 -5.549468293536844e-10 5.2970494494687636e-11 -159.33511404130476 -61.69460467516376
1488.8990079932082  6.383473139649207e-08 1.49768580289226e-07 3.095980689183491e-07 5.29596433088058e-08 -732.6695850896489 3.717682916001051e-08 2.257513196718094e-07 2.6106372271708094e-08 -159.33511401525135 -61.69460464911036
1488.8990080000278  -5.292555278966772e-10 -1.5589525676033653e-09 -1.0171393942009776e-09 -2.0363093844983034e-10 -732.669585142812 -7.635391615415993e-11 -4.540756482245112e-10 -9.343520147935003e-11 -159.33511404145116 -61.69460467531017
1488.8990080003164  -1.5587859245351114e-09 -1.9891617130757923e-09 -1.5709271166748745e-08 -2.531360435425633e-09 -732.6695851451398 -2.1271401730663485e-09 -1.2967114085467682e-08 -1.2843461823259834e-09 -159.3351140426421 -61.69460467650108
1488.8990079946448  5.052225077085487e-08 1.1875812833521194e-07 2.4394222063338594e-07 4.174945122674198e-08 -732.6695851008589 2.9260598492341567e-08 1.7767433264620924e-07 2.0575439826633576e-08 -159.3351140207823 -61.69460465464129
1488.8990079937312  7.42833125924779e-08 1.9243354728600257e-07 2.7159995459890207e-07 4.815564223971429e-08 -732.6695850944528 2.9994237515537216e-08 1.8158822709935278e-07 2.334090474104768e-08 -159.33511401801684 -61.69460465187583
1488.8990079922175  8.763666389010193e-08 2.2273083511654892e-07 3.414066171444511e-07 6.00002744586853e-08 -732.6695850826081 3.852567579553837e-08 2.3342539645992253e-07 2.920229483601582e-08 -159.33511401215543 -61.69460464601444
1488.899007993179  8.717458208427208e-08 2.3177535198350446e-07 2.896825612922516e-07 5.20987794625131e-08 -732.6695850905096 3.085269590683797e-08 1.865265806419425e-07 2.5085534423035952e-08 -159.33511401627223 -61.6946046501312
1488.8990080020058  -1.8278661517734134e-08 -4.221013429600877e-08 -9.194969964205184e-08 -1.566577377075277e-08 -732.6695851582742 -1.1138850709100484e-08 -6.765955487828854e-08 -7.73719789824873e-09 -159.33511404909495 -61.69460468295393
1488.8990080030176  -8.570656858424135e-08 -2.688321708793603e-07 -8.469699560988625e-08 -2.0818370406845827e-08 -732.6695851634267 -3.921639093949044e-10 -3.367959038299168e-10 -8.779278808174238e-09 -159.335114050137 -61.69460468399601
1488.8990079989453  -1.492490041225857e-07 -5.381921545371439e-07 1.9473014687214932e-07 1.5741943794230066e-08 -732.6695851268665 5.052177257810473e-08 3.1246111239786677e-07 1.1876113829901553e-08 -159.33511402948162 -61.69460466334062
1488.899007999807  -1.4662231956371384e-07 -5.193598584575574e-07 1.4557297599560074e-07 8.516955483251831e-09 -732.6695851340914 4.279028346322966e-08 2.6513032421194686e-07 8.037211460094164e-09 -159.3351140333205 -61.69460466717952
1488.8990079949633  6.120686972945787e-08 1.599870913736942e-07 2.1680991740712703e-07 3.861822880012796e-08 -732.6695851039901 2.3669978220523773e-08 1.432383231345755e-07 1.867812538203015e-08 -159.33511402267962 -61.69460465653861
1488.8990079924372  9.20040045915805e-08 2.405774530773269e-07 3.2545883533253165e-07 5.7982376221619735e-08 -732.6695850846261 3.551371504502206e-08 2.149063077915166e-07 2.8041200077845332e-08 -159.33511401331654 -61.69460464717554
1488.899007994526  -3.075372950957004e-08 -1.6925913994215347e-07 3.252455594533229e-07 4.6563119861429205e-08 -732.6695850960452 5.3071321107962177e-08 3.2519902367422513e-07 2.5078985997008542e-08 -159.33511401627877 -61.69460465013775
1488.8990080015628  -4.417109047116873e-08 -1.3846194288706345e-07 -4.4078987771690134e-08 -1.0794343175738135e-08 -732.6695851534027 -2.661820409653049e-10 -5.652796849049301e-10 -4.558617298241843e-09 -159.33511404591638 -61.69460467977535
1488.8990080077915  -1.220434108748376e-07 -3.4400282595384887e-07 -3.101883495010468e-07 -5.844869055864095e-08 -732.6695852010571 -2.8924635811204935e-08 -1.739006949523649e-07 -2.7549807922779368e-08 -159.33511406890756 -61.69460470276654
1488.8990079976552  -1.132282767772863e-07 -4.254510808186489e-07 2.3151675922944838e-07 2.467231118878926e-08 -732.6695851179361 5.086467246656318e-08 3.13691388357942e-07 1.5660339068023063e-08 -159.3351140256974 -61.69460465955639
1488.8990080127014  3.0419583332303625e-08 2.483270156181715e-07 -7.169779746446408e-07 -1.0611151315367128e-07 -732.6695852487198 -1.116362391357103e-07 -6.832364979363065e-07 -5.618134596130749e-08 -159.33511409753908 -61.69460473139807
1488.8990079987525  1.4989398956480676e-08 3.902470841230493e-08 5.3856848530570084e-08 9.573073924734884e-09 -732.6695851330353 5.910530689138395e-09 3.5774515623468575e-08 4.634603033111512e-09 -159.33511403672316 -61.69460467058213
1488.8990134018331  -9.7063968268065e-05 -0.00028241941608233765 -0.00020358131178219646 -3.993441557032765e-05 -732.669625077024 -1.6552818097986412e-05 -9.88643251368745e-05 -1.8488392436246612e-05 -159.33513252975018 -61.69462316360917
1488.8990053366501  0.00017217498082584452 0.0005777809814504957 -1.4166308278619386e-05 1.3818392814909043e-05 -732.6695713242157 -2.6789966073779066e-05 -0.0001679243539736155 3.006464573386076e-06 -159.33511103489317 -61.694601668752156
1488.8990076613002  0.00021134857861872393 0.0007417775188706965 -0.00017635522566316906 -7.18989382267593e-06 -732.6695923325024 -5.667045906230222e-05 -0.00035154518286481865 -8.927642951442032e-06 -159.3351229690007 -61.69461360285968
1488.899010653073  -0.00017209908069154914 -0.000577627348422366 1.4653839938254518e-05 -1.373727987169641e-05 -732.6695988798882 2.6852037332558807e-05 0.00016830201105975484 -2.965944976638445e-06 -159.33511700730273 -61.69460764116171
1488.899007949375  -1.1429289288567196e-06 -4.593804765647492e-06 3.7991073701934005e-06 4.711962115848111e-07 -732.6695846714122 7.322060355734332e-07 4.503933616726608e-06 2.741378872043677e-07 -159.33511376721984 -61.69460440107885
1488.8990080002848  -8.083893219525314e-09 -2.535726466281922e-08 -7.984475529490628e-09 -1.9629635238676897e-09 -732.6695851445713 -3.6361574505090966e-11 -2.7930146197695954e-11 -8.277337457257918e-10 -159.3351140421855 -61.69460467604446
1488.8990080025937  -7.354777547046371e-08 -2.3064477464932525e-07 -7.292288328229838e-08 -1.7901650352708117e-08 -732.6695851605101 -3.726573898919582e-10 -5.098899597366402e-10 -7.552969305490944e-09 -159.3351140489107 -61.6946046827697
1488.8990079950777  1.0167226479252936e-08 -1.8791327141406824e-08 2.576537203550975e-07 4.008941047822409e-08 -732.6695851025189 3.7094503159452536e-08 2.2653840676532826e-07 2.0695585990873904e-08 -159.33511402066216 -61.69460465452114
1488.8990079973246  -1.2550412671575204e-07 -4.7242589190785634e-07 2.60763625957595e-07 2.7977206726405945e-08 -732.6695851146313 5.6999685211516266e-08 3.514938839133478e-07 1.768732226540158e-08 -159.33511402367043 -61.69460465752941
1488.8990100766318  -5.172418598376881e-05 -0.0001594017151528019 -6.498640676384935e-05 -1.467150260980534e-05 -732.669599814111 -2.3121896634871057e-06 -1.2892248416785743e-05 -6.3993936452387055e-06 -159.33512044075138 -61.69461107461038
1488.8990077495055  -7.350452326997666e-05 -0.0002620705273703918 8.131144192706888e-05 5.535770318396347e-06 -732.6695796068382 2.2698390714885808e-05 0.000140537421718797 4.690647318526995e-06 -159.33510935071044 -61.694599984569415
1488.8990065339297  6.217047393965434e-05 0.000203030349254543 2.224294201882762e-05 9.146309653029003e-06 -732.6695759962987 -5.5800944375540165e-06 -3.560960148465759e-05 3.257201847932989e-06 -159.3351107841559 -61.694601418014884
1488.899009455793  -6.209457380535896e-05 -0.00020287671622641336 -2.1755410359192493e-05 -9.065196709816366e-06 -732.6695942078052 5.642165696333756e-06 3.598725857079693e-05 -3.216682251185358e-06 -159.33511725804 -61.69460789189898
1488.899007981745  1.2522032417730974e-06 4.214495628274657e-06 -1.6351013712255945e-07 9.131007482365839e-08 -732.6695850512983 -2.0388886613129746e-07 -1.2766139027735342e-06 1.7064830604391634e-08 -159.3351140242929 -61.6946046581519
1488.899008000767  -2.1721465978664474e-08 -6.810706243914524e-08 -2.1591359711257682e-08 -5.2953133228154654e-09 -732.6695851479037 -1.1820675116066214e-10 -2.003966489500696e-10 -2.235002101647076e-09 -159.33511404359274 -61.694604677451736
1488.8990080008145  -2.2961847445459158e-08 -7.195684517930747e-08 -2.3016795303592945e-08 -5.6269414031603635e-09 -732.6695851482352 -1.5375711646369875e-10 -3.879150487407864e-10 -2.3779082262014413e-09 -159.33511404373564 -61.69460467759464
1488.899007994328  2.4676190279359728e-08 2.40688712818714e-08 2.849355440126745e-07 4.5580275065947034e-08 -732.6695850970281 3.9097596850209977e-08 2.384357654243568e-07 2.320922999233772e-08 -159.33511401814852 -61.694604652007506
1488.8990080002998  -8.39421803819391e-09 -2.6285056335263692e-08 -8.513877564831553e-09 -2.0721829307554543e-09 -732.6695851446806 -7.110779456862508e-11 -2.328948777509003e-10 -8.772013383391723e-10 -159.33511404223495 -61.69460467609394
1488.8990080012059  -3.397289911317816e-08 -1.0645384628222147e-07 -3.4097954189686044e-08 -8.331915352286772e-09 -732.6695851509403 -2.3403654434760096e-10 -6.139620676427964e-10 -3.5216761449851015e-09 -159.33511404487942 -61.69460467873841
1488.8990079931389  1.0112921089866555e-07 2.805566717628863e-07 2.7899465479062974e-07 5.1769338871086447e-08 -732.6695850908392 2.7254013491531612e-08 1.6418996010292303e-07 2.4571974664685294e-08 -159.33511401678578 -61.694604650644756
1488.8990080100966  -2.8738269478836655e-07 -9.016465078898704e-07 -2.82896527620768e-07 -6.963880346308991e-08 -732.6695852122472 -1.150232927904273e-09 -1.221970409825304e-10 -2.935040876327432e-08 -159.33511407070816 -61.69460470456714
1488.899007992816  3.055052687923025e-08 2.800475745147241e-08 3.6153028018145854e-07 5.776250120481228e-08 -732.669585084846 4.9716339079855916e-08 3.032138120022957e-07 2.9429992042063094e-08 -159.33511401192774 -61.69460464578674
1488.8990079963814  -5.4614682259391976e-08 -2.3283070059148795e-07 2.465965415221632e-07 3.240036304568792e-08 -732.6695851102081 4.472244584156159e-08 2.747306292979174e-07 1.826361545144409e-08 -159.33511402309415 -61.69460465695312
1488.899008190765  -5.333251560536367e-06 -1.6695136181824317e-05 -5.433840058693966e-06 -1.3202897089774284e-06 -732.669586462898 -4.88534442526574e-08 -1.704384419849317e-07 -5.592780434043929e-07 -159.33511460063576 -61.69460523449478
1488.8990081937334  -5.408060963761518e-06 -1.6926069589629103e-05 -5.525932751545119e-06 -1.3412209285324761e-06 -732.6695864838293 -5.1913602140815505e-08 -1.8734843883628118e-07 -5.683829146572793e-07 -159.33511460974066 -61.694605243599646
1488.8990079612427  -6.544127602055713e-06 -2.3514918472907968e-05 8.13179195099398e-06 6.284691124453936e-07 -732.6695845141393 2.154400601435469e-06 1.3328604033721206e-05 4.88462026325326e-07 -159.3351135528957 -61.69460418675471
1488.899007798958  5.409151959840125e-06 1.684877000226112e-05 5.921372170423065e-06 1.4014027454602662e-06 -732.6695837412057 1.1092473270466132e-07 5.480957031582038e-07 5.997976823959119e-07 -159.33511344156005 -61.69460407541905
1488.8990079984567  1.1943534623672935e-07 4.041750086913386e-07 -2.632278551370583e-08 7.079350945382084e-09 -732.6695851355289 -2.105199991163323e-08 -1.315763380383591e-07 7.761618187053244e-10 -159.33511404058157 -61.69460467444057
1488.8990080006874  -1.4342892710343846e-08 -4.296401142194731e-08 -2.4065667877807945e-08 -4.986817241993476e-09 -732.6695851475953 -1.5456734783865783e-09 -9.104843885540098e-09 -2.2543723667145267e-09 -159.3351140436121 -61.694604677471105
1488.899008004578  -1.1793079315780699e-07 -3.651743433765682e-07 -1.39670265713516e-07 -3.215974719534413e-08 -732.6695851747681 -4.0002220828069905e-09 -2.1620396640529397e-08 -1.3916008832947279e-08 -159.33511405527375 -61.694604689132746
1488.89900799523  7.135324893520281e-08 1.9873596255710128e-07 1.9301409775119696e-07 3.594400459370548e-08 -732.6695851066645 1.8655700341440522e-08 1.1233881186974411e-07 1.703273547650494e-08 -159.33511402432498 -61.69460465818399
1488.899007995375  1.7369928937621546e-08 9.921176285707631e-09 2.348722107146809e-07 3.72962425155865e-08 -732.6695851053122 3.265377991651238e-08 1.9921618751273625e-07 1.9060081805687372e-08 -159.33511402229766 -61.69460465615665
1488.8990080407348  -3.653037210147984e-06 -1.2433915708612826e-05 1.1561764441079774e-06 -1.6318883081018345e-07 -732.6695853057972 6.964230681366953e-07 4.345522908168902e-06 4.127132250140579e-09 -159.33511403723062 -61.6946046710896
1488.8990079253833  -2.369149595156808e-08 -9.120409217921575e-07 4.069265608189092e-06 6.160614342076872e-07 -732.6695845265469 6.122568122759868e-07 3.7436945258291103e-06 3.2243558599607596e-07 -159.33511371892214 -61.69460435278115
1488.8990079634523  3.848458391027504e-06 1.3169753700496193e-05 -1.5633251669891542e-06 1.194561963271558e-07 -732.6695850231522 -7.853437264812104e-07 -4.893851611836313e-06 -3.175649289354085e-08 -159.33511407311423 -61.69460470697323
1488.899008026271  -3.7725583660999355e-06 -1.3016121129995254e-05 2.0508572783158424e-06 -3.8343194632120734e-08 -732.6695851809516 8.474150685160311e-07 5.271509209597889e-06 7.227612287083595e-08 -159.33511396908162 -61.694604602940615
1488.8990080001429  5.477421504147273e-08 1.9480389964158988e-07 -5.821636723963342e-08 -3.76424739144129e-09 -732.6695851463727 -1.6559000966623087e-08 -1.0255297351837829e-07 -3.3068314062537645e-09 -159.33511404466458 -61.69460467852356
1488.8990080002768  -4.397494216864939e-09 -1.2441364221549154e-08 -1.0951158004635021e-08 -2.0717571744761277e-09 -732.6695851446802 -1.0084611325188592e-09 -6.059645247773021e-09 -9.747720479033711e-10 -159.33511404233252 -61.6946046761915
1488.8990079940706  5.609707447863912e-08 1.3204806665252612e-07 2.6995253827783274e-07 4.621841149794026e-08 -732.6695850963899 3.235358466643853e-08 1.9644972977700075e-07 2.2773802331983194e-08 -159.33511401858394 -61.69460465244293
1488.8990080016877  -1.2411853298373753e-08 -2.5046536685386407e-08 -8.010102482346843e-08 -1.3321361734078526e-08 -732.6695851559298 -1.0206631760376105e-08 -6.210135646568073e-08 -6.655931362503045e-09 -159.33511404801368 -61.69460468187266
1488.8990080050223  -9.062441843685866e-08 -2.6391850287906965e-07 -1.88923349073051e-07 -3.7110050931900344e-08 -732.6695851797185 -1.5282326739388022e-08 -9.125181823499667e-08 -1.717039290047317e-08 -159.33511405852812 -61.69460469238713
1488.8990079962284  -3.549834644123227e-08 -1.6709908158967843e-07 2.372976227599713e-07 3.276075008309097e-08 -732.6695851098477 4.05919875630886e-08 2.4901880654424837e-07 1.798415175871798e-08 -159.3351140233736 -61.694604657232574
1488.8990079968587  1.883583302945015e-08 3.1566895978006684e-08 1.5303534254455956e-07 2.4998430755653e-08 -732.66958511761 2.0198929029153546e-08 1.2303632096107205e-07 1.2599329658031251e-08 -159.3351140287584 -61.69460466261741
1488.8990080131657  -6.459041545034842e-07 -2.1322674146456065e-06 -1.1903572917618632e-07 -7.799880634694027e-08 -732.6695852206072 7.47386293632186e-08 4.724562830908999e-07 -2.4945598943677443e-08 -159.33511406630333 -61.69460470016233
1488.8990080060107  -6.418645169877365e-07 -2.1974562717015347e-06 2.6533618042936e-07 -1.9225006009693555e-08 -732.6695851618334 1.316712882391268e-07 8.204255973891725e-07 5.661414552019043e-09 -159.33511403569634 -61.69460466955532
1488.8990080099961  2.948019052897405e-07 1.1509080895431593e-06 -8.138336576074884e-07 -9.630339544153459e-08 -732.6695852389118 -1.6401062851667819e-07 -1.0097921684495306e-06 -5.752617375474846e-08 -159.3351140988839 -61.6946047327429
1488.899007983712  7.177646512831097e-07 2.351089299831189e-06 2.2219547920577218e-07 1.0033794922232922e-07 -732.6695850422705 -6.960002945938595e-08 -4.427685112498302e-07 3.4858182195612127e-08 -159.33511400649957 -61.69460464035855
1488.8990079916207  7.711338039860939e-08 1.7898339268939493e-07 3.8347454766564313e-07 6.541568891834999e-08 -732.6695850771928 4.632791578993403e-08 2.813785993655081e-07 3.228901777191231e-08 -159.33511400906872 -61.694604642927715
1488.8990080051503  -1.2202011883416586e-07 -3.73246326856986e-07 -1.6694088947604978e-07 -3.668239765346426e-08 -732.6695851792908 -7.494632734318922e-09 -4.2885681011414495e-08 -1.6178768956109997e-08 -159.33511405753652 -61.694604691395504
1488.8990079936575  1.1263197571209427e-07 3.2689126232412717e-07 2.402648392128085e-07 4.6951952384466475e-08 -732.6695850956564 1.981089115004228e-08 1.1840872645463612e-07 2.1773719931370628e-08 -159.33511401958404 -61.694604653443015
1488.8990079952018  7.088045191300378e-08 1.9675763362944637e-07 1.9496676034895407e-07 3.6196824006401524e-08 -732.6695851064117 1.901561205230573e-08 1.1455055479099118e-07 1.717638731374248e-08 -159.33511402418134 -61.69460465804035
1488.8990079954565  3.6370189412792975e-08 7.784749726747027e-08 2.1295775310677496e-07 3.5729135669424156e-08 -732.6695851068794 2.665235900505034e-08 1.6206874189824054e-07 1.7776456002896836e-08 -159.33511402358127 -61.69460465744027
1488.8990080048789  -1.3477243085951256e-07 -4.2124546569007626e-07 -1.4046186571167151e-07 -3.3842227064701574e-08 -732.6695851764507 -1.7054867689664274e-09 -7.186238253760839e-09 -1.4382919003839861e-08 -159.33511405574063 -61.69460468959965
1488.899007999066  -1.6539743806254175e-07 -5.938148482033135e-07 2.0305544447826724e-07 1.5508929619051562e-08 -732.6695851270996 5.408129314129465e-08 3.3461105960465456e-07 1.2149502766414803e-08 -159.33511402920826 -61.69460466306723
1488.8990079998352  -3.39540947892268e-08 -1.216015408731258e-07 4.021201460383534e-08 2.9600255879054407e-09 -732.6695851396483 1.0881866645743594e-08 6.734434583609233e-08 2.3772392824265377e-09 -159.33511403898052 -61.69460467283949
1488.8990079898874  1.0985411971679472e-07 2.75234111374067e-07 4.4732009672285304e-07 7.815297610712965e-08 -732.6695850644554 5.1189475389077284e-08 3.1031325192548484e-07 3.8142390694868584e-08 -159.33511400321535 -61.69460463707434
1488.899007996831  8.96085034564122e-08 2.80909755455819e-07 8.934172114337858e-08 2.188599980928097e-08 -732.6695851207226 5.280346845033065e-10 1.073643056514186e-09 9.24157861335178e-09 -159.33511403211614 -61.69460466597515
1488.8990079945443  3.992512116380987e-08 8.02619241569695e-08 2.591509235756002e-07 4.3077191035952426e-08 -732.6695850995313 3.305461908708307e-08 2.011244539280607e-07 2.1528399872512735e-08 -159.33511401982935 -61.69460465368833
1488.8990080001695  -4.641374444373789e-09 -1.4488470594576421e-08 -4.928352850042387e-09 -1.179311463075701e-09 -732.6695851437877 -7.23567362603089e-11 -3.30765108958755e-10 -5.025542698842545e-10 -159.3351140418603 -61.69460467571929
1488.8990079948535  4.093933636906476e-08 8.727158513707364e-08 2.41449680846944e-07 4.048185111053232e-08 -732.6695851021267 3.026075486887906e-08 1.8401935516750134e-07 2.014767113564239e-08 -159.33511402121007 -61.694604655069064
1488.8990079919358  5.2748163863878844e-08 9.653534632473183e-08 3.8881991645635035e-07 6.39677444177692e-08 -732.6695850786407 5.061891920427238e-08 3.081981450140678e-07 3.2128727929150024e-08 -159.33511400922902 -61.694604643088006
1488.899007994221  5.890026903910828e-08 1.4360623512836906e-07 2.592119824654753e-07 4.484657872346857e-08 -732.6695850977618 3.034487381502155e-08 1.841017703814117e-07 2.1988510848121793e-08 -159.33511401936923 -61.694604653228225
1488.8990079985376  2.763470353056205e-08 8.124379206152163e-08 5.38704407573189e-08 1.0748101542426538e-08 -732.6695851318602 4.100663881743859e-09 2.4405572436871122e-08 4.939076472223904e-09 -159.33511403641867 -61.694604670277656
1488.8990079992109  7.331610930020144e-08 2.498627559211675e-07 -2.474449007406359e-08 3.0411851508135624e-09 -732.6695851395673 -1.4207587347173883e-08 -8.862307728727496e-08 -2.0508196093901515e-10 -159.33511404156283 -61.694604675421814
1488.8990079920225  9.945023038958e-08 2.622395674201995e-07 3.4109401278782427e-07 6.104859081220323e-08 -732.6695850815597 3.678617874130978e-08 2.2250666802261476e-07 2.9460920324674633e-08 -159.33511401189682 -61.69460464575581
1488.899007996405  1.8200928412807412e-08 2.4290871182115893e-08 1.782252772415832e-07 2.8766740554903306e-08 -732.6695851138415 2.4058935550257722e-08 1.466503221147311e-07 1.4583585125803155e-08 -159.33511402677414 -61.69460466063315
1488.8990079984942  5.897821532651828e-10 -1.4640871267260402e-08 8.114780984867826e-08 1.2383803366518638e-08 -732.6695851302246 1.205719888636247e-08 7.369933312064094e-08 6.455378506938053e-09 -159.33511403490238 -61.69460466876136
1488.899007994271  5.3536121226693875e-08 1.2523871862953102e-07 2.6144447898280834e-07 4.4688198841372815e-08 -732.6695850979202 3.144751974622666e-08 1.9097194089283717e-07 2.203701838584733e-08 -159.3351140193207 -61.69460465317972
1488.8990079994053  -8.663485641064054e-09 -3.71633735746924e-08 4.023919905733297e-08 5.3100808232887476e-09 -732.6695851372983 7.262133030954524e-09 4.460645946289743e-08 2.9861861606513202e-09 -159.33511403837156 -61.69460467223054
1488.899007993847  8.079918563780471e-08 2.1670385693912087e-07 2.593168468857841e-07 4.689382705025708e-08 -732.6695850957146 2.7222746546708678e-08 1.64487626875921e-07 2.2522247951604946e-08 -159.33511401883547 -61.69460465269448
1488.8990079907676  1.2121941555876079e-07 3.250997170617471e-07 3.890972809719051e-07 7.036119238881442e-08 -732.6695850722472 4.084941859419618e-08 2.4682447548438624e-07 3.3793551842669196e-08 -159.3351140075642 -61.694604641423176
1488.8990079899406  1.217783303336173e-07 3.178862099803699e-07 4.3345559692436354e-07 7.71525645630829e-08 -732.6695850654559 4.740642792100756e-08 2.868983077345108e-07 3.7327968980103396e-08 -159.33511400402975 -61.69460463788876
1488.899007996645  4.53510245160989e-08 1.2272587284981767e-07 1.4020400047228112e-07 2.550843177862364e-08 -732.6695851171 1.4479777800745951e-08 8.743388232911004e-08 1.2216992866248768e-08 -159.33511402914075 -61.69460466299974
1488.899007992175  9.629928069361961e-08 2.5281903540878636e-07 3.3571861552035754e-07 5.993960810691243e-08 -732.6695850826688 3.6433375533320534e-08 2.20425514599756e-07 2.8958640498736893e-08 -159.33511401239912 -61.69460464625809
1488.8990079942735  5.822797516183774e-08 1.4181978576996793e-07 2.5697299747776006e-07 4.4444040072016035e-08 -732.6695850981644 3.010619722397184e-08 1.8265874970391753e-07 2.179465796497635e-08 -159.3351140195631 -61.694604653422076
1488.8990079999758  9.80676795792893e-10 3.1907839940183253e-09 4.085859338496898e-10 1.5304435996470116e-10 -732.6695851424554 -7.938317903965643e-11 -5.089008282173814e-10 5.5961164249806496e-11 -159.33511404130178 -61.694604675160775
1488.8990079988698  2.022735065745517e-08 5.8803488396582054e-08 4.267116696613687e-08 8.359456499499275e-09 -732.669585134249 3.4863504290418255e-09 2.082797886429092e-08 3.872395339307847e-09 -159.33511403748534 -61.69460467134434
1488.8990079982966  3.0551947288322505e-08 8.885954566136295e-08 6.425072818193932e-08 1.2595818009608933e-08 -732.6695851300125 5.235808548220425e-09 3.127530832404793e-08 5.833019668059156e-09 -159.33511403552473 -61.69460466938371
1488.8990079936389  7.080982190183245e-08 1.7915395465035768e-07 2.7981643602001953e-07 4.9081806951984406e-08 -732.6695850935266 3.172132914465102e-08 1.9223058149389934e-07 2.390976187774402e-08 -159.33511401744798 -61.694604651306975
1488.899007994207  5.68436554119611e-08 1.3619831164166613e-07 2.618551142077007e-07 4.5057390913803055e-08 -732.6695850975509 3.103503610489627e-08 1.8837063212522522e-07 2.214896972168503e-08 -159.33511401920876 -61.69460465306776
1488.8990080000053  -3.470004092038063e-10 -1.1670441184491744e-09 4.119345353262713e-11 -2.5928641840329112e-11 -732.6695851426343 5.58840025962022e-11 3.499987203354804e-10 -5.055672385478587e-12 -159.3351140413628 -61.69460467522179
1488.899007994122  6.161640522848526e-08 1.5209155263789416e-07 2.620635584580424e-07 4.5531774894565843e-08 -732.6695850970767 3.0382354208859585e-08 1.842656047592226e-07 2.2280026273698557e-08 -159.3351140190777 -61.69460465293671
1488.8990079941996  5.979928546013004e-08 1.4654111730058676e-07 2.59538703174336e-07 4.497961027455912e-08 -732.6695850976289 3.026494240988846e-08 1.8359148135941095e-07 2.2036014588533014e-08 -159.33511401932174 -61.69460465318072
1488.899007994213  5.915429824074178e-08 1.4441275025651983e-07 2.594155696184768e-07 4.4901073923536255e-08 -732.6695850977073 3.033893651931207e-08 1.8405936385983668e-07 2.2010765718219024e-08 -159.33511401934697 -61.694604653205964
1488.8990079942155  5.841936473656242e-08 1.4185072099908265e-07 2.5994384812309916e-07 4.491316578479844e-08 -732.6695850976953 3.052328596424002e-08 1.852040831396618e-07 2.2035065597832383e-08 -159.33511401932267 -61.69460465318166
1488.8990079999976  -3.9216769319016605e-11 -1.6441165835640216e-10 1.635127457806135e-10 2.120541639319786e-11 -732.6695851425872 3.008475614518229e-11 1.8487066070965257e-10 1.203815257222085e-11 -159.3351140413457 -61.694604675204694
1488.8990080000026  3.012335519926562e-10 1.0888734510898366e-09 -4.0585260247913816e-10 -3.3720687921310067e-11 -732.6695851426422 -1.0388820370049851e-10 -6.42379250576381e-10 -2.4987758558441697e-11 -159.33511404138275 -61.69460467524172
