 Dim = 3
837.5100639274401  -6456.375352766533 -673.0764477288163 -862.6785463250014
1016.4780087053732  -10867.40265399553 -326.21323773740255 -191.22402982983084
368.26074485889905  2597.5188135190147 -536.1467605716826 -2034.6587242848673
837.1853893664733  -4655.941813168201 -1085.2324248525708 -1730.2422989861707
104.62260832787383  24084.1311791603 1184.5274521077854 -4276.469311131051
837.4079684057542  -4413.811404038179 -1133.55111245956 -2709.039430109338
367.7355986912075  2295.3943009826826 -464.0796709530546 -2241.280818597719
104.6225490255895  22937.971521285504 1448.4882150307287 -3915.9352104638047
367.63354892962286  2235.83642269926 -440.43532363983604 -3426.401710913546
105.96637111128744  21007.8555544002 1918.3250155031733 -6380.325456186655
367.7356444512956  193.27247397105242 20.039341090924843 -1580.0408271292295
368.07965226231016  1948.5060842553446 -371.89715347630704 -3622.9061116670696
837.0607075090002  -3808.334169860562 -1277.978261819983 -2294.955272772
837.1275965348012  -4099.960503318442 -1208.4153490591934 -2494.397692289679
837.8540717384518  -4701.14174248221 -1065.0129422960442 -2905.5438308628463
104.62387849371812  14681.972781819357 3349.846120090233 -1318.94179842677
367.41101565041976  -108.41581344227617 92.00237601114574 -1786.3645883219044
367.63353538742876  -1012.4450621870944 307.64445132709386 -2404.6276187778185
367.3531635164655  -698.5941614672391 232.78021472747346 -2189.9858809581733
367.3531104905772  770.6835090864549 -105.59468112617122 -2652.159453325724
837.1853821006731  -5288.785969626138 -939.4883086622361 -1531.1758798852313
1017.3275514560069  -4913.185490611286 -1702.4423914562176 -1461.2925886981486
1019.6609489800735  -7594.089297585009 -1062.9546077800662 -3294.755072751292
438.84519579612606  9552.134890005429 7007.461412466862 229.5299163400091
1019.6611811980073  -12944.493661019595 169.24442139989992 -1611.7406583774473
440.7346377172042  29667.991289900398 2361.689100417069 -4511.172639651439
367.2862214647762  1062.309842544333 -175.15759388696037 -2452.717033808047
837.1854933324922  -7443.958835163146 -443.15163347961544 -853.2482408165141
1016.419910811291  -9355.458123472265 -669.5546532341109 -1256.085644704217
1016.8024052883152  -5215.310003147618 -1630.3753018375896 -1667.9146830110005
369.00272572214254  4051.857917235837 -873.6189230023141 -2184.429778983066
367.6366485661845  -11309.025119508338 2678.948578770761 834.2477031804145
82.22569703442197  2850.409169969541 1722.0209247447074 -2196.288384962198
367.4110738563506  -794.3110084255914 249.96415534012178 -1570.6105216207377
837.1854486687555  -3509.782155293483 -1349.19318777552 -2090.776399653412
837.0606482067179  -4954.493827735286 -1014.0174988970323 -1934.4211721047625
1017.1463995571356  -6708.3578777496805 -1274.2320214378915 -2689.0058754131132
367.2862744906645  -406.96782800936114 163.21730196668432 -1990.5434614404962
837.127537232519  -5246.120161193164 -944.4545861362432 -2133.86359162244
1016.419924353485  -6107.176638585909 -1417.634428201041 -2277.859736839945
82.33050258635656  -3216.130126403291 3109.2177921369725 915.847579198193
1.7305205079784771  15652.895018226462 1056.5586976844793 -5101.332031183016
1018.317875835542  -12015.080564423568 -70.13033891442285 1167.4290396634697
82.00346378780324  2529.7762367923942 1788.418756907635 -1192.7976287292938
837.1275829926071  -7348.241988204794 -460.33557409226376 -1472.6236001539498
837.5100774696314  -3208.0938678801485 -1421.1562226957424 -1884.4526384607334
367.28697767174276  -4655.953234721593 1141.759359260793 -653.9895862170746
367.7356579934897  3441.5539588574065 -728.0404338760052 -2601.814919264957
837.4082006236983  -9764.21576747288 98.6479167203928 -1026.025015735478
926.0817108984693  -7777.598945677217 -707.3831034616815 -959.0151035079817
937.3236649910467  -6391.679162070714 -1063.8601623744578 -2010.280984080275
379.0839926765653  -614.8633809114367 141.54762954246308 -1968.1157431786019
765.284020414165  -3546.1151513205587 -1043.1081313681298 -2802.646276533889
722.1242990501103  -3288.877795979152 -917.8077872551657 -3057.898498682609
745.0841295873375  -2985.481072384413 -1092.249303875686 -2614.62744389691
715.8049260135925  -3208.6074307143376 -909.4409294923139 -3066.558044843207
702.9615648025987  -5150.008567081322 -401.39000798435364 -2755.713743592162
683.1002280121135  -3478.8554064571354 -692.1051884204136 -3604.507364551617
556.58911288273  -1903.656390740823 -469.821107221712 -3908.6374970811094
556.5890463146476  -3682.6602050734837 -60.1162281084267 -3349.0369773129323
472.8950284103608  -2421.8235996314334 71.30513150702251 -3485.055702900858
476.9913918169481  -2486.0319366941185 64.61247448944911 -3478.128924171806
699.0026518518744  -3184.4327569496427 -839.6489949556528 -3224.561301382622
520.7051317991272  -1375.6467065903994 -414.78483187749816 -3965.5990446965866
432.78213953464973  1.36187914912216 -271.2544650092336 -4114.1503733520985
430.421872465783  -1738.8203184964068 142.49692546442247 -3558.7379195111434
628.1500087002914  -2619.891399827571 -648.0636981346695 -3592.089516427023
491.3408988862509  -2708.7910922102164 41.393517363397905 -3454.09772431961
573.9811667997773  -2153.402766918494 -495.85303568463405 -3881.694922871837
129.53175914749403  6461.4739085459005 402.1053522002171 -4811.06558155682
432.78207296656734  -1777.6419351835382 138.45041410405167 -3554.549853583921
520.7050652310448  -3154.65052092306 -5.079952764212862 -3405.998524928409
520.7059614948075  -9385.477308605281 1429.8805095216817 -1446.0398779142586
520.7055349476211  -7648.25141626702 1029.7970929046646 -1992.4988031144276
432.7829692303301  -8008.4687228657585 1573.4108763899462 -1594.5912065697705
1014.3973089557812  -7537.813587905073 -1057.0887959472407 -3300.8260816981947
1018.609617760982  -7291.882027404404 -1135.0414379437975 -3088.07638072104
129.53180381123076  2527.2972286762315 1308.1469064961232 -3573.5374227199254
178.4447641531079  1166.3511931497924 1166.290794784144 -3426.7189178103654
431.7307417474758  -1475.4346650029322 66.36358394032038 -3347.871161553669
227.52761169231667  3915.8829560779204 136.76960405160077 -4536.447890629727
456.38361457808736  -2160.131707862669 98.5821823700343 -3513.286956230151
561.3384739506992  -1849.6404993334481 -508.55925419192664 -3811.975872439725
496.65579864943214  -2790.4658479377113 32.88027512595207 -3445.286672880582
543.9910904096158  -1664.5343129172088 -465.1167457653492 -3887.7263505567503
491.1944199452638  -890.890891485989 -377.5894879780093 -3987.097116129125
456.1627279766383  -322.13706604584263 -325.1940384403839 -4032.5438169628487
440.76247659001103  -1908.1231698605613 124.84990378293455 -3540.4735718696184
527.2908217243821  -1437.1740199987412 -434.5304676214075 -3928.164234080988
469.0042367861282  -2360.5776489819364 77.68900874421263 -3491.662900152912
516.5484018034668  -1285.6910302500987 -415.4468626841433 -3952.1151785720667
472.6740752408293  -2362.832772147267 57.23378980988963 -3444.7120438653783
512.0941916423394  -1233.841280217086 -404.51262416339944 -3970.4821892040836
468.7448568778043  -512.0925340111451 -348.5895507959625 -4003.7453561502625
1019.4399958105421  -7535.098470100844 -1077.025949477199 -3254.411413715812
1014.397353619518  -11471.990267774743 -151.04724165133462 -2063.2979228613003
129.53169257941164  4682.47009421324 811.8102313135024 -4251.465061788642
431.7308083155582  303.56914932972813 -343.3412951729649 -3907.4716813218465
143.2601542232259  4329.878327147009 754.8382124497964 -4166.719979330585
359.5013853435375  1379.3502475089447 -170.94839819544347 -4162.725487380022
389.88735120504043  -930.4357198153093 181.34103426299384 -3541.0360969383496
390.3647674622696  -1060.7852838723556 212.4338894430865 -3630.1817928374708
428.00150793667865  193.17207273415386 -292.52262648982435 -4039.531461858803
496.55405554311466  -984.5333182169725 -383.248028981536 -3986.4707208308023
535.0128553215465  -1465.8711706552021 -468.5576499111558 -3853.3768079624115
691.6361765856071  -3751.4234689675473 -662.4202597408314 -3709.300864500072
702.5184733343353  -3892.064030975211 -677.0797118826479 -3694.128597191458
436.18858298150315  -1823.2457893084534 129.95434128774886 -3540.9848410787204
265.2936341215343  3279.5341286149824 0.4510437487702177 -4306.12593064602
430.4219390338654  40.183495836253655 -267.2079536488628 -4118.338439279321
390.3729653134241  -310.8543501568445 39.74237277810932 -3868.2255785792336
390.3648076365094  335.8330102421253 -109.20753973632213 -4069.4997510158705
496.55402140726915  -1501.99949933075 -264.0754800131897 -3823.6974082719707
445.6504781442129  -127.83317892749619 -314.1221606122814 -4032.297407553416
424.74649363108745  300.53103594881543 -300.800203845185 -4006.1432580715623
390.3647998945065  200.7523493465271 -78.0984407018525 -4027.0090000468167
427.98018119584304  199.19721439551847 -293.9598300468256 -4035.4108846234385
424.94436934072013  243.7346565949257 -287.25231351828506 -4044.9861402758875
476.80812373506427  -916.755230503918 -297.1940196286497 -3923.0366816713085
435.88101741838  39.01447241295557 -299.6100646309691 -4043.6465134157665
468.7833372457402  -698.1337607300459 -305.65784385006805 -3955.6988039943594
445.6604924094393  -130.59562305529516 -313.46322265702156 -4034.1866352308275
501.647554973475  -996.2361119203997 -408.49026462014024 -3929.717634129207
532.4129026772565  -1731.4491072544588 -394.70248685337197 -3755.8395458979057
524.280354593038  -1623.3485014527428 -375.6071975146259 -3898.721505869681
407.54694815799104  422.1451309936238 -227.3947715151459 -4159.544361294387
365.7169333107135  1188.2556304602078 -161.71185376981663 -4209.456859165118
491.0222011763644  -915.0988295753596 -372.4004131660271 -3932.675121440487
436.0835766849946  -16.264422696508404 -286.42414649930663 -4081.4515924639104
413.05261737408745  329.2452304705631 -237.07804941347445 -4149.522344149698
427.9801669581418  4.907481594446267 -249.21487174549895 -3974.2954251819506
403.4751012264368  463.2446383393783 -218.84355332646345 -3983.5412257258713
425.0982728343352  200.90279455751545 -277.0354409644185 -4074.2787288288423
456.1435798640947  -418.7810147885641 -302.9798051477311 -3996.9436312676626
472.42026505712107  -513.3782144482948 -369.2760151707345 -3956.1315007398443
491.1483039460498  -1114.318731316419 -326.23629771657306 -3904.414009429543
524.2803688307393  -1429.0587686516706 -420.35215581595253 -3959.8369653111695
527.118608363028  -1390.2944296490432 -445.7128626235674 -3896.103415654617
359.96547993011245  1181.8610596824753 -124.42578427670094 -4226.810046248577
331.39495984974405  1778.674732766112 -85.99899996627002 -4305.886422477406
413.05260031268205  93.39619412657441 -182.76197648224638 -4075.3340583964787
413.05260031270103  93.39619412158629 -182.76197648105654 -4075.3340583998897
432.51293755864316  73.51231588363999 -288.46482621600387 -4064.8068950009992
451.06893053271773  -287.57977796387013 -306.04348237844226 -4018.798051519899
440.7625389910441  -183.63052348030487 -272.3010441378864 -4082.9271481216697
445.96923701463663  -213.60915566876156 -293.66163938199963 -4090.9593539384496
440.7625317329196  -283.1126340468595 -249.39029726076754 -4051.6342187124305
476.9415265432313  -731.0111821802866 -339.6774124313912 -4017.0519974039316
432.44320020360914  92.71873940392106 -293.0462189453441 -4051.671676614696
393.4736217814576  662.5279779936535 -202.33883607940365 -4185.476800407446
393.3270648472145  547.4310858662624 -176.15228423794233 -4110.435799523418
393.3270673838824  582.9037203963675 -184.32163796551615 -4121.594013216197
407.54694048111656  320.293114651227 -203.9382349373516 -4127.505958209073
407.5469404811364  320.2931146460142 -203.9382349361081 -4127.505958212638
433.7881347783559  -153.17280574815595 -241.18985374694762 -4068.9534506183372
430.4219254199315  -145.0776857452007 -224.54227221934514 -4060.0629860899544
431.01354585974286  -125.33210221036245 -233.06314652902097 -4044.0529922995474
427.1382884234599  20.9328608193822 -245.91862496034622 -4057.9039952029434
435.75162020050254  -181.8777334085314 -245.66056672837624 -4055.812810917282
429.42463884096577  -193.81674708797436 -207.81927469938512 -4041.3347441299557
426.2362058517321  -191.03150434741133 -190.83842364506626 -4031.323615753212
420.8650323496119  -78.27558281963923 -187.09612745431042 -4044.1045988901496
406.75230151153886  76.05645618735196 -143.25173503808887 -4045.7792826098203
417.11227432301393  -82.08009405092935 -165.13211898699902 -4034.2117229804276
406.56134056430136  -176.3343522013746 -83.97927011719247 -3967.836806506372
404.975757453579  -608.1602031613947 24.406390686781776 -3824.3238765757214
426.6510683997201  -161.13855892206993 -200.01943594658132 -4042.1455950318073
407.65623765059996  -173.18921274471688 -90.97242093347698 -3970.5414064631404
404.19966342712416  -239.11318054242003 -56.23797776057118 -3935.550457515927
392.5661006060055  -466.2468489263816 62.65668123919146 -3820.7748556358747
394.3201042051236  -859.0816173065556 143.2102756455606 -3709.8553648845573
411.09963307945  -12.47639481249064 -147.44344260620716 -4033.1168511614424
403.3301893309517  -585.3590977291155 28.514921879365737 -3825.7136709582182
407.46228838298146  -57.482836571347775 -116.521102085358 -4006.259138237191
405.0655103703359  -134.777702448289 -85.12351507141449 -3973.5452812718945
401.3473690169508  -323.7051987574301 -20.440513324676502 -3901.035661948334
393.83824371881894  -430.80179171844907 47.28836908544267 -3840.7417917632392
393.95000444177447  -177.03301285324767 -11.92962780307139 -3916.679812304506
388.02296020787185  -198.58726105357914 27.246616098185022 -3886.554587101196
393.5472316103919  -371.1355509221552 35.09333446754477 -3854.189225743108
403.51449852080646  -203.4932645670711 -60.47802832628009 -3946.4809584343448
394.2768228087313  -218.46388805733247 -4.139603073160327 -3909.0953647157176
392.87535679027417  -348.05842542112237 33.71914701579085 -3861.205251485667
399.9173054979879  -218.2293421818431 -36.56175840332372 -3929.1665417814047
393.2409342812612  -128.00595069952954 -19.06761648993574 -3931.72733898209
390.0360385429934  -44.20268293095174 -19.91355706592858 -3944.4958958444777
387.72759605106967  -110.96379164010672 8.782029192808189 -3913.057665866591
395.1143578885767  -160.2616727644306 -22.429741947628266 -3928.247600061718
391.2668249874388  -146.54404771131686 -3.465593067753243 -3916.7031641723274
388.04730286431226  -6.681623511562734 -17.157602795290792 -3944.823266987705
384.85461884535675  98.35965095012031 -22.911201081319877 -3961.9711536333557
384.2467497647397  68.77717769043022 -12.350183450452064 -3957.0784991370397
392.9305398584515  -140.10183658332866 -14.557443723770628 -3924.665674159863
387.0374615016071  1.595681872570296 -13.130428013776058 -3945.9867609347334
391.71047993583977  -109.45314188494876 -14.571813050679314 -3929.954596552145
388.0229668070871  -24.921007981771922 -12.74875133588234 -3941.1827586105587
386.9942618080728  4.418044048034076 -13.596395306124293 -3944.535323222439
387.06313975444357  75.83959402784747 -30.445162954306923 -3967.2489234350287
389.8512367363288  -84.30579101319393 -9.607585828700605 -3931.2199349229772
387.5849215427022  -39.03672491525644 -7.021133073098905 -3932.9868242097473
386.68180516124363  -42.43515764503023 -1.0569108734549708 -3926.4738177979007
385.69532110645196  28.676034933912277 -11.761210779990519 -3943.077726731471
388.46820944539076  -50.176834269418634 -9.516488220339857 -3934.834849044556
386.80096748696315  -0.6269137029603797 -11.378294877055447 -3940.0530554592215
386.12202062763623  -35.319910497765505 0.5611282990792059 -3926.699963808035
387.63817735515715  -15.444107550258707 -12.763855004364835 -3940.599191782587
385.7747631730464  -9.662805219769382 -3.3943493955331974 -3931.3037111918193
384.57146093355533  0.28887173016755696 1.1877231151590157 -3925.614716687771
381.8732270659397  101.41971823079506 -6.409788075999477 -3945.4183382810597
385.7575787790088  -5.1063700755753985 -4.481215923248612 -3928.1875781637823
385.70471553735365  8.986717766462277 -7.842902189579661 -3918.549355495879
386.1719511195818  -11.450688263379362 -4.827647078428749 -3947.341601780379
385.83320276432613  -25.068620017596515 0.2804674088446859 -3941.83970408892
385.7136612368685  -30.87968638893659 1.3580457636273309 -3908.398812233789
385.82501557731143  -22.91855709907901 -0.23239656148888344 -3940.3692821777718
385.79173163474326  22.44518521788217 -10.75187818015769 -3945.8835985625365
385.7832737760085  -11.914929704720691 -2.857140230587504 -3932.8439327177966
428.14821326177776  -725.664933251714 -78.80363512637673 -3852.264658690342
381.95753828265566  353.2570554614283 -64.2246198731649 -4046.8682304372214
385.83319035846074  -416.2179454760238 90.36222317073612 -3818.8004143077364
350.2343822936865  895.5823041227607 0.5874143940997172 -4100.256437819258
428.00374318865715  -1039.1268110295273 -6.932300045758453 -3714.98314118036
385.7225537559839  -33.25520268440647 1.9246881201808606 -3910.0234210678223
384.7845662407115  -1.1350504576103404 -0.15111902967966717 -3912.0535446347403
380.62923036334826  38.02242486897703 13.74196149422188 -3863.838004629982
384.8799845274057  10.733278017983103 -2.6756247953002417 -3941.10185811326
384.72973738674847  13.606325040525881 -3.667444203719602 -3901.971959883782
384.8715823205596  12.95096512556389 -3.2046194610636762 -3939.5851882116613
389.279666619976  -39.398366307738996 -20.258560730545845 -3822.1601240655255
427.5565224652881  -685.0740412420464 -84.36583840750825 -3880.4318225266675
416.89293997124986  -238.92393615627736 -132.82788378902148 -3809.432752503035
368.8102454264977  582.4732482649854 -39.86819830766888 -4055.8486935797437
381.95752654033413  114.75193806526816 -9.296851026671906 -3971.8444521929187
381.48156902298126  19.202498871754166 13.084184764954587 -3861.0021585373365
384.69165167421363  -3.8922482493331856 -0.34774563501527656 -3865.3218769978243
384.09396323309227  12.12784311400754 -5.466220812634352 -3697.0798468014486
384.9822488886786  -6.3907768034942976 0.8709216132254864 -3942.5349853141756
384.7114232987803  -9.32378972436765 0.9478638571192546 -3869.036492755074
384.87978855578103  20.74551769968992 -5.60201814085453 -3923.976550730143
396.71995355458967  -245.771081553672 -15.625730682512472 -3783.7447743492435
402.55079933750443  -238.97549593511155 -46.753128989144884 -3934.046493165426
427.1787288158926  -847.2646969429874 -48.280651151287984 -3712.3890927482043
368.1168354788693  279.86424271404496 27.39890829182576 -3737.416004630163
374.1610666441473  319.63914044721116 -10.61888615224236 -4007.958437043863
380.7234520304142  98.5337531477507 -0.5853344411445093 -3888.565022240896
384.3028042298945  18.448907942066967 -8.139101796882802 -3699.820152478119
384.66547717785886  -0.12914021245442342 0.019334005168896162 -3902.3322877592445
384.8303037173673  65.64337081785189 -14.767344506763553 -3966.7639401903207
384.3121154420233  -18.481598286086502 3.4391844259280857 -3798.7387335401822
384.8163926927663  0.32137670051987044 -1.0383816189248778 -3900.570382450827
427.1007867688663  -336.2992070150391 -165.27800898986845 -3881.5749031034347
427.2515890794678  -788.2168488417273 -61.71157460833102 -3751.3106757471323
376.83622273968064  -234.03132929361607 97.93196870562937 -3739.500847554047
380.15329010887245  300.48190484692435 -48.44869211852594 -3787.827436198414
349.0034007797488  203.80200621047595 167.43713483980994 -3877.9974376652253
377.0244699233179  217.83682200316673 -5.70698889562587 -3933.3380175932325
384.22533153519623  74.08687087518831 -13.183441333337607 -3967.240002348847
384.2775699432315  -0.844406375132408 0.02070963810051385 -3819.323979908376
384.8546146514967  -0.32220820767501124 -0.1847522388900602 -3930.929949993718
383.4665712730425  7.1976875565063665 4.641777703197265 -3877.6364033631226
385.2429428717831  -2.722014976009703 -2.3850907233536995 -3915.5622643344373
397.491797189559  -53.64322177207748 -61.52811274813449 -3940.927022727143
404.9454568848992  -363.68415762857796 -34.17725684266385 -3818.712770742949
387.0920049454327  -72.65715634239528 3.032530886201343 -3902.550959157315
383.2377209057162  -180.97999929634557 49.07860694304386 -3809.7284780662076
371.64008541965467  42.47101384606597 66.50374986960509 -3858.5140360660725
384.48795372960046  1.5828184115862385 -0.4211667967930408 -3866.310461843183
384.88275228864745  -5.979276215940402 -0.5844284046122912 -3878.5951329232944
384.3094927306671  0.31591068534656586 -0.17231902049884606 -3828.6853093625805
384.61948811001065  3.5611418896188383 0.15405837401195033 -3926.8170610486472
384.82532597876354  -4.903690291250882 -0.11250964337224012 -3891.5087661150255
389.0870116722689  -77.42689106321725 -8.181065598293277 -3883.999578881733
392.76815053475485  -179.72877324408375 -7.005914008959145 -3828.0165159358285
392.834594460163  -173.54625980744237 -7.789977426623366 -3864.632070743721
381.66151412016717  -44.13687238203063 27.093847791247452 -3857.562755605784
376.9144853670714  166.91742143452313 7.336132554100493 -3938.7812445572395
384.614270215327  -1.7735530644991186 -0.384612037143957 -3865.7096545195873
384.34830132145305  5.171453678274702 -0.43332235286170917 -3866.936208620884
384.74390052488036  -0.050055854471771966 -0.16392788478102283 -3912.2483769848163
384.69209926907195  -2.732986586519054 0.011561324493849945 -3886.653923315662
384.55128816725585  0.006537877544268156 -0.26740603152740494 -3871.394694754689
384.7694807566514  -4.081339697616038 -0.12898218315594523 -3886.50846333217
384.60934482990086  -15.840852316839666 3.5127416955547757 -3882.2326798088243
384.44895026616206  5.558210925023523 -2.452979290656704 -3821.955272065418
384.3768823326207  9.832964447135872 -2.9301376598089677 -3826.018913733288
384.6536051956637  -12.562011579952504 2.1888064523157977 -3873.0878505956243
384.6825549506983  -20.457729979776595 4.072206911108974 -3878.4877099389805
417.02630064856055  -500.1518834058721 -72.35000079279142 -3765.7048460341266
427.2709460837802  -625.4463726834707 -98.30068105922635 -3837.509598274706
427.4099721422637  -766.5612089117899 -65.91961178908014 -3815.963041400819
384.614259094883  -393.2763978050901 89.77855927517872 -3742.5591622932743
348.6745833813298  535.9764152906024 90.20811267975856 -3894.0653615238216
384.3259822752183  6.3178549366639345 0.06192829459810767 -3888.18205186375
384.6418899137692  -1.338460586372527 -0.09389847619418923 -3884.3553741655082
384.4679760580842  0.15040601550618504 -0.13662145275531667 -3860.3621712464337
384.55825427924765  -2.066991979347783 -1.073770673518216 -3828.8317185380274
384.4205412002383  4.4062312733498175 -3.190817002971775 -3781.1555619358096
384.11763995980857  8.454168200365423 -4.560397570583196 -3703.172413829985
384.3610947872738  -24.442228366375836 3.614195040650297 -3765.402381344547
384.59980127806057  -13.246097562698743 2.8938034245909945 -3880.458134416833
384.651493929171  10.659414923232255 -3.7902898853597167 -3858.8292470656966
384.6816886550144  2.3160872818997476 -1.8001192242711754 -3864.535225095477
410.2115443692164  -128.77283207998846 -120.75123304385693 -3817.616359089009
427.29214885959504  -835.500755725025 -50.72956006386697 -3747.6561335598053
387.9390781645449  -415.7652386083476 73.47879946243188 -3674.3541987190397
388.24641483068456  -308.39090989064596 50.75850338718981 -3837.168100193697
380.3759334163912  308.3644826051229 -48.55831135665695 -3896.4864465408655
384.32648090932196  13.181012572375153 -6.866129314361435 -3705.4112441367643
384.6376544394722  -0.20602844178902302 -0.024777609580671545 -3894.812137689205
384.2234898617047  -1.5628647742785375 0.059525643123195415 -3803.74142199278
384.5724715644396  -2.811630825071063 -0.5597824103476725 -3843.0869141453213
404.8214389441482  -433.36819602260005 -18.413919903730417 -3762.245973116512
385.23806721476444  -51.106124670816 7.098538093334946 -3844.270957090999
392.87306289412874  39.9955405176313 -58.96555033097915 -3871.844286839737
393.6631173052219  -302.141753343102 17.273841163001666 -3834.638277046036
374.2265063015779  321.19540118236415 -14.455969818235696 -3907.490878909728
383.9021294265621  2.3366234381803395 1.7381856766607555 -3827.8530991739613
384.2132800070431  0.2882726622607237 -0.010027935569470792 -3814.494711417232
384.4287271182201  0.48914743287308227 0.061325021327136575 -3861.9084106691366
384.5010581502585  0.7347527679848298 -2.448219215011018 -3793.015853409224
384.6340420268207  -2.2040181606358047 -0.2407512803099694 -3870.997400653783
391.06230482632765  -31.47058642450679 -32.253816516285355 -3836.021114911721
392.71090313931563  -188.1561698673769 -5.196299329444152 -3809.45477054809
381.70247526475913  90.81823365498242 -5.361507015481719 -3862.1836834381256
385.98527425742276  -65.18758181288764 6.785814189687098 -3869.1053179620203
383.1066250261285  65.53964119246683 -7.333103214810254 -3873.2822918667534
384.4394668073451  -0.9728007405032955 -0.6393437488882991 -3828.5427290952834
384.00703560720416  3.6358731952821444 0.802854239248739 -3827.8178499584683
385.0896945473904  -15.036511683815746 -1.5504791497982984 -3814.125437268149
384.41446126592854  0.5670080031384117 0.010956023321271324 -3857.9996155617373
384.41545269487807  0.12824054311107602 -1.602457164898503 -3799.6775849947844
384.55700544409257  -1.7812727621726836 -0.513204262974587 -3849.8989858052846
392.6290695323365  -173.46918004009902 -8.405151274701058 -3803.563728353788
381.3053788058938  -24.78273592006596 23.142388279755277 -3809.3895551434234
384.4496755079157  -16.847846799906257 3.382730710825906 -3838.0304682139245
382.27499714357407  112.88092108444732 -12.901565977115661 -3901.020420277567
386.6762671744093  -112.68040542573434 13.242745588761455 -3841.2455639598843
384.3968498310352  1.0807231924717584 -0.8681255121201206 -3828.888434960138
384.29602825057634  -0.5800303427333944 0.002773685565260031 -3824.6151023442085
383.7956123611085  1.9206412201966714 2.030784723594805 -3812.838897444483
384.2997462480557  -0.45545118541373597 -0.017282424960469278 -3825.7012792825462
384.31086681385733  -0.07080609357741707 -0.08007376529003718 -3828.9497838671364
384.29038762418855  -0.5527747072376457 -0.016613524673245728 -3823.033972719236
383.7912931105954  3.14798976150189 1.7380198745032507 -3811.9995172699737
384.26898948058914  0.8024292641400592 -0.37856998725574353 -3817.4152841331306
384.1681776508405  -0.6103987875880108 0.09106672043961073 -3801.3746405013885
384.16302474688547  -0.7100383441273976 0.10186378852588707 -3799.870037000091
384.16302477381896  0.07762661531442916 -0.07953558475819289 -3800.1178035968546
384.14637317842255  0.7834017785312781 0.5154589426758811 -3822.935443985873
384.3896458843226  -0.01398568234353803 -0.6327242669989959 -3826.5178385028075
384.5382759000529  -0.11912451704248639 -2.4503181234261993 -3793.5103050561843
387.82310688906335  -71.45888523886116 -4.151514910588123 -3816.3835211328287
383.6980831177259  -77.60742095582117 21.4429796143544 -3805.4772792529225
383.9074524119082  64.02787018822994 -12.013481319044914 -3863.7854854923607
384.57711566946375  -64.3204802947179 12.42703263542819 -3784.442673945256
384.2438256892769  1.4325541282133685 -0.20233463287840703 -3823.490738477899
384.27339046754315  -0.44464320161274884 -0.08110030366113019 -3818.2681534434378
384.21922746861026  0.8359806400419387 -0.5029627018506764 -3803.2793288108833
384.1173560249697  1.1006517733238894 -0.3310653558827843 -3790.520365561872
384.1173560468882  1.1006513912653162 -0.3310653957060703 -3790.520365520656
384.15173896329037  -0.9072075018168064 0.21308111189893442 -3799.767358112921
384.15173901601054  -0.9072084207753264 0.21308101611271013 -3799.7673580137844
384.1788014241207  -0.36371069197593897 0.4518217542076135 -3817.952850989097
384.33981573848354  -0.22323083442869773 -0.34510887402518176 -3824.5301811888726
386.17925818971025  -13.076287271317725 -8.623630770124246 -3809.029709166409
385.1907619010349  -78.69803388441169 13.448801783753606 -3825.993620467167
384.1030836806567  -64.99852933275521 15.425329097183226 -3785.227018977225
382.94104240871076  60.35798598104928 -5.276937709953927 -3867.5477767089733
385.65200616713537  -61.041364673720125 5.141946055733234 -3780.017539184433
381.46874050359145  156.10281719750216 -19.92691379757645 -3851.3647784819836
384.2217419658036  0.11701912059719177 -0.3314656464836636 -3803.771024547952
384.2054055870211  0.17941038385341557 -0.03969208684001391 -3810.9808515097798
384.20540560702847  0.17941003511564446 -0.039692123190158135 -3810.980851472158
384.2360388592195  0.14380320259552803 -0.03300258361425534 -3817.14944245758
384.23603894013087  0.1438017922855721 -0.03300273061573922 -3817.149442305436
384.2344322539359  -0.6100037690920459 0.24620552378101213 -3820.1974098309133
384.314066268405  -0.43694913302933003 -0.17353142372278185 -3823.422560768502
385.0440183185042  -11.801708953707873 -1.5508510353798695 -3831.316231963749
383.5480075073197  46.210093578843825 -6.442307364577329 -3835.512705393279
383.6733375847821  -35.49641191221286 11.924322720712421 -3819.8265598977077
383.86376256688084  43.034130585917026 -7.434764433411289 -3839.6945304256733
384.62990075911813  -42.92676006309459 7.722927441627485 -3809.561413606265
384.53242103039094  -16.00953734098414 1.6338475973551514 -3801.9686718567255
384.2546115579566  -0.007894593069345035 -0.0005300512325989715 -3820.787391857964
384.1266024640237  2.0442313823281637 -0.06991617831900943 -3809.213858742123
384.18179980723363  0.10733521112306477 -0.02401257106189103 -3806.1128256649936
384.247063674911  -0.17045467502077116 0.03900680616757235 -3819.276681045611
384.2470637263714  -0.17045557198930084 0.0390067126734408 -3819.2766809488467
384.2458369575253  -0.1591245137058266 -0.061639631465599365 -3815.6767151114427
384.21855780339575  0.024899600744170414 -0.09230981656940873 -3810.5845912070854
384.2190821157921  -0.47322280437213493 -0.2777429448002513 -3800.2084515913157
384.1298885503268  0.9429457858636923 -1.471736666796402 -3751.927024155856
384.0778154670084  -0.03462497994765812 -0.010832633109190581 -3784.0615004815245
383.37278703515403  22.77040390314771 -4.939827045490446 -3652.8060430085416
383.79129368626235  19.61512433040673 -2.054363999854119 -3817.1793920907076
383.4373569621627  -18.026279716764897 4.0790122387981675 -3640.2057999571807
383.4378632047188  -18.035106321273304 4.078092211286057 -3640.2048477453786
383.9872846740529  -17.608971234261226 4.007917706858867 -3758.7872336326523
383.98580198517317  -17.58312524687905 4.010611723504409 -3758.79002189106
384.10327317667304  5.627905292125931 -1.6475007655476546 -3779.5283589189194
384.2147101345616  13.168762321123438 -3.1279282340706107 -3813.6401783575925
382.17153318475727  307.8446153263382 -58.19364031024525 -3928.522377254304
385.79233162516147  -43.47834892718588 4.0651912315303145 -3913.356822531151
382.5115366976279  -59.28701876237491 26.777863234024913 -3894.266073408684
383.27214187171074  -471.79387941558434 116.45387776445612 -3738.3674076160987
385.8384259385935  84.62934256772938 -31.952319906030375 -3739.4765576943764
385.33429355106796  -31.970648788127406 -5.377735736794666 -3581.6588110451466
383.3727868685918  16.806386258609948 -3.5663127739646114 -3650.9300114076527
383.9100456904364  -0.020637242552773216 0.030164171112390115 -3750.7649339399336
383.9105175090034  0.3685012073815912 -0.062205942236892575 -3750.8890405763686
384.1542193810595  0.23111088620340325 -0.06353738842351131 -3800.134361440142
384.1542193218531  0.23111191821855215 -0.06353728085300325 -3800.1343615514756
384.1032730184016  0.8827921592810952 -0.5547004090738099 -3778.035743920511
384.2147097095728  1.0149758856470612 -0.3289091638482535 -3809.817103245752
384.199825599324  -6.846573720571165 2.6034340765411503 -3842.5450020054227
383.0866724007246  41.50487269226826 -3.9782263671071005 -3787.1490598080372
383.54651493133684  -168.59845138071196 42.54204096320852 -3751.0006015750987
384.0114982597916  -212.1798982694947 49.68702944146873 -3732.8045139227884
384.8546260744831  159.96970271034013 -39.71542222307282 -3894.5390823511707
384.7036737138286  187.14623485819064 -48.957430362932485 -3767.6437399196116
383.92900031025425  -1.1569469395675966 0.27618204329870455 -3753.819107919816
383.92900028439715  -1.156946488815528 0.27618209028215013 -3753.819107968443
384.1521148990862  -0.5198716598344078 0.1216855196649389 -3799.8905521326114
384.2586966602208  0.15427168009286163 -0.03554974872858985 -3821.746248892252
383.98266046897487  -12.021627519201125 2.370539744581812 -3747.2515370751044
383.8322622000273  56.68499575057342 -10.052068118856534 -3855.511115955841
383.9383221121877  99.13671239679431 -22.593073953004755 -3795.3341426957013
384.4890269150035  2.6702399333104623 -3.031035038842208 -3786.3933995431007
384.6331439574418  -56.437169904439955 10.463106591604022 -3793.2520299126045
384.08488959442224  -6.349101270555494 1.4936788326209385 -3785.2781285911897
384.0575136515601  -0.005398084245499035 -0.032540718617971365 -3779.359942649343
383.99987742910275  -0.8873642684965048 0.13501819500065082 -3765.8976898742862
384.0040679000666  -0.11358623219815911 0.02580069707745647 -3769.4255147743147
384.00406797280294  -0.11358750012724528 0.02580056491682381 -3769.425514637531
384.2735139739489  -0.18761088454172636 0.04367692275912738 -3824.657436453457
384.2735139536927  -0.18761053147447626 0.04367695956054796 -3824.657436491546
383.9905057864846  0.40199786161379336 -0.29508616634466645 -3759.681500482605
384.1822181037439  -0.303259116596827 -0.05436439854435804 -3801.769055417235
383.86407798165004  -27.198178444653152 6.4191427527679075 -3737.174400428554
383.5406108605057  15.836371289563274 -0.5735201559215701 -3785.682387071621
383.70419338056274  1.1942354199032934 2.4293351358115327 -3801.905998586346
384.1079293128152  -104.34080907224273 24.428155833756698 -3771.856278764431
384.7601310471191  0.48487098749869517 -2.3515337948966053 -3846.8692710420282
384.5629744640248  116.57490923643957 -29.735526992646147 -3821.053867541425
383.9961065508493  0.27334740961646986 -0.14307845497861127 -3765.1010481855715
384.01510995316323  -0.070353178965604 0.01571865488022617 -3771.725054620671
384.0151043822384  -0.07025606792871741 0.015728777099431213 -3771.7250650969845
384.20643639165337  0.01683387839131001 -0.003836051655754069 -3811.085282697914
384.2064364343751  0.01683313372933526 -0.0038361292744477637 -3811.08528261758
383.9892285919108  0.19999946882021646 0.24076941846103583 -3776.475589424658
384.1631021374769  -0.4631825022713585 -0.11872254871150556 -3794.3096462937947
384.3331041770837  -9.948691700435468 1.080960341221192 -3792.1573762218277
383.8755874465897  32.39479063336922 -6.126257007564931 -3799.5561336559363
383.9689500549736  -50.403248688397085 12.461213291805855 -3776.0508198769458
384.27429858168205  -32.80636491379569 7.344607781705007 -3807.342569746902
384.3174951027293  31.280999247275325 -7.255723206075804 -3841.6700324385615
384.0632954881638  8.526545399768892 -2.5040648779301975 -3765.537984471766
383.9941529887365  0.003858005230881645 -0.0013095050682725429 -3767.401701704752
383.9941529402754  0.0038619653728488856 -0.0013101344851698116 -3767.4017027758514
384.24702118964996  -7.293196937041557e-06 5.115694925450498e-07 -3819.330143621506
384.09549672133136  1.982882566851508 -0.04559057277982781 -3803.1943432546577
384.0525181157293  -0.0713268635033586 0.01638476514754572 -3779.481719677214
384.05251816383407  -0.07132770204326278 0.01638467774363228 -3779.4817195867527
384.1767352134729  0.08842502362369942 -0.020452287251132795 -3805.0453918105663
384.1767686856416  0.08784158051359015 -0.020513101544165302 -3805.045328868875
384.0158549279414  0.28699338533784413 -0.1295940260020796 -3769.7896189069147
384.1412176007684  -0.11799465640245188 -0.08147843044497449 -3793.9635551801407
384.01120733745034  9.384992645412531 -1.4683959479253277 -3797.9862186762084
384.05061728352695  48.10587007514173 -11.331009212183503 -3785.4454972715243
384.30047434871364  -6.072025813024432 0.11069368705719906 -3783.983078773271
384.106495340209  -48.05486925391487 12.229498681395118 -3815.400245152722
384.36707160415386  48.23728367197844 -12.158275421820628 -3822.9610595739487
384.05327596065456  -0.5697521365555218 0.11752968617593496 -3779.006597988482
384.09549672538174  2.1007469678843833 -0.07273476425815595 -3803.2314184871834
383.98832804213873  0.01128330366650232 -0.0027181780960896518 -3766.204305579723
383.9883339567363  0.012996844036820221 -0.0031472977813145064 -3766.204865897125
384.22354733493626  -0.005593055410997749 0.0013018716794377383 -3814.55993582909
384.2235472761919  -0.00559203147279419 0.0013019784080574581 -3814.559935939552
384.0201726052817  0.42684478233297796 0.024719130864209404 -3777.2386396286847
384.12793944915035  -0.3035743382405087 -0.0702962297467371 -3790.085244804829
384.1547251272385  -1.3266532458536346 -0.2665246597238431 -3780.289029584924
384.0505998515442  20.253479595420238 -4.669835494003048 -3785.2900991819633
384.0642716147084  -5.083885483565645 1.281383491524501 -3784.1741198699046
384.1655110319942  -4.798452365901198 1.702383733759377 -3821.6932586358794
384.3225553235466  4.935488788456588 -1.69983085969817 -3816.9532562150357
384.03549797547976  0.20527463583010785 0.03717735040284964 -3778.9936171241757
384.062132955497  -0.008603359216444062 0.0020564613529030495 -3781.490928557285
384.0621330121867  -0.008606748881447857 0.002056911412608997 -3781.490927695274
384.2367077424421  -0.010721938484778093 0.003069371688959599 -3817.2533024291597
384.23670774884107  -0.010721889382153904 0.003069323067958152 -3817.2533024676577
384.03391110304347  -0.005669353557657075 -0.018742724268578925 -3774.957331102892
383.9793950204717  0.24811128519126413 -0.03231765572157563 -3765.2955178646926
383.9624763893478  0.15872338406980901 -0.015365611177520222 -3761.6192695654872
384.00414749854735  -0.010059097867767264 0.002426754608329418 -3769.49097646243
384.0041475554369  -0.010059181125555483 0.0024264420295851963 -3769.490976641201
384.22354175673377  -0.005495825180119596 0.0013120063226432777 -3814.559946318262
384.22354173954744  -0.005495525616780128 0.001312037547166689 -3814.5599463505787
383.98377376174113  0.4394235388635295 -0.00653454047661306 -3768.7105728336346
384.0923565564824  -0.19169079093320818 -0.038368198506607776 -3784.79680428845
383.93777628569774  6.471021461308283 -0.9191107698618 -3777.7143303194034
384.07679371633037  -3.699135611361534 0.7664939623529481 -3780.3828591366773
384.0134492206644  -20.801215999031058 4.929622918883927 -3769.7309656195475
384.3159396476478  -9.780493166811837 1.674973892652571 -3810.4889884047057
384.1720559340281  9.896207168927035 -1.6679288537709889 -3828.113812562199
384.11217542383605  3.5767716250474493 -1.3725491768557472 -3773.8390844946725
384.0007880128142  -0.012830357674573634 0.003065705849707001 -3768.792850950164
384.0007880470634  -0.012830084769611005 0.0030654432743304483 -3768.7928511594014
384.2367942435592  -0.012229679071914745 0.0029122146734881227 -3817.253139774497
384.23679506477833  -0.012243993167807332 0.002910722665772525 -3817.253138230296
384.02021069755745  0.19624167362169231 -0.010389101081822893 -3774.0978804590695
384.0744554779486  -0.11930810971220751 -0.02591264578813046 -3782.1400525691333
384.0853766264886  -0.4948407650621576 -0.17655165103926684 -3776.022665414662
384.03224596805137  -5.6529079097657515 1.384049393196971 -3776.3998277564565
384.043553766275  -7.295765695466457 1.5798241716498538 -3771.857684087109
384.258967132022  -2.163212694888891 0.5157409447604424 -3821.6721683513556
384.23503002194093  2.1811940234293914 -0.5200280130948434 -3816.9755994604957
384.0316315547715  0.15949532170883174 -0.045341017406323125 -3774.9364029619533
384.2367628904666  -0.0001641836267580743 -3.722046973386739e-05 -3817.2447232873633
384.0018492004587  -2.7800196491511997e-05 1.1270670787766335e-06 -3769.0130945906403
384.0018492600326  -2.789896362997979e-05 7.9576992817465e-07 -3769.0130945421233
384.2367506108787  -1.001709387082883e-05 1.8859176380559006e-06 -3817.2448304902978
384.0327215636707  -0.024051200209257217 -0.0474626700665004 -3773.5553904271037
384.01002121815714  0.03732011695078796 -0.07913054252587148 -3768.254037235911
384.0081261499791  0.14275316233926105 -0.05068375880890574 -3769.738135361058
384.05795223827306  -0.0746183896738799 -0.027305238387877573 -3779.0560725023333
384.0290666631164  -0.06155162604127895 -0.13755734905977235 -3769.33625384384
384.01733327988177  -0.015976441777652894 -0.4430282987387839 -3756.561065540575
383.97551788086486  1.5744077564370116 -1.6820003583761238 -3717.2552491791307
383.8949762160861  -0.03178898539734831 0.007334702714855368 -3746.7078929936843
383.89498651701234  -0.031968557002663545 0.007315985345437426 -3746.7078736215462
384.25723671851745  -0.15044927993952228 0.034428685631159084 -3821.3476076145084
384.2572868273944  -0.1513226859854413 0.03433764749857726 -3821.347513391691
383.9871868924205  5.438363667277251 -1.7996984871763324 -3748.4236956380846
384.0456316757808  -2.5087004755380704 0.5245566842566118 -3775.439648933342
383.8391281851153  -5.428675834842373 2.311428252738109 -3770.639074670443
383.7920034658313  -27.11887969249794 6.85272178611147 -3738.052263274987
384.22035100273365  -56.39525301659883 11.74782022278232 -3753.250366563454
384.45445605998265  -32.18688067533141 6.1384631735071595 -3807.7362712606546
384.0041544939212  32.54228595287002 -6.013517632320782 -3830.898050142795
384.018618154037  0.9777363593761024 -0.6859892435923225 -3756.6454595894265
383.97551787903893  1.5146617916454659 -1.668240852586857 -3717.2364555865133
383.91885016013407  -0.2371180635230914 0.06380933471881 -3751.967446650544
383.9188502113607  -0.23711775979887761 0.06380896603087294 -3751.9674469306474
384.2464104725272  -0.009993731456390265 0.002364536683723273 -3819.2052493099577
384.2464105302511  -0.009994737598816528 0.0023644318100188855 -3819.2052492014154
384.0186933707129  -0.03269758205817652 -0.40649609328997904 -3757.989122675537
384.10489742993735  -3.8580049657509647 -0.09997794012904926 -3754.5697068764284
383.978521379791  6.484496262524772 -1.903409467301553 -3751.78324383615
384.0033763207979  -19.995812473490595 4.250107375402556 -3750.591655785773
384.3501995904101  -3.0167722908908203 0.19602538199866348 -3822.266697616298
384.13789182419947  3.1436369265328494 -0.19104486437012635 -3816.386934048902
384.01831228205504  2.137849575422706 -0.9438179145735992 -3757.2753490121327
383.91424041025203  0.0055249069274836415 -0.001273699261418848 -3750.7547630574213
383.91424046041345  0.0055251291905094035 -0.0012740429768509642 -3750.754763308063
384.2367944982062  -0.012234117644510434 0.0029117520257173624 -3817.253139295665
384.23679590953844  -0.01225871759049113 0.002909187888276321 -3817.253136641829
384.0084357686429  0.1457153101225046 -0.686585073919356 -3747.475730745033
384.0280096297674  -0.0597733342249569 -0.16540268857992668 -3768.157595251185
384.0690174648817  -1.0167147556722185 -0.47048176867889957 -3757.960425614184
384.0170088422001  -10.456013914042146 2.0377727853988983 -3755.8978992341385
384.0348837677186  -4.418626666102121 0.37389920562858503 -3751.9059977104935
384.29968991067983  -4.547772147222055 0.7943666816979675 -3819.9387198842114
384.1928549931953  4.57958952432088 -0.7931046433170268 -3818.7192495265194
383.9458739705061  15.865599462005463 -3.707489410623528 -3760.46745672825
383.90975121996905  0.00010059326830713644 1.2170290597524058e-06 -3749.814185888578
383.9097512855067  0.0001002846804993851 8.921715890508608e-07 -3749.8141855432796
384.2420666491211  -1.3993527190336863e-06 -3.085156636828401e-07 -3818.3244345142843
384.2420666079122  -1.7598246060401834e-06 9.68671116652331e-08 -3818.324437059651
384.22717346078934  0.008121206527043512 -0.0019011640462736068 -3815.300065101551
383.95691953250673  0.0010592828784439234 -0.28430735919010086 -3749.6660016612304
383.95691953250673  0.0010597492955213283 -0.2843074666058589 -3749.6660018079465
384.22717998888095  0.008007419519920234 -0.0019130244595242374 -3815.300052826238
384.2271799044002  0.008010238535639758 -0.0019131810678709726 -3815.3000534086423
384.013351437828  0.042395049785028505 -0.5506855744033734 -3752.429281465537
384.0252965187397  -0.0658593546700601 -0.23423953465316938 -3765.1323428658707
384.0346591452418  -4.917921685816047 0.5347274732921319 -3753.316828726718
384.0333226058912  -6.794827893616606 1.1192635337329788 -3757.803614084315
383.9927773040526  -6.770648253303023 1.2330702229675659 -3753.54931136134
384.24012592058284  -9.036577787589358 2.1300483853265932 -3816.7608475574307
384.24397032015816  9.022637688715996 -2.1266977368275617 -3819.8801814738927
384.01870716826863  0.5912258641859651 -0.5899331170747439 -3756.7902683563925
384.22716605689226  0.010222276529979979 -0.0024023415208489496 -3815.2986281857557
383.9569195155211  -0.5315744433228673 -0.16164172202450455 -3749.4984572705853
383.76994114642855  -1.6493119657018767 0.6102835105072737 -3728.0496180655778
383.8981777517965  -0.12261431656299493 4.2882148570733136e-05 -3746.3537703632414
383.8981777517964  -0.12261524702928028 4.309643507216521e-05 -3746.353770070555
384.22723852948866  -0.003966079647291565 0.0005031194258213745 -3815.2964973549297
384.2271837427562  -0.004001347207186257 0.0008307051101601459 -3815.296288893062
383.9698475568011  -0.1851503913650916 -0.4732080949196833 -3744.126816198678
383.9305201435003  1.554593090521891 -0.5052664373705662 -3749.454995268562
383.9527977566021  -7.994788383375081 1.5688031512442535 -3746.6994076657174
383.95005616148956  3.669530004759082 -1.1844057460681725 -3747.430014412846
384.2410261562336  -6.509503411080779 1.5925516095977716 -3819.2584715384914
384.2429706449838  6.525365868270306 -1.5958149336084908 -3817.376903659198
383.9711457195002  -0.07137356746839174 -0.33061415942377703 -3750.399156289869
383.91368417199556  -0.8179915626314624 4.336468053534048e-05 -3743.7254125923446
383.9136841719955  -0.8179923758452361 4.35519637980164e-05 -3743.725412336542
384.2367509898553  -4.945126754307694e-06 -3.021151780302489e-06 -3817.2447811241973
384.2367511980976  -2.1821922182141407e-05 5.7923061902442896e-08 -3817.244790479541
384.2207773841775  0.007512239669097198 -0.001772845097547382 -3813.998709459223
383.88975240413225  -0.21178142170658276 -5.066737023717849e-06 -3743.829878176443
383.6805711338733  1.1055474246234809 0.4428427929186105 -3726.660021415197
383.885397856831  -0.10053439632664407 -0.00023057720976460416 -3743.849182729389
383.8722734417769  0.2342679964101606 -0.0007962381884780712 -3743.9072107309644
383.88113061424326  0.005375567829538852 0.00026403791816154154 -3743.867122931322
383.8806162280042  0.022056240485767376 -0.0005777169285243744 -3743.870516662072
384.2329746555148  -0.009664004869776477 0.002305776990985997 -3816.4773978149833
384.23297471550916  -0.009666234260009787 0.0023059405909098274 -3816.477397329838
383.8493397780679  -0.33023662820376387 0.36700369494080753 -3747.3252749766334
383.9406419050073  -0.2316370347699035 -0.2663941812386703 -3744.9198421042693
383.9333446245226  -0.31117856470336136 -0.24088727086413897 -3743.617279776503
383.86874632662693  -15.304894976266155 3.4681492090614725 -3734.3911732921797
383.85926293592075  20.389161399119004 -4.7583799725194655 -3743.403058283637
384.2021060344115  2.1227324145240516 -0.18103339874744417 -3821.4054642602
384.26985425900364  -2.0774512169265265 0.17901155960926918 -3813.066489669217
383.8761961432825  -0.055323944178788054 0.048756227343902836 -3744.0332077275093
383.88188140915463  -0.005148324806263815 0.0011773644788322102 -3743.968003202028
383.88188135283923  -0.005147343078412803 0.0011774668077215722 -3743.968003307936
384.22302318732625  0.009217298610920466 -0.0029279822869980876 -3814.4299316294955
384.2229197918994  0.010152088195646058 -0.002540360609439851 -3814.429853194611
383.8645932032109  -0.1627158053611879 0.10289518144066445 -3742.6035146664235
383.9219121331766  -0.22832620545084126 -0.17226746942312587 -3744.346398529423
383.86410560119424  -0.03864763567156615 0.1268957293491253 -3744.4006365204928
383.91631049140864  -0.2479737633017578 -0.1494155734577598 -3743.8126788272157
383.87219974725105  -0.14159542707870543 0.07280658046237054 -3743.3149294962873
383.9096556845076  -0.22585156650200133 -0.10709810928844643 -3744.100118406506
383.87335090523925  -0.10711872138319478 0.07823352394848015 -3744.040484603376
383.9057291147296  -0.23168442999354255 -0.0885925150545086 -3743.881179675926
383.8834884149207  9.822752591970996 -2.3318451257733326 -3744.9311010369656
383.89502053920296  -3.153917657857832 0.5510956449680089 -3739.5325251674403
383.9180850851738  -1.2124688805942228 0.1311273526803829 -3745.9477920576596
384.22325497496604  9.984229106014368 -2.2795208617894342 -3818.32224964092
384.2502012278874  -9.993293789641953 2.281686533216316 -3816.156257519983
383.87679853895645  -5.889386277088207 1.5280843143254073 -3747.121456034689
384.22076239610993  0.01176897534270438 -0.0027882229916249557 -3813.99579828981
384.2329525589815  -5.5844541677174675e-05 -6.116479211915049e-05 -3816.47065226566
383.87414244874896  -4.895432240914488e-06 -8.679998524385724e-06 -3742.3441884360245
383.8401718157622  0.33687955187702556 -0.007060086878388994 -3737.805437327554
384.2229077880205  -0.00032079816885044465 -5.846004006571093e-05 -3814.4265156181646
383.88054423068445  -0.006862200301732457 0.0015520138580358278 -3743.6859992051945
383.88053306917743  -0.007925099329682439 0.0018618912751451333 -3743.685624647108
384.2230061462971  9.444358184396151e-07 -0.0007060891853001294 -3814.4269711593356
383.8602715315071  0.017666149367556727 0.09117263070723691 -3742.8080893950223
383.8944677649108  -0.17503649190445714 -0.04282864046860535 -3743.615583037826
383.8391696547894  5.083235077985705 -1.0481994505189096 -3740.9300941685296
383.8609110962986  -10.342308777627608 2.5364411927874153 -3741.784018995199
383.876019466178  -5.526808751815437 1.1890266237993652 -3738.0316045303607
384.2200789353006  4.21838423008078 -0.9621773141599101 -3815.501913035412
384.25335626231004  -4.200180492594136 0.9579624857283102 -3818.975189449423
383.8817912620017  3.21804118726741 -0.7178304337428569 -3745.7869590847695
383.84022622874  0.3206581721026467 -0.0031907297708562155 -3737.8165310830177
383.8741377695203  7.819605371395255e-05 -5.22540490877077e-07 -3742.344197890589
383.87413781872027  7.83355007456521e-05 -8.200912837708074e-07 -3742.344198872639
384.23294391359497  -4.5479669687154e-05 -8.816859590865533e-06 -3816.470772377732
384.23294718426223  5.406749110647979e-07 -4.166575762365454e-05 -3816.47068981419
383.87167961730006  -0.033021325179575456 0.042923999491534026 -3743.067193459552
383.88879292283264  -0.13991293300507834 -0.021433092576759627 -3743.478442650477
383.87580100369405  0.05150158582059561 -0.014435577872158767 -3742.618020417622
383.8862696241538  -0.14622968197551245 -0.003576746003910891 -3743.5270446301565
383.87101977420156  -4.336916913176736 1.0292258626062525 -3741.401836247881
383.8601143510301  2.4933089720932102 -0.5256371309561363 -3741.9010268637358
383.87384376698014  -0.3998494237109895 0.04591375476915438 -3740.520419002607
384.22491578614176  0.6451985623731531 -0.09942790976341431 -3816.7258784142828
384.2485251447625  -0.6432909585409305 0.09931702420599464 -3817.763174695256
383.88341023974976  1.538384776254233 -0.37402813006497926 -3744.0763794896884
383.8701768338404  -3.861791576298401e-06 -3.224904430609854e-06 -3741.511040965017
383.85826588452863  0.007205732786637498 -0.0016674181600784266 -3739.008245313269
383.8732709482759  0.00032404997170942806 0.0005047247447862446 -3742.1820421836455
384.24079688157315  2.3220856348871166e-07 2.8159071696620686e-07 -3818.066644026265
384.240796945375  6.085194570459862e-09 -5.238089961778769e-09 -3818.0666453180384
383.8668587164938  0.07949157006206065 0.0034441226287889037 -3741.6092606491197
383.88142592632835  -0.09038025565514118 -0.0017319415176269004 -3743.047915801725
383.8602654032479  -2.3551896701776798 0.5573160169218623 -3739.2149346577
383.8656018782901  -2.915948145060895 0.7433121731400787 -3742.17403741347
383.8570981243933  5.202516433487602 -1.151372600978572 -3742.055098182868
384.2303601815089  4.011697288744621 -0.8860974952929164 -3818.501990596519
384.24311424313464  -4.015661328833993 0.8871638871839052 -3815.9862555355785
383.87482125623137  1.220685148033155 -0.2954363756804348 -3742.364302395308
383.8582658844686  0.005294050207389489 -0.0012271573390272295 -3739.007643977535
383.87210701799637  -9.275763872551579e-07 3.053061226054865e-07 -3741.9168468281705
383.8778943299045  0.0012263328345767377 -0.00027439848042476456 -3743.133348825118
383.8717263466619  -9.492247357911765e-06 -3.7920448026085296e-07 -3741.8367524457954
383.87172934071697  1.3951833466308017e-08 -1.96228996944825e-05 -3741.8367806173405
383.8705966936502  -0.00010092110157700063 -5.4462320299819567e-05 -3741.596649755179
383.87006879747327  -5.302650762928351e-07 -1.9926325478536455e-07 -3741.488468743796
383.86511576378183  -0.008324461162168006 0.0020472433711091753 -3740.449165980417
383.8705916586003  0.0013963573686197606 -0.0004116147433208539 -3741.5956257706944
383.8582507411354  0.0045957193515704375 -0.0011062108900521395 -3739.0028234800093
383.8582642379557  0.008209679393502256 -0.002102848359364806 -3739.000972064141
383.85834182206906  0.007695717352078191 -0.0024369425823156377 -3739.0010899277927
383.85851959554697  0.003143735484925969 -0.002339740121953149 -3739.00333542571
383.87102090428266  -0.014531443090007201 0.0035416545052147086 -3741.6909288981037
383.8707201561512  -0.0069996221428638705 0.0016451315979324477 -3741.6243538537055
383.85721469817804  3.792926609911639 -0.8944959270899568 -3739.2337236201765
383.86143550156885  -0.7472263556394481 0.23392903128561837 -3741.629462248809
383.86985552856675  -4.07500326447051 0.953212257128504 -3740.6838807738354
383.87006206259736  3.6531264773396614 -0.8316967239396273 -3742.976868957129
383.8736002461089  4.07360786244756 -0.9529135921453262 -3742.9892062026665
383.8897037324754  -3.209705644375191 0.7107983364906945 -3743.597707392254
383.86508478477634  0.0008946826494380389 -0.00015183957550846117 -3740.442861034201
383.8751987586255  -1.8323571637779423e-06 -4.1969255626383983e-08 -3742.5664435507997
383.8650974410775  7.788862177449118e-08 3.159808406039133e-07 -3740.443331831887
383.865105045262  -9.876160333988082e-08 -6.0306541982413364e-09 -3740.4449179814555
383.85019275665616  0.008023075099302446 -0.001877386600579456 -3737.30827648559
383.8583297457198  -5.1550438186609426e-05 -0.00040008724776718907 -3739.005072187118
383.8379452800997  0.02095426230992814 -0.006585323174476798 -3734.6701494071995
383.85019818779745  0.008141773859840384 -0.0019426949337688626 -3737.3081098521498
383.85019820283657  0.008145955510073577 -0.0019437456744926251 -3737.308111221709
383.85823919312173  -0.003105493308865448 0.0007347246809956687 -3739.000359392705
383.8582392199838  -0.0030975442790008856 0.0007327373637648904 -3739.000361989921
383.8588069816975  0.005606629571303756 -0.001606190373154348 -3739.110711376912
383.8673247708695  0.004106345636486708 -0.0010526522600970978 -3740.909149550389
383.8712646359815  -0.7111868948496536 0.1838086379134447 -3742.2251594008453
383.84811447720557  6.304061578892615 -1.4560896427282533 -3738.7007044400416
383.85072359477886  -1.0031695641177976 0.2951321335037411 -3739.3768162612346
383.868299432762  -1.202466490035448 0.3514587825732045 -3743.3772317565144
383.87509813174415  1.2084296550573939 -0.3526064015441328 -3740.2929460220075
383.8583558672811  -0.029473763983965284 0.005263405531028553 -3738.961861596932
383.83796528487454  0.01497850507642795 -0.005159899502359622 -3734.674236210565
383.8502296990717  -9.687206644315438e-05 -2.1409949084727486e-06 -3737.3136873063763
383.8259090945365  0.010451306426084273 -0.0012576881152392971 -3732.2310732452183
383.8377774642451  0.016163699552734556 -0.004275915896161386 -3734.676120663479
383.8378320603986  -0.017461132782813138 0.004112993319733249 -3734.699979306709
383.85808937852687  0.003306165951073581 -0.0008282908063996786 -3738.967786592033
383.85808798153295  0.003352124383177113 -0.0008307279591930339 -3738.967796015284
383.87105663241664  -0.0034086517559615004 0.0011796547096523113 -3741.7090055328285
383.861476219016  0.00940691321371645 -0.0024649422160711865 -3739.6740668742787
383.83896585936174  -0.5186851547360405 0.08883686633917875 -3733.689972380208
383.83946349500536  7.430730780433677 -1.7448156643060049 -3736.1923196917605
383.86092563693035  -0.4814434121569491 0.054243107068838725 -3737.4055280621365
383.89017675127513  -2.5134979011480425 0.5668923049887002 -3744.497069197771
383.85323024865505  2.529463543018835 -0.5705905975657197 -3739.165819964602
383.8614309809239  -6.386643520438476 1.5914893974489246 -3741.9361214744285
383.8258751353061  0.020611688636499537 -0.003681288799563198 -3732.22412458874
383.8502255311989  -4.4111088044473945e-06 2.8725449574551476e-07 -3737.3136806279676
383.8502130275288  0.0002729726732582094 7.57209586232932e-06 -3737.3136605928357
383.8502258057184  -1.5686877716802883e-06 -2.1934765594977534e-06 -3737.3136745198585
383.85021412561406  0.0002843422356306746 -2.350842292386801e-06 -3737.313636160385
383.8503027905173  -0.0007620651376640808 -0.00010761262036229624 -3737.319689708527
383.8503268533293  -0.0023390905749636204 -3.615869604622901e-05 -3737.31390670549
383.85025764388325  -0.0002623413903393157 3.340342213142833e-05 -3737.3194291467316
383.8539978551264  -0.0055012777610059516 3.2362084994019824e-06 -3738.0614068727
383.8791338194276  0.005662213385370762 -0.0013365242859935123 -3743.39362104299
383.85746395492913  -0.0028305764223972574 0.0006579571529297112 -3738.8368323544437
383.842361717274  2.2876929813335423 -0.529102359204038 -3736.296854562811
383.8494951749437  -1.3509594487894745 0.29690990980161125 -3736.2302872086425
383.84695896930964  -1.2610972791255506 0.3240043069428342 -3737.420651320162
383.84635402496286  1.9594566016628008 -0.4767919554359512 -3736.2079973972977
383.85408873997585  -1.9555813072102168 0.47587754327725484 -3738.4167286457023
383.85041324188046  0.1298883136803326 -0.02875184453394386 -3737.435315349739
383.85022625185377  -6.5923086225438965e-06 -3.7196271529538194e-06 -3737.313671662137
383.85022624062196  -2.1835994807872794e-05 3.122207807848554e-07 -3737.313683001308
383.8502677290912  -5.911669703095868e-06 -0.0002670118832313051 -3737.313067276763
383.8504040849014  -0.0006701044345689411 2.6600434175350074e-06 -3737.3457153790996
383.84637986076586  -0.23542412390681022 0.06555743371827116 -3736.8322146726287
383.8520552394347  -1.039022144769568 0.24783857862908398 -3737.6756025100926
383.848308579007  0.665061813226977 -0.13713989087597778 -3737.6879322643626
383.8492543600644  -0.25143051614539047 0.07630421787319541 -3737.683098841592
383.85119301289495  0.2517469762036839 -0.0763618294967614 -3736.9440826538885
383.8502651022613  0.006096641092163679 -0.0017656752431554068 -3737.311124212122
383.8502269030726  -7.838813765204122e-06 -7.528686833957465e-06 -3737.31366302905
383.8502254130795  -2.638447114122755e-07 -4.063635294926371e-08 -3737.3136793194076
383.85022423516244  3.6506873186681332e-06 6.417884193865575e-06 -3737.313693718053
383.8502255511947  -2.4201447814675703e-06 -3.5693379540902015e-07 -3737.3136788753363
383.8502887578326  -0.0002484221583287649 -0.00011321440800049487 -3737.3208957656875
383.8502256208078  -2.1746520459942076e-06 3.127871117669656e-08 -3737.3137093974506
383.85036381656175  -0.000686527295805206 2.8299824883504243e-07 -3737.337011650145
383.8501827010675  0.0001699181135208505 0.00022669508879591405 -3737.314176554308
383.8502466139209  -4.140714509048848e-06 -0.00013352454078141562 -3737.313373441988
383.85262356220534  -0.031177545777509863 -0.007690144601292914 -3737.2811182480796
383.84916244751145  -0.15883137327474373 0.03626823368312593 -3737.02883482282
383.8472626207254  0.338744986072399 -0.06450341267629334 -3737.2757847250346
383.8489183575016  0.6206340286312724 -0.1449253480075976 -3737.1628814162773
383.8531851603305  -0.3386755151401317 0.06450471725742091 -3737.3515657827998
383.84994249194085  -0.00046716508779809374 0.002107013250989276 -3737.324919848965
383.85026255419007  -1.1688748458027476e-07 -5.3038561986795685e-08 -3737.3215016222957
383.8503680105113  -1.264618965990394e-06 -3.8551549330634316e-07 -3737.3436878290718
383.8502623824301  1.3665106024518536e-07 2.833372176880289e-07 -3737.3214795424615
383.8503679911905  -2.3472726482509643e-06 2.4096149076058282e-08 -3737.343689108304
383.8502253761742  -2.555419357008759e-06 -1.0482155765600965e-07 -3737.313649817689
383.85022525385733  -2.7457960456445107e-06 -1.7287285114520046e-07 -3737.313620027807
383.85022488690663  -3.3169263886634326e-06 -3.7702748212353754e-07 -3737.3135306581526
383.8502237860548  -5.030262336447322e-06 -9.895060717468596e-07 -3737.31326254915
383.8502204834978  -1.016974426448769e-05 -2.827063291022114e-06 -3737.312458221748
383.85021057581787  -2.5583540029572305e-05 -8.3408429247811e-06 -3737.310045236046
383.8501808526932  -7.178294128351581e-05 -2.489215500833808e-05 -3737.302806247442
383.85009168256  -0.00021000340635168868 -7.463584864186856e-05 -3737.281088998158
383.8498241653281  -0.0006212652417758591 -0.00022467470457865346 -3737.2159346993753
383.8490209870354  -0.001655894564059679 -0.0007222686056893579 -3737.020333572948
383.8466108997694  -0.00448401739615889 -0.0022805741524090095 -3736.433323515154
383.83934398908605  -0.001014818616113189 -0.009804494514113138 -3734.663960062178
383.8174994796838  0.031901184571765384 -0.0377234045573136 -3729.3391729621358
383.850213239123  0.0002098750726986509 2.262304423972239e-05 -3737.313703745105
383.8128107401616  0.014909435608494448 -0.0035630497247227666 -3729.42033981014
383.8128109418145  0.01490592016671144 -0.003563416151377119 -3729.420339430895
383.8261211031942  0.006775286610277931 -0.0016481082204595765 -3732.230659916505
383.8261263019568  0.0066847267424918755 -0.0016575711193356213 -3732.2306501614676
383.85017324830767  0.004741549778827903 -0.001135437576140319 -3737.302646686757
383.85018909438196  0.016395120643110772 -0.0039116671694072735 -3737.3063695069686
383.81893331992825  -2.424212968286085 0.5147193010169246 -3728.3993758313095
383.80964568359326  14.376616846310121 -3.341014312806676 -3732.201352149302
383.8383039240526  4.521938922564878 -1.1370315035235343 -3732.8232934936946
383.84462239343753  -7.308891526995893 1.6995652255385698 -3734.4140966092937
383.85582114694233  7.304281834108345 -1.698469049841382 -3740.211347818121
383.8399198143719  -0.21587978369877447 0.042101458689100646 -3734.8038611407924
383.8337168687667  -4.366097563490712e-06 -4.3321356892889185e-06 -3733.834194692503
383.78397410124796  0.0871153077627369 -0.02040451202812399 -3723.3320977001395
383.8118815094525  -0.019082901326648027 0.003261203439782534 -3729.1774647174097
383.82194841692484  -0.012643751769239486 0.003015493229094446 -3731.350406479793
383.8219484219593  -0.012647020248714114 0.0030162165993177226 -3731.350405469805
383.8263429529944  -0.08305923842750929 0.0003653851789131579 -3731.5847361986725
383.85021519603606  -0.007767356230488076 0.0018483668256248365 -3737.311201491978
383.85023104211035  0.0038862146337947934 -0.0009278627676421181 -3737.3149243121898
383.8372274232378  -5.002238769498746 1.077501646126465 -3730.3515179944893
383.8094268852092  8.716600201335233 -2.0591450481827396 -3729.6032543054503
383.821755505958  -6.902638389836611 1.6343526064743035 -3730.7281275182104
383.81987344936095  3.4440082426602956 -0.808977436310097 -3731.4325030046
383.88044980983665  -3.382947010310758 0.7945571118362942 -3743.1523788097948
383.84962979917276  7.090544933234106 -1.5737614244498674 -3741.5185235914278
383.82212920751385  -0.015798665933431266 0.0026877096705666403 -3731.350065471087
383.8220005266471  -0.01329015572117953 0.002860459141236227 -3731.350390901482
383.83376025721213  -0.0011260754243167526 9.597468695332623e-07 -3733.833998179145
383.83371752343373  4.897429010242149e-05 -2.0434389663037678e-05 -3733.8342138299427
383.83971857452025  -5.881411782579299 1.4109564326381658 -3735.255140661381
383.8472600501676  -0.1260956633431647 0.046333459752373685 -3737.2633329364553
383.8240324857533  5.152060283841628 -1.168634515531771 -3734.0476727973546
383.84513401640174  -2.9456965324529065 0.6801927831660564 -3735.3785117319885
383.8553133683151  2.945720338572002 -0.6802014239423242 -3739.24755908611
383.83332264148277  0.029225326947205588 -0.00829373580431536 -3733.7048523259305
383.8261512231937  -0.0002395931907699378 -1.7165352096171205e-05 -3732.2353595526965
383.80345644429394  0.0030888046713570816 -0.0009358002856245662 -3727.4352494319583
383.81190458401136  -0.011839234342325256 0.0016499448979256925 -3729.1866499547405
383.8119045840113  -0.011840572937991567 0.0016502531768392004 -3729.1866495336735
383.8337162196996  -1.0263848679414878e-05 8.11420839852417e-07 -3733.8341904987137
383.8337163883637  -1.5062226637496678e-05 9.328524130935989e-07 -3733.8341895970443
383.85023815745336  -0.014614458663345431 0.003481636302849367 -3737.3158842058456
383.85025400352765  -0.0029608877990625615 0.0007054067095824124 -3737.3196070260574
383.8201509916644  -2.366896976997687 0.5355804962178308 -3729.8878125175147
383.82570384331467  1.8966101598744203 -0.47965554249318565 -3731.2145256616986
383.8119122525481  5.623981935198678 -1.3089065342825927 -3730.5111591680816
383.8551737325563  -0.5822856752141021 0.18782413013140342 -3740.0773143670667
383.84524552071395  0.5934795061762799 -0.19042163661317968 -3734.5421341210567
383.8305210872585  1.1693021260408472 -0.2533598349911683 -3734.0944450120473
383.803408542792  0.017465714366231566 -0.004365187827552575 -3727.425417104333
383.82196642399106  -1.238371758915946e-06 -1.09363445854882e-06 -3731.3544481668127
383.80935085760933  0.020446955082341844 -0.004634181295988249 -3728.697968493656
383.81103699275627  -0.03513214009512211 -0.001667797470319421 -3728.686560865595
383.778156772643  -0.09100805695585024 -0.018422479924570467 -3720.6467482112803
383.6787858304235  0.18048505109467072 -0.17283691141439217 -3696.2180202641634
383.7751958940067  -0.0019062483089200555 -0.021674729364251633 -3720.6641076206038
383.7662877260566  0.26584515728647773 -0.03138487914308463 -3720.7162338912176
383.80369591197905  -0.015177960601029383 0.00362061721118323 -3727.4926263177704
383.8036959624613  -0.015174977090133268 0.0036196356972029164 -3727.492627438149
383.8304174290423  0.006284746003203168 -0.0014994832532648772 -3733.1384608172375
383.8304174945131  0.006284384683503674 -0.0014997818620576808 -3733.138460939475
383.72592144109404  25.36624805435786 -5.711201317013746 -3723.6456427771786
383.8300429161649  -12.786329142134804 3.0864228152920754 -3734.0715329782142
383.72853500938834  -12.974303799493057 3.2759659583752727 -3717.7727745838124
383.828850801611  -17.393314998594455 4.373644791802428 -3740.383090346746
383.87014198732993  17.50799869941722 -4.393311808463662 -3734.1763311037453
383.83774594966275  -4.919802858419679 0.5763430611030795 -3713.259751619245
383.77141072201147  0.004939069783553407 -0.0011759187575925978 -3720.6526225123607
383.7714107812821  0.004940189921555316 -0.001176522395053503 -3720.6526230782674
383.8171616770615  -5.3148553419646305e-05 4.76246533853697e-06 -3730.3393744683967
383.8171621112289  -8.061315609353414e-05 8.555518524744343e-06 -3730.3393673935047
383.7576889092158  -1.346160643315038 0.45617307122009265 -3722.5434403706713
383.7437687743518  10.067606847857682 -2.352640326293625 -3716.722934389823
383.7636326071437  -5.769099319338544 1.3154750110403093 -3716.7157499365244
383.82878236358164  8.573310375357615 -2.042211535313916 -3733.078066214245
383.8715651207524  -8.511821926388613 2.027551183034115 -3741.50703749133
383.77580796674863  -0.03393976263269849 -0.015919465457994164 -3720.725899208608
383.7428219671978  -0.12431153617224311 8.02590484081378e-05 -3713.5135709178376
383.7428219730598  -0.12431870969419379 8.187692281591552e-05 -3713.5135686824683
383.8341834699321  -0.002305667171611958 -0.002195520491768299 -3733.835151973469
383.84733065665216  -0.02506805014591862 0.0034205964585352078 -3736.6125850609073
383.7610426007424  4.897078075859973 -1.1648702168826537 -3718.663613534576
383.76691946456697  -1.309844617050885 0.3433900670314385 -3720.7800020792697
383.77258165139585  -2.70791617241953 0.5807180661305891 -3718.5136846667074
383.8325451518491  7.312692911603307 -1.6772850561962782 -3736.1302421940645
383.86786150359285  -7.298088183980681 1.6739038236182742 -3738.4862476023445
383.7794704894715  2.2088887075221706 -0.5100083447383419 -3723.0104655176624
383.7546949115127  -9.824937933444744e-06 -5.073694372548232e-05 -3717.1003226594457
383.6928572816705  0.0934459341068532 0.04516882122686461 -3706.3499305672926
383.8337189539581  -4.515994190512629e-05 -7.0979749517974255e-06 -3733.8341893734555
383.8337431512105  -0.00019454173715161005 -0.00011381168978541467 -3733.8342295674347
383.7379343000686  -0.0001902904781090342 5.775941156471731e-07 -3713.5350032995034
383.7379298884795  -3.731145580587736e-05 -8.924492510331561e-06 -3713.5350355246646
383.68745250114216  0.0847441937730693 -0.019716662650266947 -3702.7808487622924
383.8172165278695  -0.0014162302860327713 -1.207183346174645e-06 -3730.3391433297843
383.70431792432214  -0.000864308617316567 4.707489866806469e-05 -3706.3615598639058
383.7043204841275  -0.0009565898287604568 5.339793478853494e-05 -3706.361540059594
383.8171629273105  -8.077662839411914e-05 3.833816509590804e-06 -3730.3393702824633
383.72513411205534  7.430696417517524 -1.8328440669758246 -3708.774222582365
383.72472248307724  8.969456329768391 -2.0111685396631804 -3715.5007422615968
383.77382559272206  0.04946814147986345 -0.13277933115939344 -3716.834971834309
383.82686441400983  13.888673407345927 -3.225195300095022 -3735.8096563715894
383.8735067725827  -13.849672910717302 3.2158909663861737 -3738.785967839797
383.7464038441792  -6.023808261105579 1.3534985029116005 -3712.232478620169
383.7042919873295  -1.5896602718612485e-06 -3.3924267039964207e-07 -3706.3617377829546
383.6027183310194  0.33493778079451175 -0.07819159301655798 -3684.61926745693
383.8229342399119  -0.024822969080226187 -0.016355864668873288 -3730.765395084989
383.6878815414078  0.009347242154909452 -0.0028847147920192384 -3702.829749568138
383.6878804684534  0.009365948019350867 -0.002882765015080224 -3702.829751586122
383.82807216832015  -0.03175992399511074 0.0035704654182637796 -3732.500284607711
383.7031864776832  -8.18626162236913 1.8986236422043463 -3704.0304643613367
383.74881510917845  -6.604423165360224 1.4202958690294611 -3710.1612129320347
383.7070666758328  -6.012922754515884 1.5647606059217214 -3711.532425519386
383.8623268802493  -9.138755205007477 2.2258106598583387 -3741.276544799175
383.8379596539266  9.201045528752836 -2.2402993258035533 -3733.3085909807105
383.7035800048898  0.25724892991518544 -0.060008170014934414 -3706.2630757456645
383.68782891712266  -0.010000755505778613 -9.225291413361703e-05 -3702.7524022695384
383.6382870338453  0.04342249669274878 -0.019914112550124763 -3691.869064732873
383.6609648967991  0.012447542642689768 -0.01635959394389097 -3696.6018064180944
383.81716473965383  -0.00010794754533804962 -4.782235807354596e-07 -3730.3393682655833
383.81716653664023  -0.00011239037809929187 -9.934980617742895e-06 -3730.339373342679
383.67206388800855  -2.8240586887200507 0.8235966181209005 -3704.826126442689
383.72195074985837  -3.7160377131084843 0.8510079596173066 -3708.789508945593
383.70160736794537  -10.795757769746508 2.478320370241052 -3702.1061746401692
383.8333258979031  11.903182223573168 -2.835578172381143 -3734.1418751254805
383.86700238408645  -11.84322736001026 2.8213832811776864 -3740.442676812557
383.6631771230053  13.903440566366754 -3.2718759544518914 -3699.404308482839
383.6593080998923  -0.0018199884053728965 -0.017253558944505087 -3696.0904922836053
383.5733527572571  0.30003356200534625 -0.1341038765544802 -3675.925795753907
383.60407303056144  -0.00010603155268285036 1.97749115740109e-05 -3684.844457323198
383.6040740150707  -0.00011998184019290647 1.724556825166701e-05 -3684.8444564825504
383.81716170958293  -3.3484174487341534e-05 4.409580434128202e-08 -3730.3393807711655
383.7171437656046  0.3458552271412145 -0.08093870333231479 -3709.1679326171234
383.60611968684964  0.0009646905838991415 -0.000230020562383082 -3685.2862749091137
383.6061197126246  0.0009663670622757081 -0.0002305569860565626 -3685.28627552934
383.73506016488324  -0.009216916158869992 0.002202816005302921 -3712.9245645531846
383.7350602104247  -0.009214151178746022 0.002201913626000085 -3712.9245655870254
383.60399163004934  -5.241804034101982 1.484450389174989 -3693.240393196299
383.65938243456054  14.25864961352481 -3.1379892281768758 -3706.4983335183324
383.59710575505244  24.551893211310244 -5.805937618783763 -3685.5356981600444
383.7920863284877  -23.185351082705267 5.70076622748975 -3730.595495820285
383.8408493673585  23.265509599582117 -5.712434717689226 -3730.0289478189975
383.6605192526886  -0.3493813168798283 0.05968146401016572 -3696.128656476075
383.6040720175944  -8.8370918895464e-05 2.1615740507741066e-05 -3684.844459228423
383.60407195392145  -8.588146307175748e-05 2.1413787660407024e-05 -3684.8444597820658
383.7842708697255  0.015624357242053577 -0.003727037666719113 -3723.380122594051
383.7842708679486  0.015624388220714991 -0.003727034437705612 -3723.380122597393
383.6293265482546  9.993247014662145 -2.3424184070332537 -3691.943244566689
383.6373448090033  -2.619382944421602 0.7462933045509583 -3696.3681478221656
383.6550005700757  -5.3592830157848965 1.168461133268151 -3691.738042661886
383.8146324023613  -8.675639001411334 2.034973058221367 -3728.392703374644
383.81967619999233  8.67254921739584 -2.0342040675830937 -3732.28426076998
383.66028295600586  0.49530064590201306 -0.128526763646847 -3696.5723872994713
383.6283268783101  -0.00013351408302497703 -0.035112463223028634 -3688.7961421429195
383.5349749339402  0.32684922117098836 -0.16455520898506304 -3666.710238456877
383.60966557064324  -0.02163423428879696 -0.010734931356322974 -3685.4727668200057
383.5534721377203  -0.018107358837035292 0.04712879705053741 -3675.4621468897526
383.5671581141039  -0.00980860919214166 0.0023362831893640745 -3676.863629791934
383.5671580636869  -0.009807730181066177 0.0023363748117279926 -3676.8636298867614
383.82939667830334  -0.01336926484783163 0.003191031312085535 -3732.9227354423174
383.82939672947236  -0.013375922811711405 0.003192266226807128 -3732.9227335323635
383.5928279068894  25.878196438406256 -6.0405541942874015 -3687.6116756576193
383.6517272799485  -11.031064208717112 2.7742255291341564 -3700.0790548493496
383.67938588235484  -5.600004846706405 1.022227873234372 -3689.5948792368586
383.91790660732283  -20.999993829178777 4.671534272519303 -3739.0970760267933
383.7146884632382  21.312789898325434 -4.738567186721341 -3721.3837440680873
383.6104345470525  -3.56834451368195 0.8174938369019564 -3684.9383125996383
383.78397409853073  -0.0015214076225547046 8.538505751332082e-06 -3723.304216280437
383.78397409853096  -0.00151498617932333 7.059646391027741e-06 -3723.3042183003554
383.60509348371033  -0.029430675342105417 0.011760915306777697 -3685.236847507662
383.60509348371033  -0.029430967096637062 0.01176098249785884 -3685.2368474158884
383.57678942244445  0.15109946842444089 -0.07891860784302285 -3677.3862851733866
383.660134128592  -0.022690364144068553 -0.007376712759014303 -3696.444684815889
383.59238814365335  13.65498758648532 -3.2150084829993277 -3684.0560771490073
383.62971161512655  -0.9716491553918161 0.28963536714935234 -3692.452797940771
383.63803084842016  -0.9698677423639666 0.06407778660988761 -3686.07194619166
383.77326113745227  2.796905955295678 -0.5421606656236051 -3725.5683057575166
383.86068435783153  -2.7539033646469733 0.5337871236294811 -3735.0847421546405
383.60855692256314  -0.1222699711282047 0.017913282436953892 -3685.4009540142233
383.6028745191043  0.011814930374988819 -0.0046873587724789445 -3684.5181892973915
383.60312396457243  0.015847447834566708 -0.00607618986892966 -3684.556550461649
383.80343334666003  -0.008930209205040285 0.0017750991976797081 -3727.424547245126
383.8034333466604  -0.008918289146926384 0.0017723540062135612 -3727.424550994681
383.60466812865235  0.040038388825450966 -0.04254167857104818 -3683.7731671477886
383.64626129680977  -0.013357328460337214 -0.014706587798372084 -3693.2805044940023
383.5965294002922  3.2371294242148494 -0.7841274681419828 -3682.828032477693
383.6007109667703  -0.2524562315768222 0.10658096312830434 -3685.801740148572
383.608292168709  4.36561470767181 -1.0240463370761645 -3686.450009621942
383.8080477892973  0.21214530988839186 -0.09252639886107517 -3726.923138959544
383.8262486784514  -0.19772826575812985 0.08908555125947792 -3733.7450908164387
383.6099011161825  -0.09607919409706511 0.006030222986249889 -3685.486359196599
383.60060373069535  0.00016301663895745833 -0.006471369306697561 -3683.861787002442
383.60060373074737  0.00016301573135990566 -0.006471369401300109 -3683.861787002344
383.80938449549006  -3.6653309365419773e-07 3.976144604678211e-07 -3728.6959958958005
383.6027653961543  3.549480922515613e-07 -0.0009357395535145585 -3684.5284254444114
383.60276539618263  3.462069386728217e-07 -0.0009357374684979547 -3684.5284254503895
383.602765396971  4.300896350173389e-07 -0.0009357547820370016 -3684.5284257198646
383.60276539627057  3.190389676888117e-07 -0.000935730988007144 -3684.5284254689695
383.6006042570433  3.938026154060026e-07 -0.006432578165887826 -3683.8618982197368
383.6006042573718  3.074757302101716e-07 -0.00643255788508057 -3683.8618982780567
383.5733715791069  0.08095901747431355 0.002867341236442833 -3679.019717895108
383.60060425832427  -1.9690062913468864e-09 -0.0064324837607356855 -3683.861898490404
383.5733715842369  0.08095742727876143 0.0028677205528611083 -3679.0197189826386
383.60061396764763  -0.0029998349063546925 -0.0057169204080507185 -3683.8639500676127
383.60061396950397  -0.0030002617014233124 -0.005716821610412204 -3683.8639503525487
383.60061397745  -0.00300029883549513 -0.005716862316901938 -3683.863950263454
383.60061397625003  -0.0029999235883053643 -0.005716951918523172 -3683.86395000661
383.60027919495946  0.03451163603826757 -0.013034963764896546 -3683.851551290326
383.6005230097447  -0.05747635888625524 0.006681962591967405 -3683.8218246212077
383.60044746512  0.09489589808308097 -0.029362654619159656 -3683.818747320017
383.6005847599186  0.09100170432051158 -0.029266596808609435 -3683.8180166997868
383.60062373037414  -0.09099548685657766 0.016400260592527083 -3683.9057763163264
383.6006668142592  -0.0032325583355898857 -0.005829449960153887 -3683.8692392829385
383.60060373070826  0.0006126535413883971 -0.006574920761326375 -3683.861928439488
383.60060373070826  0.0006126551721123974 -0.0065749211367771565 -3683.861928440001
383.60061277927304  0.0006977896419755325 -0.006647027507887593 -3683.861997847166
383.60063951900634  0.0044791604167429 -0.007654169854164117 -3683.86399942534
383.60055464884186  -0.0007674618697564028 -0.0060813749620125535 -3683.8572933018345
383.6004985653011  0.00046515753642495383 -0.006207349730060763 -3683.8513202759514
383.60040581718386  -0.0030696754160715045 -0.005028069420454528 -3683.8434776757344
383.59995929333246  -0.009974820872365342 -0.001868340525560619 -3683.802030253986
383.57337209787  0.08079821147778432 0.0029056989985365433 -3679.0198278698713
383.5986194622439  -0.030676805979517496 0.007609155777902998 -3683.6776830992867
383.59874270912593  -2.3365469701275288e-06 -8.411269494246199e-07 -3683.6940793377225
383.59509108972304  0.030016777492207325 0.005588277370719652 -3683.3701862073085
383.59887595395696  -1.2567945617547593e-07 -1.4240546519772579e-09 -3683.7228971092327
383.5987132801705  -8.464252972117947e-05 1.8721840714164273e-05 -3683.6877217187503
383.59871322827297  -8.371382553917783e-05 1.881065030939766e-05 -3683.6877218238765
383.59887591242006  1.8716237093485688e-07 2.418330131703783e-07 -3683.72289971668
383.59927600815854  -0.00013986767429940983 3.873028231460296e-05 -3683.809462144602
383.5972345350738  -9.500190358835425e-07 -2.1114913373310173e-07 -3683.368467647269
383.59270956703136  0.00045856103588448605 -0.00010361322073570989 -3682.3913643715723
383.59302638716474  -6.737953839319744e-07 -4.226211265390134e-07 -3682.4595700712516
383.58038998137863  0.006208699974187937 -0.0014561278802975863 -3679.7289845378227
383.59923427541605  0.012754544983415883 -0.003037030716994238 -3683.800643692481
383.59550494428504  -0.004533662051890985 -0.0071644391972176535 -3682.6946285618806
383.57713812485514  -0.00019021969349353185 3.9455540983723836e-05 -3679.0242499586084
383.5771421223871  -0.0005458556580464347 9.804287501591347e-05 -3679.0241524950366
383.5983763519589  0.010090045741470988 -0.0023952049912443485 -3683.6156029999893
383.59951559037654  -0.0002533004143643325 0.004013998622443005 -3684.0048821908217
383.59648319577644  0.00573295107780325 -0.006549043735314619 -3683.0176589128555
383.5828560178739  -1.811197111423347 0.47842825826138213 -3681.9257223394197
383.5853017577532  1.7950457252484995 -0.43382368932177506 -3680.610204828723
383.58692708425303  4.400795020710099 -0.9868915341418498 -3683.495465692944
383.6047210402203  -3.358837080776773 0.8048150886757925 -3685.0653270494718
383.6124374783235  -1.7821641667678634 0.43076003714254263 -3686.826995347261
383.59306349300005  0.010338674418918004 -0.0035936982352513525 -3682.42669079164
383.5803940462181  0.004949296673650849 -0.0011557168683484775 -3679.729845840156
383.5927128755678  -2.7751894222660667e-06 -5.074834344753754e-06 -3682.3916532994085
383.5917722967955  1.8548432173304263e-05 -2.5479620880730636e-05 -3682.1878860202164
383.59176914525904  -1.9585682764500234e-06 -2.0669133959927422e-07 -3682.187947218774
383.5888861703683  0.014265056714712898 -0.003402404295439254 -3681.5652093566323
383.57709481732684  0.01342305601671967 -0.0032062234876963913 -3679.015128497478
383.57709481732684  0.013423261397448982 -0.003206270786934695 -3679.0151285620823
383.5889644863643  -0.009299622065448432 0.0022048790266264717 -3681.581293519635
383.58896581132353  -0.009252931055669933 0.0021863982906618062 -3681.581312980997
383.6014006425934  0.01634965533519761 -0.008181566955571817 -3684.112342350863
383.59486855937644  0.009020441605358087 -0.003228783575075056 -3682.8184290191375
383.58312286830846  2.379646523084425 -0.5264898232717385 -3681.852860431437
383.5818839706345  4.845770031099455 -1.1579913100162749 -3680.0429878331806
383.58623353137295  -2.5658350245026966 0.5853442163091893 -3679.9815856509576
383.6137932360355  -5.015475335928201 1.1674842300737698 -3685.8148158919334
383.58394341891665  5.0282972113447215 -1.17051903431694 -3681.6223561794936
383.5924921269979  0.15451050822138512 -0.03482230392893193 -3682.4205094622334
383.5889375556859  0.00024892370512219486 -4.355561751978598e-05 -3681.5766767063915
383.5889340455752  -4.107204418346555e-06 -9.069965046570871e-06 -3681.574971772816
383.58040574032594  0.006327325955766128 -0.0015516843585405837 -3679.7299421180414
383.57541108070285  -0.002082819343982578 -0.003390875251951364 -3678.508849775061
383.53477173698553  0.04893214759263742 -0.0269558942769752 -3669.277820981606
383.5644856717793  -0.008867664774598438 0.002017970711497341 -3676.2812817751383
383.5644759051932  -0.008697385960608983 0.002035719461138008 -3676.2813001447726
383.5671164359477  0.01903125271066841 -0.004525463015838227 -3676.8556425731867
383.5671163317593  0.01903306921678194 -0.004525273675124453 -3676.855642769151
383.7691576505884  -0.04965411928370855 0.01117822562251014 -3720.1494433372577
383.6241358470914  -0.17663903912863077 0.03820359610456414 -3689.024098471914
383.54816655812704  7.908772132003726 -1.8661600596946224 -3673.595232946085
383.57235588704754  -4.8512072101339285 1.192993771092997 -3679.2267847392163
383.57481201313544  -6.871445914998176 1.551188606739986 -3675.2169598258283
383.59738146129354  -1.7198458789437225 0.47938238819841317 -3685.8895828333634
383.6003206551348  1.7277664560413157 -0.4810113948227057 -3681.551437535324
383.57595181908965  2.775362763301821 -0.6322275759886269 -3679.8939123774676
383.5646010696291  -0.00209049590994681 -0.0002158733072770147 -3676.283829414798
383.53212047028717  0.027047754263392676 0.002558417987027717 -3669.5916146929944
383.5337358893918  -0.0032192356380917886 -0.006901309867568095 -3669.331076713015
383.44084457492147  0.269215690726746 -0.09152641895516833 -3648.316899781583
383.52413511822533  0.013277034921273412 -0.014800573589686117 -3667.097836292564
383.5241353798541  0.01327247340080362 -0.014801049052739046 -3667.0978358004686
383.52416512506323  0.0038998251823869623 -0.012563786481725181 -3667.104249339618
383.4923004558426  1.0305407541283031 -0.24498424225566318 -3660.629640037567
383.761921359875  -0.32615021915800213 0.07514704545720718 -3718.536391557539
383.47455842368794  -2.9453442916007617 0.738984694480374 -3658.0203110576094
383.48985906710703  16.92462516907166 -4.151684160201411 -3656.0072913333133
383.5684129659878  -26.950862600769995 6.1818567027435325 -3667.747661712443
383.6695328804784  -12.280199632494472 2.911292108291213 -3698.06370598149
383.5278804024249  12.599622815319428 -2.987152876003659 -3669.1663546826126
383.53135782818055  7.028279675066102 -1.6264035339194862 -3671.0204736211635
383.52413511822533  0.01327707692173874 -0.014800583262389644 -3667.097836305776
383.5671037081427  0.007311844585913718 -0.0017522479965021986 -3676.8519102732107
383.56710380712724  0.007310118807893673 -0.0017524278803122684 -3676.8519100870344
383.59091585613277  -0.03420503290877264 -0.0007032301829079657 -3681.680233207484
383.5712442032014  -0.03128750101348743 0.004692478838203229 -3677.6471781472583
383.56293479024623  -2.7508871728073387 0.6555287402750061 -3675.887189783877
383.52086854865667  9.620002875698802 -2.1891404064872555 -3670.8062772029857
383.5235452481856  10.92005548033439 -2.63650761971698 -3666.364615034155
383.5916166361525  7.884586884430838 -1.76751005326207 -3686.3942105329825
383.60610970155886  -7.880717541563996 1.7667680516378832 -3681.0526683857506
383.53745295457605  -3.025505967638786 0.6794646600267731 -3668.8340445785907
383.5211233972619  -0.00019138044171285173 -0.00014508020756842654 -3666.8621320771963
383.48322006835707  0.04391228726264984 0.012094812527028154 -3659.435887301667
383.5671384473515  -0.0005157727887024066 -0.00015216514579030616 -3676.849573210871
383.51233790745067  -0.3379968741113615 0.12187909073543857 -3666.4667770458273
383.51267634714367  -0.3471948528885349 0.12402780854440021 -3666.5386625940337
383.5671697033963  -0.001984176957009254 3.7065503075695005e-06 -3676.849223940301
383.6133065113092  0.0212782848323414 -0.0018130800113844714 -3686.9550984318466
383.55366802832145  -0.023834465998469057 0.0006313272932150227 -3673.7547510652544
383.50621848202366  5.563835370382861 -1.2316932243214724 -3667.197249175239
383.50012666512754  8.797188767224299 -2.1044050072247833 -3662.176225364785
383.50939060221924  -5.668782704214749 1.3146154988408325 -3662.8651444238767
383.6187879312925  -13.006266523551588 3.077878241715328 -3686.9222584218137
383.5789122650644  13.058798552546058 -3.0903586899718762 -3680.489459085948
383.5223819724037  -0.04253858507952657 0.008279207742639016 -3667.0739616348283
383.48677452921856  -0.004310834004314756 0.00045895519992011913 -3659.3595267429278
383.58911627875017  -0.0119460711024999 0.0019290304915333678 -3681.5810080214
383.61345812656714  0.01393622784208759 -0.0037371919408473175 -3686.8540894542275
383.5094255189156  2.2880521062331027 -0.5591782909286991 -3663.856711898958
383.5145695455482  5.429585784250591 -1.2504873080676013 -3667.1482967193942
383.51683507475923  -1.6146173533043964 0.40468616930178314 -3666.6329921455417
383.6119654054783  -6.727584191622896 1.5724436126422914 -3685.2696716114806
383.5857743819072  6.740754488704333 -1.5755769858210984 -3682.1676213817464
383.5214684491227  -0.08988739426816039 0.020503583950469917 -3666.908703828475
383.5146166782769  -1.405334387527546e-06 -4.149836749789415e-06 -3665.452446206598
383.4950859676035  0.01069663762316253 -0.0019342076406827502 -3661.2178502773827
383.5862022636873  -0.011629463634875492 -0.004062545535064466 -3680.735507016969
383.5115341503831  2.4256385943972703 -0.602838948746939 -3663.919513410696
383.51846067694424  -0.018628475016427615 0.027972227836822405 -3667.1527653249814
383.6215790438225  0.031921469661476465 -0.011470367321513741 -3688.479352211757
383.5462416323876  -0.01675562616846804 0.002648866742137379 -3672.278947498826
383.51547527585035  -5.152439403412622 1.2146743520659422 -3665.049107929449
383.5208063122999  -2.6083126351620223 0.572608775425608 -3664.9487785775377
383.5269391294285  -2.582269177213398 0.6230155672427244 -3668.3603960949413
383.61175171562235  -0.34440606617749125 0.10364401964632552 -3687.2767829825325
383.58598826256673  0.3576731475078745 -0.10680079822660904 -3680.160541144449
383.51096246825193  2.049712519062659 -0.4627721955857922 -3665.642152931847
383.4950823602979  0.011828472185946737 -0.0022041891200741404 -3661.217076218946
383.5046936568027  -0.020125133006331453 -4.087336320957036e-06 -3663.113665575605
383.47489422835423  -0.04867920214849164 -0.0074829874608832725 -3656.0794990846734
383.3853220631283  0.13500364616523797 -0.09313826996861341 -3634.836052498604
383.44136786447376  0.009959857363170954 -0.02781474540213047 -3648.4985242674757
383.5647071602695  -0.00031800829768968697 6.867220992745615e-06 -3676.330419896423
383.56470017764786  0.00036028970772150615 -0.00010861842668052901 -3676.330608099444
383.6116004178004  -0.05640120615869648 0.001183787839092787 -3686.0214218490655
383.53146086657483  -0.06770372218147003 0.009204927906621307 -3668.862226758991
383.4429808271241  2.4324171161234176 -0.5941068514569192 -3649.3036547031516
383.46048784105665  11.920329000519054 -2.78658985805457 -3655.854021326201
383.47987100527  -3.3473455801138385 0.8538201799128515 -3659.873144354206
383.6137680543408  -5.739810560049271 1.4336918747468435 -3689.1898935750073
383.58390670409784  5.791129255955028 -1.4457440506546746 -3678.221350312724
383.4753358675472  -0.16877751163194432 0.019611175406815562 -3656.1175061380363
383.5852511565615  -0.011749701311458693 -0.006459886364482692 -3680.4414179508317
383.44856130214845  0.01555877347144019 -0.004561836279790121 -3650.9866616794798
383.4485976747054  -0.01964058506665367 0.004339658277903169 -3651.0129644130275
383.4650937382709  0.24880908295775583 -0.05705765984686817 -3654.72724856692
383.46527163832343  2.852810970349111 -0.7202016060554053 -3653.242257638024
383.47039631343654  5.033044138210549 -1.18074041797363 -3656.585488809752
383.5993626207468  -3.574490189120965 0.8084241020046621 -3682.1655181361875
383.5983875697174  3.575543237138916 -0.8086589475884027 -3685.2804249887213
383.47671289449454  -0.8749504158559276 0.18326207926247218 -3656.234152011263
383.4484811792497  -8.17085781719129e-05 -1.1132031380256535e-05 -3650.999252115257
383.3689638485365  0.30365846651300643 -0.013839120943290872 -3635.676863227542
383.5839432727002  -0.05429093482220537 1.8747622467785163e-06 -3680.023585594828
383.58394327270025  -0.05428662881908508 8.830889575150991e-07 -3680.0235869493176
383.4404131917513  0.00953423461356806 -0.021666623707536026 -3648.5127826890616
383.4404131916299  0.009534236730573298 -0.021666623486872538 -3648.51278268929
383.4373689595514  0.008311545635798723 -0.017740293199512536 -3647.978927242557
383.4953436882083  -0.028628372045048422 0.0027636916664359745 -3661.1013420285235
383.43425840182294  0.0005519416448152015 -0.017972842614221385 -3647.2184900468715
383.45539194062906  -6.109204711982109 1.467281066627101 -3652.821482646027
383.4383026633223  5.130013042127089 -1.1634079422361285 -3651.0483881069213
383.58932442303814  4.145975625245498 -0.9987048541242354 -3681.36420432535
383.6084137690294  -4.133256555979813 0.995684731330547 -3686.0729409646465
383.4486069962787  0.02531311300960226 -0.006593426176045192 -3651.0076936570804
383.3690156519846  0.287114219321829 -0.009892748849980926 -3635.6881777911126
383.43144159057294  -6.420466991130525e-05 1.3301845509516852e-06 -3647.2600913843203
383.43144187546125  -7.019496278104498e-05 2.092225334315856e-06 -3647.260129206883
383.5917712155553  -2.7080390694322887e-06 -1.312651436080614e-05 -3682.1879173801512
383.59177216076273  -7.310153193884616e-08 -1.9794984235765867e-05 -3682.1879016261455
383.437391146613  0.001286293227941826 -0.01606452882460374 -3647.983731792686
383.49533575146495  -0.026137941886489102 0.00216963840036577 -3661.0996388304256
383.44137934989544  1.9145829999139679 -0.44990952609001056 -3649.7124034527574
383.4483894033557  -1.6834312773002722 0.4096916628779379 -3651.263951283384
383.4484698385403  1.6793227644018742 -0.3780701426010111 -3651.8469953236972
383.6034688708297  -3.495923930372996 0.8192775735662003 -3684.1299505336574
383.59428097914287  3.4982830397810503 -0.8198377787571456 -3683.3144470693173
383.4485532090597  -0.019169141526717226 0.004166820786267067 -3651.0009861308527
383.4370248975681  -4.47869290098879e-07 -0.013415492552685038 -3647.990021936885
383.4026432762679  0.04828187711379428 -0.06497468423637454 -3638.937857046474
383.4400171345629  0.0001485263561775696 -3.828494412161376e-05 -3649.143465640096
383.4400169276557  0.00015936667161753348 -3.957461456849387e-05 -3649.143468304399
383.5917688864198  -2.6851617747070122e-06 -6.986032587974478e-07 -3682.187867052181
383.59176888641986  1.0255044458062912e-07 -1.340613863476392e-06 -3682.1878679290785
383.4026192158639  0.057770690590558615 -0.06722308842441205 -3638.9331870393444
383.5704166284357  0.016857000785236664 -0.0039532787759455346 -3677.5722765588216
383.43196015759395  -0.009240836503195737 -0.000900276244607312 -3647.259434189819
383.41675059280954  -0.03389663845165103 0.03600855072998943 -3645.0663160656786
383.42160576269487  -0.00022930105438945247 -6.470853201445692e-05 -3645.0944026144725
383.3905173691311  0.05182066535505925 -0.0033454945051794027 -3638.587086455088
