 Dim = 2
8419.754880467513  -6815.485581798582
5865.553153795419  -5638.606140022618
1259.5363083639015  -2450.844440878329
846.0109227711353  2558.324444290005
592.3850643542617  -1585.9405932507066
2385.9735539771295  -3486.902709366776
699.8661440486403  -1750.0731119942889
1503.991961354129  -2706.181721091643
1987.1811097600648  -3155.797322159405
2104.089885728058  -3256.056897963885
855.5833761515312  -1966.880560657643
1020.4413394782866  -2175.848061960103
29.220882731194887  -117.62744346265708
0.5982890167108502  239.22200159150344
394.92005881057213  -1239.4585701611288
19.92578852459908  -44.66324580861897
905.3144503629574  -2031.8287968615402
167.43873580720657  -701.7831240199943
12.782145808409137  580.0028588755476
32.78477761236231  -142.44111993295877
11669.04917401064  -8077.055950518321
1.262195062940672  212.9928490862785
-0.044118492059543796  311.83019705800024
162.12900309526393  -685.7687410249932
1667.49422860099  -2865.3982701852046
824.4390947467219  -1925.2209623916651
9595.848082004619  -7296.334962243189
1016.9675380651968  -2171.587208652983
1731.0054498570917  -2925.188375653139
120.69547541932754  1154.4506704690605
118.13346711747377  1145.3996703816645
214.05223605234912  -832.921915032793
296.12475300076716  -1032.8561123402142
602.081947918119  -1601.282908155703
87.97671304984692  -425.68608301276527
0.5982890167116852  239.22200159146348
15.045492112975115  0.6281538847454442
52.16778439074488  -258.47410343928016
62.51111308715913  -311.4733022194138
176.29603958053536  -727.9778153476191
25.09130823769953  691.1283533907056
423.51687399669197  -1294.346940424513
50.643798521782614  -250.2182990922239
12.31232774707352  29.26238901822424
80.66408560268708  -394.8176155801669
82.15573499454172  -401.2135531094402
5.783959465342319  489.6358478345094
15.986608244636882  -8.621465252651547
9.00510042731642  68.55859130623807
17.731037157617948  -25.07530437633889
19.080358309842488  -37.25570038613034
19.807533427957633  -43.64203886029446
54.92952717195779  -273.1001728550184
67.88113520107518  -337.26083342175025
-0.0357160606659743  290.33291118896204
26.187410844668122  -95.29597419614306
15.02668813113099  0.8157883684582714
15.327896588020938  -2.1769476293373202
19.990167898039207  -45.227566523040906
9.008817038647244  68.51094803991623
15.692245235742249  -5.758184589418676
18.35983203676281  -30.806927875094317
14.606105583491905  5.045143895108026
57.92734054220452  -288.57148535683933
83.0433453212423  -405.0134483455211
171.11404235031176  -712.7454204302392
4.239321628857496  462.9049417393496
6.659960575852082  101.02674342575392
14.652282952322087  4.57773106816569
14.089866063300823  10.320027969275031
12.577635026885305  26.352769412292844
15.432784532865227  -3.212236825749244
15.734099128673087  -6.166925861070666
32.61249757741033  -141.27531699359236
41.46535310605105  -197.74709299440948
50.8195441765051  -251.19029112525493
2.5647927346207107  176.44249523465834
12.397688520367025  28.32298879636278
14.716800219460335  3.926327796964074
15.035456283592943  0.7283008976258145
16.178062754421326  -10.469493125863494
14.584918469060845  5.259656123636972
26.99517510069346  -101.36506616166758
12.763662575516454  24.330701652502768
2.364956888432192  181.31760864674297
15.01413065299757  0.9412563008734196
15.191304357103041  -0.8234431952213868
14.469081536350846  6.4361011098365
14.89335709233411  2.150086447023199
15.033289006657984  0.750026983157511
14.917927448528086  1.903827012826497
15.46789793170984  -3.5580196257843113
17.7651580048555  -25.38892526223188
20.15739688609501  -46.673026309728215
20.96415167353583  -53.56373156690296
9.418217452220587  63.29688618319855
14.77956149248553  3.2936458692895485
15.103925873128107  0.04557804766773188
15.135706427210984  -0.27074847853228334
14.704930374373289  4.046069736816548
14.83794692289838  2.706365763304774
15.57602870061037  -4.6204245759623745
17.106715800727205  -19.28338482112204
20.548364681838642  -50.029241510092476
25.153543095896097  -87.39122585334553
5.900342296733943  112.73117767458714
4.440091696971669  137.55767369486335
15.5844480601679  -4.703037292192647
14.649579023950547  4.605187436621549
16.3392348382706  -12.017020028760186
21.627476725632274  -59.13092575180892
20.924542271927464  -53.22856731142886
8.83107741100073  70.81182613858897
4.334970322048789  139.49119418299213
14.83889110317472  2.6969046531765457
14.853571452950318  2.5495188921050556
15.106390796040898  0.021029737211421207
15.135150361604085  -0.2652029714799653
14.42755772406961  6.8590252529655515
15.416543013708358  -3.052164964323538
15.203078225798947  -0.9403354963010315
13.767266620967352  13.665658750301361
15.103965029130018  0.04520450084822869
16.140454237451483  -10.107291490037568
20.592073427125108  -50.40246466699912
21.13373929899258  -54.99533847910607
9.161284229300069  66.55553121820805
4.907090887790465  129.2291017407535
15.107384155228452  0.011117378202300188
14.815602167525206  2.931014146689364
16.524829492895112  -13.789512550336752
20.986140612121112  -53.74971185530805
22.011403854368947  -62.314343435065865
8.758132136225576  71.76214693690362
4.18932619601408  142.20863112571772
18.700823144007686  -33.87421718924169
15.767819737155344  -6.495866930076772
14.826514565321355  2.82127893451829
18.702078059236854  -33.88548661673974
6.376309123531011  105.31556780202155
10.778380977951768  46.73566778123606
11.504660447035715  38.31806963428936
14.512582684799561  5.993920129496047
15.062953722507615  0.45389749976573057
15.117168890257227  -0.08624662843826059
14.984216582407358  1.2402538273303207
15.127702779203593  -0.1911838069420071
15.138121430545008  -0.29475580764250253
15.048465368863088  0.5984137602870305
15.431955363473861  -3.2040323985265218
16.243190541246936  -11.095793409185006
17.437675798473386  -22.36664593792503
17.95381278505734  -27.11736972478377
13.452999505766805  16.962199312764454
9.256867229828215  65.33833033718858
15.115141802628537  -0.06614231469941956
16.215581586375745  -10.830543728733886
15.135248808656398  -0.2662480582903015
15.061314621042285  0.47024602665743487
14.90705053315595  2.0128844152249314
15.136857886652649  -0.2822589428405706
17.87451187826785  -26.3919494500729
18.599840215345377  -32.968812159007996
18.706404434181813  -33.92423130716867
11.842409214944253  34.49394590088812
10.763418368266999  46.91199730697193
15.102109454933641  0.06364432478900994
15.106167289165187  0.023210162709233373
16.27385553410755  -11.390224170414001
16.68388942198798  -15.30072761803865
17.124747120161167  -19.452121976890624
13.275251058904143  18.843738436902413
12.850738085089075  23.38882895702136
15.111970756190527  -0.034555144643832136
15.126248948708701  -0.17669062386025303
15.108473040670631  0.0002790877187521801
15.110254794329805  -0.01746939057844088
15.107498993358785  0.009970823931155337
15.104966378770785  0.03520333274545351
15.099256712374755  0.09207696523856157
15.193585661376595  -0.8461056012231722
15.097982637519394  0.10475174686092714
15.27479001113585  -1.6514628170601497
15.528238064755378  -4.151359051048814
16.057849999387535  -9.31043337039938
15.06457283507302  0.4377724580745337
14.574023085425598  5.370225901916768
15.126702806833798  -0.1812201281010175
15.11159985551632  -0.030876007547590234
15.118749796168867  -0.10206248626252545
15.098873834796297  0.0958775589240588
15.383942685824001  -2.730582857575939
15.296754563249966  -1.8689250627786578
16.403923073455484  -12.63594447023911
15.042619717782202  0.6567847859535618
13.718203073989251  14.177667500649562
15.108287767733989  0.0021205106275772323
15.108325980449056  0.0017435612025167302
15.303625505871466  -1.9368985393402909
15.39761012547222  -2.865444543650824
15.65029075179753  -5.347974601662486
14.82272635730508  2.8593537151042767
14.413634764179909  7.000794434102971
15.118244719132589  -0.09699741401368556
15.108774392609584  -0.0027282342738033094
15.10573220310881  0.027566126126060908
15.108105390878794  0.003940277150576321
15.108995343979306  -0.004928504232992736
15.107740599577479  0.0075660337172394065
15.108047557233073  0.004510170179941042
15.231783730844878  -1.2252067851786421
15.343852607551753  -2.334681019284943
15.592852300542033  -4.785421369150356
14.998825152168429  1.0941728975657838
14.426030179105865  6.8744564688855405
15.108533243262421  -0.0003260397507744983
15.108455982398725  0.00044565475707258884
15.109641757824395  -0.011359585098404068
15.10757962870716  0.00917609634828409
15.108312286637435  0.0018743161054715074
15.10765037153188  0.008465420643858579
15.23778773697291  -1.2847425694781407
15.439796453042627  -3.2813252465407743
15.734601572311234  -6.1718576943546
14.801619116728387  3.0716389998703733
14.394197120715262  7.199017049710278
15.12009004410798  -0.11538099364369714
15.107877837933117  0.006203651982133351
15.106526223998141  0.019669971380693596
15.237340785747461  -1.2803228395485462
15.374885408514466  -2.641196946844076
15.627927417803857  -5.12906658996593
14.865313793630847  2.4315184943410486
14.793875369560029  3.149553503692715
15.109683880319121  -0.011781909364032117
15.105999412472151  0.02491008117800675
15.10853844750766  -0.00037542194584716526
15.108448813412696  0.0005176352824491914
15.108448777025368  0.0005179976391787022
15.10952737092233  -0.010222487997225471
15.108186384269585  0.003128332702175385
15.245271291619202  -1.358946503252696
15.270190043805249  -1.6058865427525006
15.377812011917918  -2.670083668926395
14.846646303133607  2.6189783173192325
15.105636577152808  0.028521180057055062
15.1085074922929  -7.036956705519515e-05
15.110569674318354  -0.020607808451700294
15.10849978489675  7.450576191558866e-06
15.108499785411995  7.445445220355396e-06
15.10848790619298  0.00012569763759984198
15.113072513560978  -0.04552927113141436
15.108014564357125  0.004840194346968474
15.27529781701241  -1.6564725332619048
15.25016392015211  -1.4074510294958031
15.266992850375665  -1.5742122892502834
14.946011277353886  1.6224809800509092
15.105507376691321  0.029807159861235277
15.124248676035819  -0.15679035812289044
15.108500858319005  -4.282311721226506e-06
15.10848299466263  0.00017368185365285171
15.108576610911262  -0.0007574387664419646
15.108548585457694  -0.00048185888923057973
15.108806746575773  -0.0030511623699283064
15.10847109713443  0.0002924537417641204
15.190325885612681  -0.81374316517838
15.224144164502912  -1.1494306461932524
15.293296308330998  -1.8346807619430194
15.028182353292898  0.800891771153772
14.94804678561983  1.6020954601546578
15.111918389514543  -0.03403095439381332
15.108460810743727  0.0003929114359948471
15.108391600516395  0.0010870582799498152
15.16523121943242  -0.5644123450494192
15.265807008739658  -1.5624663968536936
15.352755206581115  -2.422649290294288
14.958331763285623  1.499147381358597
15.105580722431903  0.02907669051469952
15.10851487388751  -0.00014298955946401293
15.10851493475443  -0.000143595690985876
15.108479582401278  0.00020720332983614753
15.108479578901242  0.00020723818434476016
15.108942635641785  -0.004404493351557903
15.10842441755563  0.0007573646788330279
15.13926139718871  -0.3061705107394914
15.213725425703004  -1.0460503686931872
15.222190548131394  -1.1300470213601557
15.004651949658498  1.035931889018542
15.107100628638062  0.013939936174267586
15.108509177366901  -8.626602215144885e-05
15.108509263202913  -8.712080185091509e-05
15.108487445315594  0.00012967851051826074
15.108487461412835  0.00012951820897910693
15.108944170592505  -0.004419774487217865
15.108460331356582  0.00039972187374814894
15.115852185971216  -0.0732003450683294
15.125914037214157  -0.17335957748386477
15.162537619860881  -0.5376403075833878
15.101403095362013  0.0706859271256235
15.107801651112718  0.006958708129104707
15.111911479076333  -0.03396214581835011
15.108500457210328  1.5385836604764336e-08
15.108500493584414  -3.4683924354794726e-07
15.108807473155355  -0.0030564188747916887
15.108511130542423  -0.00010696239280605369
15.108511139690746  -0.00010705349470185865
15.108493511028717  6.992754197199247e-05
15.10849351579623  6.988006575170402e-05
15.108498410500074  2.0421260927605545e-05
15.108506007161722  -5.5492324804617965e-05
15.129236436792153  -0.20642505120781607
15.152541007311969  -0.4382508504632199
15.169835472170202  -0.6101754922075031
15.047463507315419  0.6084377042742233
15.106529526732405  0.019627803791991028
15.10850041202416  1.3280205735100026e-07
15.108500446486753  -2.103871565850568e-07
15.108903958195999  -0.004019475531492844
15.108500630217163  -1.6521825898507814e-06
15.108500884086586  -4.180430067890484e-06
15.108505862799413  -5.352796480906363e-05
15.108505909953063  -5.3997534422478566e-05
15.108507749437909  -7.299068724364588e-05
15.108493034354872  7.387898614297228e-05
15.121868068091304  -0.1330890025785152
15.142692421076045  -0.3403017650388449
15.16760813446318  -0.588040092513836
15.074600080297682  0.3377800764626784
15.107780367981894  0.007170626758863818
15.108893825226222  -0.0039185695709136326
15.108500401968996  3.716752701166115e-07
15.108500446008993  -6.688708253932418e-08
15.10855627388357  -0.0005556013326781795
15.108507545418485  -7.013584223614089e-05
15.108507548479492  -7.016632457634842e-05
15.108512748994318  -0.00012164968944716748
15.10851286672746  -0.0001228221098301674
15.10853121217721  -0.00030677826856617685
15.108500611830788  -1.6559944242544589e-06
15.122558102748863  -0.13995734172593188
15.142005956212252  -0.33347336335214095
15.166709692280321  -0.5791102568337294
15.075285024963337  0.33095164077957406
15.107788873113599  0.007086066959203663
15.10856637651426  -0.0006562062958153092
15.108500397626067  4.341829082932236e-07
15.108500464813183  -2.3488900069423835e-07
15.108500514624655  9.444423199056473e-08
15.108194055602928  0.003051910238241362
15.108502189014207  -1.758226966330767e-05
15.108499193633683  1.237959577338188e-05
15.113222259671897  -0.047017365117540066
15.129313486635066  -0.2071905281740385
15.13332236664396  -0.24708325680308008
15.087711204987247  0.20709729344284256
15.108205619095523  0.0029359204440027042
15.108500389930589  5.260758371150587e-07
15.10850044360793  -8.970062026492087e-09
15.108504416316375  -3.946840723756395e-05
15.108500428690881  -8.320614597323583e-08
15.108675673645953  -0.0017458898808797585
15.108492339712694  8.023475973573113e-05
15.108494064154927  6.306226009655802e-05
15.1085007641617  -2.301282677308336e-06
15.10850080906461  -2.748436003230381e-06
15.108493798694917  6.610009933183392e-05
15.108506115235171  -5.650457455885771e-05
15.123318476662023  -0.14752717522705439
15.140315770414272  -0.3166592965052928
15.157466864757945  -0.48722943725962864
15.076723904309093  0.3166066816818045
15.105734610905426  0.027544048633075136
15.108676272757315  -0.001751855984764461
15.108500361329996  5.962287445981929e-07
15.108500390937975  3.0138571105453593e-07
15.108500458052866  6.093778210924938e-07
15.108500492476393  2.666265856987593e-07
15.10849670853442  3.699726985928464e-05
15.108498214688074  2.2114603979161984e-05
15.11936158184766  -0.10813958868553186
15.127281949017657  -0.18697414520227085
15.130387801673214  -0.21788137298116794
15.086642614578613  0.21774613993051162
15.10803709257027  0.0046139968120826325
15.108500418994328  1.0457241614858503e-06
15.108500523970239  -5.158540261618327e-10
15.108500382206977  3.7522363527386915e-07
15.1085004200921  -2.050200009762193e-09
15.108500464257657  -4.5528489067692135e-07
15.108500418964617  -4.238842166159884e-09
15.108501045778235  -6.286493061224974e-06
15.108500361864895  4.3894701207136677e-07
15.108500406725321  -7.778879762554425e-09
15.10855622397271  -0.0005562289186116232
15.108500325135468  7.27883701756582e-07
15.108500359035665  3.902938772171183e-07
15.108500508656272  2.295547005815024e-07
15.108500548852144  -1.7072733271561447e-07
15.108501496351407  -1.0872028326502914e-05
15.108499418555862  9.933493203106991e-06
15.117405538727562  -0.08866674792633944
15.129187423304556  -0.2059374735650863
15.129455963733959  -0.20860838407389792
15.087569443514807  0.20850997041662822
15.10820498148999  0.002941938842440095
15.108500375069926  4.4476865923570585e-07
15.108500417043222  2.6787091655933182e-08
15.108500490857079  4.204181607292412e-07
15.108500533038306  2.1088908397359774e-11
15.108558709517393  -0.0005798851862550691
15.108487042647717  0.00013325567871902422
15.11307603197928  -0.04556191056468606
15.116118901621478  -0.0758564085722071
15.117910574408823  -0.09369479637737754
15.100882571051038  0.07587141126219876
15.108360636735615  0.0013918662646688063
15.108500351761093  5.367325570659887e-07
15.108500419568772  -1.385176631174545e-07
15.108500530590963  -5.480558229464805e-10
15.108500438935105  9.121924904320622e-07
15.108471438426534  0.0002888681168826679
15.10848904775057  0.00011330261088460247
15.111378167214434  -0.028656203618623977
15.112227655284508  -0.03711348660746694
15.112472318849868  -0.039550941212553425
15.10477236660811  0.03712844688365635
15.108431929370774  0.0006819108566560317
15.108500368620096  3.5835577705256583e-07
15.108500404606565  -6.87805368215777e-12
15.108501024957901  -6.217638912175971e-06
15.108500330488626  7.534945609677379e-07
15.108500406057338  9.614211649022764e-10
15.108500500459565  3.23620014341941e-07
15.108500532968451  -1.1291945156699512e-10
15.108510628506629  -0.00010193816652304122
15.108499129620457  1.2769405344670304e-05
15.110355302824408  -0.018469728413720077
15.110434047102606  -0.019255228617623743
15.113024588456131  -0.04504979578507573
15.106645368951002  0.018474785151084916
15.105813485305172  0.0267583731063894
15.108500504408227  -9.861976764113933e-07
15.108167402543984  0.0033161647636461566
15.108500530536846  -9.123368727159686e-12
15.108252886471778  0.0024661273643573622
15.10915504240229  -0.0065189836404897505
15.109779810194288  -0.012739139925741938
15.110798535700612  -0.022884623972203144
15.10721982452714  0.012753932315376915
15.108470882489957  0.000293990092615104
15.108500405190249  1.000444171950221e-11
15.108480488307416  0.00019833920401879368
15.108500488454014  4.3769145463556924e-07
15.10850053240591  8.86757334228605e-12
15.108500374269404  3.0493964686684194e-07
15.108500382373919  2.261441807149822e-07
15.109065783263292  -0.00563014821454999
15.10922136462295  -0.007178164244635354
15.109307126417148  -0.008033476865875855
15.1077782231275  0.007193057488223076
15.108486684383447  0.00013663008422781786
15.108500404896795  -4.035882739117369e-12
15.108481382209444  0.00018943397708426346
15.108500532409307  -1.0771827874123119e-11
15.108500484492016  -8.059653850978066e-07
15.108500395068324  1.0236462344437314e-07
15.108766766257652  -0.002652492570433651
15.108923964225257  -0.004217907045187985
15.109093427396342  -0.005904161400593466
15.107906170099186  0.005918902365976919
15.108493505595328  6.87024015917359e-05
15.10850036412112  4.031898583889415e-07
15.108500404613897  -4.914113560516853e-11
15.108500532957747  -4.888534022029489e-12
15.108500409189018  -4.850252821597678e-08
15.10850040414499  6.043677558409399e-09
15.10862530936878  -0.001243838769028116
15.108671722393845  -0.0017060279699876446
15.108723453017026  -0.0022198967820088455
15.108276125821297  0.0022347242849036775
15.108373794219268  0.0012608290616071827
15.108500372167235  3.2306508046531235e-07
15.108500404611231  -2.2509993868879974e-11
15.10850053295752  -4.234834705130197e-12
15.108500401840226  2.5629418587413966e-08
15.108500384794148  2.0037708736708737e-07
15.10854842760042  -0.00047822593305113514
15.108571526043692  -0.0007069677257618423
15.108591613414697  -0.0009082837975995517
15.108428044947948  0.0007218586357282675
15.108499012297058  1.3865023078096783e-05
15.10850288011269  -2.3372585673087087e-05
15.108500369162957  3.529824255110725e-07
15.108500404609673  -8.469669410260394e-12
15.10849845196808  2.0724267500327187e-05
15.10851737704361  -0.00016901594779028528
15.108555600998054  -0.0005483823159977419
15.108554724784591  -0.0005409363055832728
15.108443970035227  0.0005632721444044364
15.108499691682656  7.099498475326982e-06
15.108497552911103  2.8398013938613076e-05
15.108500404606874  -1.7053025658242404e-11
15.108500404652794  -4.177991286269389e-12
15.108500361361122  4.311070540552464e-07
15.108500362722099  4.1708292997100216e-07
15.108501431802594  -1.0293322901588908e-05
15.108523507957592  -0.00023007048446288536
15.108542587882715  -0.00042007313993508433
15.108499218752495  1.1746260639711181e-05
15.108499751742228  6.5014138499464025e-06
15.108500215256377  1.887571102088259e-06
15.108500404653428  -1.0231815394945443e-11
15.108500406153702  3.126388037344441e-13
15.108500368725904  3.577663392206887e-07
15.108500373048942  3.2966937624223647e-07
15.108523200642601  -0.00022700913356743513
15.108547513800595  -0.0004691273553873998
15.108551638997723  -0.000510270705945004
15.108449079443329  0.0005110484748058752
15.108499705556504  6.961340289990403e-06
15.10852120298114  -0.00020741058722251182
15.108501069459049  -6.683792520334464e-06
15.108501125609068  -7.242952023034377e-06
15.108523432073012  -0.00022931480407351046
15.108542649175458  -0.00042068351154966876
15.10856232793142  -0.0006167139014792156
15.108438390471466  0.0006174924480717436
15.108499751887855  6.499963632222716e-06
15.108500398163248  -1.858779796748422e-11
15.108500517127489  -1.1867043951951928e-06
15.108500398162805  -3.9818814911996014e-11
15.108500517250167  -1.1880298416144797e-06
15.108500398229229  -9.549694368615746e-12
15.10850041186832  -1.3582894098362885e-07
15.108500361834459  3.624225257681246e-07
15.10850039836845  -2.7538646918401355e-09
15.108500398161857  3.218190158804646e-10
15.108542510267286  -0.00041936287090038604
15.108561162235976  -0.0006051053988755939
15.108575867752025  -0.0007515485532962884
15.108458208193765  0.0004201401610259836
15.108499035833763  1.3566439292844734e-05
15.108500398092517  -6.0822458181064576e-12
15.10850039945085  -1.553044626234623e-08
15.10850042637786  -2.8165541721136833e-07
15.108513765273596  -0.0001331131955453202
15.108443166348037  0.0005699308677549197
15.108440118035748  0.0006002879278526052
15.108500398102613  -1.3233147910796106e-10
15.108539298222016  -0.0003873799188909288
15.108590722499573  -0.000899475700180119
15.108600902392629  -0.0010008493484292558
15.10839981714383  0.0010016186645884773
15.108496833050625  3.550180613842713e-05
15.108500398162244  -8.355982572538778e-12
15.10850039824709  -3.100808498857077e-11
15.108500361339608  3.6668200209533097e-07
15.108500398325647  -3.045215635211207e-09
15.108500398093424  3.247464519517962e-10
15.108528974605083  -0.00028457376683377333
15.108538182980885  -0.0003762726720140108
15.108542853573157  -0.00042278247278204617
15.108457864571815  0.00042356291987744044
15.108499734480668  6.608440628497192e-06
15.10850039808952  -1.8474111129762605e-12
15.108500398082768  -1.1937117960769683e-11
15.108500398083764  -2.5494273359072395e-10
15.10850039812662  -5.348113063519122e-10
15.108500398230513  -1.9127810446661897e-11
15.108477743362194  0.00022560279327876742
15.108500398091227  -4.062599145981949e-10
15.108500398081356  -1.750777300912887e-11
15.108500398078503  -4.746425474877469e-11
15.108500398081938  -2.559374934207881e-10
15.108500398225631  -7.275957614183426e-12
15.108500398101857  -4.743583303934429e-11
15.108500398077624  -1.1118572729174048e-10
15.108500398093582  -4.884839199803537e-10
15.108500398070445  -3.467448550509289e-12
15.108500398053733  2.722231329244096e-10
15.10850039807841  -4.439471013029106e-11
15.108500407769156  -9.43122131502605e-08
15.108499606379995  7.88392628692236e-06
15.108500375364313  2.2838435143057723e-07
15.108500398071298  -8.682832230988424e-11
15.108503754825483  -3.3425184540192276e-05
15.108542858849475  -0.0004228365923211186
15.108556443001339  -0.0005581125546427756
15.108496963605486  3.4202194569843414e-05
15.1084994130202  9.809427979234897e-06
15.108500398070284  -2.609112925711088e-11
15.108500398071984  -1.14880549517693e-10
15.10850039806964  -2.3874235921539366e-11
15.108500398067616  -1.7138290786533616e-11
15.108500398062244  -2.7853275241795927e-12
15.108500398051582  -1.5148771126405336e-11
15.108500398069406  -5.483684617502149e-10
15.10850067007459  -2.707225888798348e-06
15.10851192004331  -0.00011473936922357098
15.10846267020549  0.00037570616163407067
15.10850039805915  1.2262830750842113e-09
15.108500398374524  -1.3155556644051103e-09
15.1085501328337  -0.000495272606741537
15.108558649261331  -0.0005800815416421301
15.108578976956714  -0.0007825119202209407
15.108450586446594  0.0004960419685744455
15.108499029758152  1.3625857974375322e-05
15.108500398016469  -2.142996891052462e-11
15.108500398358844  -4.497707095652004e-09
15.1085003978929  -1.5688783605583012e-11
15.108500402831686  -5.287239446261083e-08
15.108500397892085  -7.844391802791506e-12
15.108500554371114  -1.5683458229887037e-06
15.108500397891918  -5.6559201766503975e-12
15.108500554363173  -1.5682653042858874e-06
15.108500396797615  -3.7687186704715714e-11
15.108500816742922  -4.2147705414663506e-06
15.108500400588097  -5.0391690820106305e-11
15.108500288568868  1.0449599301409762e-06
15.108500393508221  -3.5214497984270565e-11
15.108504197066162  -3.797530158067275e-05
15.108500370393456  2.3359115175480838e-07
15.108500410672452  -1.6751795328673325e-07
15.108500404836448  3.009773763551493e-09
15.1085003670115  3.796827741098241e-07
15.108500443316432  -4.502158788000088e-07
15.108500161615847  2.3724147126813477e-06
15.109804789891191  -0.012989347778244564
15.11151325260565  -0.03000137246934287
15.11353864304636  -0.05016821626108481
15.105487946458833  0.030000342455167583
15.108258451307172  0.0024093454224214383
15.108500360680742  3.6936447145308193e-07
15.10850039776786  3.944933268940076e-11
15.108500349299806  4.3741334820879274e-07
15.108500397735808  -4.888534022029489e-12
15.108500393414854  6.821210263296962e-13
15.108461911418388  0.0003832172432680636
15.108500258447705  1.3870719897113304e-06
15.108503390407039  -2.9688741449263034e-05
15.108499810718605  5.84239742806858e-06
15.108670760732968  -0.00169650126449028
15.109016751945875  -0.005142017257043108
15.109301082692008  -0.007973391438042654
15.108330061789058  0.0016962512245299877
15.108487223771823  0.00013114820200144095
15.1085003537998  4.37523709706511e-07
15.108500397894494  -3.169020601490047e-11
15.108500393417167  -1.764988155628089e-11
15.108500395947571  -2.7883316988663864e-08
15.108500393740464  -1.2505552149377763e-12
15.10850035593905  3.764390896776604e-07
15.108500881129054  -4.785354434488909e-06
15.108500354932909  3.805535584433528e-07
15.108500369587324  2.3728284759272356e-07
15.108500410947219  -1.745896724969498e-07
15.108500392151928  1.2440656860235322e-07
15.108500450685197  -4.5843029283787473e-07
15.108500397675526  -4.477092829802132e-08
15.108500392996593  6.010822062307852e-09
15.108546522331157  -0.0004593641314158958
15.108569619185129  -0.0006892594598753021
15.108593984455357  -0.0009320066729969767
15.108431119335386  0.0006899649955869336
15.108498996226404  1.3913620705352514e-05
15.108500354625388  3.865316102746874e-07
15.1085003934426  -2.2708945834892802e-11
15.108500404610457  -1.5120349416974932e-11
15.108500353922212  5.047545812431053e-07
15.108500393426484  -3.632294465205632e-10
15.10850039341682  -1.4165379980113357e-10
15.108500393473578  -1.0894041224673856e-09
15.10850622038376  -5.7915312623890713e-05
15.10850039336633  -2.162892087653745e-11
15.108500393734143  -4.832116928810137e-09
15.1085003406796  5.247634646821098e-07
15.108500393383093  -7.44933004170889e-11
15.108500366959975  3.7491105331355357e-07
15.108500233171576  1.5955027663494548e-06
15.108500393392571  -2.467004378559068e-11
15.108500404654112  -1.901412360894028e-11
15.108500361380978  4.309090684273542e-07
15.108500357783587  3.5458060665405355e-07
15.108500262835728  1.4119142122126505e-06
15.108500393365155  -9.777068044058979e-12
15.108500393361558  2.589217729109805e-11
15.108502233987986  -1.8329465120814348e-05
15.108500484733074  -9.098780537897255e-07
15.108500404618987  -7.759126674500294e-12
15.108500360677654  4.3757367507168965e-07
15.108500422909085  -2.94216761176358e-07
15.108500481835186  -8.81020213228112e-07
15.108500404609071  -3.2599700716673397e-11
15.108500320798477  8.345834316969558e-07
15.108500387406595  5.945395287199062e-08
15.108503316713964  -2.8999567007303995e-05
15.108506481022758  -6.0622720042147193e-05
15.108500398087173  -4.710244638772565e-08
15.108497421612492  2.9705529243528872e-05
15.108500331226484  6.187869701079762e-07
15.108500328739638  6.435514592340041e-07
15.108500404153657  -1.0744406608864665e-07
15.108500421869465  -1.719049294024444e-07
15.108500361270695  4.315595845127973e-07
15.108500358524259  3.469466776095942e-07
15.108500244326057  1.4743970950803487e-06
15.108500393154817  -7.131006896088365e-11
15.108500526789134  -1.3331316495168721e-06
15.108500393134818  1.1361294127709698e-09
15.108500393143457  1.0499263680685544e-09
15.108500281054452  1.117264758931924e-06
15.10850035691071  3.6186617080602446e-07
15.108500391487192  1.621546630303783e-08
15.108500393011843  1.192347554024309e-09
15.108501608594032  -1.2103073004254838e-05
15.108502394662123  -1.9931730577127382e-05
15.108504865804603  -4.454003044429555e-05
15.108499090008443  1.2977871506336669e-05
15.108500243236973  1.4928577058981318e-06
15.10850039314883  -7.787548383930698e-12
15.108500393130809  1.829221218940802e-10
15.108500393149114  -1.6200374375330284e-12
15.108500393254669  -5.749711817770731e-11
15.108500338119583  5.479859623847005e-07
15.108500320087279  7.285645153842779e-07
15.108500396105665  -2.9297240189407603e-08
15.108502279286752  -1.8782785332405183e-05
15.108504959117182  -4.546926243165217e-05
15.108505495661277  -5.081161194198103e-05
15.108495202942027  5.168641069985824e-05
15.108500277473848  1.1519198892528948e-06
15.10850039315339  -4.979483492206782e-11
15.108500776850814  -3.820176232238737e-06
15.108500348779751  4.418359651481296e-07
15.108500393150223  -1.836042429204099e-11
15.108500393236959  -3.794298208958935e-11
15.108500247245146  1.452946719382453e-06
15.108500349406576  4.364356129826774e-07
15.108500393147683  9.29389898374211e-12
15.10850039314855  -2.842170943040401e-14
15.10850039314782  2.2794210963184014e-11
15.108500393153003  -3.8767211663071066e-11
15.108500393228251  -2.2367885321727954e-11
15.108500358377412  3.462623965333478e-07
15.108500360412624  3.267657291416981e-07
15.108500393148242  -5.9969806898152456e-12
15.108500393148384  -1.4068746168049984e-11
15.1085003931477  -2.8109070626669563e-11
15.108500393148685  -1.2030909601890016e-10
15.108500393235161  -2.0264678823878057e-11
15.108501794085894  -1.39510169674395e-05
15.108496439115383  3.9375334864644174e-05
15.108500348428727  4.461751927919977e-07
15.108500393226095  -1.318767317570746e-11
15.108501128331637  -7.321197841747562e-06
15.108499116670783  1.2711551505617535e-05
15.108500391384387  1.706953867142147e-08
15.10850039055778  2.5051775764950435e-08
15.108503684085788  -3.2771420251265226e-05
15.108503757369338  -3.3501990628792555e-05
15.108503763533411  -3.3563297364480604e-05
15.108497014517003  3.364621915125099e-05
15.108500325801291  6.706274859880068e-07
15.108500393148553  -5.343281372915953e-12
15.10850039322563  -1.517719283583574e-11
15.108500352467379  4.05078225185207e-07
15.108500392991628  1.4366605682880618e-09
15.108500392915472  2.150102318410063e-09
15.108501037192383  -6.413646559622066e-06
15.108501910950233  -1.511398900788663e-05
15.108502720693298  -2.317842145771465e-05
15.108498787650111  1.59888090252025e-05
15.10850027546516  1.171891113926904e-06
15.108500393146437  -8.412825991399586e-12
15.108500393142913  4.8260062612826005e-11
15.108500393226027  -8.952838470577262e-12
15.108500350556962  4.248943525908544e-07
15.10850035389323  3.908792791662563e-07
15.10850043663541  -4.330368597038614e-07
15.10850037350927  1.9555065478016331e-07
15.10850045062051  -5.723865115214721e-07
15.108501002452407  -6.066904489898661e-06
15.108503313769791  -2.9084454979511065e-05
15.108499696147906  6.941724194575727e-06
15.108498651446217  1.7344395701002213e-05
15.108500393224988  -8.839151632855646e-12
15.10850040227249  -9.088498131859524e-08
15.10849995464999  4.366680144585189e-06
15.108500355988122  3.708254610046424e-07
15.108500393147487  -1.935518412210513e-11
15.108500393147093  -2.262368070660159e-11
15.108500415990742  -2.2751245865038072e-07
15.10850106107506  -6.650650419715021e-06
15.108501592991555  -1.1948424202046226e-05
15.108499637524545  7.525477144554316e-06
15.108500168096464  2.241110507839039e-06
15.10850039314616  -1.1510792319313623e-11
15.108500393145242  -2.0946799850207753e-11
15.108500393143807  -6.164668775454629e-11
15.108500393150255  -2.90754087473033e-10
