 Dim = 2
4245.570047995876  -438.27616650255965 -2788.5092251444203 -5744.10559990143
5964.372573309196  -418.4080660531915 -3360.674136044454 -6767.720018040668
2599.842173040842  -395.67902465451607 -2139.7593483707774 -4504.795151950352
650.9850373366759  -308.2808674752344 -977.168054228666 -2270.525430262218
401.8270048509399  -289.5184557200371 -727.585943258563 -1790.8781488614118
1749.444464332295  -364.24458272220227 -1721.6108460887742 -3701.1967227127416
162.02276792288276  -203.13316953406155 -414.92326117422266 -1114.02954970446
85.00355041812476  56.02268902386513 523.0647850787986 916.5162477663949
29.284113208061203  -116.74788334808598 -102.26057908988224 -437.18095054750836
273.4616423430098  142.40797520984069 835.727467163139 1593.3648469233465
2821.7358351659695  574.3344061397185 2399.040877584841 4977.607842708106
3.6110407064751966  -30.362597162110433 210.4021029944582 239.6676486094433
568.9853164811306  228.79326139581627 1148.3901492474795 2270.213446080298
8045.852628978438  -528.4875858368093 -3906.4107515730902 -7899.948512242323
28956.201670506907  -253.00939668119992 -7770.030092298567 -14641.301232031212
273.33244193269417  335.36527602294615 -779.7839307296858 -1131.462520672806
3845.585033650628  -372.21818417653253 -2664.1327678459274 -5436.5638090014445
4806.564850370376  -458.60347036250806 -2976.7954499302678 -6113.412408158396
116.56261858298915  232.4788191252964 -475.4939932555444 -698.6236149027832
26519.6769329767  -166.6241104952244 -7457.367410214227 -13964.45263287426
130.30319175134636  -76.05990773361947 -397.4745062018153 -928.5505457749258
16.789106599969564  10.32537845235609 -84.8118241174749 -251.7019466179742
5570.887193475691  136.01304299049252 -3431.61525156515 -6227.755996308182
52302.76053042499  -944.0916861690043 -10271.33154897329 -20056.090025286823
55702.87550787429  -1030.4769723549798 -10583.994231057632 -20732.938624443777
14.717882768498201  405.2493914972475 149.83137091313642 655.0735834111206
24.12245128775102  -53.74972740311016 -100.69912488817596 -358.20716547221525
1113.2389404848902  -335.2157662915461 -1335.4625524548367 -2959.0963432457806
35177.40810711987  -864.2237890707106 -8372.454425782153 -16482.798054725146
42744.80909135644  -684.9358276110777 -9333.343502720269 -18025.54422781597
6234.623060988575  -185.22812291733288 -3522.5666619451017 -6782.411455498718
1519.9613491891405  464.5619897127432 1775.2769676178666 3702.884429469495
1481.2294113970786  401.5638337677674 1773.7155134161603 3623.9106443942014
5.764978738226974  32.6355587828654 211.96355719616446 318.6414336847364
157.74379904018795  -18.703437978300038 -470.96011775141255 -993.8023260849347
739.4629672597704  -191.47401035025115 -1096.2854819200934 -2347.499524398838
289.91879800500834  27.253185103902382 -696.0892298559912 -1350.482816972728
10.340603661828291  96.71066463833165 227.8508579668655 425.1466525389774
7.424895632004527  -1.5147672272126185 -16.46939505336955 -140.87406684332507
-0.008542845210947739  -53.68662443232384 125.98317883168625 56.918526837066224
5.538972825385423  61.04171358012561 -20.783209695183245 -73.19138238954554
10.715086231590108  -64.67857564559371 -20.234398273151726 -224.08263578131312
16.317397082914493  21.706710540381856 292.4282838111887 452.7659633756386
100.86603181870244  -87.90005341318819 -329.13207713771 -817.7226660002768
288.6232626722377  -111.7288587918255 -646.1085738638641 -1426.888580703449
395.07059204336133  -105.08872416427559 -783.622799835753 -1670.6509252418864
94.47308840193847  119.02084496884096 524.6262392805048 995.4900328416879
1.7248730811550068  -37.273420056988485 185.38908842771093 185.51976067688713
6.801698515048014  -1.1142110378513983 -11.141100343324029 -130.63414194549546
4.782773847263663  61.61242799249312 -13.19142940285019 -58.6014874485337
98.53439624129133  -87.49949722382696 -323.8037824276645 -807.4827411024471
90.35793621248241  -24.77285819348244 -325.8541114871906 -735.4500866054854
22.13458300204028  85.27107514812415 301.52158174101635 546.2144572114562
5.900862712003734  -0.5012841821258189 -2.987799983103397 -114.9651168818662
3.303679837893844  1.5937785331220886 24.881227832123244 -61.40637673458794
5.6824615327237495  -2.7971181239569267 -0.06932856655575748 -112.3953132641324
5.0134930936035875  -9.655282930124027 9.076333765718516 -103.93592305071779
91.35416209227714  -96.0405691160996 -303.58634831862196 -780.7845222076696
78.304524061082  -32.325315397861914 -292.48588717272185 -683.4786590428773
83.63021230822025  -25.986686988840084 -308.5425475375065 -705.2196158123861
19.612730130554883  20.590012117042797 311.0318993160784 485.47950081752623
3.257231312266323  -30.229777348625348 36.5133207625415 -78.55775241047371
5.587443118302172  -0.27719188615789114 -0.00687039848750759 -109.23636186112066
4.822681297613559  7.651520699367877 5.088151151078495 -90.32798407760863
5.361737860657578  -2.563246821546924 3.041683712270654 -106.41656512331566
5.611122686585924  -0.907173445607645 -0.02248494050450134 -110.02609971187347
44.88743259308815  -25.56545156763614 -194.20000209078987 -495.352425035785
73.16054977402548  -54.598876641060365 -270.92119229903864 -670.9053279585756
3.9189084295956964  -27.1515018991568 27.27397117816463 -91.75556972840633
5.210823806056011  26.10187188595781 208.69639949716742 304.7653070363903
5.152924242984443  1.882637591389168 3.630045696998012 -99.9677415633106
4.712471369504154  -9.421411627714026 12.187346044544931 -97.95717490990107
5.292443623862074  -0.6733021431976527 3.088527338321774 -104.04735157105702
20.46392762280131  -38.32466632612572 -87.89594130647815 -316.1282023416315
22.62082396938817  -5.416050785806837 -110.18796460906083 -317.1839077079025
43.03980997633554  -47.7622655782782 -179.97894866886787 -496.13238549024936
-0.012686061293450053  38.43989847081287 96.78959238882683 114.77371791419688
5.0503076503700814  -2.3293755191369323 6.15269599109693 -100.43781698249921
5.658631893796713  -2.1671365645071625 -0.05371402453862828 -111.60557541337933
5.899179342716551  -8.466952159004732 -0.20985944470918838 -119.50295392090848
20.08638721896494  -22.24723591184675 -91.50843875361126 -303.31773064099343
3.0838891652339337  -7.388202253804286 30.869034259519992 -61.294948214248706
6.7445656638537494  6.890267487392727 -13.402773638717889 -125.10414173170112
3.8063395394167845  -6.829853042134755 21.567226507075155 -77.65171693519248
5.63485227841743  -1.5371550050574088 -0.0380994825216332 -110.81583756262654
8.47649940270826  -10.734032835324474 -22.002559938510657 -162.14392875737755
9.646394732148597  -6.497904219518103 -32.568971571353536 -176.37263634323293
12.043920221760047  -8.36075983928529 -48.98457320186791 -208.6798943857609
1.362142492099899  8.108491170960377 52.989640135679785 -2.069478511968102
0.787984464639296  9.673957940050132 65.44930379300229 22.63525190205133
5.5833351631655495  -0.004566092054099026 -0.06073925402634709 -109.0056059977865
5.5283792133041505  0.8443248689476035 0.19020425763379345 -107.5204990383358
5.588606868663649  -0.05741466382826906 -0.09457953172607578 -109.13141867907396
5.587443126059266  -0.2771919055081892 -0.006870468523926254 -109.2363620127347
5.583335155411293  -0.004566072703781811 -0.06073918398985886 -109.00560584617232
5.576824623895029  0.13498004373097222 -0.04466473774586621 -108.80757337783257
5.311912201176039  3.4304671375944364 1.4680660474278717 -102.05617229396637
5.583335132148565  -0.004566014652868527 -0.060738973880532995 -109.00560539133005
5.58514405697132  -0.048776135209672465 -0.06331326351764519 -109.06373381915827
5.585938751643018  -0.15353428729203905 -0.034857612872355004 -109.13820177237824
5.580637687391268  0.04028869409325059 -0.04958965511549476 -108.93099751050329
5.5809730675576334  -0.021238159807590383 -0.03157855904877182 -108.97235682372012
5.573429556806955  -0.07092036108575286 0.060346500534610825 -108.86407078606314
5.550829558612115  -0.2199669649203098 0.33612167928420544 -108.53921267309326
5.580205012913839  -0.002296026700718885 -0.03054229905440611 -108.94757344368006
5.590335769726498  0.2109799217942041 -0.2047329395122912 -109.008830554066
5.58215517319805  -0.05273723778006964 -0.0323592861495558 -109.01184371625763
5.577748985613819  -0.018899524184696793 -0.00046871640618742494 -108.91256994876814
5.574998325647711  -0.029160364948384733 0.030329395687406946 -108.86857661791886
5.566750499199991  -0.059943119443061736 0.12272289153123234 -108.73659844473943
5.570207618517382  -0.06858164806165834 0.09145662332280174 -108.80428330465512
5.59290404813411  -0.6733639451334349 0.07646666298635241 -109.56243164137807
5.577039986716799  -7.740121131800742e-08 -2.8014574467189634e-07 -108.88887781324568
5.576744799675576  0.006342501917877719 0.000723969154024489 -108.87988858376437
5.573718133942017  0.05756557717770395 0.012942250973388858 -108.7956291551987
5.5756974576352  0.025487499661547702 0.004458783308375763 -108.84991911822515
5.574525771013192  -0.016560733759390954 0.030641686527748152 -108.8527818609038
5.580500260317954  -0.008638528618596604 -0.0312662682084306 -108.95656206670506
6.539250240843791  -3.7345861306750026 -7.855603687296954 -127.78443741905187
7.570079608671584  -2.095912430016857 -17.508286958095972 -143.47839472990697
8.082990144927972  -3.1823672078207483 -21.42123380829856 -151.95556156890007
3.719530299094839  2.255472404969194 19.463501065606202 -70.52663163473689
2.693547304655301  7.063574642571942 31.227231573245597 -43.17836252443293
5.577039955717265  0.0 0.0 -108.88887720678937
5.578457998528574  -0.03779889356698134 -0.0009368725210236462 -108.93626147783456
5.576063069528108  0.019093855028283667 0.0030545014614308114 -108.8602151672207
5.577512616644947  -0.012599631188993779 -0.00031229084034122695 -108.90467196380443
6.012959288529462  -0.0406897856127616 -4.221668006616408 -116.66780410664978
6.24598718738183  -1.6973024544062114 -5.848822045439365 -121.64861193162221
6.216485943908042  -0.5310489256819789 -5.976748748057991 -120.47376693758343
5.091893680640042  0.10258568981480459 4.877731170110273 -99.8339325230234
4.3175929685832655  2.277345931267981 12.47730808980172 -83.29174302141926
5.577985297582057  -0.025199262377987558 -0.0006245816806824539 -108.92046672081949
5.576413901901731  0.012710887781882866 0.0017930022447694358 -108.87023688441144
5.577276291429966  -0.00629983494478973 -0.00015621545652034358 -108.89677473691081
5.753546157754306  -0.7399010715824559 -1.4777903130654204 -112.48862668372607
5.949071657626168  -0.38814079850239996 -3.490231879337558 -115.74835611408488
6.064579587726972  -0.6711351795978553 -4.494389134705854 -117.92885789252475
5.1887900086658165  0.4215802189950422 3.7677600566236267 -101.48084962923566
5.570122558483358  0.017277057237193208 0.0625325364168612 -108.753507486958
5.5756973646477705  0.02548773186520084 0.004459623745679209 -108.84991729885607
5.5770398627186655  2.32203653135409e-07 8.404373034407508e-07 -108.88887538742031
5.57728520646365  -0.0009133378754643592 -0.0021119780490001833 -108.8938476851842
5.577285224674567  -0.0009133510877815464 -0.0021121538024191696 -108.8938480229474
5.5775811541404945  -0.014426577711401656 -0.00035757301219078996 -108.90696220357162
5.576744822924612  0.006342443866964436 0.0007237590446986276 -108.87988903860663
5.577158130698246  -0.003149936822707683 -7.817776478277576e-05 -108.89282612346435
5.694737365100349  -0.027464536364551054 -1.1499348030098395 -111.02756100927303
5.780824420927685  -0.45294646587284326 -1.84292696768622 -112.81048196325256
5.483937625946504  -0.04633890803447965 0.9419052297925108 -107.22026001286082
5.658416099799044  0.06760017142205281 -0.8263727013092489 -110.32026931743181
5.573720111503294  0.0049216374178462545 0.031174142410598956 -108.825851800193
5.57569755062262  0.02548726745791375 0.004457942871141735 -108.84992093759405
5.577253132882166  -0.0008287843909310781 -0.0018236824327297705 -108.89321766524927
5.5772581324207025  -0.0008324116483048575 -0.0018719330821767397 -108.89331039342096
5.577276757293419  -0.0013361926270515877 -0.0018817074829333494 -108.8939369617193
5.577276828431169  -0.0013362442387071186 -0.0018823940335807908 -108.89393828113339
5.576899397379353  0.0031661228595024995 0.00029423778053562326 -108.88451313371851
5.57709905080132  -0.0015749877616518756 -3.915891881019987e-05 -108.8908518167409
5.649788853984238  -0.3590287459686716 -0.5936108831114869 -110.40954440708151
5.66583816744588  -0.3675256774071905 -0.7484613969779654 -110.70333775427545
5.83738044588204  -0.3777568718486942 -2.417781978861884 -113.77218207885456
5.483638927324828  0.37753277499088234 0.7979336353440453 -106.97174362326969
5.57363108798281  0.007437587843505036 0.031183713369903252 -108.82279448750842
5.576413948398426  0.012710771680056297 0.001792582026117713 -108.87023779409597
5.577217675050497  -0.00031010934530076886 -0.0016523816157983477 -108.89227735113603
5.577217721195474  -0.0003102463936271228 -0.0016527910564276026 -108.89227826639399
5.577506734099045  -0.015230555524105693 0.0006580930971776255 -108.90607391661419
5.577506679506128  -0.015230515916826854 0.0006586199627209022 -108.90607290408317
5.576972397664449  0.0015810732716279956 0.00012085929902088018 -108.88674565299439
5.577070678069521  -0.0008189760272872535 -2.029890462224536e-05 -108.88990386599536
5.901843023342699  -0.5387457688872194 -2.984249919420276 -115.00387815207301
5.586126708445833  -0.30816634211618554 0.016893080876112965 -109.23027509283247
5.590650791347323  0.230914086821352 -0.21475988045828465 -109.00310502982555
5.55183048930352  -0.22247190601605485 0.32705530194104515 -108.55883946309979
5.573640702737416  0.008533713590906418 0.030708448674947805 -108.82234033828365
5.577039583722882  9.288145933602493e-07 3.3617491443379415e-06 -108.88886992931327
5.577191467862121  -0.00010992622993460288 -0.0014622651328640255 -108.89168739015123
5.577191468265208  -0.00010992652238473598 -0.0014622690231059904 -108.8916873976275
5.57731773141652  -0.005104215819249882 -0.000981093004122354 -108.89684051122134
5.57731774636466  -0.005104226664333972 -0.0009812372680376852 -108.89684078846796
5.577005878522269  0.0008213552328385885 5.269713251344465e-05 -108.88778835269142
5.577056498511812  -0.0004409870916013362 -1.0930179342659788e-05 -108.88943002328477
5.718745124143927  -0.08672484268812722 -1.364421402919686 -111.49187914829466
5.759404127396715  -0.43766696469698096 -1.6396753704076596 -112.41987273370441
5.8605155643823155  -0.4341662315244844 -2.62194986982566 -114.21416239473498
5.289237199090826  0.44260841232978154 2.7342452913084205 -103.34778209819035
5.573705936196871  0.005299626353532172 0.03118351113587854 -108.8253779574824
5.577085745085424  -9.450514163527667e-05 -0.00042067495105815086 -108.88976163353173
5.5770858055829775  -9.454903439323707e-05 -0.00042125882307476523 -108.88976275561785
5.577182142254592  -0.004638142104681071 0.00020000062242545025 -108.89411484580897
5.577181882504582  -0.004637953650021308 0.0002025074916072768 -108.89411002810397
5.5770220311832635  0.00044193469767408035 2.4284926679383687e-05 -108.88829879319198
5.577049408739706  -0.0002519926237679682 -6.245816737579686e-06 -108.88919310192954
5.623171578147396  -0.006926569572107223 -0.45348977027114523 -109.72757400715386
5.626261164225135  -0.1582003902318075 -0.4315092991977878 -109.87009839593038
5.6598821170096665  -0.098063278701967 -0.7833497403074365 -110.44165109863354
5.527626865917714  0.009456049053317421 0.48713301754221006 -107.98552435409266
5.575696628204972  0.002568058224266728 0.012413093642238766 -108.86304640702119
5.578519007803746  -0.0410344677579978 -0.00041919031986806243 -108.93922285793587
5.578550657077845  -0.04111413904821785 -0.0007049413686792128 -108.93984232013287
5.577041718944524  -4.4025155296022435e-06 -1.593445335632713e-05 -108.8889117015118
5.577041754889114  -4.492263799566399e-06 -1.6259288013227042e-05 -108.88891240471017
5.5770298942556735  0.00025237916223650993 1.213710812865464e-05 -108.88855005782823
5.577044689977368  -0.00012601566218641594 -3.192944753235773e-06 -108.88903530597344
5.625410827091406  -0.09630258266658731 -0.44458494362747847 -109.81925420932212
5.632910995525713  -0.08449816842353333 -0.5226059359852474 -109.94784645979598
5.5599723537805765  -0.014449625108454826 0.174154973129678 -108.58746207913849
5.520075545920922  0.0854983832123593 0.5359065367385172 -107.80434643054494
5.576980865599942  0.0013911097476285925 0.00010286274500873917 -108.88700811944898
5.577047275085215  -1.5829879571057058e-05 -6.699365377650312e-05 -108.88901899621007
5.577047324294742  -1.5980355073904825e-05 -6.742879357622484e-05 -108.88901997474535
5.577049266025405  -8.564865813472508e-05 -6.250347009984663e-05 -108.88909513032517
5.577049286492009  -8.555054396924315e-05 -6.274016147345216e-05 -108.88909544515877
5.577035013621857  0.00012611154491044648 5.21786356773551e-06 -108.88871528418503
5.57704233059695  -6.302718140083281e-05 -1.6665088301421314e-06 -108.88895640799552
5.601960602804328  -0.04870240055946868 -0.22962345920696503 -109.36815441080563
5.6050393743843365  -0.042228454463248334 -0.26228435305281034 -109.42013379901996
5.584256163826622  0.009582616428880227 -0.07475949665631967 -109.01418213407253
5.548573002953443  0.04261972977874311 0.2674846945648915 -108.34762618188114
5.576711513528136  0.00039655144051161403 0.003115044422031872 -108.88269452464331
5.5770416420922615  -8.20993921664651e-06 -1.3853383542570456e-05 -108.88891249128199
5.577041700458646  -8.595868392442924e-06 -1.4297570560348007e-05 -108.88891377085923
5.577043237619616  -2.4114329201781415e-05 -2.4139482351021816e-05 -108.8889505406563
5.577043279661258  -2.427847154543911e-05 -2.449890234287194e-05 -108.88895139706293
5.577038298374082  8.133965824900083e-06 1.3592230997035676e-05 -108.88884249225191
5.577040806654631  -4.124320233283612e-06 -6.996728267149674e-06 -108.88889500065025
5.5813209578084395  -0.015362119013055456 -0.03705956787776868 -108.97529293684363
5.585550788109939  -0.010094518166353856 -0.08074882524246145 -109.04892248876352
5.586169975772178  -0.01163931928700486 -0.0863400744354062 -109.06102636108545
5.568382077595991  0.01020631656776053 0.08223149766724121 -108.7259821142579
5.576904357245009  0.0002711277229495352 0.0012488063386702176 -108.8862630962276
5.577041708109655  -3.986941799403015e-05 -3.5308977797770223e-06 -108.88893184227553
5.57704175340895  -3.9985997415024966e-05 -3.939067529496457e-06 -108.88893273047586
5.577048622011733  -0.00026002791525847743 4.330754443834534e-06 -108.88918344479464
5.577048690752097  -0.0002607261794516597 3.892122503881086e-06 -108.88918509156598
5.57703913505435  4.047445132692105e-06 6.723580973819608e-06 -108.88886000593516
5.5770403889358295  -2.0815107268184825e-06 -3.5684005256484017e-06 -108.88888625533419
5.579680282713857  -0.0009861935584851462 -0.025801492356699676 -108.93731059954777
5.579934731716113  -0.0016213576156018808 -0.028100403507310998 -108.94228725612061
5.580750442126925  -0.008819985452970504 -0.033680050634905985 -108.96120087745257
5.574341245706894  0.00102934428917744 0.02637099696522951 -108.83934893077526
5.576973308355252  0.00010485226045639154 0.0006236419604118959 -108.8876086512287
5.577040129547719  -6.973005825163675e-07 -1.4796470519651766e-06 -108.8888807584683
5.5770401611037705  -3.4107533522828914e-07 -1.9156407408515602e-06 -108.88888112636772
5.577040381513265  -8.100922300552005e-06 -1.407986205859905e-06 -108.88888957236551
5.577040418033983  -8.199901765708892e-06 -1.735325760992274e-06 -108.88889029130345
5.577039812847584  6.199274974888302e-07 1.1998752642392982e-06 -108.88887426084808
5.5770400503823705  -3.680005936900462e-07 -8.098599104284787e-07 -108.88887913424281
5.579012808285037  -0.004495254425205147 -0.017976445319238064 -108.92722281159772
5.580080674339969  -0.005270016955693462 -0.028280274333068196 -108.94702493012215
5.577204422726784  0.0024045208054852543 -0.0024623027300476885 -108.89048046109724
5.575065683227007  0.004496866847422103 0.017993397363942242 -108.85049861508492
5.577007512960413  2.8941614662137224e-05 0.00031123889978178703 -108.88827236893556
5.577040207682955  -6.807388150053497e-06 -1.3505296441568802e-07 -108.88888567880078
5.5770402213482555  -6.132814668345712e-06 -5.04249333529816e-07 -108.88888553976551
5.57704348175834  -0.00010392388844140393 1.1125909997066917e-06 -108.88900073121647
5.577043503757491  -0.00010424626721821552 1.0065067902264397e-06 -108.88900131495416
5.577039892037489  2.906096893284487e-07 5.298512713681659e-07 -108.88887588552875
5.577040010799875  -2.0335104124405944e-07 -4.7496803988071675e-07 -108.88887832213373
5.57723960122818  -0.0013705187609612168 -0.0015018668083767528 -108.89328295631181
5.57790877498078  -0.0018557584150370192 -0.00795997722955356 -108.90569385977427
5.578206900128105  -0.0017825830553115062 -0.0109373359229815 -108.91105691577144
5.576170066953805  0.0018570722336396987 0.007970782142878765 -108.87203918292228
5.577026228364356  3.1576065660929965e-05 0.00012499125984359062 -108.88861020059834
5.577039700949327  1.162474185128802e-06 2.119876354783452e-06 -108.8888719208412
5.577039990744369  -2.8354385639959576e-07 -2.4856082955918885e-07 -108.88887800447748
5.5770400286712585  -8.898175237336966e-08 -6.915952845456251e-07 -108.88887858059087
5.577040205291542  -5.926932961686823e-06 -4.1662224249015294e-07 -108.88888513057489
5.577040129015791  -1.629006634446162e-06 -1.1513600807590098e-06 -108.88888128307694
5.577039951664393  2.0616098947375006e-07 -3.134089359884639e-08 -108.88887701508862
5.577039961444272  8.372730511999388e-08 -8.574105834141383e-08 -108.88887726261915
5.577540689172428  -0.00011927756242839481 -0.00491717231073339 -108.89802453441885
5.577859652179415  -0.0018203653284646886 -0.007485833976087539 -108.90478295353847
5.576631413483652  -0.00012166538487224277 0.004087945102455894 -108.88153928170462
5.5774422942138475  0.00012658350583895302 -0.0040280705630774145 -108.89609956102962
5.577026683396682  1.944608570884901e-05 0.00012469060957498543 -108.88862540660594
5.577039939419092  8.247068641736524e-07 -1.2452659422601375e-07 -108.88887643837789
5.577040044461071  -8.26183701500558e-08 -8.5016398790495e-07 -108.88887886323779
5.5771611054829044  -0.0003022952417521961 -0.001094904138002428 -108.8912471832009
5.577039985712727  1.0080439908992675e-07 -3.319861093007853e-07 -108.88887769285482
5.576516428347056  0.00016544734472647045 0.005127120175669503 -108.87928968738817
5.577039980980513  -1.6112178945976523e-07 -1.9431520244906518e-07 -108.88887775724396
5.577286338068131  -0.0014042239571863905 -0.0019529951738127167 -108.89414968356063
5.578282426127723  -0.002127073254888752 -0.011565736534828494 -108.91262371649651
5.576991475259812  -0.001020900477893399 0.0008340336224502178 -108.8885835716774
5.576789877737622  0.0014073156960388166 0.001988574739496778 -108.88353584929112
5.577029489854758  6.471283908770618e-05 8.120509978928569e-05 -108.88865033585174
5.577039941583635  -2.183944746333237e-07 2.1567836228859024e-07 -108.88887707575356
5.577039911265515  -1.4920058353686177e-06 9.574679876041502e-07 -108.88887725634184
5.577041709837627  -5.2288029810689966e-05 7.574831078558503e-07 -108.88893899461243
5.577041747782536  -5.170272469844238e-05 1.7880086142940286e-07 -108.88893934699507
5.577046775705204  -0.00019771920985907652 1.0120202171446865e-06 -108.88911423950756
5.5770467358014395  -0.00019771208146558477 1.4047055348477642e-06 -108.8891135118983
5.5773172573896375  -0.0008140242421551519 -0.002463794544672943 -108.89437186070197
5.577433682276724  -0.0004162270643112533 -0.0037546010943400195 -108.89625467292834
5.577209512431292  0.00014322646928214322 -0.0017287205858890764 -108.89186940239063
5.576868036211788  -0.000141967593462096 0.001751708082951303 -108.88584140069159
5.577033222154689  1.2319480369608905e-05 6.24096594455345e-05 -108.88874805183238
5.577039930334172  -1.9934989815438467e-07 3.2047623036373003e-07 -108.88887686086159
5.577040252465164  -8.260785112809957e-06 -7.463162198404426e-08 -108.888887324175
5.57704020745572  -8.166845769551978e-06 3.3851687378445746e-07 -108.88888645421261
5.577040750061627  -2.3969640187523094e-05 4.440062933511868e-07 -108.88890535410846
5.5770407874518515  -2.404166126664998e-05 9.870983128764581e-08 -108.88890607335372
5.577058920806332  -0.00013632685165315033 -0.00014054223155773334 -108.88929924702428
5.577158099307999  -0.0001812135266975363 -0.0011071137081984028 -108.89112324685307
5.57716932438724  -0.000209492914834626 -0.0012084672197164325 -108.89134298986835
5.576910322197814  0.00020922886226748118 0.001211196357315548 -108.88640674575998
5.577038582248574  3.1771366296842292e-06 1.2499610106066384e-05 -108.88885048168751
5.57703998709696  -8.67729711558364e-07 -9.906178203205606e-09 -108.88887827332431
5.57704208533319  -6.104474084464306e-05 7.496981382920523e-08 -108.88895082419481
5.577042120420929  -6.156046643125137e-05 -9.36946352810995e-08 -108.88895175611825
5.57703994412113  -7.546585930153192e-07 3.764712698935685e-07 -108.88887742926386
5.577070916924719  -8.374686708053218e-05 -0.0002775657970324007 -108.88948660614133
5.57707600440807  -3.306815446184145e-05 -0.000345515850305046 -108.88954979056905
5.5771016523008665  -9.7359529176469e-05 -0.000577209709524257 -108.89005169332722
5.576978142826824  9.698686328568363e-05 0.0005784940465856069 -108.88770081892098
5.577039284729871  1.1687955283521057e-06 6.239400616346199e-06 -108.88886437046105
5.577039928395668  -3.3952128998656207e-07 3.882697756326376e-07 -108.88887690608938
5.577040029285617  -2.1072707133777035e-06 2.0552217533405503e-09 -108.8888797490452
5.577040239710515  -8.109843661550866e-06 -6.566061489077344e-10 -108.88888700636016
5.577039988824006  -2.1285959986105853e-06 4.1012958805221606e-07 -108.88887902763692
5.577040096400579  -7.830501141541745e-06 1.321658217127087e-06 -108.88888424773228
5.577041295253192  -1.3228584309786664e-05 -8.678776518655489e-06 -108.88890908027132
5.577042061301396  -1.4013025921802324e-05 -1.599279323500377e-05 -108.88892341981497
5.577052382821768  -1.962486379408162e-05 -0.00011625852092689987 -108.88911378403692
5.577037816294389  1.3580279569680859e-05 1.647792537276935e-05 -108.88883062834645
5.577039817962031  3.285990659359099e-07 1.2502309096080586e-06 -108.88887452063321
5.577039935094081  -5.88349134414082e-07 4.08204871207901e-07 -108.88887717022425
5.577039961270259  -1.3946059977648453e-07 -6.639414587210888e-09 -108.88887738744322
5.577039932044852  -6.922978691960158e-08 2.5842355668735987e-07 -108.88887681726641
5.57703989658576  -1.4221612876423648e-07 6.348701803276076e-07 -108.88887621618497
5.577039924952296  1.1976671532709862e-07 2.6313495963140265e-07 -108.8888765802931
5.577039908566304  1.077290909485003e-06 9.343062816944848e-08 -108.88887573413007
5.577039926934743  -1.7499178849202964e-07 3.4569512191685717e-07 -108.8888767852568
5.577039959013093  -9.343404949371698e-08 -2.4451346237545357e-10 -108.88887732012473
5.577039979947036  -1.7842367986926685e-06 3.786478546997748e-07 -108.88887866922202
5.577040018446622  -1.7943917647502043e-06 9.168184452404161e-10 -108.8888793731071
5.577042637383037  -9.917906925854047e-07 -2.6212002636345612e-05 -108.88892639857838
5.577043163011477  -2.261313162007943e-06 -3.097702712693254e-05 -108.88893665706102
5.577043916973511  -9.00237316550684e-06 -3.610621596333063e-05 -108.88895419306826
5.577036683579779  2.5032512078664007e-06 3.1535283815624596e-05 -108.88881644205293
5.57703988925294  9.996739595951143e-08 6.235209369307709e-07 -108.88887594435734
5.577039957321913  -4.54673148175494e-08 -1.2703216674518085e-10 -108.88887726195588
5.5770399098096854  2.8440908106702967e-08 4.447507284715107e-07 -108.88887635809976
5.577039959130641  -2.598427792326074e-08 -2.4793235643266567e-08 -108.88887728357955
5.577039958567908  -1.7670408644901465e-08 -2.21029839818968e-08 -108.88887726860888
5.577039921545842  5.643991251212474e-08 3.1882345224013656e-07 -108.88887655484078
5.577039967797705  -3.4500361791752056e-07 -1.795347550228247e-11 -108.88887762365798
5.577039929340721  -6.34731688459664e-08 2.832061499316848e-07 -108.88887676493493
5.577039963161347  -6.227204390997474e-08 -5.21273931624629e-08 -108.8888773774708
5.577039927348802  2.4956021189782384e-07 1.94403877273847e-07 -108.88887654932054
5.577039991771342  -6.38993785654932e-07 -1.3549739204552048e-07 -108.88887822691828
5.577040610587626  -1.0643494442978339e-06 -6.116008577132274e-06 -108.8888896909976
5.577039918245601  7.072582937137866e-07 1.2586810075311165e-07 -108.88887612181384
5.577039931532709  -4.6763324940737805e-07 4.0162048533200365e-07 -108.88887703643032
5.577039814176348  4.196914350385129e-07 1.256138141252411e-06 -108.88887439975878
5.5770399568216495  -3.152147557400139e-08 -8.081007850657193e-12 -108.88887724488865
5.577039917807953  6.133294645373448e-08 3.541423473102771e-07 -108.88887648426099
5.577039957613627  -5.417164181996463e-08 1.9041210819021077e-12 -108.88887727223644
5.577039956420281  -1.1761110519122585e-08 -2.884289671664441e-09 -108.8888772262803
5.577039917970851  1.9211639896471146e-07 3.071870129419129e-07 -108.88887641222153
5.577039919440967  6.014814590428589e-08 3.3838184561848335e-07 -108.88887651454954
5.577039959914367  -5.991625615408942e-08 -2.0790138187845478e-08 -108.88887731724682
5.5770399565212525  -2.2886855958744677e-08 -2.6977680772939742e-11 -108.88887723449082
5.577039915551918  1.9387141466365436e-07 3.305326536112961e-07 -108.88887636735585
5.577039921692531  5.851455711056173e-08 3.1665145482893895e-07 -108.88887655631103
5.577039918469092  6.085327032816769e-08 3.4776158019126544e-07 -108.88887649652355
5.577039919855507  1.3902570626684813e-07 3.069299956186234e-07 -108.88887647683667
5.577039923990202  5.684752548638775e-08 2.9447619947030896e-07 -108.88887659892748
5.57703986437342  -2.4553036132464935e-07 9.896795019711577e-07 -108.88887569136321
5.577039958252462  -7.143541070709358e-08 -3.390452040881335e-10 -108.88887729371892
5.57703992158699  7.650799818895813e-08 3.114583889995252e-07 -108.88887654407961
5.577039955615927  1.112601017474564e-08 -2.8537904206453028e-09 -108.88887719857208
5.577039955842385  2.622860920448592e-09 -2.1484210375059297e-09 -108.88887720755412
5.577039958759366  -5.271328056446344e-09 -2.8297711449896084e-08 -108.8888772649706
5.577039908738014  3.228261538613911e-08 4.54031280716696e-07 -108.88887633646574
5.577039922993556  8.309690734301653e-09 3.211735564511304e-07 -108.88887660868906
5.5770399435199955  1.990199579937521e-08 1.1388647978644008e-07 -108.88887697422044
5.577039956101877  -1.0980373555156418e-08 -1.873807131129113e-12 -108.88887722005937
5.577039952800284  7.894181332348103e-09 2.61491887227907e-08 -108.88887714937309
5.577039949820895  1.4476805736959937e-08 5.3371091393447156e-08 -108.88887709157731
5.577039949695714  1.185400484466147e-08 5.552012520947936e-08 -108.88887709081138
5.577039946622357  1.64695920371635e-08 8.435460093135505e-08 -108.88887703243961
5.5770399525187075  1.9927966861757525e-09 3.098364769460635e-08 -108.88887714765141
5.5770399504951795  1.1356088574898204e-08 4.777584061422837e-08 -108.88887710559254
5.577039955000491  1.7457151424469193e-09 6.492817874236875e-09 -108.88887719279201
5.577039955099208  4.0122159429819873e-10 5.9812589584265226e-09 -108.88887719535309
5.577039910663683  2.7450549399995603e-08 4.3663714816747086e-07 -108.88887637415209
5.577039908955677  2.9431285994797076e-08 4.5286437820061223e-07 -108.8888763420473
5.577039958498266  -7.864786528362146e-08 -2.7255717183720303e-10 -108.88887730231131
5.577039948061482  1.3121818092787921e-08 7.126399907845472e-08 -108.88887706045297
5.577039955807672  -2.5776026629291786e-09 -1.69514646614071e-12 -108.88887720990677
5.577039919974014  7.178399837734833e-08 3.290690115118978e-07 -108.8888765175426
5.57703995947613  -7.017032008200678e-09 -3.479038046285033e-08 -108.8888772789677
5.577039956119327  -4.449183582458361e-10 -3.827272873963123e-09 -108.88887721433457
5.5770399530771755  4.826435133000688e-09 2.4470776915758553e-08 -108.88887715615269
5.577039954497988  2.3014909730496553e-09 1.127618433977397e-08 -108.8888771833623
5.577039909436944  2.9324172422060193e-08 4.4813557042049983e-07 -108.88887635083503
5.577039952746122  5.066621125852431e-09 2.7665788724663265e-08 -108.88887715001252
5.57703995572707  -2.7001702315528833e-10 -3.52088107432894e-12 -108.88887720712205
5.577039915214358  2.0768485740093433e-08 3.9388968035620186e-07 -108.88887646049491
5.577039957338574  -2.746400485289912e-09 -1.510333954204461e-08 -108.88887723776142
5.577039955208226  1.0391627061271543e-09 4.680615357225083e-09 -108.88887719696376
5.577039955544913  4.314590983359256e-10 1.5570964938841136e-09 -108.88887720341708
5.5770399558791235  -1.186606248906398e-10 -1.5617364220290616e-09 -108.88887720979224
5.5770399095535215  2.893317707179093e-08 4.471167324294142e-07 -108.88887635317292
5.577039909056331  3.033388905767956e-08 4.5155471181647844e-07 -108.88887634335474
5.577039955200488  1.0447711311094227e-09 4.7552199744009265e-09 -108.88887719682039
5.577039909534278  2.9128541640034875e-08 4.472395475090471e-07 -108.888876352712
5.57703995572241  -7.053334078808266e-11 -2.650113894687539e-11 -108.88887720692313
5.577039955715669  -2.457739764482012e-11 2.4281650772329673e-11 -108.88887720677461
5.577039955748104  -5.302157633861915e-11 -2.8704099291884104e-10 -108.88887720737901
5.577039909810167  2.8411151734637674e-08 4.447562653556191e-07 -108.88887635812557
5.577039909809202  2.8470683660155005e-08 4.44745261012464e-07 -108.8888763580738
5.577039819031582  2.2575962927655457e-07 1.2752935326471492e-06 -108.88887459899549
5.577039955718799  -4.0938855710038365e-11 -9.457490836054991e-13 -108.88887720684056
5.577039955405653  5.324938353774563e-10 2.901084851092477e-09 -108.8888772008342
5.577039921168789  5.841654126927854e-08 3.218719604675894e-07 -108.88887654687086
5.577039920365924  5.838621453400246e-08 3.2983309922406123e-07 -108.88887653233087
5.57703992118242  5.7793819452264255e-08 3.219529174565136e-07 -108.88887654747501
5.57703992108193  5.732130289541453e-08 3.2311183274018097e-07 -108.88887654592395
