 Dim = 2
5956.608682061844  -5066.946102524524 -93556.8248084638 -29768.915467784955
4533.7518168309225  -5481.945720671606 -76845.14603760405 -20459.376501992276
1007.1937752970346  -6942.875191599171 -16467.915684382926 13047.219585352821
2849.595436119133  -8201.160676589607 -50895.64056288154 889.3433163729624
2582.7150245675098  -1400.8397733346055 -53904.481820612564 -23131.036643704545
26.274096804432258  10077.55360278051 9381.508574620373 -31231.933339695184
397.6551548882812  -7214.097325324041 69214.19609775476 54610.13302725287
1145.8364839417552  -5484.62340625503 -21513.768377415116 5807.925485691399
216.06826411673936  -2820.9885758609635 7295.914813773015 10630.722111904375
412.92408054310084  1056.8354488722352 -6122.158110915505 -8620.211686987781
1558.002498299656  -1606.7993815218003 -34931.841302103596 -13443.00831320084
13.06435840405436  -3031.4128770795187 25838.180034793357 20129.341743679623
309.4440241976308  -826.105934561879 393.20840254332643 727.3965821054769
505.045704852899  2541.8511656175297 -11260.619540445668 -15992.371710506373
3481.347923326097  -4323.336651856375 -64313.713487569985 -18361.590482519274
1063.3144774659634  1132.1762710765768 -26507.56204580723 -18544.73934283818
2368.546823409148  -2885.8554900799 -48766.0203910824 -15758.876620185954
1349.9750258324384  -3489.7407649559145 -28416.474788644766 -4095.400044107582
616.7517731732687  -4230.663470401916 -7951.027691588544 8078.354479572568
768.746496704074  -2235.7808291028323 -14853.734102818235 -1824.9710502263306
0.8774014850491678  1750.3738066124101 28260.228402715413 5392.389568926979
185.15641934766427  -2844.6111434273434 54094.87045064973 32918.408831837696
9752.120382855906  -3619.3325494199053 -130747.53045774427 -52227.72976545844
387.37102804897324  8052.981614515072 -12516.1167733154 -34897.638128923965
1786.7211260968045  -15866.66889844368 -24371.39715482363 38943.7239103788
1019.8077719389083  -14429.187736667205 -8823.704058336043 41546.437772712125
5602.836317903831  -295.088438770671 -94792.74469463358 -46208.82916444171
18.593444812144483  9516.0922031642 11324.281107978859 -28444.63402809464
1917.0736807804235  -14821.70961739335 -27987.172328486424 33756.164646798774
3838.0611525019276  -15571.113042211982 -57210.23530082734 22377.603063918537
158.39273668857032  -4279.240361205111 12341.767506805223 17870.01621156583
516.2260016574605  -5688.915255746064 -2905.1749985563365 15317.648579234023
74.29630781740909  421.7215495637133 13889.620930531459 2986.72211421927
296.0596459488995  -18.222606426353543 168.5568314569444 -2063.2200307133267
390.89783180917465  1751.05924219558 -5953.524190713783 -10846.580885192998
586.9373822240952  -3158.439182373978 -8088.562478331894 4450.8691658479875
23.881006656983214  -468.4607515177522 21006.051205118405 9321.363706948487
265.1946670578672  2316.3696716582235 -794.4696906981872 -10276.380075431296
316.7562822311932  -683.5647920369034 -100.01342314282874 19.770325507731457
293.61998190223176  12.910934670519843 252.7970380986175 -2126.676422136598
1319.0734465325158  -2344.795758296052 -28936.714747317226 -8146.102009763899
658.8107129088423  -863.2892257763922 -12912.846399998372 -5463.675490475796
425.4472631046422  347.26296784899563 -5871.981348474024 -6144.096614736414
1056.757324244386  -2055.642249314824 -22946.74644432767 -6264.110357150321
478.9287522527236  -1141.3102576208812 -6365.821371601831 -1433.0179372241357
308.44362514029655  -845.7375823221968 461.13796293586256 824.855246806758
444.42422223305283  52.42302044880989 -6309.893621950542 -5372.377827715076
646.1666245842922  -1558.4203688051812 -11763.681462727263 -2608.9089337390187
458.3833065335277  -1743.6288115376765 -4940.289804886008 1244.5546508510256
595.3177766696288  -1065.242393727339 -10602.21712263191 -3696.1862991522826
461.9513230772108  -728.3664013007165 -6158.7813194318305 -2706.6736774974524
371.13600748037555  -304.53331508900186 -2928.1592486504915 -2581.616285346558
269.6338110139746  -342.8805130793537 1812.84554152914 -204.2956331436012
506.8370963189849  -870.23295873224 -7693.19982469746 -2963.538299759506
345.4220416742997  -571.5615323272968 -1521.2187171679848 -1026.7905758449042
268.8875774890117  -358.5665064939317 1867.1223220613542 -126.42463671160722
243.62946178147683  340.1510586305683 2427.1653953615582 -2181.9737617855303
423.61335108955535  -829.8230130653878 -4545.065105278647 -1603.7923712065674
298.5700419581059  -48.91081513927177 80.94278529695518 -2002.8442630769523
388.9015753616766  -613.3096637663151 -3352.3866197700568 -1757.1026516271513
323.8380594982472  -226.1933562942032 -913.9721449320314 -1886.0173083829577
294.12797226524515  -57.0087998936688 302.76508048942094 -1870.6712100376174
299.054801477641  -483.1061308870876 520.1106812105652 -351.91698780250437
354.0484426999469  -340.3380930046482 -2148.5534265122205 -2092.688600117672
316.96260723063574  -462.78335148181077 -344.68171873542497 -829.8360092500541
301.5089073992402  -492.9549789564999 413.5862472152579 -369.749383857417
301.8224258177918  -139.61693532245573 22.432211837098748 -1729.261409936331
333.5935151645591  -463.54989319108165 -1105.8096060182866 -1188.494981811813
311.43166709601013  -238.74459994553547 -325.43074131127526 -1565.016815218065
32.84438042189442  2588.8346803541262 35294.02445278108 5944.80064685031
272.0465637488456  -78.29512974294249 1409.9792150328026 -1274.505835732087
292.81910796530065  -164.2680226053327 480.10257498713463 -1430.1689817877254
272.34717936567375  -503.4886170115165 1847.6775642117993 345.81755970961893
313.93594024430394  -248.5934480149477 -431.95517530658253 -1582.8492112729778
303.3407501931892  -206.65084093233162 21.693053224765436 -1506.9076213731723
317.2017290055514  -261.37836811759166 -570.2359537297028 -1605.997680738033
495.61191128757395  -880.6168167419044 -7267.874579378004 -2727.195326439697
490.72965399331275  -1289.2543170940196 -6651.10786371798 -1076.8955404908463
397.2351262128656  1441.3028184609907 -5887.45957540796 -9786.135136381936
170.0052701001276  -21.643283370397796 7059.282117114946 1218.2502306313772
306.98107713730116  -221.14301458594284 -135.05325709828242 -1533.1472565534914
747.2349665356769  -1586.2360601397754 -14899.801682873365 -4004.794668368578
219.16562401709098  -2095.2109222955305 6349.609195627587 7770.4098403748085
222.58935022027455  -2669.1048400790914 6770.36568369471 9876.715812491031
414.9749145610473  1091.6032904739716 -6242.462031637699 -8792.811942372358
286.2077672959735  -137.2459827109238 772.371019465465 -1381.242679522459
26.677594335465614  2979.290283505744 33942.967333240405 4006.436523121035
296.94259862151597  -0.5358908224598782 107.3571384699477 -2151.02334232281
300.31590210648807  -14.111105223889052 -39.471406379712846 -2175.602724401864
260.37788165223344  151.87457494645594 1755.8177997139403 -1875.0678428217195
314.65589116113324  -70.98609720449919 -654.6272384651298 -2278.58099916763
293.5845334101868  -2141.282701650505 2548.3293243069247 6119.513373782855
97.94525263100095  -1134.6225657616246 13436.293119203972 7942.179548481387
247.14018410409258  1738.38935934116 753.1296778238966 -7621.736374798091
366.18578098029633  -3255.572481703652 427.1737550220423 8814.85322865042
283.78761947752787  641.5064354270114 61.59032361514255 -4305.77910558669
308.8970400227103  -183.48322024193834 -265.3639322639487 -1720.104220864476
305.90797132609447  -155.91618803811514 -153.8593359505515 -1758.7729556294198
368.97285214671837  -343.31950855631715 -2793.950999618015 -2389.067464670849
254.470629971707  -883.463636094436 3162.469695854574 2232.15223888613
302.3697951842138  453.42909544956154 -635.0718081625905 -4011.548220506281
334.37527403670754  -1692.848475950522 167.8242369688178 3499.9874633222
301.22087528301284  3.8876497833839165 -101.75082022129571 -2264.955113498822
303.6749278039028  52.55997966979567 -270.16714537295167 -2506.5823236313445
299.84097518492575  57.338364153684765 -92.89975013018807 -2438.3322671476335
350.3873151883483  -681.365047808104 -1624.2435377488002 -710.886026926342
209.20588232713666  -367.1078943961757 5071.8092491719 1422.7884888911117
302.385778737097  1054.7203317573815 -1276.0941002170482 -6313.406137442746
255.78902797044893  687.9856076434075 1420.9675754819307 -3815.0807464986447
300.6043321699465  -452.2397039354467 413.306461854535 -505.1491969137112
255.26212120703175  -92.61601088833766 2279.398566361434 -814.3309309183566
352.12411191031117  200.52205847702157 -2639.8555856775647 -4122.726159530417
250.80544651219637  -189.25442933141647 2613.7874756376905 -334.5825503802927
298.7043703771752  -7.635368231947009 30.569700245893525 -2163.877707834048
304.84008896934915  -151.66644005835383 -107.89436675047409 -1751.0783309814844
299.33375569539896  -10.166547747044678 3.192644240359378 -2168.460679901562
303.7126322117231  -118.90051095210632 -89.3810729544839 -1851.1497285413595
300.13576268499077  29.735657321399888 -77.57027261331876 -2339.3538372738176
302.7292533680416  -114.97318379907414 -46.903384280368584 -1844.0388813908603
299.27420212917696  -9.927157065041172 5.781876678960298 -2168.02723738897
302.5928241640798  -91.09004375634474 -65.85520756262707 -1932.3789584280914
299.90837444180687  9.152507149562632 -44.806500738897405 -2255.4225244016357
301.93617007228227  -88.46341416785046 -37.445770412442926 -1927.6231637624137
299.4175008699875  -10.503142455828943 -0.44793997683616027 -2169.0701207330912
298.27920743653306  37.1997647564575 3.160977802561362 -2325.8392699822634
297.82842889236804  65.43466597693254 -5.330730575994352 -2423.673044091827
301.2011301289499  -38.9135956005584 -55.23542272865002 -2100.6832864283015
298.15525816361065  16.20281698997999 31.449144586213663 -2242.6571820490985
300.922598303121  -16.544533944071745 -65.79119680174706 -2180.008708168074
296.0443738150378  3.091825702958669 146.59426009494356 -2144.454972357075
295.932675710955  3.543332326542375 151.4777233368795 -2143.637471175575
296.94289272750785  21.090580710231634 84.3148462533607 -2233.8073614540326
333.53282763787473  -122.28693023113087 -1466.4460237532473 -2493.4077271470046
305.66004378780536  194.31453944745428 -515.0758676662084 -3093.7543164378226
273.0276098399999  -110.37197876236795 1395.0357090439838 -1175.029645657368
326.4990528783051  112.78906226387736 -1396.849578862887 -3241.364939269782
260.2393307755482  -85.19269601120595 2015.3460131405777 -964.3036065353594
297.1329251732446  -1.3038697391356724 99.05073361501927 -2152.4138505434125
299.18597593417246  0.3120281406550385 -0.9069635868066448 -2205.218848011851
298.44151154598217  30.75212145653922 2.263011329413459 -2304.844618580904
300.5681371043298  -23.59458054352342 -41.396577863255274 -2145.009703700746
299.094958611441  2.452927858948607 1.1613369797164044 -2211.3499439370607
300.36984216769724  -18.405614278303535 -37.470141029811096 -2160.3854833438745
299.4661096321826  -4.473654879376102 -9.18913508994082 -2193.2499679952516
298.7308883238397  -1.5172305614799388 22.787338188385014 -2187.8970445902464
299.8130799052215  -10.40193531963935 -19.437821119387664 -2178.418315145521
299.130691658297  -4.231850169498565 6.57231644533757 -2186.573454528195
299.61732365880994  -8.718597120159327 -11.887819468530815 -2180.427838806405
299.2810723934764  -5.4761632032670935 0.7142696461342606 -2185.219545204232
299.5499295458842  -7.86366357490326 -9.581082657252864 -2182.173457263111
312.8301484287683  -142.01094332669481 -493.83569724691415 -1966.3112153699467
318.10864946088856  44.03627712998882 -937.488649125065 -2794.952586241782
309.9793819473377  62.311575581365084 -577.9265163803027 -2685.0319536174247
289.4628820726101  -76.69783984924013 549.374237503909 -1688.2265618341366
268.8651045936002  100.49862923347231 1379.4347493368227 -1883.0019099670683
299.37278035890535  -6.3340305099169925 -2.7518507473052516 -2184.0143843596384
299.2467849953482  -5.338327077645264 2.2050952901578 -2184.9699781111626
299.3244826833221  -12.357467116125022 5.968406757622208 -2159.864576322275
299.4611653067466  -6.200011221910634 -7.114818582376657 -2186.5301496994016
299.34103025863243  -10.691107118973255 3.403806149271638 -2166.6177430089633
299.44899859969405  -7.175991663043313 -5.494673132880486 -2182.518815168403
299.04054031437863  3.6300058389884144 2.5078837395774656 -2214.621486210543
299.35605991531094  -9.721892048462683 1.6540435839353087 -2170.668113081125
299.42513974343876  -7.651567298618633 -3.8490831012921483 -2180.1578841363516
304.5133275875696  -53.78598164734609 -196.6517970848716 -2118.3846836517987
306.072596368702  14.893726014036808 -343.516014571573 -2416.2538518797314
300.73054199188164  29.54198155115042 -105.71588528774778 -2352.0673532229457
297.9274442724969  -43.25723690708992 105.66598313385464 -2009.8941664925087
288.13665349892335  33.364049918600564 496.6578729275946 -2078.89901396185
299.200667565111  -0.19237863963457352 -1.0716314265850289 -2203.6212195455064
299.25622145793005  -1.7286616842807527 -2.089233285817164 -2199.000195790233
299.0993309962629  4.802592304670935 -1.5495078817747583 -2220.442633400399
299.2984490954226  -3.5954529634717693 -2.11822913062157 -2192.8119761799476
302.3396880620326  -13.436960335603521 -136.51554738837808 -2223.896290960344
298.25106975746786  -16.685463784950738 61.88490210422392 -2118.949730377281
299.6254271617809  20.100229816674215 -42.961335541496695 -2290.9181348131856
298.84141020572594  -18.559414312620923 35.65127160609738 -2125.173561784235
299.1680360586464  -0.22509910626140545 0.5219258685662149 -2202.756264845827
299.28747905591297  -3.655312944218874 -1.530576227159905 -2192.334225057648
299.5125858581415  -12.955865713698271 -2.376059146913292 -2161.836538222195
301.218665632126  -2.750179967538852 -94.57756865168093 -2239.498283913461
297.82712630336744  -5.835747632855427 70.62143077256633 -2150.8493282072245
300.5773165857659  5.478292321403099 -72.79127110894241 -2256.4964281023995
299.1783172381678  -0.04828702407006199 -0.15745872120821358 -2203.666094902867
299.1068207365818  0.39375433527263987 2.787276020073232 -2203.7372027515285
299.1729054013063  -0.17139158018872938 0.23213697836271885 -2203.0722196513298
299.15785245527184  -0.5324755781144175 1.3356846630160348 -2201.348895489572
299.1730482234071  -0.15335951504953116 0.20611382291676014 -2203.1444767079647
299.1711537216725  -0.12536032688780793 0.2667967859540068 -2203.2086994138276
299.13660395675953  1.4149120494875176 0.27712171571060296 -2208.3209964605803
299.2126293821148  -0.8791944067368067 -0.911661083591929 -2201.2635172899118
299.87262442395956  -14.456554232284493 -17.961552885034898 -2164.2471992448995
300.98857148167525  -6.8774377623179515 -79.2269324965356 -2218.50153505743
299.57068458678964  9.386221866741153 -28.93980625144525 -2248.6691890582924
298.58677265154927  13.296234592504003 13.903796980712439 -2241.327168038011
297.00355816705957  -3.105955257168729 107.17109308390448 -2142.573191556475
299.15883371548233  -0.4368239086569969 1.1869592353744018 -2201.737255998393
299.1734423363587  -0.11728848408485505 0.14887882434905905 -2203.2914761233633
299.1728435515941  -0.1103950663048929 0.17014142408895377 -2203.304287388618
299.1730273894446  0.04512495980652366 -0.004240211858479878 -2203.9037221663966
299.17336781497215  -0.09994038002775238 0.13396604790460936 -2203.356188267081
299.1722403224833  -0.08108812315387859 0.16775009414450778 -2203.4027877389353
299.1699666184853  -0.004740571630200668 0.19506498407807404 -2203.6434720050247
299.1735632288204  -0.08640704591435622 0.11022100723694103 -2203.4124182192295
299.1723961763122  -0.06964603312037729 0.14812153329963856 -2203.4501164762596
299.16120734487924  0.6234120914011676 -0.05538216265216023 -2205.8492169745664
299.20541620161697  -0.49992145559311496 -0.9709772788599245 -2202.5517129682567
300.9627037022491  -7.391737384407008 -77.44734946483639 -2215.948364022725
298.67062434011615  -9.529677373826942 34.20008323644459 -2155.861448725139
298.66252593048165  -9.442900217714586 34.49485524340747 -2156.00985679917
299.6578724742756  9.061253305327972 -32.755507901378195 -2249.400359890199
299.1680237026318  0.13714841367989977 0.13678952634110225 -2204.1425207415436
299.17463616411266  0.47373640571113673 -0.5374801119881049 -2205.5807417331584
299.17495447865747  -0.06829971525615705 0.02448280560608873 -2203.513264075314
299.17428602121754  -0.06289700871702902 0.05066078984180608 -2203.5187901232807
299.1742713556758  0.24764113714676106 -0.2793043229034617 -2204.7070712391987
299.19679379626973  -0.3118510547703366 -0.7593807272616232 -2203.0761165669924
300.50319965058077  -16.494842867159083 -45.861585174337065 -2170.7158735907205
300.5409652289403  -15.779803413418506 -48.42290664419487 -2174.3069427526234
301.2345897815433  2.7099683624002093 -101.1496850867016 -2260.757262284049
297.91814714955274  15.795946167271163 43.2303049268092 -2235.714506900733
295.9564462615414  11.526598274239854 141.83537080606825 -2174.7359518124163
299.1803536353085  -0.4068220469284523 0.12704089985529088 -2202.3399317099584
299.1751765525581  -0.06387120574324662 0.009159247029704581 -2203.5352488128674
299.17451302671776  -0.05019124997000021 0.0262879081511979 -2203.5725686008354
299.1737372056717  -0.16512084561664955 0.18572609943447266 -2203.115077747327
299.1939446023501  -0.192877179349774 -0.7499703459565462 -2203.4669137611118
300.8618355560678  -9.3973951164889 -70.50735901158424 -2205.991547009555
299.2650525492271  -11.946454004859364 8.369041914000352 -2160.09081134503
300.04091783698505  7.497582422554189 -49.367194956735176 -2252.0887733930604
299.0716077182107  11.379896596187127 -7.228637078415364 -2244.989321122278
296.85226396620004  0.47683593263544566 110.61039362432946 -2152.844006349773
299.16437252913806  -0.12746866267781484 0.5929694082945003 -2203.046904430634
299.1750682816522  -0.056393842579312216 0.006369118011299052 -2203.5614147148963
299.1643997375127  -0.10669472782554136 0.5695493005865057 -2203.1270353933214
299.1740525500761  -0.044949284450987184 0.04270223997781031 -2203.582194124321
299.1756121713442  0.08214229577393528 -0.16712671652060423 -2204.104004102285
299.1917035499825  -0.21814887489338464 -0.6160133615240908 -2203.3193829598385
300.1339967233089  -15.411112588444842 -29.413098010916258 -2166.5104181659513
301.1451979389811  -3.721434507376852 -90.0456729635134 -2234.1208316151997
301.34379959217625  0.18292412639729339 -103.65724446872233 -2253.5517483855683
297.3034410531674  3.5084188127103344 85.75457163359063 -2174.7114706801362
299.1505254148639  0.08919837553648913 1.0237268789044476 -2203.5623073275656
299.17345647493397  0.0008560528602681971 0.022401383895738817 -2203.7440058111033
299.1760904891962  -0.0728671783301003 -0.0249185472543893 -2203.521533957226
299.1663507207536  -0.01398290459210914 0.3776323824779705 -2203.526126171385
299.16798135981213  -0.15768526765776048 0.45275548825009315 -2203.013057583186
299.16210798651707  0.09263459699221521 0.46677487118098016 -2203.838034016352
299.1847710422117  -0.14578811543477455 -0.36191976836335443 -2203.4392005107707
299.62000330955806  -5.9943449267686795 -14.916550550713643 -2190.915867063476
299.9958484305489  0.8690004078695233 -40.15913668844259 -2225.6970166184014
300.0066872884079  1.2014806090537515 -41.03020316336103 -2227.2149835722767
298.2913717564248  -0.6411551262501782 42.87262321093348 -2181.2758025936632
297.81254042897444  5.602479877866892 59.14015570260429 -2194.298806104184
299.1739643338872  0.0031130640743537406 -0.00426135254564443 -2203.7641574418017
299.1721553024609  0.205443513881354 -0.13329182140457768 -2204.4975868358915
299.1738714302822  0.0012604137345055702 0.0021492006938729482 -2203.7549602093286
299.17362397837843  -0.0036741847041441593 0.019223931594899782 -2203.730463061634
299.2500024571829  0.034622107964655785 -3.6697740187070185 -2205.6083676214153
299.16996766798775  0.014883298063765356 0.17411906146420783 -2203.7186079787616
299.1798553003609  -0.09369902603763 -0.18257293089703586 -2203.5271424400944
299.17345844128624  -0.023957633690705665 0.04872943913648291 -2203.64907369866
299.1784058523969  -0.07202070366477882 -0.13641964158970998 -2203.5772608319517
299.4814928967474  -1.672331436224411 -12.906486579305737 -2204.3208435874203
299.2084338108488  -2.202778650345519 0.6981131643133027 -2196.1022717536407
299.32707119717617  1.5418083856290195 -8.955366415514757 -2213.1240075753403
299.14621256275916  2.367652277689118 -1.1963795615354416 -2212.1855284075245
298.6922770612033  0.20673740896700332 22.79744262318902 -2193.6197321848745
299.1737644009591  0.002092515334918975 0.006375748734721704 -2203.755718896285
299.17376439401573  0.002092863503629721 0.006375709676591487 -2203.7557200715305
299.17376439245  0.002092867811484038 0.00637577987651841 -2203.7557200525275
299.1737644015878  0.002092411215947036 0.006375829577160365 -2203.7557185120086
299.1752847997024  -0.042979755589895564 -0.01825702417316706 -2203.617666637264
299.1734558048091  -0.02644509331632634 0.0515040627618971 -2203.6394929494936
299.1727439765132  -0.0710444113569027 0.13299677463675907 -2203.4526483900804
299.17720015799216  -0.052691056576837925 -0.09940884925645879 -2203.623915016929
299.17408027656376  0.05159384738228253 -0.06142276872903778 -2203.9523504548024
299.17379722451386  0.001670405408840542 0.0052573003290190806 -2203.754847312079
299.17379722368526  0.0016704288758457374 0.005257314924263974 -2203.754847383117
299.17379721091936  0.0016704827485149727 0.00525786735795091 -2203.75484729993
299.1737972057748  0.0016707215578033456 0.005257858816249502 -2203.7548480973715
299.17425175345073  -0.06144159699232052 0.050747948927066425 -2203.5235840276405
299.1765648484981  -0.05391133594589282 -0.06776213610293258 -2203.6048424594997
299.3457443045943  -1.0139975254974298 -7.125641793223187 -2203.7646109671214
299.08581357138394  -0.8554280407866455 5.12102543768613 -2198.4795659220526
299.31965114096556  0.47931842065133673 -7.46965815858071 -2208.889064620064
299.0219664221144  -0.564088898729664 7.861268595447871 -2198.1470454967025
299.17400202319567  -0.001451658706095846 -0.001201111885036298 -2203.7475399244818
299.17042996414045  0.1258386956861415 0.03388897641543004 -2204.153779963699
299.17379257017086  -0.0001683314420145153 0.007437543698624923 -2203.747703866353
299.1737925601181  -0.00016822869449958797 0.0074379144908338825 -2203.7477040317417
299.1737952082053  -0.00011574335261731433 0.007255533345070809 -2203.7479649540314
299.1737951948919  -0.00011558837725593197 0.007256004283318011 -2203.747965245409
299.1736164119421  0.030479415316582173 -0.016781897861313483 -2203.86101761067
299.17528370633715  -0.04666651747962611 -0.014279077237438806 -2203.6035304284555
299.3725555366589  -0.418842208601167 -9.039695874923947 -2206.6502216774725
299.17984354865564  -1.2010356368739985 0.997096985878712 -2199.2884424055264
299.2122926151223  0.9109006803085942 -2.8016954071613185 -2208.107638637021
299.13069237457165  -1.0013067816332089 3.132351347391861 -2198.938675380246
299.1718309361246  0.03254746433479411 0.0663048701354931 -2203.828458044473
299.1739656874151  0.0003718922885607892 -0.0014071672509522138 -2203.753696035677
299.1739656934041  0.0003717409335086119 -0.0014072921742334327 -2203.7536955921196
299.1739656935936  0.00037137725694330007 -0.0014069139714294602 -2203.753694204406
299.1739656967402  0.0003717335910450107 -0.0014074437213667198 -2203.753695639645
299.17390811651796  -0.0066034037879444014 0.008770281255829813 -2203.7256923621126
299.17489113571406  -0.03547609570842081 -0.007442511390005138 -2203.6374635997886
299.24157200231616  -0.16081580718252073 -3.0590108317056317 -2204.6692229680075
299.1757672042467  0.45088569842391135 -0.5671757963965409 -2205.5189181406467
299.25328680898485  0.07475245828625698 -3.8693720997773973 -2205.8364139000346
299.08775332847415  -0.011876995672233381 4.13012778248034 -2201.752314785842
299.1733029495038  -0.003520471851211054 0.03439518887788878 -2203.7237739697407
299.1742207250511  -0.0022643826252299174 -0.010782667775859678 -2203.7493869215155
299.1739664419673  0.0003978323514795945 -0.0014708321031172548 -2203.7538124286975
299.173966432892  0.0003979685414456074 -0.0014705436101699898 -2203.7538127442485
299.1739807119828  0.00033028288678445424 -0.0020805550924881937 -2203.7538773652745
299.17398070203365  0.0003304570114047316 -0.0020802652526543458 -2203.753877806215
299.17343861080434  0.0292097861378091 -0.006936759648849808 -2203.852127392262
299.17448386370603  -0.017842029553768693 -0.006764966316546488 -2203.6957271452306
299.23951132014315  -0.20190461639017326 -2.916835056110753 -2204.465243122381
299.2450953841726  -0.08882654495549808 -3.3039516101761355 -2205.0246311905107
299.16618857592096  -0.3748345848176091 0.769618082819661 -2202.141257154246
299.0952055528751  0.13659467903934674 3.6160056859112717 -2202.4895624207647
299.1735617506512  0.01183602451317473 0.005680927545075636 -2203.7884191792064
299.1738983693888  0.0056043546862167845 -0.003763121014368192 -2203.772197731836
299.17395192693454  0.00037574631180965426 -0.0007539598818246814 -2203.753398849583
299.1739518936353  0.0003761234949007123 -0.000752770882454325 -2203.753399538427
299.17396315999355  0.0006134179666506972 -0.0015436174307400091 -2203.75456320325
299.1739631524842  0.0006139995675550753 -0.001543878020623122 -2203.7545652591507
299.1736886526196  0.013593786124482688 -0.0022526250395177236 -2203.7980239300687
299.1742898021817  -0.009706820465125525 -0.00615752633620718 -2203.722466215741
299.21463351019776  -0.5696082558533709 -1.3370399667354607 -2202.493915781783
299.0872612782979  -0.022962016731679746 4.165438948135097 -2201.6987298917707
299.1922552511801  0.38542094039188246 -1.2850564083187128 -2205.642108631044
299.15790452109763  -0.340236179680984 1.12849813024573 -2202.085889943715
299.1744184749303  0.0049393536554499596 -0.02789943235865598 -2203.7814426999616
299.1739205795091  -0.0003105304040293514 0.001474202959628457 -2203.7500614437818
299.17392061286495  -0.0003109426459873303 0.0014730485851023193 -2203.750060622031
299.1739205893117  -0.0003106688045534174 0.001473882078611138 -2203.7500611362575
299.17392061813865  -0.00031102155947788847 0.001472880695284937 -2203.7500604395336
299.17390218334265  0.005835923110890181 -0.004191883662403945 -2203.7731705403903
299.1742681534008  -0.00584302995781968 -0.009237628891684646 -2203.7367644743113
299.2010419126471  -0.2589667519179464 -1.0186084544825662 -2203.374833107323
299.20673223487853  -0.1429241551734565 -1.413974293643145 -2203.9479849541754
299.13875067361323  0.15215722358039818 1.5191712402254973 -2203.536352277499
299.143913209054  -0.09461752639029704 1.5353230295277183 -2202.7088354428033
299.17405091905584  0.001950533201858478 -0.0071594758307249855 -2203.7616705548094
299.17393102561215  -0.0004409086639071148 0.0011140417811553783 -2203.7497992126723
299.17393102880004  -0.00044076886401555546 0.001113740640641475 -2203.7497998200356
299.1739310365029  -0.0004410711592195675 0.0011136945867928963 -2203.7497988375862
299.17393104007056  -0.0004410296640467017 0.0011134799769713204 -2203.7497990772904
299.1740114329302  0.002148599590545187 -0.005484205246833724 -2203.761533557415
299.17416208882065  -0.004134898719616288 -0.005989977539552429 -2203.7408981174517
299.190722037016  -0.09971479092164312 -0.695240144001554 -2203.750451031336
299.18349215454333  0.07206437118004655 -0.5328034309083101 -2204.2440603782006
299.1625949808753  -0.06975820458946314 0.6164299346293081 -2203.227500437257
299.18495694952014  0.06740372647841228 -0.597809892338361 -2204.259426344121
299.17375732735763  -0.0012487470472107947 0.010271467022061045 -2203.7427695522174
299.1739481601883  5.0808882542862215e-05 -0.00022803156485818774 -2203.7520697326663
299.1738453502874  -0.0009070987997766248 0.005702990875122006 -2203.7460726438235
299.17395709895095  -0.00018794059140092145 -0.0004007947418225252 -2203.7513585306183
299.1738060035391  0.0036429822735790525 0.002737514071360697 -2203.7625965457446
299.17394786478775  4.4968399898969184e-05 -0.00020770182580379595 -2203.752040681212
299.17391832647144  0.0008092200897449044 0.0003894991060912805 -2203.754296318365
299.1739501663499  -7.388274857757449e-05 -0.00019108846427513953 -2203.7516379417584
299.17395408801985  -0.0004394577251492384 1.0850743242054022e-05 -2203.7503275703443
299.1739475716709  3.89703851932736e-05 -0.0001873134306286877 -2203.752011078558
299.17394085182184  0.0004005420060396397 -0.00025132626879691177 -2203.7532426945495
299.173947390322  3.592941592966843e-05 -0.00017541268228871251 -2203.75199532795
299.1739403472373  0.0003926568313335261 -0.00021882700204434375 -2203.753201074833
299.17394841187894  -1.4507905650391854e-05 -0.00017050403366833378 -2203.751825432195
299.17394382413687  0.00015995389048873896 -0.0001371261180221673 -2203.7523892009235
299.1739477789333  3.0300549975342196e-06 -0.00015894414767381122 -2203.75187821206
299.17394710685  3.175808802480946e-05 -0.00015743008615385308 -2203.751972935749
299.1739435623729  0.00018618600671799806 -0.0001525545125291264 -2203.752483672827
299.1739475369021  2.33119407308237e-05 -0.0001689792519261146 -2203.751950356233
299.17394751358285  2.3534173865775007e-05 -0.00016810197284861838 -2203.7519506782237
299.17394697574935  2.9784282131757123e-05 -0.0001490659280698241 -2203.7519624088904
299.17394675647597  2.7297286827157765e-05 -0.0001359434768486346 -2203.751947918954
299.1739456821322  1.330979385891135e-05 -6.973008932346384e-05 -2203.7518700261194
299.17394230413686  -3.330776015976734e-05 0.0001412692028264052 -2203.7516150169845
299.1739473148917  6.897917182852911e-06 -0.00014089635836220677 -2203.751882497261
299.1739473077909  6.950477366230691e-06 -0.00014061312643542205 -2203.7518825374677
299.1739468055127  2.7947303859693716e-05 -0.00013897801572405183 -2203.7519515185745
299.17394679089756  2.811951632653455e-05 -0.00013846325452822314 -2203.751951846422
299.1739418690339  0.00010265970676906255 1.727302381117048e-05 -2203.752125581691
299.1739530131178  -0.000118702588367742 -0.00027934815533965066 -2203.751530923333
299.1798841132204  -0.033806018846518536 -0.24772421990958615 -2203.757041638215
299.18069622102826  -0.017637467182078485 -0.30373312353364645 -2203.837337829464
299.1742341934581  0.04108323816709137 -0.057583221060209785 -2203.91560927919
299.1677991332654  0.03460149107252315 0.25671036843948164 -2203.744922042016
299.17387247452353  -0.00020963623727074434 0.003664650493216657 -2203.7493571286614
299.17395275355176  -1.4364299683567614e-05 -0.00037805016678486207 -2203.751924403689
299.17394917868546  -3.3370471595930487e-05 -0.0001870477434785468 -2203.7517706167914
299.1739491835082  -3.3342307879252956e-05 -0.00018730811664583437 -2203.7517708339233
299.17394783102566  2.230947082961985e-05 -0.00018196151418277732 -2203.7519531867038
299.17394783866155  2.2273527470270378e-05 -0.00018228798994807777 -2203.7519532222245
299.17394840399436  -1.4590422802130997e-05 -0.00017003954609006838 -2203.751824937621
299.1739480615147  -4.882425348218395e-06 -0.00016401719013713154 -2203.7518543321785
299.17394784441336  2.257211803378922e-05 -0.00018288068997425266 -2203.751954495498
299.1739478310088  2.12592130182857e-05 -0.00018084237421216138 -2203.75194916636
299.17394782163865  2.1422449553018305e-05 -0.0001805685970919766 -2203.75194957875
299.17394721581496  2.532148741217903e-05 -0.0001557813442071161 -2203.7519507692027
299.17394719380866  2.5432812814690378e-05 -0.00015484868935678635 -2203.7519506964486
299.1739480566669  -4.9133263216279615e-06 -0.00016375271349777787 -2203.7518541040063
299.17394794753005  2.153356373885305e-07 -0.0001640005329238962 -2203.7518712603996
299.17394804202434  -5.0083442060939e-06 -0.0001629520920569677 -2203.751853408383
299.173947996573  -5.326841704303865e-06 -0.00016044183050487496 -2203.7518511589633
299.1739478478643  -6.5571131161620535e-06 -0.00015202829040375252 -2203.7518430788905
299.17394742221694  -1.0114508667363342e-05 -0.00012790798615129105 -2203.7518198135876
299.17394629601  -2.0527226699816527e-05 -6.302366538645716e-05 -2203.751754427842
299.17394944123487  -0.00010662184090044085 -0.00012159006801574606 -2203.75149619214
299.1739429701579  -5.330219393646891e-05 0.00013074505909735452 -2203.7515535845296
299.17394741598406  1.7536898853396475e-05 -0.00015705388078801193 -2203.75192551062
299.17394741124644  1.773058555443768e-05 -0.0001570338128164983 -2203.751926144575
299.17394700476444  1.967416432480638e-05 -0.00013968651695180756 -2203.7519243692223
299.1739469944717  1.9985668103722857e-05 -0.00013952654399072725 -2203.7519253282035
299.1739459859873  -2.3554505401541986e-05 -4.4990990103545234e-05 -2203.7517358127125
299.1739449639535  -3.682218502924719e-05 1.7957183840401375e-05 -2203.7516618608506
299.1739447728267  -3.9111747723616895e-05 2.952489206604046e-05 -2203.7516487646662
299.1739471473172  -1.3202139085220774e-05 -0.00011148880842658673 -2203.7518017636653
299.1739468841866  1.1970804288641102e-05 -0.000125724097263732 -2203.7518921505057
299.17394717272464  1.5195298844768853e-05 -0.00014294048532394792 -2203.7519110334565
299.17394717341506  1.5783877821075535e-05 -0.0001436001955854232 -2203.7519133019496
299.17394505919106  -3.4985543973267036e-05 1.1452186062451184e-05 -2203.751671049716
299.1739465821427  -1.8333935375674636e-05 -7.902710896044658e-05 -2203.751769309237
299.1801456966115  -0.02860410734063163 -0.26575849257026174 -2203.7828822375964
299.1806870424736  -0.01779815521452995 -0.3031235838810505 -2203.836514713866
299.1735672094248  -0.039405958582011624 0.05998340152042106 -2203.592409479361
299.16753079860655  0.029232589317781776 0.2752452109558719 -2203.7182891027783
299.17388421195346  0.0017094976550509652 0.0010604539502994592 -2203.7569688687486
299.1739477865662  1.3298107871342201e-05 -0.0001702423382044526 -2203.751917687019
299.1739482413239  -2.672841109374482e-05 -0.00014934438230746025 -2203.7517747907496
299.17394826508047  -2.70608936954994e-05 -0.0001501251536332468 -2203.751774056681
299.17394697402364  1.816222174409638e-05 -0.00013660815397350835 -2203.751917885257
299.1739469671846  1.8561382646542687e-05 -0.00013670648937865666 -2203.751919258043
299.1739456434876  -2.7536049387277188e-05 -2.4390848430191e-05 -2203.7517128088257
299.1739445588677  -4.0115849370404594e-05 4.081447759344967e-05 -2203.7516400711156
299.17395194793977  -0.0001871481264593961 -0.00015558486324517863 -2203.7512447950594
299.17395197330853  -0.00018769249138101993 -0.00015621702856502903 -2203.751243286538
299.1739467975325  1.6472211995667227e-05 -0.0001263779703077498 -2203.7519074156926
299.1739467874401  1.682307241323727e-05 -0.00012626947295959443 -2203.7519085298554
299.1739452178463  -3.323196224141449e-05 2.0062948622123723e-06 -2203.751681358285
299.1739460798199  -2.244841827172063e-05 -5.065097614286126e-05 -2203.7517421734683
299.17692183886663  -0.05289636387641121 -0.085895544600964 -2203.616819972448
299.1814891847746  -0.0017996759300572852 -0.35847531310165043 -2203.9159340063575
299.17931347489287  0.020671009500606567 -0.27847415559407984 -2203.9526217834186
299.1689890261321  -0.02097828093329647 0.2590531604933181 -2203.5591593598015
299.173829704611  0.0005858425334668339 0.0048606481067314114 -2203.751432341819
299.17394534465296  -9.523480320535787e-06 -2.9296152364566112e-05 -2203.751774979291
299.17394390633194  4.504710816902086e-05 -1.869795670024298e-05 -2203.751951247839
299.17394566782065  -1.9852498065353106e-05 -3.373475174822702e-05 -2203.7517427699404
299.1739456736462  -2.0050183149698213e-05 -3.380252048540768e-05 -2203.751742145338
299.17395030733104  -0.00023014720958752796 -3.143012453085117e-05 -2203.751043020949
299.1739503203479  -0.00023042562720594655 -3.175544511108792e-05 -2203.7510422503574
299.17394555574333  -1.7015645526287452e-05 -3.140175171470824e-05 -2203.75175108756
299.1767681205871  -0.025560052788015233 -0.10766087140371106 -2203.7179676014375
299.17772321165114  -0.006456393332200231 -0.1736253115105653 -2203.812739567915
299.174253491689  -0.023228823378217824 0.009975384555879548 -2203.6698863689726
299.1713520133343  0.024314052608088985 0.09794922376029855 -2203.786087104849
299.17389796186666  0.00048248030520209057 0.0017101938647386085 -2203.75258404419
299.173944958154  -4.0413233648744745e-06 -1.66713390008163e-05 -2203.751787201172
299.17394370675345  1.2251919186522024e-05 2.5756323192382394e-05 -2203.7518211969455
299.1739449632664  -3.995131956093162e-06 -1.6964743111971096e-05 -2203.751787493872
299.17394495832355  -4.420244404489511e-06 -1.6275959774373085e-05 -2203.751785754662
299.17394501667974  -7.238038892172009e-06 -1.606309080783953e-05 -2203.7517762921743
299.17394501648613  -7.330641736706228e-06 -1.5955236040371197e-05 -2203.7517759333386
299.1739449530388  -4.4711723483813255e-06 -1.5969283071633143e-05 -2203.751785439927
299.17394494752455  -4.715107823904551e-06 -1.5446128077194877e-05 -2203.751784381236
299.1739449331027  -5.3963282670297135e-06 -1.4031857242758917e-05 -2203.7517814468742
299.17394491134536  -6.936097343025519e-06 -1.1352982395970246e-05 -2203.751775060046
299.1739447940745  -1.2071000157578693e-05 -2.8345892946089805e-07 -2203.7517527473024
299.1739444742926  -2.710364504280649e-05 3.099887513932726e-05 -2203.7516879592936
299.17394492158866  -3.663462795953577e-06 -1.5327031921541264e-05 -2203.7517878185636
299.1739449189888  -3.5668022127383987e-06 -1.5305768992489617e-05 -2203.751788129605
299.17394490666067  -3.538109812702397e-06 -1.4747439796643927e-05 -2203.751787959965
299.1739449046333  -3.4119643439254043e-06 -1.4784908018060145e-05 -2203.751788396835
299.1739447937231  -1.1971534319652621e-05 -3.7259033063919214e-07 -2203.7517531200533
299.1739447725726  -1.4862657584377515e-05 3.71623961262363e-06 -2203.751741574548
299.1739447930055  -1.1663889887959369e-05 -6.658962852513577e-07 -2203.7517542813234
299.17394479335104  -1.0655178442294155e-05 -1.7564966984889164e-06 -2203.751758150095
299.17394486813805  -3.0857382313002565e-06 -1.3388973091423117e-05 -2203.7517888181815
299.1739448768509  -3.174403621420346e-06 -1.371075607988587e-05 -2203.751788676319
299.1739449048249  -3.6194901733433402e-06 -1.4573086207095164e-05 -2203.751787606855
299.1739449401303  -5.782874301011361e-06 -1.3955950536944124e-05 -2203.751780126642
299.1739447939654  -1.0291829555493495e-05 -2.172738162667996e-06 -2203.7517595547715
299.1739447929005  -1.158474383621212e-05 -7.451519836834108e-07 -2203.75175458188
299.1739447927519  -1.134188687979369e-05 -9.966531918529506e-07 -2203.7517555080694
299.1739447934808  -1.0565293631927974e-05 -1.858401687817965e-06 -2203.751758497077
299.1739448445598  -2.9303348196009833e-06 -1.242816181544421e-05 -2203.7517888785046
299.1739448583313  -3.0612256720864918e-06 -1.2946620951512161e-05 -2203.7517886896935
299.17394488098034  -4.217364008413356e-06 -1.2797459858212163e-05 -2203.7517847779054
299.17394489188416  -3.741773113350474e-06 -1.382473055331881e-05 -2203.7517868454543
299.1739447927538  -1.125912281754387e-05 -1.0848814495484847e-06 -2203.751755824904
299.17428640382565  -0.012535165160408552 -0.0029835299280282362 -2203.7115634263187
299.17471355882554  -0.014277961108568906 -0.021532113713815214 -2203.7145759243062
299.17604763580306  0.0003418587210085172 -0.1008256081204045 -2203.8007768956627
299.17353597158007  0.011757836835169606 0.006995599511275163 -2203.787535519839
299.173916109763  0.00013152074123725727 0.001217011330145171 -2203.751652110425
299.17395250851797  -0.00019617741573701807 -0.00017274805591427957 -2203.751222942417
299.17397169864944  -0.0011783749395348302 -4.356443592655208e-05 -2203.747898513281
299.1739717030144  -0.0011786219278900375 -4.350994757701008e-05 -2203.747897666862
299.17437096284874  5.784384104765656e-05 -0.020431970390944562 -2203.7616812127476
299.1739447928961  -1.1005444130583341e-05 -1.3617935600341276e-06 -2203.751756799106
299.17394479279045  -1.115440393062157e-05 -1.1981349688547412e-06 -2203.751756226555
299.17450711870316  -0.004610000044203586 -0.021965473652739462 -2203.7469011354883
299.1746421122598  -0.0019512283791518715 -0.031244944508244388 -2203.760138010226
299.1734233291531  -0.0021619735579685674 0.027198333900203382 -2203.7317026492024
299.1732235092645  0.002079774091068986 0.032226672330588665 -2203.7434085898485
299.17394434209746  5.980301034496654e-05 -5.522592155162447e-05 -2203.752017605834
299.1739450133618  -1.300127404053095e-05 -9.767813895623115e-06 -2203.7517541576385
299.1739450094669  -9.816994496133351e-06 -1.2972431962683478e-05 -2203.751766257471
299.17394476697365  -5.494689702943288e-08 -1.1783778307184918e-05 -2203.7517981255096
299.17394482258385  3.443386853537993e-05 -5.1164377374090764e-05 -2203.7519313952857
299.17394637797383  -3.847433648709963e-05 -4.782857350011261e-05 -2203.7516875916635
299.1739447604578  3.629408885221484e-07 -1.191750878775828e-05 -2203.751799577309
299.1739444799019  -1.3063181256311836e-06 3.261548833225855e-06 -2203.7517868281147
299.17394446004573  -1.070761054323884e-06 3.959213578641209e-06 -2203.75178727961
299.17394455345834  -4.117321062606925e-07 -1.204659125816287e-06 -2203.7517919196807
299.17394387242416  -1.7162456933396715e-06 3.271607939517169e-05 -2203.751771488099
299.1739445412766  -2.368915669872636e-07 -8.089443669086783e-07 -2203.751792312755
299.1739445121328  2.905318392146865e-07 2.1595552632685747e-08 -2203.7517936708505
299.17394443225766  1.8756510379842062e-06 2.149220081348139e-06 -2203.7517979273416
299.1739445429581  -3.2451284126719434e-07 -7.95969281541144e-07 -2203.751792015496
299.1739445442719  -3.229106386045077e-07 -8.604200952657951e-07 -2203.751792051405
299.17394455224104  -3.883146081372204e-07 -1.171459027671597e-06 -2203.751791981724
299.17394455446794  -5.124166504406688e-07 -1.1456772538176344e-06 -2203.751791557189
299.1739445403593  -2.3683044757497758e-07 -7.651872157755565e-07 -2203.751792292192
299.1739445391591  -2.001686398807347e-07 -7.46890239021225e-07 -2203.7517924053095
299.1739445368221  -5.1636337920479166e-08 -7.934207234057848e-07 -2203.751792920855
299.1739445177092  4.090590631849403e-07 -3.709830123411417e-07 -2203.751794250934
299.1739445405961  -3.2903108046310523e-07 -6.783171031959357e-07 -2203.751791944652
299.1739445495202  -3.600790250001712e-07 -1.0715448498033212e-06 -2203.751792028115
299.17394512510174  -2.226192364860186e-05 -5.244539713907063e-06 -2203.75172124469
299.1739451120846  -2.208917829101671e-05 -4.8066779786125425e-06 -2203.7517216108017
299.17394453386123  5.166548065197599e-09 -7.124700772595749e-07 -2203.7517930711533
299.1739445374492  -6.418538789855898e-08 -8.100099614362929e-07 -2203.751792887037
299.1741060876519  -0.0008032219552121056 -0.0068625314131333754 -2203.752380923646
299.17401001776506  0.0007341843002155698 -0.003910515054818253 -2203.7560876711173
299.1739363832386  -0.0010487449263325826 0.0015053515770756826 -2203.747594115557
299.173951020306  0.0009717115920697259 -0.0013452447534236618 -2203.7556594095463
299.17394223464987  -2.649130697667364e-07 0.00010940394815354069 -2203.7517399163376
299.17394448202214  2.0628625288145418e-07 1.5496341021340247e-06 -2203.751792665809
299.1739444818071  1.9240082761192004e-07 1.5746857826128906e-06 -2203.751792607789
299.1739444722181  4.831428758639584e-07 1.7231468609312626e-06 -2203.751793503257
299.1739444705937  4.943376529124132e-07 1.7888245338496072e-06 -2203.7517935092806
299.17394794721434  2.3255341486137904e-07 -0.00016400378513368096 -2203.7518713191453
299.17395022121747  -4.073474976762894e-06 -0.00026804333970478143 -2203.751906387031
299.1740090669945  -0.00036616751158298185 -0.002693427575580372 -2203.7518544193404
299.1739093173682  -0.00030275469672855546 0.0020038937196135754 -2203.7498359033884
299.17403080513446  6.780992447540747e-05 -0.0041939214707483324 -2203.754008292291
299.1738610783077  -8.700787125838169e-05 0.004078448958398441 -2203.7495681581026
299.1739443250727  7.339733898147329e-06 1.4509877298041443e-06 -2203.751816411844
299.1739445142967  2.4913838153990623e-07 -3.7693523922555977e-08 -2203.751793561467
299.173944522626  1.6183311921040417e-07 -3.426091000485176e-07 -2203.751793416118
299.1739450884884  -4.072081091985865e-05 1.615971009273607e-05 -2203.751649761593
299.17394509368427  -4.071189379736492e-05 1.5902015967840695e-05 -2203.751649913511
299.1739454491843  -5.234766555015234e-07 -4.387275700680859e-05 -2203.751811797276
299.17397551618916  -0.00016974003111107843 -0.001299930343247745 -2203.7518456971857
299.1739296832256  -0.0001519436684936657 0.0008704707159983541 -2203.7508748223086
299.17395419405625  0.00017457800143626465 -0.000648048830180522 -2203.7526802528228
299.1739348899543  -0.0001725566987706513 0.0006437045352172311 -2203.75091395589
299.17394441454087  3.5973718761839304e-06 1.1622010452281525e-06 -2203.7518041157646
299.1739445155822  1.8390290380463042e-07 -2.963649556761598e-08 -2203.7517933409135
299.1739445021779  3.719992606297169e-07 4.103723577349708e-07 -2203.7517937570065
299.1739445006749  4.799236196462475e-07 3.672453520778195e-07 -2203.751794136027
299.1739498329302  -0.0001290040116736738 -0.00011646771831904301 -2203.7514194016862
299.1739627343852  -3.6965286469999675e-05 -0.0008307491571374445 -2203.7520641528395
299.17396414302596  -9.562216634380655e-06 -0.0009272163619146838 -2203.752200973251
299.1739259355122  3.4915214677470496e-05 0.0008505215217874872 -2203.7515050847246
299.1739442969164  1.3337821896927445e-06 9.191193478980505e-06 -2203.751792785225
299.1739445071314  -7.784382783598559e-08 6.527536804434701e-07 -2203.7517921474814
299.17394450408045  -5.906280607917305e-08 7.78490701184875e-07 -2203.7517921502067
299.17394449571407  3.943229360024437e-08 1.0732652380637715e-06 -2203.7517923375435
299.1739444946387  2.3325817753601792e-07 9.182385907608322e-07 -2203.7517930550557
299.1739516554543  -2.7038872519830204e-05 -0.000312100128068655 -2203.7518509977026
299.17394289172813  -3.88806016188161e-05 0.00011913516066062007 -2203.751607006584
299.17394847915375  2.3443655304173893e-05 -0.0002141290211821787 -2203.751972220382
299.17393995099275  -2.687050209062145e-05 0.00024681979953956494 -2203.7515863125236
299.1739444830251  5.72336852745644e-07 1.1119396116794074e-06 -2203.7517940896414
299.17394452100814  -5.201612730073973e-07 4.608729415262426e-07 -2203.751790769045
299.1739445160098  9.189798714091222e-08 4.790711457135376e-08 -2203.751792998449
299.17394452551235  -2.066890563192452e-07 -8.806832510203775e-08 -2203.751792070992
299.1739445596953  -1.6404139365892331e-06 -1.942674241421986e-07 -2203.751787358173
299.17394460070506  -6.0228126967873185e-06 2.5132116373522976e-06 -2203.7517715137938
299.17394460835493  -5.980490607538251e-06 2.102726538908635e-06 -2203.7517718492013
299.1739445079602  3.059192093423071e-07 2.0452824830095514e-07 -2203.7517936351574
299.17394450913457  2.94570200842049e-07 1.6051673232249712e-07 -2203.7517936183394
299.17394451905994  -1.70602284032174e-08 1.8223898283303807e-08 -2203.751792650547
299.1739445205904  -5.0034245077016086e-08 -1.9770936954287943e-08 -2203.7517925590296
299.17394453978966  -1.1224395490154641e-06 2.050313332557347e-07 -2203.751788889529
299.1739445195809  -2.859358910007592e-08 5.629385849315301e-09 -2203.751792618207
299.1739445204128  -3.964585779294828e-08 -2.2338824378099913e-08 -2203.7517925947614
299.17394453934406  -1.0700177655468388e-06 1.7049751932331745e-07 -2203.7517890800764
299.17394453023877  -2.934565898909636e-07 -2.2145164429611345e-07 -2203.7517918460267
299.17394451459336  -4.052843980865395e-08 2.565764874819737e-07 -2203.7517924594654
299.1739445190724  -1.3279052711784135e-08 1.3603754946587044e-08 -2203.751792665302
299.17394450412354  1.3263860816865623e-07 5.723108651764865e-07 -2203.751792884936
299.17394794747537  2.3192223149820797e-07 -0.00016401557170024757 -2203.7518713226414
299.17395023110464  -4.096888888566627e-06 -0.0002684906939725994 -2203.7519065215433
299.1739449788946  -6.371976930554944e-06 -1.5180361804610232e-05 -2203.7517787505503
299.1739451950977  -2.8838773354057276e-06 -2.9222143674371756e-05 -2203.751797002706
299.1739436875745  -8.494016204810603e-07 4.0622955982921654e-05 -2203.75177061565
299.1739438641524  3.358870317462811e-06 2.770713994735901e-05 -2203.751790726066
299.1739445082549  2.422984447026608e-07 2.581907213296429e-07 -2203.7517933983263
299.173944519979  -1.2876656825865011e-08 -3.012546734994401e-08 -2203.751792687391
299.17394453819304  -9.39088200860347e-07 8.606296477218639e-08 -2203.7517895551296
299.17394451963094  -1.970361576019763e-08 -6.234896125607094e-09 -2203.751792653373
299.1739445363077  -9.763374605287739e-07 2.1579129130609735e-07 -2203.751789369813
299.1739445229141  -1.7000597973466534e-07 -3.0225178765460185e-09 -2203.7517921525036
299.1739445106528  9.175542621349836e-08 3.039560662387129e-07 -2203.7517928764632
299.17394452161216  -1.1914032825482649e-07 5.015454620200808e-09 -2203.751792317678
299.1739445105939  7.777614676833953e-08 3.216519226936099e-07 -2203.751792821622
299.1739445190174  -3.395088877209556e-09 5.714164813401867e-09 -2203.7517927018835
299.17394451925264  -1.1592888800956227e-08 3.208112286591408e-09 -2203.7517926758374
299.17394450987246  1.184376659554259e-07 3.128175522053136e-07 -2203.7517929609035
299.1739445080604  3.064362798735998e-07 1.9919251065121372e-07 -2203.751793639408
299.17394452034995  -1.2256658014724803e-08 -4.850341595143072e-08 -2203.7517926981727
299.1739445087599  2.8208214025412696e-07 1.9170820605476716e-07 -2203.7517935620485
299.1739445097734  2.4044548532205854e-07 1.8762741708452748e-07 -2203.751793425657
299.17394448467604  3.954266767575045e-07 1.2214627480892276e-06 -2203.7517934499224
299.17394452001355  -1.896303340371e-08 -2.5297970460404086e-08 -2203.7517926648798
299.1739445091221  2.913520139268693e-07 1.6453052515060844e-07 -2203.7517936057434
299.173944510031  4.3035972008135996e-08 3.8552803726827065e-07 -2203.751792675893
299.17394451189625  2.859291128483459e-07 3.779129120421895e-08 -2203.751793647873
299.1739445116199  4.130860449166964e-07 -8.440588764234114e-08 -2203.7517941283127
299.1739445386456  -8.050857990984432e-08 -8.497816021881401e-07 -2203.751792851681
299.1739445170635  -1.26376407555895e-07 2.2998853927772114e-07 -2203.751792186873
299.17394452036973  1.9660065173305046e-07 -2.71851428614509e-07 -2203.751793498046
299.17394449147895  4.267440951677036e-07 8.631536771185044e-07 -2203.7517937240086
299.17394450929754  4.4875424321159364e-08 4.186049160538313e-07 -2203.7517926663068
299.17394451764244  -3.081413640295552e-08 1.0058973855769334e-07 -2203.751792565765
299.17394451922416  -4.226364739852401e-09 -3.276855267109382e-09 -2203.7517927033887
299.1739445179642  4.085700724822689e-08 8.897202777884772e-09 -2203.75179284739
299.1739445201389  -1.6465621765554017e-08 -3.393953110627388e-08 -2203.751792677278
299.1739445076945  3.006205527159091e-07 2.228626958061597e-07 -2203.751793608853
299.1739445193901  -4.534636596019445e-09 -1.08761289762432e-08 -2203.7517927059703
299.1739445154514  -9.252824594151514e-09 1.822875819225839e-07 -2203.7517925986263
299.1739445119259  2.9112896235953487e-07 3.084291335504827e-08 -2203.7517936684458
299.1739445122593  4.1997429270377535e-07 -1.2228005330954145e-07 -2203.7517941691713
299.1739445250142  -4.4182631446674716e-08 -2.3731546296151036e-07 -2203.75179268171
299.17394451476997  -2.773529117352853e-08 2.3451624857644574e-07 -2203.7517925124366
299.1739445042332  3.5484229833627027e-07 3.3046675591413125e-07 -2203.751793737927
299.1739445080291  3.098537057834585e-07 1.9704834053741762e-07 -2203.751793651779
299.17394451919114  -4.663172005137558e-09 -1.2362993348407777e-09 -2203.7517927009685
299.17394451909314  -6.003327962613092e-09 4.871351385448529e-09 -2203.751792693618
299.1739445191546  -3.5883098546332685e-09 -6.407268469460628e-10 -2203.7517927042572
299.17394451900464  3.134808919438953e-10 2.3669396136744027e-09 -2203.7517927157924
299.17394451972393  -2.473969673510867e-08 -5.309520920738742e-09 -2203.7517926362025
299.17394451557675  8.337613805609562e-08 7.766189577274298e-08 -2203.7517929560167
299.1739445141926  1.474783201898894e-07 7.552924790384129e-08 -2203.751793169993
299.173944522579  -1.1416246231814961e-08 -1.5588408139887753e-07 -2203.751792751924
299.1739445191252  -2.402326592975017e-08 2.2531548318804634e-08 -2203.7517926253695
299.17394450404964  3.2589615146662186e-07 3.700536802784375e-07 -2203.7517936229733
299.1739445093591  2.961579679037108e-07 1.481008896536825e-07 -2203.7517936295067
299.17394451556294  5.128477396168706e-09 1.616558762995341e-07 -2203.7517926561964
299.1739445079084  3.0488723840076984e-07 2.080990811343657e-07 -2203.751793630034
299.17394450782876  2.9902208700475417e-07 2.1815402530150812e-07 -2203.751793605777
299.1739445079305  3.043782345327919e-07 2.075916735987156e-07 -2203.7517936285844
299.1739445187738  -4.291072459826994e-09 1.8299646272257662e-08 -2203.7517926929336
299.1739445192451  -6.524380017653091e-09 -1.8366711757802009e-09 -2203.7517926950704
299.17394451971484  -1.8142684852807986e-08 -1.1903921545313025e-08 -2203.7517926612486
299.1739445203071  -2.6376809638313753e-08 -3.1423834089698087e-08 -2203.7517926431565
299.1739445192709  -4.936881818521518e-09 -4.751283826916517e-09 -2203.7517927017275
299.17394451934524  -3.191177841156458e-09 -1.0167261320128666e-08 -2203.751792710097
299.1739445077959  3.061286729445561e-07 2.1214831974462465e-07 -2203.751793632237
299.1739445079718  3.071094614920186e-07 2.0270319738186833e-07 -2203.751793639978
299.17394451899355  -3.868958868332547e-09 7.353852962517212e-09 -2203.7517926995306
299.17394451908086  -2.128155406981466e-09 1.3303130486434534e-09 -2203.7517927081726
299.17394451898383  -2.1161553575334573e-09 5.94842560060573e-09 -2203.7517927060208
299.1739445188755  -8.468390995708454e-10 9.781062501720117e-09 -2203.751792708419
299.1739445192203  -3.5973134439201407e-09 -3.770046580666352e-09 -2203.7517927057124
299.1739445078988  3.060697950510227e-07 2.072933376997051e-07 -2203.7517936343456
299.17394450791113  3.0589799420206594e-07 2.0689512469439716e-07 -2203.751793633964
299.1739445189123  -3.542565541178294e-09 1.0884099768022753e-08 -2203.7517926989394
299.17394451916533  -4.048533205150672e-09 -6.62531335985927e-10 -2203.7517927027384
299.1739445190056  -2.9205340437156476e-09 5.773029036376992e-09 -2203.7517927034314
299.1739445189385  -2.3687228822543233e-09 8.37940305221673e-09 -2203.751792704028
