 Dim = 2
184.2165604697882  -1149.9864550703896 5439.220205381453 29586.618384868954 23511.706128125486 24203.18094497517 16324.80668717831 11112.31935419859 66.83901084570498 39.535792108133236
83.62349810282085  414.08560553819007 5290.184756695281 27881.670777836516 21806.75852109305 22498.233337942733 9296.43848781468 10257.534375144725 55.229636671924794 27.926417934353054
15.472373242813449  5033.122951702066 4850.051388980841 22846.597990287766 16771.6857335443 17463.160550393983 -11459.827168397675 7733.172588608226 20.944686365085417 -6.358532372486319
5923.100341021839  30827.778728631823 2392.16073659986 -5271.375438628173 -11346.28769537164 -10654.812878521956 -127371.58273390717 -6363.930002307763 -170.51695925865798 -197.82017799622972
86.32644405018536  6925.653589289237 4669.718167878877 20783.60763130499 14708.695374561525 15400.170191411207 -19964.1681668319 6698.880881626837 6.897318049751345 -20.40590068782039
7383.584232193284  29342.802257037078 693.3135426081881 -13436.160301847203 -19511.072558590673 -18819.59774174099 -124551.26132024554 -9172.481334901579 -179.62699507527253 -206.9302138128443
12729.736478247354  24887.872842252833 -4403.228039366826 -37930.514891504296 -44005.42714824777 -43313.95233139808 -116090.29707926066 -17598.13533268302 -206.95710252511628 -234.26032126268802
14833.354084445293  23402.896370658087 -6102.075233358498 -46095.29975472333 -52170.2120114668 -51478.73719461712 -113269.97566559905 -20406.686665276837 -216.06713834173084 -243.3703570793026
10786.902300806041  26372.849313847582 -2704.380845375155 -29765.730028285267 -35840.642285028734 -35149.167468179054 -118910.6184929223 -14789.584000089206 -197.8470667085017 -225.15028544607344
3796.0553007501335  2146.523582735903 -4076.6231230152753 -22924.371233146136 -28999.283489889604 -28307.80867303992 -17751.60518954813 -8789.812592853741 -58.29104126323167 -85.5942600008034
3382.1959275608237  -13029.79822782837 -8151.55734655192 -35731.66052088329 -41806.57277762677 -41115.09796077708 38887.37799647131 -11356.091306551927 -6.041275687211623 -33.34449442478336
1993.8454951535218  -8495.773224030296 -4902.898407254748 -21107.038401477672 -27181.95065822114 -26490.47584137146 26218.36696978443 -6593.773620418161 0.5694217722373445 -26.7337969653344
4981.292004079949  661.5471111411553 -5775.470317006947 -31089.156096365165 -37164.06835310863 -36472.59353625895 -14931.283775886503 -11598.363925447557 -67.40107707984625 -94.70429581741797
2408.9072483020886  -6931.701163421716 -5051.933855940921 -22811.98600851011 -28886.898265253578 -28195.423448403897 19189.998770420803 -7448.558599472024 -11.039952401542834 -38.343171139114574
3332.717214733357  -3876.7358778664207 -5343.0317749691885 -26142.111189026422 -32217.023445769893 -31525.54862892021 5462.101313572077 -9118.135406954661 -33.71552853460203 -61.01874727217377
7162.495307426644  10277.262787565396 -4851.375384155031 -31787.443913624156 -37862.356170367624 -37170.88135351794 -54288.17553292943 -13233.363447018572 -118.64170931465208 -145.94492805222382
3980.062368276603  -1984.2052402792492 -5523.364996071153 -28205.1015480092 -34280.01380475267 -33588.53898790298 -3042.23968486215 -10152.42711393605 -47.762896849936105 -75.06611558750785
5191.760356295851  -3469.181711873997 -7222.2121900628235 -36369.88641122823 -42444.7986679717 -41753.32385112202 -221.91827120052585 -12960.978446529864 -56.87293266655068 -84.17615140412242
3926.6297864809053  7169.567261420524 -2714.90709258732 -18616.32633106463 -24691.238587808097 -23999.76377095841 -36470.70753012311 -7914.859321161755 -75.44242082098646 -102.74563955855821
1618.000513248332  -10059.845284638875 -4753.862958568577 -19402.090794445234 -25477.0030511887 -24785.52823433902 33246.73516914806 -5738.988641364298 12.178795946017527 -15.12442279155422
977.0779492270188  -8574.868813044128 -3055.0157645769045 -11237.305931226205 -17312.218187969673 -16620.74337111999 30426.413755486436 -2930.437308770483 21.2888317626321 -6.014386974939644
19522.939583111027  20432.943427468592 -9499.76962134184 -62424.8694811614 -68499.78173790486 -67808.30692105518 -107629.33283827579 -26023.789330464464 -234.28720997495998 -261.5904287125318
9501.70268660913  -3793.3823036430886 -10872.01189898196 -55583.510686022266 -61658.422942765734 -60966.94812591605 -6470.319534901628 -20024.017923229 -94.73118452968997 -122.03440326726171
2039.0166785079746  985.7477029102458 -2125.6706080878093 -11875.531821571136 -17950.444078314606 -17258.96926146492 -8682.8825121854 -4535.324448748421 -29.542825216706955 -56.8460439542787
1583.8352192100203  -906.7829346769255 -1945.3373869858456 -9812.541462588362 -15887.45371933183 -15195.978902482148 -178.54151375117362 -3501.032741767033 -15.495456901372883 -42.79867563894462
75.31212947329976  2057.2532551606023 3293.266665331265 16306.99070055261 10232.078443809141 10923.553260658824 -1939.9764972509543 5739.413084443185 22.90085250774986 -4.402366229821876
950.5693645832852  578.1935369178223 -246.4901929941741 -1647.7565993693297 -7722.668856112798 -7031.194039263116 -2998.862927412799 -692.4814091732181 -6.385421084758308 -33.688639822330046
177.58310745426002  -5604.915869854633 342.6786234064384 5092.26379521186 -982.6484615316085 -291.1736446819259 24785.770928163187 2686.665356417146 39.50890339586125 12.205684658289508
5724.732925283182  -6846.6888210559155 -8740.726162952533 -42471.68091546449 -48546.593172207955 -47855.118355358274 11102.744140895327 -14735.23807214229 -51.93560016783118 -79.23881890540292
2419.706506026267  -11544.821756233623 -6452.7101525602475 -27566.875657664266 -33641.78791440774 -32950.31309755805 36067.05658280969 -8547.539973958112 3.0687601294029534 -24.234458608168797
2377.884502593378  -2391.759406271673 -3644.1845809775173 -17977.326325807393 -24052.23858255086 -23360.763765701176 2641.7798999104516 -6309.584074360848 -24.60549271798746 -51.9087114555592
1205.04576330042  6601.452997520146 1019.9184589597394 1569.9833565109602 -4504.928900232509 -3813.4540833828255 -26212.569430533003 -364.15859507229743 -30.960933813387943 -58.26415255095968
6925.245515239763  19081.855550381988 -2009.6452546867213 -21818.03843339015 -27892.950690133617 -27201.475873283936 -86147.55725074321 -10804.9645516983 -143.7294356667229 -171.03265440429465
492.0517982358602  -2476.771748637473 44.6077260340943 1682.3685811469836 -4392.543675596484 -3701.068858746802 10729.034529435925 977.0953983094195 16.29015504830089 -11.013063689270847
478.0869387131726  2063.17000851257 1452.3570009974974 6517.028263849702 442.1160071062336 1133.5908239559162 -5819.184341074424 2116.0699234205963 2.724614731856267 -24.57860400571547
896.085867702226  726.6911840772971 -76.60547359500679 -831.2781130474259 -6906.190369790895 -6214.715552941212 -3280.8950687789616 -411.6262759138365 -5.474417503096849 -32.777636240668585
1247.1043633020754  -164.29469887955156 -1095.91378999001 -5730.149030978846 -11805.061287722314 -11113.58647087263 -1588.7022205819862 -2096.7570754701255 -10.940438993065595 -38.24365773063733
2835.20293006879  -3134.247642069047 -4493.608177973352 -22059.718757416907 -28134.631014160375 -27443.156197310695 4051.9406067412638 -7713.859740657754 -29.160510626294744 -56.46372936386648
694.2302230536511  1320.681772715196 602.9334040016616 2434.6358322401857 -3640.276424503282 -2948.8016076535996 -4409.023634243611 711.794257123689 -1.8304031764510205 -29.133621914022758
173.21813644417324  1314.7650193632285 2443.8430683354295 12224.598268943093 6149.686012199624 6841.160829049308 -529.8157904201416 4335.137418146278 18.345834599442576 -8.957384138129164
1960.7619323071208  -1649.2711704742992 -2794.7609839816814 -13894.933894197877 -19969.846150941346 -19278.371334091662 1231.6191930796385 -4905.30840806394 -20.05047480968017 -47.35369354725191
741.1047037658358  3955.700646099741 1272.0237798955336 4454.037904866927 -1620.8743518765405 -929.3995350268583 -14323.525339508651 1081.7782164392083 -11.322753583477805 -38.625972321049545
311.3200006042022  572.2767835658543 1594.4194713395939 8142.205837333578 2067.2935805901093 2758.768397439792 880.344916410671 2930.86175184937 13.790816691135287 -13.512402046436451
1654.2448990387072  1728.2359387076199 -1276.2470110919737 -7793.13938996162 -13868.051646705087 -13176.576829855405 -10093.043219016214 -3131.0487824515135 -24.987807308399667 -52.29102604597141
966.8007362192227  -1655.187923826267 -953.8513196479136 -4104.97145749497 -10179.883714238438 -9488.408897388756 5110.827036903109 -1281.9652470413514 0.12576296621342564 -27.177455771358314
788.1399051630041  69.40959115031285 -13.975202533889886 -114.7953452577539 -6189.707602001222 -5498.23278515154 -327.31181510355515 -52.41364959534526 -0.5957241602475732 -27.89894289781931
560.5915138555534  -1483.6751887493651 134.01330314272866 1578.175359671371 -4496.736897072097 -3805.262080222415 6651.683560413403 796.3666428797148 10.932096576121053 -16.371122161450685
365.1053371839905  1554.3860627450606 1684.8719914577814 8049.989517961278 1975.0772612178093 2666.552078067492 -3147.6332287651803 2756.1376829984697 8.514311656367001 -18.788907081204737
1061.7774521159965  1662.788178547294 -165.8031768839008 -1851.6891100003904 -7926.601366743858 -7235.126549894177 -7487.372834830751 -923.215012751881 -12.42262695293811 -39.72584569050985
372.6559506426802  -1632.5296303022014 700.3009318409752 4675.490909309405 -1399.4213474340625 -707.9465305843801 8476.367052073096 1963.7503346983267 18.07666950714189 -9.226549230429848
781.7495652600871  29.127475734494013 -10.136847961729838 -70.88503062833595 -6145.7972873718045 -5454.322470522122 -146.29871083425724 -30.39896878290346 -0.29672888876904746 -27.599947626340786
31.494263862263942  1439.3555926218717 3536.1787545866564 17958.893514320403 11883.981257576937 12575.456074426618 1221.8917790710648 6439.112857438959 29.500449434563606 2.197230696991868
1363.5224801469587  -1455.8489958602536 -1708.9840419534014 -8235.669893847367 -14310.582150590835 -13619.107333741153 2674.022702827368 -2838.950301376718 -9.406764705383623 -36.70998344295536
554.318535231581  -1530.597350567623 138.48436660331387 1629.3237878823447 -4445.588468861124 -3754.1136520114414 6862.534606394313 822.010192251331 11.28037780133446 -16.02284093623728
28.344743577572846  407.2464298168902 3266.455976670823 17127.261916981846 11052.349660238378 11743.824477088061 5089.289115504294 6279.151531075512 33.13484813291737 5.831629395345637
777.3974522251024  1.5991998367125229 -7.51376616562241 -40.87729038432879 -6115.789547127797 -5424.314730278115 -22.596700053505145 -15.354421073561785 -0.09239939314974141 -27.39561813072148
762.7452258471084  -91.65105480772911 1.371753812035533 60.77198941250139 -6014.140267330967 -5322.665450481285 396.43586297977316 35.60801152177642 0.599753561456695 -26.703465176115046
779.5939551277443  15.502270820468478 -8.83854555038652 -56.03260720197824 -6130.944863945447 -5439.470047095764 -85.07201972496858 -22.95262357262701 -0.19559537579023817 -27.498814113361973
2503.2902001982634  -1338.6632486438386 -3505.285798304751 -17853.417909633717 -23928.330166377185 -23236.8553495275 -1589.6087290478254 -6414.500074319077 -29.804930481116273 -57.10814921868801
650.2683561569052  416.44591815105036 449.85019682736475 2148.4593058671603 -3926.452950876308 -3234.9781340266254 -846.5588014136075 735.356236227703 2.264114294695697 -25.039104442876038
1912.850852536572  -957.6728979725424 -2510.9954658296074 -12789.956810620812 -18864.86906736428 -18173.394250514597 -1144.1728542793344 -4595.454709336519 -21.358743895781686 -48.661962633353426
991.303371407877  -74.78925886362788 -533.9352570215201 -2794.82724518488 -8869.739501928347 -8178.264685078666 -796.5947191528161 -1023.438949782885 -5.3637765918807805 -32.66699532945252
332.72639886616173  -100.88676118929266 1308.8973666527193 7017.133615080072 942.2213583366032 1633.6961751862855 3173.298034847287 2610.933243420012 14.962253429423564 -12.340965308148174
507.09912324261353  1410.1872127311196 1164.9119369701514 5369.957618034152 -704.9546387093166 -13.479821859634058 -3616.916132814441 1785.1123828109296 3.746259224733794 -23.556959512837942
1357.772784666634  -1483.377271758035 -1706.360960157294 -8205.66215360336 -14280.574410346828 -13589.099593497145 2797.72471360812 -2823.9057536673763 -9.202435209764317 -36.50565394733605
550.1561578678877  -1561.8787917797938 141.46507557703725 1663.4227400229927 -4411.489516720476 -3720.0146998707933 7003.101970381583 839.1058918324078 11.512565284810059 -15.79065345276168
750.841418267196  3134.794945190266 1000.5795550499212 3490.0149347144556 -2584.8973220290127 -1893.4225051793303 -11366.672968491268 842.592647567642 -9.054696033889266 -36.357914771461
1308.4869599693368  -3070.839704378788 -2088.797021330624 -9312.436111357993 -15387.348368101459 -14695.873551251778 8813.940862170537 -3006.169421767617 -3.257818203805586 -30.561036941377324
399.0183727285715  186.1829009512203 1152.7192009017597 6019.361772896631 -55.550483846837324 635.9243330028452 1613.6284839626928 2200.6384053749794 11.4222073788155 -15.88101135875624
729.1033187306674  667.6989769337459 315.4883399743156 1287.5651864246358 -4787.347070318832 -4095.8722534691497 -2206.755425983629 380.8367165140224 -0.8087586835734935 -28.11197742114523
1337.8777935116834  -509.1391046997992 -1375.91346297052 -7017.441752732592 -13092.35400947606 -12400.879192626377 -694.0429152751904 -2523.7139155653945 -11.803315003303915 -39.10653374087565
912.2394043868151  263.33586635348297 -253.2953251777789 -1500.2100390459068 -7575.122295789375 -6883.6474789396925 -1661.0600332087797 -592.8099386449502 -4.451026509555217 -31.754245247126956
1225.977998823746  -316.91782785994997 -1099.7742765401956 -5661.614305782509 -11736.526562525978 -11045.051745676295 -941.3958611984472 -2049.5477189157423 -10.008912211978211 -37.31213094954995
974.743513261047  -214.5878442649935 -539.017753512701 -2740.272166730553 -8815.184423474022 -8123.709606624339 -206.91717146683686 -983.2383669868627 -4.527440389774144 -31.830659127345882
854.2038085080974  -221.14727090249983 -262.34084526437334 -1265.5950198671846 -7340.507276610653 -6649.032459760971 400.45151199573905 -436.63712096263436 -1.4589047656419287 -28.762123503213665
769.6123225580126  45.201800252363455 25.13839832944694 107.26309006240254 -5967.649166681066 -5276.174349831383 -141.47844799820115 33.21840307924933 -0.013394659457946517 -27.316613397029684
1099.7262271137686  -226.7063692727839 -813.9148991950307 -4194.589043908188 -10269.501300651655 -9578.026483801972 -730.3539667004432 -1519.631878400909 -7.457338329038027 -34.76055706660976
873.5734334354665  -58.2405793912003 -259.46024665828196 -1345.3395452833433 -7420.251802026812 -6728.776985177129 -293.0654189392352 -489.4665732939058 -2.466761613781494 -29.769980351353233
767.4299365495892  31.298729268607502 26.46317771421105 122.41840688005198 -5952.4938498634165 -5261.019033013734 -79.00312832673771 40.81660557831455 0.08980132318255023 -27.213417414389184
858.7655589098833  -193.61899500471833 -264.9639270604808 -1295.6027601111919 -7370.515016854661 -6679.040200004977 276.74950121498694 -451.681668671976 -1.6632342612612347 -28.966452998832974
954.1443333846787  -99.1366805764606 -458.0014336674738 -2376.946347280587 -8451.858604024055 -7760.383787174373 -533.0814998634056 -865.3283954948046 -4.377764267213609 -31.680983004785347
853.9538167658857  56.45761009520456 -178.3721782978239 -981.1929314490235 -7056.105188192491 -6364.63037134281 -615.8461564703568 -371.14509196556656 -2.311496516469821 -29.614715254041563
944.5758590025641  -153.98147689611304 -452.7754475806047 -2317.161695026784 -8392.073951770253 -7700.59913492057 -286.6290300177168 -835.3550270970171 -3.970677037670066 -31.273895775241805
864.6362092191076  -111.78015188378828 -254.3586311957604 -1286.9776780128163 -7361.889934756285 -6670.415117906602 -52.47814793586957 -460.2065260721541 -2.069362449238632 -29.372581186810372
817.9106486421811  -117.19891789086739 -143.42154168495625 -694.0600794418519 -6768.97233618532 -6077.497519335638 203.02901303942508 -240.03852768106717 -0.821202258478908 -28.124420996050645
796.8633538182845  -15.421818413348788 -61.10226378148041 -315.82857652490895 -6390.740833268377 -5699.266016418695 -61.68906842440779 -114.65550876071859 -0.570029963267487 -27.873248700839227
726.0241214078245  42.78778352593662 135.78917484450767 696.9053023997001 -5378.0069543437685 -4686.532137494086 100.52646789320656 251.74426833874315 1.2124626850480598 -26.09075605252368
787.5853399704289  -73.63746653122865 -55.55507995516192 -252.36946076536918 -6327.281717508838 -5635.806900659155 199.91077741507718 -82.83992761819329 -0.13792247999295207 -27.44114121756469
851.094854959235  -53.873589062361035 -204.66598699576213 -1056.5944863576328 -7131.506743101101 -6440.031926251419 -197.11047391648088 -383.24990079195544 -1.895206122528235 -29.198424860099973
783.8868162867291  42.61810275773086 -11.422326874180705 -85.59075476977046 -6160.503011513239 -5469.028194663557 -206.9206580882093 -37.77176548959359 -0.3968634931112073 -27.700082230682945
841.478761409397  -65.7322342941534 -185.13255567673158 -945.8326085353025 -7020.744865278771 -6329.270048429089 -105.29585520515184 -340.5679067713505 -1.6058617496014285 -28.90908048717317
787.4292812721179  -28.10032959518246 -41.49071004545587 -204.17298764870958 -6279.085244392178 -5587.610427542496 33.809728219727404 -71.52544772543813 -0.27460010948203306 -27.57781884705377
836.284973714259  -50.882469578206255 -168.14408373681522 -864.1847599031139 -6939.097016646582 -6247.6221997969005 -133.4990693417675 -312.482393445413 -1.5147613914352847 -28.817980129007026
760.4830555201202  -245.68539319817225 -39.161180599683014 -64.82522399180121 -6139.737480735269 -5448.262663885587 973.0312793450755 11.186420077731597 1.1391086791228662 -26.164110058448873
792.4693133099395  -42.95009431113028 -58.47918198537298 -285.82083628090174 -6360.73309302437 -5669.258276174688 62.01294235634431 -99.61096105137692 -0.3657004676481809 -27.668919205219918
803.3150461766647  24.86029700247005 -64.94061835364046 -359.7388911543269 -6434.6511478977945 -5743.176331048113 -242.7021726937057 -136.6701895731604 -0.8690252347460128 -28.17224397231775
1338.3863381217643  -1576.6275264024766 -1697.475440179636 -8104.0128738065305 -14178.925130549998 -13487.450313700314 3216.7572766413987 -2772.943321072038 -8.51028225515788 -35.813500992729615
658.9216045094252  -779.842761475504 66.94735123395121 810.9489365067736 -5263.963320236695 -4572.488503387012 3488.9178706997686 411.7134023054761 5.70787819791997 -21.59534053965177
1224.519416210715  -2278.0870860059226 -1685.845967551194 -7632.878424749477 -13707.790681492947 -13016.315864643264 6253.281562783972 -2498.1901698472298 -3.907646176668644 -31.210864914240382
452.91432410633666  2182.7342257959494 1569.7883185710414 7071.54082334234 996.6285665988726 1688.1033834485554 -6086.778826742413 2304.1342512097917 3.2464079942066517 -24.056810743365084
606.0479424358816  244.35684242809458 521.4583934175687 2629.55378087048 -3445.3584758729885 -2753.883659023306 42.32521283673907 938.0083598336905 4.145420498605676 -23.157798238966063
791.8093459560098  -0.5720536974009676 -44.1137918415633 -234.18072789271673 -6309.092984636185 -5617.618167786502 -89.8922825610247 -86.5699954347798 -0.4789296051013391 -27.78214834267308
776.7437924264395  43.97724045044117 6.851623978186513 10.762818003852622 -6064.149438739616 -5372.6746218899325 -174.5019249708729 -2.3134554569659116 -0.20562853060290365 -27.50884726817464
752.7518185637556  30.310886480404093 63.364223624255565 319.16547965996534 -5755.746777083503 -5064.27196023382 2.4882784587625935 113.75866566337453 0.49978002717007075 -26.803438710401668
816.4694116345381  -33.06429910331446 -114.63154421936643 -590.1024252721186 -6665.014682015587 -5973.539865165904 -97.98881172404234 -213.61695943749862 -1.0430477088348042 -28.346266446406542
772.4056552159079  16.44896455265968 9.474705774293943 40.77055824785979 -6034.141698495609 -5342.666881645926 -50.799914190120795 12.731092252375763 -0.0012990349835976106 -27.304517772555336
804.0980872641719  -16.7809561060591 -79.37621463384762 -412.182149298532 -6487.094406042 -5795.619589192318 -94.10780154174421 -150.11381879334627 -0.7612649257757906 -28.06448366334753
784.6088889269237  0.6525061045206577 -25.827017490303625 -137.68045583417043 -6212.592712577639 -5521.117895727956 -56.86880558835168 -51.0381368985658 -0.28669573395638603 -27.58991447152812
1021.0550164471571  -234.7739513616291 -647.5150361580339 -3305.2786682197366 -9380.190924963204 -8688.716108113524 -347.36539084779974 -1189.4129813959357 -5.585547602784544 -32.888766340356284
529.1400245395807  557.7838132432678 841.2586513022628 4146.763952741447 -1928.1483040020212 -1236.6734871523388 -634.1032197462407 1454.537413445438 5.644139820286844 -21.659078917284894
675.8450351561468  731.4305185225475 475.0466930310055 2098.6095108330696 -3976.3027459103987 -3284.827929060716 -2146.405870613071 671.8164927811673 0.5301007838740532 -26.773117953697685
586.4782384559908  195.8527688295605 562.8871097317108 2878.0968584864827 -3196.8153982569856 -2505.340581407303 337.3371945316883 1036.91863543826 4.908089923626978 -22.395128813944762
789.6399010689785  -14.197258611426502 -42.815489430219976 -219.32830446635901 -6294.240561209827 -5602.765744360145 -28.665591451736034 -79.12365022450335 -0.37779609212252985 -27.681014829694266
762.6238615369981  0.6113570485091167 29.387279744422102 155.86978239558456 -5919.042474347884 -5227.567657498201 58.89470673199515 57.58763901149818 0.31757931083777907 -26.98563942673396
804.8294075523971  -58.74655275926929 -93.78090524997054 -464.271850362932 -6539.1841071064 -5847.709290256717 55.944050958113436 -163.3801902023185 -0.6510971666209693 -27.954315904192704
588.2712886041797  999.7459084036523 799.1454898863627 3664.9944515014945 -2409.917805241974 -1718.4429883922912 -2620.1193459730075 1212.9995906246177 2.363662237081175 -24.93955650049056
1094.302989216872  -441.7008940373029 -867.0425902224147 -4351.570531109964 -10426.482787853432 -9735.00797100375 81.64804617961249 -1546.9390599679457 -6.6668275112514594 -33.970046248823195
577.698635675444  875.8933025083552 792.543551759288 3702.1673003991614 -2372.744956344307 -1681.2701394946246 -2102.0972022103915 1244.4854958163462 3.08163890364228 -24.221579833929457
1030.6089352336476  -926.4017024613412 -876.0673691161868 -4116.7182351800975 -10191.630491923564 -9500.155675073884 2144.137726058364 -1390.6472822648525 -3.673090096231677 -30.976308833803415
700.6517092026432  -636.7034083503172 -1.902318428139992 361.4116777663083 -5713.500578977159 -5022.025762127478 2730.1233291859835 224.88266484119742 4.041452222567911 -23.261766515003828
885.9392866224621  -310.2458591981848 -364.2716769038737 -1755.4821116603268 -7830.394368403795 -7138.919551554113 569.6707968154367 -605.1502009182633 -2.005506914638804 -29.30872565221054
745.5999719631893  -108.87368719409159 39.819761152454156 275.2161148878554 -5799.696141855613 -5108.22132500593 550.8804806874497 117.42258754526868 1.1302355030023923 -26.172983234569344
895.9443883478808  -297.56734801635076 -383.8832306398979 -1867.1377005365246 -7942.049957279993 -7250.57514043031 474.1720001713009 -648.2802619535432 -2.300936768424256 -29.604155505995998
690.0050925195801  268.89496472376663 298.278728752878 1428.7839849950947 -4646.128271748374 -3954.653454898691 -530.2545545125969 490.18481879332404 1.5474070538408795 -25.755811683730858
723.8529988251761  400.7008315980355 248.91244968195267 1089.4361441690687 -4985.476112574399 -4294.001295724717 -1199.5943498386705 345.7490693863248 0.1664274423256138 -27.136791295246127
776.3033259155084  -5.333553641920698 -6.853166151504969 -33.32010567958931 -6108.232362423058 -5416.757545573376 8.556560279202337 -11.565584429607357 -0.040940811914863685 -27.344159549486605
791.2692487405671  -3.9623890094588354 -43.790737580091154 -230.48502599834143 -6305.397282741809 -5613.922465892128 -74.65735477695864 -84.71713470560384 -0.45376473437476605 -27.756983471946505
733.2601711808902  43.578739416074605 117.31034841772882 598.2079776971834 -5476.704279046285 -4785.229462196602 58.446000036187115 215.1109052222657 1.0052685851441099 -26.297950152427624
743.7509167689996  204.79446570746435 138.75553247517456 618.141849909619 -5456.770406833849 -4765.295589984167 -588.9461500514598 199.40668238337037 0.21128618452952463 -27.091932553042213
848.7381806801905  -114.66924663996004 -217.27642103679926 -1088.1581080156764 -7163.0703647591445 -6471.595547909462 37.55679031930407 -386.2254079637805 -1.6452716425861027 -28.94849038015784
731.8583705281623  80.95114180478593 132.15270989656506 655.3045807881086 -5419.60767595536 -4728.132859105677 -70.96571617126583 230.8875148498289 0.9291939552078237 -26.374024782363914
784.6306580090888  0.7897577151544724 -25.840095759450477 -137.8300696601603 -6212.742326403629 -5521.267509553946 -57.48556416347435 -51.11314662354937 -0.28771448836286895 -27.590933225934606
774.5555999416297  -0.13613599133932464 -0.9072009725343971 -4.743358658324034 -6079.655615401793 -5388.18079855211 -1.3145646686128916 -1.7356547655294654 -0.009055686556714166 -27.312274424128454
743.960557310145  -10.162600038784888 73.66202390486234 397.52669680657766 -5677.385559936891 -4985.910743087208 197.8455049323646 148.54831671582514 0.8706588784026001 -26.43255985916914
774.5081696853301  -0.43711955933337765 -0.8785212062800822 -4.415265581968028 -6079.327522325437 -5387.852705475753 0.03794548171694201 -1.571163474275757 -0.006821626535436909 -27.310040364107174
745.0238001837882  -3.2806829721072077 73.00626793064319 390.02492733563497 -5684.887329407833 -4993.412512558151 166.92068485516492 144.78726280798818 0.819577632037968 -26.48364110553377
772.0958254239658  -15.757580017639723 0.5813167103911075 12.285104595900238 -6062.627152147568 -5371.152335297886 68.88249542072094 6.801660132619569 0.10689497415997894 -27.196323763411762
786.8250515972647  -15.622114885702528 -36.238508845648575 -183.5328171033567 -6258.445073846825 -5566.970256997142 -8.778637706659978 -65.67456488293983 -0.2967569298045849 -27.59997566737632
840.7985765716287  -53.592395590804415 -179.84811170424877 -924.8235845486921 -6999.73584129216 -6308.261024442478 -146.36368303050506 -334.53209720162687 -1.625506963351918 -28.928725700923657
760.9770841866044  238.95229625976486 105.13503456623108 419.4794722316866 -5655.432784511781 -4963.957967662099 -806.007188389262 121.00719189711218 -0.3744346775408236 -27.677653415112562
725.7037910454361  -82.58805630479594 98.96667388146787 574.31062191118 -5500.601634832288 -4809.126817982606 561.8252363202388 224.33083187296955 1.6095623154656828 -25.693656422106056
821.4522549078447  60.487271596105984 -98.70110632244082 -560.0027382790611 -6634.914995022529 -5943.4401781728475 -466.3650074067906 -215.87258568648502 -1.4656508647746904 -28.76886960234643
743.7160209544611  -9.420111802987265 74.51144750185846 401.6090892381885 -5673.30316750528 -4981.828350655597 196.4353442255333 149.95259238212253 0.8752138963109091 -26.42800484126083
774.3614683777649  -1.3681170600409849 -0.7898094175216571 -3.400413388797979 -6078.312670132266 -5386.837853282584 4.221507986576426 -1.0623616746758686 8.873176120275088e-05 -27.303130005810537
774.2347435168723  0.1535525091790591 -0.014631460047101969 -0.16738257076214483 -6075.07963931423 -5383.604822464548 -0.6900087092841224 -0.08391823290645813 -0.0011397475757615346 -27.304358485147503
774.2347435237431  0.15355248873046054 -0.014631483440768435 -0.16738268319383057 -6075.079639426662 -5383.60482257698 -0.690008670447399 -0.08391827158110371 -0.0011397477012096268 -27.30435848527295
774.2347435359976  0.15355245225957254 -0.014631525164302049 -0.1673828837202092 -6075.079639627188 -5383.604822777506 -0.6900086011805598 -0.08391834055887072 -0.0011397479249512833 -27.304358485496692
774.2347435362819  0.15355245141348275 -0.014631526132248194 -0.16738288837222975 -6075.07963963184 -5383.604822782158 -0.6900085995736354 -0.08391834215908907 -0.0011397479301418763 -27.304358485501883
771.6315725938827  -2.4269876518932767 5.752297556194359 31.996124060600682 -6042.916132682867 -5351.441315833185 22.463855836214492 12.186707905618729 0.07841135381447707 -27.22480738375726
785.1439861173657  -10.860482229965633 -30.619088276638116 -156.4377366035096 -6231.3499933469775 -5539.875176497296 -17.462028182790036 -56.33049517499725 -0.2656636406825598 -27.568882378254298
772.8859145280327  4.614154207425541 4.713300383100488 22.364085910514888 -6052.5481708329535 -5361.073353983271 -9.946986288582195 7.614613737268494 0.022121792309722787 -27.281096945262014
783.3583081961242  -10.491812040973754 -26.053352996236086 -132.38083090901307 -6207.2930876524815 -5515.818270802799 -9.487146977782665 -47.4817040997985 -0.21806930556280046 -27.52128804313454
772.7205092497671  -0.15819117802799454 3.6957652853553133 19.739464940501144 -6055.172791802967 -5363.697974953285 8.416093571404643 7.326672623294739 0.04143881998078752 -27.26177991759095
782.049102326009  -8.056875060990945 -22.05257487719171 -112.53300264773009 -6187.445259391198 -5495.970442541516 -11.567837570423244 -40.486175632577925 -0.18983836493118733 -27.493057102502927
756.1025764512242  114.65664711860785 80.17185386260009 359.3001415304332 -5715.6121152130345 -5024.137298363353 -324.5203713716151 116.53412996228086 0.1455072866023705 -27.157711450969366
800.1537426468444  24.680604418425602 -57.194043341114124 -318.4522601034395 -6393.3645168469075 -5701.889699997225 -225.71369540524523 -121.36752508347033 -0.7831357148285025 -28.086354452400244
762.7300547581692  -80.11825332569924 4.873694553583743 72.65921353538614 -6002.253043208082 -5310.7782263583995 354.2432184488003 38.35546495799139 0.5644817801293287 -26.738736957442413
784.8154823564039  69.40790850155885 -5.69348575882454 -70.76770361987207 -6145.679960363341 -5454.205143513657 -309.96746336975076 -36.12223689141564 -0.5051162285398431 -27.80833496611158
774.4612728655998  -1.6651123543599016 -1.129578856319954 -5.033370361441605 -6079.945627104909 -5388.470810255228 4.785572269308688 -1.6240719411945697 -0.0017332754021199635 -27.30495201297386
774.2105509068627  5.5745644143832965e-08 6.377429739967864e-08 3.065039751149495e-07 -6074.9122564369645 -5383.437439587282 -1.0587415821367885e-07 1.0543231232365905e-07 3.4198845872970875e-10 -27.303218737229752
773.3145205078325  1.2890216940110568 2.6376923152979956 13.270147085071514 -6061.642109658396 -5370.167292808715 -0.013461624374023096 4.725698408054887 0.020630679597151647 -27.282588057974586
774.2105509057003  5.920584140431056e-08 6.773284254774227e-08 3.2552903494351314e-07 -6074.91225641794 -5383.437439568256 -1.1244589090836456e-07 1.1197661912773608e-07 3.6321608191329344e-10 -27.303218737208525
774.2105509255933  0.0 0.0 0.0 -6074.912256743469 -5383.437439893785 0.0 0.0 0.0 -27.30321873757174
774.2105509817862  -1.6723825135555472e-07 -1.91324401078452e-07 -9.195191771305655e-07 -6074.912257662988 -5383.437440813304 3.176249795896528e-07 -3.162994314656614e-07 -1.0259734675263413e-09 -27.303218738597714
766.6160013922782  7.0355299998389835 21.22972265956651 108.75458360012527 -5966.157673143343 -5274.68285629366 14.231078933099326 39.234298715432026 0.18735317059941586 -27.11586556697232
778.2108589222148  -3.949372458895146 -11.217855885202184 -57.33103904132505 -6132.243295784793 -5440.7684789351115 -6.524470331754145 -20.648308826727167 -0.09751927750066103 -27.4007380150724
774.0130652604342  21.540891438902047 6.9651318040587995 24.458138848299242 -6050.454117895169 -5358.979301045487 -77.91905473498247 5.9661698675526615 -0.06123957534484835 -27.364458312916586
780.3330106973159  -7.7357365005168 -17.666345046761247 -89.40263544012288 -6164.314892183591 -5472.840075333908 -3.7646286105107336 -31.97341888493823 -0.14390445684919245 -27.447123194420932
771.4052197101721  28.69730050891857 15.668984395817295 66.55306941217503 -6008.3591873312935 -5316.884370481611 -90.4289788132072 20.517661640395474 -0.011683412014359351 -27.314902149586096
776.8120173170662  -30.02126364810446 -15.542828023886212 -65.10985653747026 -6140.022113280938 -5448.547296431257 96.37838556456744 -19.794098923682913 0.021510571661510297 -27.28170816591023
774.1360147545786  -0.007909558901712105 0.1847882642673868 0.9869732470232253 -6073.925283496445 -5382.450466646763 0.4208046785707803 0.36633363116410383 0.0020719409990372245 -27.301146796572702
774.2110322633457  0.003055361058821433 -0.0002910375037333437 -0.0033300349439252656 -6074.915586778412 -5383.440769928729 -0.01372947049549585 -0.0016696000782342251 -2.267744031697119e-05 -27.303241415012053
774.2110322602566  0.0030552616248902915 -0.0002910596094198892 -0.003330094439586423 -6074.915586837908 -5383.440769988225 -0.013729089786908961 -0.0016696078576105525 -2.2677047737132355e-05 -27.303241414619475
774.2110322854446  0.0030552520258571862 -0.0002911257385038972 -0.0033304403890489415 -6074.9155871838575 -5383.440770334175 -0.013729187003198322 -0.0016697344921026715 -2.2677709907840984e-05 -27.303241415281647
774.2110322879566  0.0030552499662787644 -0.0002911326648287791 -0.003330476008482473 -6074.915587219477 -5383.440770369793 -0.013729192658760344 -0.0016697473772009817 -2.267777253741621e-05 -27.303241415344274
770.5078414987928  3.4514257352411537 10.34513070581571 52.9820793098756 -6021.930177433593 -5330.45536058391 6.835750858662106 19.110388159921207 0.09114914250983572 -27.212069595061905
776.3008042709718  -1.9768907172638297 -5.838761118440434 -29.886055570598288 -6104.798312314067 -5413.323495464384 -3.7339065179235416 -10.775463330796665 -0.0512598159309746 -27.354478553502712
772.4449969677028  1.6964980147318478 4.945305908790021 25.29994678633095 -6049.612309957137 -5358.137493107455 3.067578786102902 9.11864666548057 0.04327487936046175 -27.259943858211276
775.3434205506112  -1.0088512937987966 -3.1465592041340513 -16.13883123207864 -6091.0510879755475 -5399.576271125864 -2.2549076488686053 -5.827283208999665 -0.02798491816917472 -27.331203655740914
773.4147360845708  0.8182916662419528 2.2445440866808166 11.454798132130069 -6063.457458611339 -5371.982641761656 1.184902910529075 4.121371642595006 0.019333192767869874 -27.283885544803866
774.8638871879485  -0.5339018419555037 -1.8005141437215035 -9.26022360346064 -6084.172480346929 -5392.697663497246 -1.4765760914782629 -3.350046192210759 -0.01629021115856788 -27.31950894873031
773.8997075256643  0.38071301626316373 0.8949380814985813 4.535453723656171 -6070.3768030198125 -5378.901986170129 0.23864062793480634 1.6237110143284124 0.007361099802391866 -27.295857637769345
774.6237305911449  -0.2992542740742643 -1.12722222262355 -5.817837989753075 -6080.730094733221 -5389.255277883539 -1.0747060978263716 -2.1098826065227376 -0.010421872983589636 -27.313640610555325
774.7670388131555  9.002132013091293 1.3064622414093625 1.6924594065514187 -6073.219797336917 -5381.744980487235 -35.92160988758866 -0.6625290750261144 -0.04314299974602538 -27.346361737317764
773.6683288803272  12.272050259288626 5.047323826353384 19.671315981864005 -6055.240940761604 -5363.7661239119225 -42.13195774634582 5.521901064777882 -0.023082700535851288 -27.32630143810759
776.9845101357063  -5.668693329143687 -8.661577633095842 -42.73829281458604 -6117.650549558054 -5426.1757327083715 6.20993542915291 -15.002535972394506 -0.058585547509537365 -27.361804285081277
774.6639869057404  -12.83661076834364 -4.993528514098145 -19.05590492628512 -6093.9681616697535 -5402.493344820071 44.668886626291254 -5.21336140079941 0.027273170222367183 -27.275945567349375
774.1763127513456  -0.0405433618371677 0.07379639119019742 0.41596857643820245 -6074.49628816703 -5383.021471317347 0.3285866146414983 0.15972161933986087 0.0010659625598056408 -27.302152775011933
774.2107966474452  0.0015598162683821554 -0.0001485556519537236 -0.0016999136369616897 -6074.913956657105 -5383.439139807423 -0.007009088733863673 -0.000852313028683724 -1.1576972887096467e-05 -27.30323031454462
774.2107966564114  0.0015597895839106577 -0.00014858617960206955 -0.001700060355090316 -6074.913956803824 -5383.439139954141 -0.007009038053743269 -0.0008523634973001753 -1.1577136591031001e-05 -27.30323031470833
774.2107966676929  0.0015597560080609684 -0.00014862459114536446 -0.0017002449637993139 -6074.913956988432 -5383.43914013875 -0.0070089742852663455 -0.0008524269996513517 -1.1577342572202484e-05 -27.30323031491431
774.2107966677576  0.0015597558154980564 -0.00014862481144175922 -0.0017002460225600286 -6074.9139569894905 -5383.439140139809 -0.007008973919543848 -0.0008524273638475757 -1.1577343753537718e-05 -27.30323031491549
774.1422502478405  0.16192369127359568 0.22013507890748038 1.075781519419412 -6073.836475224049 -5382.361658374366 -0.23449051336154766 0.37488070019521036 0.0013750533196541506 -27.301843684252084
774.5036323338127  -0.1821457268747036 -0.7905557528501427 -4.096410559841152 -6079.008667303309 -5387.533850453627 -0.8728039057505195 -1.4896831841020028 -0.00748610629460067 -27.31070484386634
774.1576910116199  -0.05174699274772099 0.11719190466406075 0.6532021088967668 -6074.259054634572 -5382.784237784889 0.46754189990736483 0.24910706438223781 0.0016121652346264505 -27.301606572337114
774.4566180789905  -0.11299722070146334 -0.6517573697413699 -3.3988897449419184 -6078.3111464884105 -5386.836329638728 -0.8791750307007731 -1.2414850522483734 -0.006408909942904038 -27.309627647514645
773.9472936066651  5.130045597331206 2.201759952746066 8.711388246132264 -6066.200868497336 -5374.726051647654 -17.420019361711553 2.4889660089148666 -0.008644472606623209 -27.31186321017836
775.5517722736874  -0.7946294269793226 -3.604974042445339 -18.700824041948472 -6093.613080785416 -5402.138263935734 -4.134466011787312 -6.805944223751657 -0.0343664790045671 -27.337585216576304
772.8999882783096  0.9820174099022794 3.5871185070381157 18.496558441481753 -6056.415698301986 -5364.940881452304 3.2924130481917286 6.7035344789978595 0.03297558655009193 -27.270243151021646
775.5076690491888  -1.0743199899518683 -3.578323149783377 -18.395941458528014 -6093.308198201997 -5401.833381352313 -2.8776386991747165 -6.653089690645418 -0.032290466228505676 -27.335509203800246
774.1994314096913  -0.04731763976361899 0.013710476673653889 0.10049709056069735 -6074.811759652907 -5383.336942803225 0.23189127991000372 0.04396023092932887 0.0004518782751637388 -27.302766859296575
774.2105511033071  -5.289043734776593e-07 -6.050787523976704e-07 -2.9080530939477627e-06 -6074.912259651522 -5383.437442801839 1.0045144544925895e-06 -1.0003223023123826e-06 -3.2447233192665016e-09 -27.30321874081646
774.2105511621195  -7.039381254652143e-07 -8.05321385264813e-07 -3.8704339505586885e-06 -6074.912260613903 -5383.437443764219 1.3369449328784837e-06 -1.3313654446091845e-06 -4.318520635402173e-09 -27.303218741890262
774.2105562905567  -1.5966971776970243e-05 -1.82665824804076e-05 -8.779054211953161e-05 -6074.912344534011 -5383.4375276843275 3.0325054487603552e-05 -3.019849857522565e-05 -9.795420166816565e-08 -27.30321883552594
774.2105563531261  -1.6153188026565176e-05 -1.8479618147403903e-05 -8.881440724134417e-05 -6074.912345557876 -5383.437528708193 3.067872317283217e-05 -3.05506912907027e-05 -9.90966013868788e-08 -27.303218836668343
774.1632484859236  0.06726283531671898 0.1389780626831697 0.6995763276185295 -6074.21268041585 -5382.737863566167 0.0021023906992006514 0.24922867460430467 0.0010911928030707663 -27.302127544768666
774.4185701185457  -0.11720894569327367 -0.5574984082088636 -2.8953395201097964 -6077.8075962635785 -5386.332779413896 -0.6637654519461722 -1.0545577031269602 -0.005350899936517613 -27.308569637508256
773.6939370263837  1.372363283231001 1.7095777462968664 8.287541090924213 -6066.624715652544 -5375.149898802862 -2.314278903308188 2.8700958510852552 0.009945910757124001 -27.293272826814615
773.7905486746607  -1.0473001927474395 0.7402343359699575 4.546293045938383 -6070.36596369753 -5378.891146847847 6.046896241533784 1.8321609482293948 0.01477966697995139 -27.288439070591785
774.0000682710102  -1.6709903665636663 0.02671845071825578 1.117083096878079 -6073.79517364659 -5382.320356796908 7.2314313411473226 0.6525692831061889 0.010953451594979971 -27.29226528597676
774.6201302561427  0.9804395298221481 -0.733863258024051 -4.473409526686124 -6079.385666270155 -5387.910849420472 -5.746448569497167 -1.7956204863743663 -0.014283390090220411 -27.31750212766196
774.2186870771401  0.0008670088008656263 -0.020169315348687704 -0.10772855669106499 -6075.0199853001595 -5383.545168450476 -0.04594595745712593 -0.039986000663832406 -0.00022617230079452141 -27.303444909872532
774.2105581670381  4.610823042975649e-05 -4.335811623885293e-06 -4.995447278836581e-05 -6074.912306697941 -5383.437489848258 -0.0002070727560282713 -2.5085235111887676e-05 -3.416086448995234e-07 -27.303219079180383
774.2105848863491  0.00021567150208592222 -2.050390599853236e-05 -0.00023484847334137105 -6074.912491591942 -5383.437674742258 -0.0009690510491701303 -0.00011777522702770641 -1.600317159313886e-06 -27.3032203378889
774.2105581892121  4.60998306577289e-05 -4.394012968645793e-06 -5.0258977164950354e-05 -6074.912307002445 -5383.437490152763 -0.00020715852603349615 -2.5196705723434627e-05 -3.421917421857414e-07 -27.30321907976348
774.2105849077468  0.00021567548016982537 -2.055644045411289e-05 -0.00023513007445271958 -6074.912491873543 -5383.43767502386 -0.0009691781084678819 -0.00011787999499513258 -1.6009172366695978e-06 -27.303220338488977
774.1720441983788  -0.00716201916066711 0.0945400856739608 0.5067662511968388 -6074.405490492271 -5382.930673642589 0.22866712246847096 0.18853972185208384 0.0010799086578562643 -27.302138828913883
774.3857179138287  -0.08496319316391993 -0.4653331042696158 -2.424192853343172 -6077.336449596812 -5385.861632747129 -0.6092929875135229 -0.8848397401001226 -0.004548397465910026 -27.30776713503765
774.2304663486336  1.0510683594521841 0.2656525909813862 0.7989310302904445 -6074.113325713178 -5382.638508863495 -3.957331759654578 0.1451471530505059 -0.0037998866873160918 -27.307018624259054
774.5078764603868  -0.4389803388462122 -0.8783438985226036 -4.413237202548996 -6079.325493946018 -5387.850677096335 0.046307144765219244 -1.5701465349562969 -0.006807814840845935 -27.310026552412584
773.9142654433109  0.4452207557040119 0.8777493381477094 4.406435080307426 -6070.5058216631605 -5379.031004813479 -0.07434915273444709 1.5667362048486588 0.006761495905765834 -27.296457241665973
774.5057993789871  -0.45216114884156056 -0.8770878720017466 -4.3988688332961905 -6079.311125576764 -5387.836308727083 0.10553703215665466 -1.5629429212377635 -0.006709979107388374 -27.30992871667913
773.8880912270063  -0.6456071712530034 0.6158852407242179 3.6508443837117914 -6071.261412359756 -5379.786595510074 4.061647427231478 1.4433180177300655 0.01085649848044778 -27.29236223909129
774.2105524396495  9.81213156712276e-06 -8.54966738552258e-07 -1.0270617158395721e-05 -6074.912267014085 -5383.437450164402 -4.392465925509399e-05 -5.2050862632630175e-06 -7.195570154781198e-08 -27.30321880952744
774.210552441407  9.793559201071807e-06 -8.649568463859194e-07 -1.0312888627408776e-05 -6074.9122670563565 -5383.437450206675 -4.386582007109733e-05 -5.218068731425557e-06 -7.194649309602503e-08 -27.303218809518228
774.2105524659493  9.775769611172605e-06 -9.319253227973237e-07 -1.0658521111265017e-05 -6074.912267401989 -5383.4374505523065 -4.39296220094532e-05 -5.3434133471068996e-06 -7.256558930143023e-08 -27.303218810137327
774.2105524660667  9.77544363130683e-06 -9.323176110857376e-07 -1.0660416352251495e-05 -6074.9122674038845 -5383.437450554203 -4.392904342491452e-05 -5.3440679585563035e-06 -7.256780090858297e-08 -27.30321881013954
774.177460769948  0.030707406617084758 0.09231188802513723 0.472823571078112 -6074.439433172391 -5382.964616322707 0.06138522872383251 0.17055868834347343 0.0008139208916343561 -27.302404816680102
774.3584508085098  -0.07920459896351664 -0.39514352778403533 -2.0544163507327173 -6076.966673094202 -5385.491856244518 -0.4870849194469592 -0.7488389219589212 -0.0038173047441421096 -27.30703604231588
774.1830249399397  0.00409584207352108 0.07034801484289577 0.3715890183662291 -6074.540667725101 -5383.0658508754195 0.12967986841621 0.1369095330113341 0.0007434345518353428 -27.302475303019904
774.3351902411921  -0.06175876593180221 -0.3315023625041986 -1.726271689515381 -6076.638528432984 -5385.163711583301 -0.42877229998928756 -0.6299159623882 -0.0032324141799558647 -27.306451151751695
774.184981345405  0.5246551520247061 0.22177115585286228 0.8728206303947659 -6074.039436113074 -5382.56461926339 -1.7886920882698782 0.2478509673058719 -0.0009213296380882231 -27.304140067209822
774.2492323857932  0.33343478752325906 0.0030106664570402793 -0.17855840993706953 -6075.090815153406 -5383.615998303722 -1.4255194057071414 -0.11380608235961026 -0.002094428608204214 -27.305313166179943
774.3459657335966  -0.07092738611771529 -0.3613107302648811 -1.8793867560415187 -6076.7916434995095 -5385.316826649828 -0.4518022728532548 -0.6852592109972089 -0.0035000033382370224 -27.306718740909975
774.170697337059  -0.3408804116887487 -0.0023010584544227754 0.1866753939979466 -6074.72558134947 -5383.250764499788 1.458977608715802 0.11787548105785531 0.002149695499812858 -27.301069042071926
774.2094330863297  -0.0046607211456966766 0.0014071582806688605 0.010200223262292508 -6074.902056520206 -5383.427239670524 0.02295965352283897 0.0044415458483065134 4.5129592929552314e-05 -27.30317360797881
774.2105521841529  8.15905946951578e-06 -7.098733813370311e-07 -8.534693542441033e-06 -6074.912265278162 -5383.437448428479 -3.652236320417516e-05 -4.326097953185735e-06 -5.982161809760834e-08 -27.303218797393356
774.210552188508  8.106826868076017e-06 -7.364955297503345e-07 -8.645741873574001e-06 -6074.91226538921 -5383.437448539527 -3.635379949256437e-05 -4.359710423617594e-06 -5.977959724896252e-08 -27.303218797351335
774.2105522102108  8.150609824310373e-06 -7.778421638477667e-07 -8.891093758858335e-06 -6074.912265634562 -5383.43744878488 -3.662836641284652e-05 -4.4567639986388605e-06 -6.051124731067453e-08 -27.303218798082987
774.2105522216243  8.138712167262422e-06 -8.100738379469036e-07 -9.055499001938044e-06 -6074.912265798967 -5383.437448949285 -3.6644750469692836e-05 -4.515894156695603e-06 -6.078793437879642e-08 -27.303218798359676
774.1997031896869  0.008704097500587211 0.02985263064893172 0.15362142864378261 -6074.7586353148245 -5383.283818465142 0.025117368036896105 0.055597116077040855 0.00027103709255603956 -27.30294770047918
774.3094759959274  -0.050529589634984856 -0.26356657348548507 -1.3716687629123365 -6076.283925506381 -5384.809108656698 -0.33477390911970584 -0.5003128796959095 -0.0025608797185864315 -27.305779617290327
774.1709412308344  0.2137815126671872 0.16366402763334487 0.7453145207463918 -6074.166942222722 -5382.69212537304 -0.57539397284649 0.24517668274721538 0.0004264320319962755 -27.30279230553974
774.1648084868768  -0.09360755107693346 0.08674779270271261 0.5157835125696675 -6074.396473230899 -5382.921656381216 0.5835654273522213 0.20425213376108226 0.0015462008320635352 -27.301672536739677
774.2057888182426  0.23972569321691667 0.08395264192376997 0.3064198915031947 -6074.605836851965 -5383.131020002283 -0.8536719597626786 0.07906199977255839 -0.0006110922010581697 -27.3038298297728
774.2148632381225  -0.24258033496173764 -0.08368049402430683 -0.30330739840483845 -6075.215564141873 -5383.7407472921905 0.8664999656967174 -0.07750163049253654 0.0006322823809288317 -27.302586455190813
774.2114090103523  -0.0011996367537348805 -0.0025149150691137516 -0.012669604892015933 -6074.924926348361 -5383.450109498677 -0.00011334696339500641 -0.004516281562159921 -1.9857856686803988e-05 -27.303238595428425
774.2105510082922  6.893898735682186e-07 -6.156609780365133e-10 -4.0554080803954456e-07 -6074.912257149009 -5383.437440299326 -2.961638581930102e-06 -2.4875416038432426e-07 -4.405144950181806e-09 -27.303218741976885
774.2105510108137  6.878122331141722e-07 -7.421183534890129e-09 -4.4079925806052944e-07 -6074.912257184268 -5383.437440334585 -2.969110772006571e-06 -2.615746829054293e-07 -4.4695278537205795e-09 -27.303218742041267
774.2105510327748  6.788027349002198e-07 -6.527020943917534e-08 -7.430748797035264e-07 -6074.912257486543 -5383.437440636861 -3.051524964065681e-06 -3.721333168743705e-07 -5.044880831432739e-09 -27.303218742616618
774.2105510328765  6.787981446762324e-07 -6.55272145412702e-08 -7.444384730618371e-07 -6074.912257487907 -5383.437440638225 -3.0520432729891282e-06 -3.726372185145406e-07 -5.047663032434302e-09 -27.303218742619404
774.1119889079114  0.046147953336689806 0.26135486102562844 1.3624677594011068 -6073.549788984067 -5382.074972134385 0.3489593051443252 0.49753560075552644 0.002564640353824625 -27.300654097217915
774.2602861211915  -0.02519072783637942 -0.13244765049997376 -0.6894094427331197 -6075.601666186201 -5384.126849336519 -0.16909580350606862 -0.25148989288341517 -0.0012881801732738032 -27.304506917745012
774.1910854525614  0.10904564083286424 0.0816266817310838 0.37030828601134125 -6074.541948457457 -5383.067131607774 -0.297380249790332 0.12141066999390424 0.0001972213178743328 -27.303021516253864
774.2260509699942  0.06714512669849243 -0.018754978716959848 -0.13888389923127645 -6075.0511406426995 -5383.576323793017 -0.3275939321597557 -0.0610027429586491 -0.0006335645296731961 -27.30385230210141
774.2339146612597  0.04374184176030371 -0.045528874268807785 -0.26756121518074555 -6075.1798179586485 -5383.705001108967 -0.2831455608058888 -0.10526561739303969 -0.0007771390361327971 -27.30399587660787
774.1948796385207  -0.0682326727660728 0.018858745692653563 0.14007013481952024 -6074.772186608649 -5383.297369758966 0.3324812559611603 0.06159737230762003 0.0006416383861668155 -27.30257709918557
774.2105096731508  -0.0015423006041159286 -0.00035960348836949085 -0.0010117456054519684 -6074.913268489074 -5383.438451639391 0.005870082280256175 -0.0001535666579411724 5.906252973305229e-06 -27.303212831318763
774.2105508967397  -2.969595583165309e-09 7.155939007914444e-08 3.82151617137004e-07 -6074.912256361317 -5383.437439511634 1.625559005481355e-07 1.4182943283780116e-07 8.017648405495445e-10 -27.303218736769974
774.2105508932901  -2.62774646940412e-09 8.032399402096705e-08 4.285458931646422e-07 -6074.912256314923 -5383.43743946524 1.794359587716277e-07 1.58947369873555e-07 8.954634950761133e-10 -27.30321873667628
774.2105508964582  -1.91784683768429e-08 6.739846603622376e-08 3.6948970183771647e-07 -6074.912256373978 -5383.437439524296 2.234488088921209e-07 1.394647690739779e-07 8.596617561045594e-10 -27.303218736712076
774.2105509209691  1.737515288443916e-07 6.37927968386419e-08 2.377443659224641e-07 -6074.912256505724 -5383.4374396560415 -6.125714652781527e-07 6.30956644603983e-08 -4.107042718047947e-10 -27.30321873798244
774.2105508975285  -1.8665353161611086e-08 6.48650485732008e-08 3.557223230186631e-07 -6074.912256387745 -5383.437439538064 2.1594189929810292e-07 1.3429708430491697e-07 8.286738814993725e-10 -27.303218736743062
774.2105508874886  6.1837229030851756e-09 9.753804255359406e-08 5.149163588099385e-07 -6074.912256228552 -5383.437439378869 1.7763437199868116e-07 1.896448153739563e-07 1.0275567536150844e-09 -27.30321873654418
774.2105509084355  -5.0849798724341764e-08 2.7812454693561566e-08 1.7752605972758317e-07 -6074.912256565942 -5383.43743971626 2.7658031992832757e-07 7.296827751524061e-08 6.286814660196062e-10 -27.30321873694306
774.2105509230138  -1.8513611735404425e-08 9.174033943728549e-10 1.5679964183959466e-08 -6074.912256727788 -5383.4374398781065 8.14209050609438e-08 8.45239372903484e-09 1.2815546074219035e-10 -27.303218737443583
774.210551005107  -4.02433744848999e-08 -2.1174359160592705e-07 -1.1021733385894065e-06 -6074.912257845641 -5383.437440995959 -2.7045719434346703e-07 -4.020664009502597e-07 -2.059593824550428e-09 -27.30321873963133
774.2096926002677  0.0011975618973655514 0.0025148971973188656 0.012670720588712978 -6074.89958602288 -5383.424769173197 0.0001222193133839913 0.0045169914372544945 1.9870899072070344e-05 -27.303198866672666
774.21098002921  -0.0005995655290750151 -0.0012575355131918921 -0.006335364530295948 -6074.918592107999 -5383.443775258316 -5.792249249799179e-05 -0.002258384962859893 -9.93139459115079e-06 -27.30322866896633
774.2094135332775  0.002084672515950658 0.003482049942011775 0.017294587120117808 -6074.894962156348 -5383.420145306665 -0.0016625161424746989 0.006100919510703108 2.4791093507604783e-05 -27.30319394647823
774.2095531087604  0.0029707515540217887 0.003397687377535759 0.01632906645829399 -6074.89592767701 -5383.4211108273275 -0.005644086865055739 0.0056168021133785 1.8214899687039765e-05 -27.30320052267205
774.2103404968353  -0.003968655653947884 -0.0006634936032674372 -0.0012114546682997023 -6074.913468198137 -5383.438651348454 0.01565306652148862 0.00011990181763690084 1.8062376971243335e-05 -27.303200675194766
774.2115487055972  -0.0029706401312439897 -0.0033975598215955356 -0.016328453371317796 -6074.928585196839 -5383.453768347157 0.005643875426311313 -0.00561659120970436 -1.82142151926605e-05 -27.303236951786932
774.2105746248451  6.858694834505004e-08 -5.948785775821473e-05 -0.0003162850399230062 -6074.912573028509 -5383.437756178825 -0.00012482769961949628 -0.00011704206830446652 -6.512003853982758e-07 -27.303219388772124
774.2105512240722  -1.298489708582902e-07 -7.884718470093953e-07 -4.1158480824514594e-06 -6074.912260859316 -5383.437444009634 -1.0930119984626412e-06 -1.5043624630944095e-06 -7.79697065399093e-09 -27.30321874536871
774.210551818779  3.3489220090600956e-07 -2.1421987757462457e-06 -1.1583615089648927e-05 -6074.912268327083 -5383.437451477401 -5.9226059135371125e-06 -4.334130343443785e-06 -2.5571078870227558e-08 -27.303218763142816
774.2105537196725  -2.7186474203085057e-06 -7.832360477487052e-06 -4.0051458748456364e-05 -6074.912296794927 -5383.437479945244 -4.722129575638408e-06 -1.4430688184035214e-05 -6.833612283362299e-08 -27.303218805907864
774.2105545322967  6.112026137409194e-08 -9.038020451466952e-06 -4.8082930794622366e-05 -6074.912304826398 -5383.4374879767165 -1.9182848873480206e-05 -1.780046596654986e-05 -9.92606777312625e-08 -27.303218836832414
774.2105507066233  8.957070831566509e-08 5.767315797754507e-07 3.013712774277678e-06 -6074.912253729755 -5383.437436880074 8.22711578299616e-07 1.1023151289048464e-06 5.7376357871487354e-09 -27.3032187318341
774.2105510947091  -7.497806243872613e-08 -4.471639324021445e-07 -2.333429677085715e-06 -6074.912259076898 -5383.437442227215 -6.141349867903491e-07 -8.526849227372478e-07 -4.413343844050936e-09 -27.303218741985084
774.2098406141628  0.00014348594140708147 0.001826673556493817 0.009627103078758022 -6074.902629640389 -5383.427812790707 0.0032078467364785386 0.0035416927152090126 1.906729155832849e-05 -27.30319967028018
774.2103687160184  0.0028334072900530255 0.001308461731719008 0.0053026193287645 -6074.90695412414 -5383.432137274457 -0.009427939200099064 0.0015564428199876575 -3.7637448359609167e-06 -27.303222501316572
774.2101858813842  0.0023351174235996613 0.0016179090547967883 0.007238439218152094 -6074.90501830425 -5383.430201454567 -0.006640399513376041 0.0023440745485094616 2.8005935666182558e-06 -27.303215936978173
774.2109156469965  -0.002336817598239395 -0.0016176088775044157 -0.007235851363670161 -6074.919492594832 -5383.444675745149 0.006648328731318804 -0.0023428735841471995 -2.786462433300749e-06 -27.30322152403417
774.2105736839092  -3.26187836957689e-05 -6.69419385433621e-05 -0.0003368383794776822 -6074.912593581848 -5383.437776732165 -6.746710530122714e-08 -0.00011996761139174489 -5.241934334515547e-07 -27.30321926176517
774.210550898799  -4.273427965109309e-09 6.599700956178745e-08 3.5334209778378753e-07 -6074.912256390126 -5383.437439540444 1.5651035567518614e-07 1.3135595371465648e-07 7.492342563648774e-10 -27.3032187368225
774.2105509078805  -5.340240286966084e-09 4.287326373224222e-08 2.3103582240792722e-07 -6074.912256512433 -5383.43743966275 1.1268366455478001e-07 8.625273674819799e-08 5.030802597619329e-10 -27.30321873706866
774.2105509049306  -7.058406767863587e-08 3.0686680112897136e-08 2.0432100791813717e-07 -6074.912256539147 -5383.437439689465 3.6733937501897657e-07 8.570820712034649e-08 7.860314037101661e-10 -27.303218736785706
774.2105509066438  9.324732417071249e-08 7.558613523126756e-08 3.4741449385382864e-07 -6074.912256396054 -5383.437439546371 -2.421851773284224e-07 1.1520121572575938e-07 2.3193684062871097e-10 -27.303218737339805
774.2105509002223  2.0484178536515735e-08 6.985823695757523e-08 3.594224912929725e-07 -6074.912256384046 -5383.437439534363 5.828043388529448e-08 1.3006144790105085e-07 6.335166395503095e-10 -27.30321873693822
774.2105509025236  6.914208270950762e-08 7.869296921649397e-08 3.7799653755806015e-07 -6074.912256365471 -5383.437439515789 -1.3216952338608544e-07 1.2996821496369815e-07 4.1971883662005376e-10 -27.303218737152022
774.2105509012109  5.4900004696860434e-08 7.771263714907506e-08 3.810954036617117e-07 -6074.912256362372 -5383.437439512691 -7.306402411511499e-08 1.3315380546589217e-07 4.998611472072401e-10 -27.303218737071877
774.2105509076407  -4.384448481759516e-08 3.1911304440735626e-08 1.952283753994496e-07 -6074.91225654824 -5383.437439698557 2.550790093122465e-07 7.851560983960799e-08 6.288255687285082e-10 -27.30321873694291
774.2105509434489  -6.364523603133663e-09 -4.674580011654702e-08 -2.447928378252461e-07 -6074.912256988261 -5383.4374401385785 -7.052839908373803e-08 -8.966743435677106e-08 -4.70765434876331e-10 -27.303218738042503
774.2105511288479  -8.1911594890209e-08 -5.349686704793546e-07 -2.796165027711429e-06 -6074.912259539633 -5383.43744268995 -7.681736458891103e-07 -1.022914300541544e-06 -5.3296399743243814e-09 -27.303218742901375
774.2105522640946  1.4576095490991071e-07 -3.317181087872563e-06 -1.7719609996297893e-05 -6074.912274463078 -5383.437457613396 -7.570179816690053e-06 -6.577503415169956e-06 -3.7218020941615706e-08 -27.30321877478976
774.2105508639345  3.387382623768432e-08 1.6499827027172267e-07 8.573859779765723e-07 -6074.912255886083 -5383.4374390364 1.9995137417381343e-07 3.1240171262443855e-07 1.5888656852531862e-09 -27.30321873598287
774.2105509698116  -2.1716082687441816e-08 -1.1755323541703434e-07 -6.122563378435929e-07 -6074.912257355725 -5383.437440506042 -1.5283618955874404e-07 -2.2343903095328775e-07 -1.1474126316707899e-09 -27.303218738719153
774.210553792199  -5.064913345260897e-06 -8.719109850187561e-06 -4.339645480061705e-05 -6074.912300139923 -5383.437483290241 3.4967689696892905e-06 -1.533250918898631e-05 -6.306712286097037e-08 -27.30321880063886
774.2105494555161  -7.112130351171993e-06 1.5554085177867772e-06 1.2418769244635167e-05 -6074.912244324699 -5383.437427475017 3.3796744747568926e-05 5.613407399606331e-06 6.239172036282254e-08 -27.30321867518002
774.2105504464612  -1.0061338183622301e-05 -1.818552986987671e-06 -3.7967384953747756e-06 -6074.912260540206 -5383.437443690525 3.9397987704816335e-05 3.554017654579496e-08 4.4298915865112834e-08 -27.30321869327282
774.2105523578763  7.221509007474633e-06 -1.427657799731691e-06 -1.1803454033477707e-05 -6074.912268546922 -5383.43745169724 -3.3998997957078644e-05 -5.401386587456169e-06 -6.169205342731192e-08 -27.303218799263792
774.210550901719  1.512570090737623e-07 1.0537478293599886e-07 4.719253353361742e-07 -6074.912256271543 -5383.43743942186 -4.289277854573268e-07 1.5296803715028387e-07 1.8769701242923766e-10 -27.303218737384043
774.2105509094931  1.0877505733951431e-07 7.309475710839021e-08 3.251093784324715e-07 -6074.912256418359 -5383.437439568676 -3.140792379689206e-07 1.0472484230033333e-07 1.0561335538915453e-10 -27.303218737466125
774.2105509046178  3.782144113638234e-08 6.402830054713997e-08 3.1831329161445255e-07 -6074.912256425155 -5383.437439575472 -2.8373044476021068e-08 1.1236810165615215e-07 4.5912618870959125e-10 -27.30321873711261
774.2105509054426  2.3064857517582115e-09 5.1291604076308735e-08 2.7132682727623816e-07 -6074.912256472141 -5383.437439622459 9.747054388843045e-08 1.0006654190013333e-07 5.463847888583292e-10 -27.303218737025354
774.2105508101783  -1.1877722870633316e-08 2.8623831475628583e-07 1.5286100944408743e-06 -6074.912255214857 -5383.437438365176 6.502223497182339e-07 5.673189785985468e-07 3.2070634078667856e-09 -27.303218734364677
774.2105509004529  1.7156251696380728e-08 6.828007742185792e-08 3.529746826640018e-07 -6074.912256390493 -5383.437439540811 6.92673274182698e-08 1.2815205754987726e-07 6.374851545621523e-10 -27.30321873693425
774.2105509133647  2.4677938092988767e-08 3.811765996068921e-08 1.8823843390299957e-07 -6074.91225655523 -5383.437439705547 -2.6174651352479995e-08 6.611928206523676e-08 2.5953625761543165e-10 -27.3032187373122
774.2105509259118  -1.1989411493501112e-10 -8.352754160310364e-10 -4.370470595399377e-09 -6074.912256747839 -5383.437439898156 -1.2337393430229515e-09 -1.6000034251077528e-09 -8.372488117016844e-12 -27.30321873758011
774.2105510044715  -9.484314446631835e-08 -2.2654546068311002e-07 -1.1490022879087984e-06 -6074.912257892471 -5383.437441042788 -6.69836545229439e-08 -4.115774308148001e-07 -1.8731630624575442e-09 -27.3032187394449
774.2105509080563  6.243923974119843e-09 4.5910591926707115e-08 2.4042313628938735e-07 -6074.912256503045 -5383.437439653362 6.929783006313217e-08 8.806781650394752e-08 4.6239818345980377e-10 -27.30321873710934
774.2105509169047  3.09183285850108e-09 2.2746083297085e-08 1.1911694773427676e-07 -6074.912256624351 -5383.437439774669 3.434032395104353e-08 4.363318860714917e-08 2.2910265437210545e-10 -27.303218737342636
774.2105510360697  1.8795406269990158e-06 2.8706425359504324e-07 4.293339069293722e-07 -6074.912256314134 -5383.437439464452 -7.47009977950718e-06 -1.1021857418689248e-07 -8.851431814377765e-09 -27.30321874642317
774.2105514748871  -1.1654880989449187e-06 -1.7292903764573285e-06 -8.513050276460329e-06 -6074.912265256518 -5383.437448406836 1.38465711562431e-06 -2.9831560309875985e-06 -1.1481449999528044e-08 -27.303218749053187
774.2105507810988  -1.8674230566442288e-06 -1.9800532889212928e-07 3.704390640049671e-08 -6074.912256706424 -5383.4374398567425 7.604502897067019e-06 2.8105357710051433e-07 9.748373088429595e-09 -27.303218727823367
774.2105507573793  -1.8856730468762461e-06 -1.4392706128788135e-07 3.3517996011313494e-07 -6074.912256408288 -5383.4374395586065 7.796079879808515e-06 3.939830417741705e-07 1.0456395741674615e-08 -27.303218727115343
774.2105509098111  6.599356298711943e-08 5.9448601626815466e-08 2.7752823344979823e-07 -6074.91225646594 -5383.4374396162575 -1.5893585704238434e-07 9.324353999762464e-08 2.2928459934405867e-10 -27.303218737342455
774.210550898722  1.0820339771118234e-08 7.07234985097335e-08 3.6966130622899347e-07 -6074.9122563738065 -5383.437439524125 1.0158985165516732e-07 1.3523353656587343e-07 7.046388302693692e-10 -27.3032187368671
774.2105509032269  8.899787106866833e-09 5.883449227725024e-08 3.0757850407554806e-07 -6074.9122564358895 -5383.437439586208 8.494830575588465e-08 1.1253652082659839e-07 5.868333835961755e-10 -27.303218736984903
774.2105509258249  -2.0628468415786176e-10 -6.431560408382393e-10 -3.2987295492243777e-09 -6074.912256746767 -5383.437439897085 -4.6057761889366725e-10 -1.1910682857655114e-09 -5.719628476684013e-12 -27.30321873757746
774.2105509255068  -8.60443335899752e-11 1.9208638350130388e-10 1.0713636251925472e-09 -6074.912256742397 -5383.437439892714 7.716058677382162e-10 4.0874591723051843e-10 2.6502896954335008e-12 -27.30321873756909
774.2105509256083  -9.060802116197014e-11 -6.492124716411705e-11 -2.9225865966131665e-10 -6074.91225674376 -5383.437439894078 2.531776993390398e-10 -9.517022542305551e-11 -1.3210827350960294e-13 -27.303218737571868
774.2105510703126  7.1791424528535e-07 -1.477817782017266e-07 -1.2045389448902023e-06 -6074.912257948007 -5383.437441098325 -3.3922075233202544e-06 -5.484842542932773e-07 -6.19704697273168e-09 -27.303218743768785
774.2105506867426  8.099448703201415e-07 8.429959451217159e-07 4.008860401050895e-06 -6074.912252734607 -5383.437435884925 -1.7132860087711782e-06 1.3674099200585158e-06 4.054319745018645e-09 -27.30321873351742
774.2105508263035  -9.4207174016835e-07 -3.361004799414581e-08 3.710357113990603e-07 -6074.912256372433 -5383.43743952275 3.9750458543818075e-06 2.721613165138074e-07 5.6428833784660374e-09 -27.303218731928858
774.2105509671653  9.36065920453565e-07 1.7673517697475835e-07 3.9334015263869595e-07 -6074.912256350129 -5383.437439500445 -3.6496346489403523e-06 1.153396249838558e-08 -4.038859144865728e-09 -27.3032187416106
774.2105509117752  -8.849748802074619e-08 8.119626596063223e-09 9.480439258268525e-08 -6074.912256648664 -5383.437439798981 3.970200894895565e-07 4.774925551886221e-08 6.534511652895424e-10 -27.303218736918286
774.2105509040563  2.8257912869782766e-08 6.256620414401619e-08 3.161210431570413e-07 -6074.9122564273475 -5383.437439577664 9.633482255368303e-09 1.1292606942902576e-07 5.041484322887012e-10 -27.30321873706759
774.2105509020973  6.518899074553866e-09 6.09566266127287e-08 3.202493189846669e-07 -6074.912256423219 -5383.437439573537 9.961473978759674e-08 1.1756585003741062e-07 6.252387269328425e-10 -27.303218736946498
774.2105509967691  2.4763389574125367e-07 -1.0435064256672644e-07 -6.992388586644976e-07 -6074.912257442707 -5383.437440593025 -1.2818292336829754e-06 -2.941854741803402e-07 -2.7214768363895427e-09 -27.303218740293214
774.2105508366146  3.65624649199127e-07 3.332299964525016e-07 1.5581463522757075e-06 -6074.912255185322 -5383.43743833564 -8.724594569802543e-07 5.242035240520167e-07 1.3126039464872822e-09 -27.303218736259133
774.210550813286  3.977227161101503e-07 4.014479005823586e-07 1.9020717720657527e-06 -6074.912254841396 -5383.437437991714 -8.674848150630485e-07 6.468680399365033e-07 1.8540779567431987e-09 -27.303218735717664
774.2105509801936  -4.03662664514215e-07 -2.5832904826929607e-07 -1.1377677123498133e-06 -6074.912257881236 -5383.437441031554 1.1926000189089393e-06 -3.632087604209912e-07 -2.5054265502315815e-10 -27.303218737822284
774.2105509102668  -6.006756339379768e-08 2.044608825184708e-08 1.4374420322103684e-07 -6074.912256599724 -5383.437439750041 3.0074195536794807e-07 6.178791203046065e-08 6.069083837961032e-10 -27.30321873696483
774.2105509072333  6.121422308363542e-08 6.448648603576413e-08 3.070990742035413e-07 -6074.912256436369 -5383.437439586687 -1.278661946006455e-07 1.0486961168102957e-07 3.148890435275442e-10 -27.30321873725685
774.2105509054843  2.513356423951379e-08 5.804197468087259e-08 2.9389276155174366e-07 -6074.912256449576 -5383.437439599893 1.3578811666363461e-08 1.0514842064326321e-07 4.745897853280455e-10 -27.303218737097147
774.2105509269019  -1.0451013168114352e-09 -3.599414699287126e-09 -1.8525116290827045e-08 -6074.912256761993 -5383.437439912311 -3.04726183684116e-09 -6.705070192503752e-09 -3.2707615075293303e-11 -27.303218737604446
774.2105508793103  1.7142659753483223e-07 1.6769990792091683e-07 7.914844125522327e-07 -6074.912255951984 -5383.437439102302 -3.8506643234554023e-07 2.683242045308329e-07 7.408128912914768e-10 -27.303218736830928
774.2105508936369  -1.3463771799849845e-07 3.9808355303710425e-08 2.9018912396207593e-07 -6074.912256453279 -5383.437439603596 6.614914487041182e-07 1.2665138698846486e-07 1.2944890798367956e-09 -27.303218736277252
774.2105508421752  -7.032306233537679e-08 1.883424743540352e-07 1.042286963559251e-06 -6074.9122557011815 -5383.437438851499 6.962586480694657e-07 3.957362188949099e-07 2.509029442741584e-09 -27.303218735062707
774.2105509513037  6.438033828694691e-08 -4.522335755865513e-08 -2.7797987819741097e-07 -6074.912257021448 -5383.437440171766 -3.711309714922474e-07 -1.1207542245497316e-07 -9.054735387137468e-10 -27.303218738477213
774.2105509263768  -3.782256504055279e-10 -2.080709443191973e-09 -1.0840616519710416e-08 -6074.912256754309 -5383.437439904626 -2.731641352786136e-09 -3.957112595863033e-09 -2.0348623098434754e-11 -27.30321873759209
774.2105508992718  -1.1781901298636306e-09 6.573885169823588e-08 3.501635865763107e-07 -6074.912256393305 -5383.437439543622 1.4267847891499928e-07 1.2973671177630665e-07 7.266620805456392e-10 -27.303218736845075
774.2105509130499  1.4816858538141482e-08 3.594673174608838e-08 1.8245157038556379e-07 -6074.912256561017 -5383.437439711334 1.162572398330856e-08 6.53897635991405e-08 2.9870271225059274e-10 -27.303218737273035
774.2105509122566  1.4794563326309175e-07 7.792003287309999e-08 3.279046222857983e-07 -6074.912256415564 -5383.437439565881 -4.72182582565376e-07 1.0015135168806719e-07 -9.151501888514123e-11 -27.30321873766325
774.2105509614249  8.228767832177103e-09 -8.750134831593344e-08 -4.699698896890552e-07 -6074.912257213438 -5383.437440363756 -2.1851286489443805e-07 -1.7507699811415383e-07 -1.009714953555909e-09 -27.30321873858145
774.2105508721467  7.353143419152442e-08 1.5628715183204848e-07 7.879358389762502e-07 -6074.912255955533 -5383.43743910585 1.1419254305313846e-08 2.8102615553811124e-07 1.2405496431902028e-09 -27.30321873633119
774.2105509213328  -7.947062535785505e-08 -1.3168371673759581e-08 -2.3632604702242277e-08 -6074.9122567671 -5383.4374399174185 3.1369254679095706e-07 2.6327101374910445e-09 3.629800379088862e-10 -27.30321873720876
774.2105509079951  -5.7878594853341034e-08 2.680760420499836e-08 1.762855398430553e-07 -6074.912256567182 -5383.437439717501 3.046595123387365e-07 7.35155245355185e-08 6.6253374749017e-10 -27.303218736909205
774.2105508983327  4.535262281213818e-09 6.981368882148177e-08 3.684920659170473e-07 -6074.912256374976 -5383.4374395252935 1.266743584434212e-07 1.3570068530654557e-07 7.347857675956187e-10 -27.303218736836953
774.2105509165375  7.611444165374405e-10 2.2968167180841976e-08 1.2165756065227613e-07 -6074.91225662181 -5383.4374397721285 4.481358598332343e-08 4.490693904436994e-08 2.464022628023797e-10 -27.303218737325334
774.2105509340147  2.0885654591826517e-08 -1.4872876660482693e-08 -9.125315274636067e-08 -6074.912256834721 -5383.437439985039 -1.2082152580510846e-07 -3.6755684158726854e-08 -2.9595426087409887e-10 -27.30321873786769
774.2105509173391  4.064816624565043e-08 3.293368616947457e-08 1.5136093589120172e-07 -6074.912256592107 -5383.437439742425 -1.056055942034399e-07 5.018746543656535e-08 1.0093414776574056e-10 -27.303218737470804
774.2105508863676  -1.8050035743751653e-08 9.307441960680731e-08 5.053278819538483e-07 -6074.91225623814 -5383.437439388458 2.723537398385132e-07 1.8956625928712038e-07 1.1333422839170298e-09 -27.303218736438396
774.2105509071118  1.2110844577421025e-08 5.004436055148159e-08 2.5897535232015964e-07 -6074.912256484493 -5383.43743963481 5.2758061257757775e-08 9.409260638848194e-08 4.701873971820592e-10 -27.303218737101552
774.2105509172551  -2.1293158764226253e-08 1.454311417274878e-08 8.973787735301565e-08 -6074.91225665373 -5383.437439804048 1.2188108155262317e-07 3.6253339421831076e-08 2.949467870590969e-10 -27.303218737276794
774.2105508967956  -1.8255185374373008e-09 7.176339199535312e-08 3.82568533571263e-07 -6074.9122563609 -5383.437439511217 1.580701138348022e-07 1.4181991096107752e-07 7.966971218451861e-10 -27.30321873677504
774.2105509258022  -2.3948909874771585e-11 -5.314003526123856e-10 -2.811017369769199e-09 -6074.912256746279 -5383.437439896597 -1.0096046382705e-09 -1.0367081177418705e-09 -5.660415193980229e-12 -27.303218737577396
774.210550925571  1.8202382108347344e-10 1.1096813550758499e-10 4.837074777424333e-10 -6074.912256742985 -5383.437439893301 -5.4933612273469e-10 1.5292300275255066e-10 5.258821886377627e-14 -27.303218737571687
774.2105509194852  7.748997670983922e-09 1.7665082954742315e-08 8.938818793453985e-08 -6074.91225665408 -5383.437439804398 3.705040944828895e-09 3.1966174484405827e-08 1.4380604205092317e-10 -27.303218737427933
774.2105509257926  2.2382151663155432e-08 6.222306399038697e-09 2.0018298326737854e-08 -6074.91225672345 -5383.437439873767 -8.308660678769142e-08 4.202896008511427e-09 -7.473302146521777e-11 -27.303218737646468
774.2105509021753  -1.498822277366957e-08 5.430114653237535e-08 2.9741762309516037e-07 -6074.91225644605 -5383.437439596368 1.7803701418903885e-07 1.1219666438456686e-07 6.8965025819789e-10 -27.303218736882087
774.2105508913044  9.049378901101719e-09 8.881760053339623e-08 4.668852326044298e-07 -6074.912256276583 -5383.4374394269 1.4707322629599205e-07 1.7146201149064248e-07 9.138768451022972e-10 -27.30321873665786
774.2105508968805  -2.078092494129299e-09 7.147444158717542e-08 3.811798166064565e-07 -6074.912256362289 -5383.437439512606 1.585498114948107e-07 1.413422152290475e-07 7.951476307685113e-10 -27.30321873677659
774.2105509257599  -1.0525074460261223e-10 -4.5009836241770506e-10 -2.331364980108908e-09 -6074.9122567458 -5383.437439896117 -4.902822752895194e-10 -8.475870020326295e-10 -4.2523005960504516e-12 -27.30321873757599
774.2105509225453  -2.415410169299227e-09 6.92856515214817e-09 3.824255660879024e-08 -6074.912256705226 -5383.437439855543 2.4876564475146717e-08 1.4496364464869396e-08 9.120517557884082e-11 -27.303218737480535
774.2105509239959  1.3118359696107661e-08 7.951723396381745e-09 3.461764106527561e-08 -6074.912256708851 -5383.437439859168 -3.968601176555289e-08 1.0931201455659457e-08 3.290172395269372e-12 -27.30321873756845
774.2105508940922  3.4856432034862033e-09 8.014602106028583e-08 4.240325246054431e-07 -6074.912256319435 -5383.437439469753 1.5281151889540134e-07 1.56402113359845e-07 8.545122379354042e-10 -27.303218736717227
774.2105508963414  -4.195827247699348e-09 7.219193604933712e-08 3.8622983395259656e-07 -6074.912256357238 -5383.4374395075565 1.6914571981412507e-07 1.435140119690302e-07 8.165080684477007e-10 -27.303218736755234
774.210550925708  -1.1111239304597919e-10 -3.212272185016396e-10 -1.642849239541736e-09 -6074.91225674511 -5383.437439895429 -1.95329766827043e-10 -5.919822359657111e-10 -2.8051265569497573e-12 -27.303218737574547
774.2105509255513  -8.130239141022516e-11 8.130204323917324e-11 4.796529964829073e-10 -6074.912256742989 -5383.437439893307 5.193248645081589e-10 1.8912141994313933e-10 1.4081187299223244e-12 -27.303218737570333
774.2105509261344  -1.2190821097534886e-09 -1.7243470292900993e-09 -8.455498018119954e-09 -6074.912256751924 -5383.437439902241 1.6251468311187472e-09 -2.954187762864742e-09 -1.1085434874128316e-11 -27.303218737582824
774.2105509254321  -1.8164377704548178e-09 -1.399348026706687e-10 3.1600363864321206e-10 -6074.912256743152 -5383.43743989347 7.507130074157871e-09 3.769754375132906e-10 1.0058337378328148e-11 -27.30321873756168
774.2105508971108  -1.7766615973566828e-09 7.098559182549598e-08 3.784051402797994e-07 -6074.912256365063 -5383.437439515381 1.5623205055821545e-07 1.4027237161425415e-07 7.878767228696137e-10 -27.30321873678386
774.2105508963685  -4.162182275211175e-09 7.213315524027561e-08 3.8589771541979075e-07 -6074.91225635757 -5383.4374395078885 1.688781899268154e-07 1.4338630426095518e-07 8.156503804305735e-10 -27.30321873675609
774.2105509252557  -1.4339901697690438e-10 8.047888938734648e-10 4.362035301546566e-09 -6074.912256739107 -5383.437439889423 2.3005407711981504e-09 1.634576111742419e-09 9.718832540116518e-12 -27.30321873756202
774.21055092545  1.4152597494542778e-09 7.853991445981375e-10 3.3494594501206298e-09 -6074.912256740119 -5383.4374398904365 -4.433178752885127e-09 1.0367585191346877e-09 -4.377549719377017e-13 -27.303218737572177
774.210550896542  -1.8985014401489705e-09 7.237758366900483e-08 3.8587624109641896e-07 -6074.912256357592 -5383.437439507909 1.5966927624406642e-07 1.4305428217327308e-07 8.03881665640452e-10 -27.303218736767853
774.2105508966673  -2.8232578669600234e-09 7.178490840343757e-08 3.832651112909512e-07 -6074.912256360203 -5383.437439510521 1.6239960809327027e-07 1.4222049936209176e-07 8.032982243032928e-10 -27.303218736768443
774.2105509256032  2.0081314615849949e-10 3.562276339927366e-11 7.219808253003716e-11 -6074.912256743396 -5383.437439893713 -7.877501145660069e-10 -2.0342431453504115e-12 -8.915253055993549e-13 -27.303218737572628
774.2105508967996  -2.9171610965658925e-09 7.142526387996197e-08 3.8140798900292315e-07 -6074.91225636206 -5383.437439512378 1.6204995581953484e-07 1.4154676778051759e-07 7.99963037604827e-10 -27.303218736771775
774.2105508966966  -2.2208526638157797e-09 7.189259723355696e-08 3.83486087609892e-07 -6074.912256359982 -5383.4374395103 1.6003822249766198e-07 1.422160229942967e-07 8.006328430456179e-10 -27.303218736771107
774.2105509253922  2.4755594468734925e-11 5.125260980512913e-10 2.7102087209057652e-09 -6074.912256740758 -5383.437439891076 9.66628830994062e-10 9.99291267623504e-10 5.448794987303233e-12 -27.30321873756629
774.2105509252331  8.470168332127095e-11 9.301638983630471e-10 4.895445074463311e-09 -6074.912256738573 -5383.43743988889 1.5835028551071986e-09 1.7992935095375978e-09 9.635046235386798e-12 -27.303218737562105
774.2105509253199  1.7074601691124623e-10 7.380775148617433e-10 3.824081449270764e-09 -6074.912256739644 -5383.437439889962 8.118969873689824e-10 1.3905475923070797e-09 6.984756539953299e-12 -27.303218737564755
774.2105509253672  9.927480362329323e-11 5.977777850593318e-10 3.119934613916569e-09 -6074.912256740348 -5383.437439890666 8.250992341769311e-10 1.1402302172824907e-09 5.905955539951426e-12 -27.30321873756583
