 Dim = 2
1734.8152790052395  -755.1923894910493 -507.0119819818242 -794.008256351683
1001.3164410079003  2189.498844594683 -1084.0369104718352 -237.28600995104313
1966.018950024797  -3429.195521080596 251.74125054638978 -1535.8509141270686
1734.815524765486  1819.3721939293432 -1332.5272383046304 15.842553102168665
3.323906640726353  11045.784842271183 -2829.5950289147863 1447.2767565079685
1001.3161952476571  -385.06573882570353 -258.5216541490319 -1047.1368194048919
1001.3162087898031  -4363.382674854942 1017.0965013747336 -2298.54966476724
1001.316142221721  -2184.556877064941 318.47198500863715 -1613.1817981530971
1001.3170384854836  5446.616275678187 -2128.407732749759 787.2675029170814
1001.31625345354  454.98003696382517 -527.8761727303776 -782.8933990290777
1734.8152332450727  -3329.7545576050666 318.5024998907004 -1603.858306050724
463.35350160965874  -3989.172386793851 1268.3284431750624 -2554.4710158138555
1734.815292547389  -4733.509325520281 768.6061735419383 -2045.4211017140283
463.35354627339547  829.190325024916 -276.64423093004893 -1038.8147500756932
753.6815124530368  2344.4772938532283 -979.9896996210427 -343.2753303485659
1687.6775884900549  -3308.6821054215334 332.64982092774085 -1618.2696961293277
695.6849202532958  5013.6841309981555 -1796.3211852652892 456.55896509291296
1431.856189859793  -4592.551457836819 863.2404472109954 -2141.8217862732736
1223.6730830322388  -4486.817941397729 934.2263006091068 -2214.1326372608446
812.9680732635892  10851.080815268224 -3746.434514180187 2371.665264950492
890.5118312117348  -318.4140625744397 -213.7740066815786 -1092.719711110318
688.558282739628  -185.22977536640497 -124.35864809821226 -1183.8040661051125
267.26182876282456  180.63423041189017 121.26988628222713 -1434.0174184510595
164.707381940914  1259.9127620822494 845.8604437996785 -2172.1329347609517
267.2620745230678  2755.1988138322768 -704.2453700405761 -624.1666089972107
1417.703668993876  -3181.863186986625 417.79168942232957 -1705.00079353527
25.51202759984968  3546.619598880803 -172.91262224497723 -1165.4170316016437
47.22225930328403  -3447.19817583256 1632.1913239392527 -2925.1256362955705
1417.703728296192  -4585.61795490184 867.8953630735675 -2146.5635891985744
267.2625319439852  5384.557079367328 -1547.3298187724758 202.92001116392507
47.22224576113788  531.118760196678 356.5731684154872 -1673.712790933222
267.2617830026546  -2393.927937702133 946.7843681547547 -2243.8674681501034
688.5585284998712  2389.3348080539813 -949.8739044210154 -373.9532566512638
688.558236979458  -2759.7919434804285 701.1558337743154 -1993.6541158041564
204.48720333122665  256.38857699988165 172.1287541442705 -1485.825600494647
463.3534880675126  -10.855450764612764 -7.289712348703288 -1303.058170451507
138.37160227562939  350.2109362226981 235.11786546444904 -1549.9904449597575
688.5582841239401  -160.9359191424222 -132.14829496780715 -1176.1622305673884
463.3534866135442  -36.715117988480706 1.002000337087206 -1311.192544927223
138.37156774691005  -416.1905952873393 480.85889709557955 -1791.0684527351514
1001.3161472350888  -1679.8501627424669 156.64147769689822 -1454.422082524667
138.37169714127606  1605.7547883135617 -167.4630647471857 -1155.0486317038103
1001.3161465032042  -1723.1723922120766 170.53243292691525 -1468.0494519172414
463.3534894518247  13.438405459370005 -15.079359218298169 -1295.416334913783
463.3534826585171  -108.95928997044659 24.16656437078081 -1333.9175530838215
1001.3161909761232  -462.095052049546 -233.82276966198208 -1071.3670337361737
463.35358465641497  1262.8712523855997 -415.70084043131016 -902.3967894117801
49.61783308947617  524.751649007138 352.2985085281418 -1669.3583417107438
673.5528064864492  -150.30283974035925 -125.00961046146014 -1183.4341633099689
446.06145009425694  28.43505756022137 -5.0111217913629975 -1305.6725026068514
632.4267439000525  -144.8312944948861 -97.23649480915515 -1211.4324722038302
425.5001993623284  -3.5030024745730977 23.29947461308482 -1333.906216209419
610.6016539230586  -128.6415020847193 -86.36722393575143 -1222.5046251589026
695.6842248259953  -57.94584825907174 -170.14021887493504 -1138.7646365761696
695.6841993407211  -535.1254280995518 -17.13608539901807 -1288.8654619651593
277.55071503533827  4.3105587461866435 166.3703452966433 -1477.970743086395
325.11083499329175  -402.3288128163849 246.4559301694188 -1555.2553007683855
398.4843867803226  945.9713818864063 -256.7226772501091 -1059.819667334637
458.8657266011232  17.30317488693383 -12.484685691473878 -1298.059439726616
405.78848022936614  14.377873157485958 35.30408071145859 -1346.13489616732
604.9711106574849  -124.41802600318587 -83.53172707485896 -1225.3930484315483
553.319148165283  -134.96239007525267 -40.76759212312916 -1268.3489837484012
381.1969109983425  -132.78520509533425 105.23557818864388 -1415.318828537663
537.3465084629734  -348.78266931449167 40.34008792362271 -1348.2372644951984
381.1969215129069  63.165508366017214 42.405418676863334 -1353.6808937460216
450.2758403729072  1.8672037616742798 -0.14428758367156097 -1310.3539553289281
423.6247982798328  -26.205002514811508 32.24838454472756 -1342.7278515902833
553.3191502297401  -97.87122651990519 -52.660601755470566 -1256.6816482221057
463.35348591055106  -49.34874472452227 5.052880117090393 -1315.166557816396
533.4531598518647  -88.41464810548105 -40.058298123372644 -1269.4430988598974
441.81142528058723  40.06504626592826 -5.039847179096677 -1305.7385866197326
529.4135313639084  -96.5196276497153 -34.244893073515456 -1275.2280827684326
458.8657245236483  -19.27423511132153 -0.756407370244585 -1309.5651697772712
425.5002004294401  15.511120923040957 17.202735361944505 -1327.92516476337
400.69708526823416  62.87300730879038 24.405681347188622 -1335.5617849201592
491.7563536196048  -52.928315161267776 -17.644958641166486 -1292.291964635135
427.1552170013282  27.689512140442332 11.827406471186057 -1322.6143765664183
475.2278005847737  -33.82073629758692 -9.981616433242415 -1300.1611863062822
446.0614487524411  4.891663321471544 2.537894945241768 -1313.0782740543139
468.65185494327056  -24.12593794841833 -7.53718693884418 -1302.7006914844965
454.25808467284776  -5.3261674641281385 -1.272901710173924 -1309.159249309123
450.27584035626177  1.5733928850310688 -0.05007928037069015 -1310.446375996022
450.27583953525993  -12.975749512959602 4.614996551596931 -1315.022930347678
458.8657250304267  -10.285684880541085 -3.6385200954476846 -1306.737746170541
454.25808418396855  -13.99199163892911 1.505731271487453 -1311.8851567374088
458.86572490275915  -12.546009563179513 -2.913763559225131 -1307.4487501926003
454.2580843577437  -10.907066538446541 0.516572657459518 -1310.9147677614171
458.8657248541929  -13.406581638323324 -2.6378274332597917 -1307.719450332009
454.25808440744686  -10.025652471125426 0.23395369952122103 -1310.637511599159
458.8657248452253  -13.565526225813151 -2.5868630167026163 -1307.769447680557
454.2580844242717  -9.72738115915642 0.1383151903381612 -1310.5436878648507
458.8657248433523  -13.5987258206485 -2.576217810046388 -1307.7798908906145
454.25808442844834  -9.65334707577042 0.11457670433684086 -1310.5203998251006
441.811424677989  29.572038959391968 -1.6753413236077295 -1309.039249774787
454.25808294682787  -36.103410322543446 8.595595545940663 -1318.8404883047017
450.2758401617501  -1.8633781647245866 1.051896157469229 -1311.527441056295
450.27583991735065  -6.190557776366868 2.439374571979994 -1312.8885915722726
458.86572508536307  -9.313887243142197 -3.9501198824164954 -1306.4320591008357
497.7126214121167  -141.87616955550507 5.9630463769288475 -1315.3268567060986
438.06414600377735  -268.10077030913914 97.04866198913727 -1405.9734198720469
425.5001859542246  -261.6455730103995 106.07099708955711 -1415.1071194802928
481.67264166475576  211.4649500515767 -94.03578943784612 -1217.5642787997929
441.8114247586189  30.979401506597654 -2.1266018052353184 -1308.5965521219919
454.2580836000703  -24.395163843829398 4.841432160330232 -1315.1575615103486
450.88310100697055  0.18712069374915782 -0.13038794705559553 -1310.3542220439465
457.8938239125138  -12.759258419973328 -2.0126282138264457 -1308.354000256911
453.43080167381544  -0.08006629095206197 -2.242647403991123 -1308.2260523414975
450.8461102335549  9.556489176653692 -3.1026487503640197 -1307.4391750769385
450.27584066218066  6.965892816046696 -1.7791448440936992 -1308.7501200690058
455.81427751566787  -7.647037124279109 -1.867022569370703 -1308.542309861768
452.2107377634865  2.1108755698801227 -1.8933660205615643 -1308.5954997977526
454.67167614398386  -5.132154114268355 -1.6910133233404492 -1308.740005082341
450.27584119773553  16.36924105950926 -4.794259510660628 -1305.7922182802583
450.9879246829998  0.09583626611216406 -0.19167317822922264 -1310.2917928836703
442.77998159433616  0.6038005326471421 6.768262218671394 -1317.3011108268397
449.2141357957527  17.295037424870777 -4.172711610984791 -1306.4253677798217
449.2141349057284  1.6419516033685744 0.8463355853427325 -1311.349176762758
453.43080164962504  -0.5068879238363138 -2.1057901769696685 -1308.36031265375
453.4308017531926  1.3198067729968797 -2.6915064377271993 -1307.7857105682626
442.7799819714674  7.276028330559911 4.6288612977123575 -1315.202305802566
449.21413499192283  3.1635806117262186 0.35843640077701855 -1310.8705356395005
492.6849679297097  -190.81129441718147 25.798371327159778 -1334.8913816767536
425.59367234620595  -254.14809735114562 103.58385167902962 -1412.6650507271977
409.7156381194192  202.94028533801793 -28.72479070370277 -1283.230109777822
496.1963241995422  -202.0588312015904 26.507946639909207 -1335.5136964523617
453.4308015634306  -2.028516932193958 -1.6178909924039546 -1308.8389537770074
443.78759279244787  -0.2812064412773063 6.174098916219448 -1316.6958570759982
453.430801312384  -6.467400450992898 -0.19459553910437033 -1310.2352416906688
453.43080053275554  -20.32000591658478 4.247140832672442 -1314.5926945281697
450.92801795695755  -0.10832349609773262 -0.07446001976809924 -1310.4081002053874
450.80371972178307  -0.7559629942691918 0.24058765807689733 -1310.7199053631625
450.9280176953607  -4.734615451728131 1.4089265746759971 -1311.8633390093253
453.0142039609776  -2.9817484021957315 -0.953263849113919 -1309.5001142191595
450.27584048220433  3.7952836438898965 -0.7625122607404491 -1309.747461685941
452.8564562503526  -4.483168272991004 -0.33587098827284234 -1310.1092556847577
468.36190884479345  -157.04700746554047 35.32870941934044 -1344.7594519890215
427.8562378432467  -69.84683493495108 42.479745505526274 -1352.6692320234533
463.83646877274043  -152.85765034904733 37.83074480476583 -1347.31196789252
438.3147998691536  143.41981539318735 -35.12203801207538 -1276.3051108636187
450.9879247933846  2.04428690735406 -0.8164295898163911 -1309.6788914481604
450.8461096890271  -0.036990841713916534 -0.02656972426747905 -1310.4568844047162
450.47392722203335  -0.4686726626555344 0.4334645248400487 -1310.9163824033587
448.9939635471568  4.049303284496883 0.2650247521114063 -1310.783751659354
451.7389636887737  -2.0873426655449676 -0.14015175711935313 -1310.32581650299
459.3611972580217  -21.567966976083582 -0.44513810035736245 -1309.8597263568133
448.5018452964523  -48.23745403983204 17.456552903933986 -1327.6599206940814
459.47717501446505  -56.72289112130383 10.727767592212473 -1320.8180935014623
442.7799848940124  58.199022267261206 -11.699223327973032 -1299.184052415167
450.8037198070659  0.7503904231411646 -0.24241352025601914 -1310.24606930472
450.75751455431845  0.04017259767474554 0.025235160130677153 -1310.509656261316
450.51131819843533  0.2546413260998366 0.16922210227719212 -1310.6563308143332
449.9640121789282  2.139001475573393 0.03818807137674918 -1310.5398370119594
451.3540838000008  -1.2351647188323935 -0.08113193012540598 -1310.3921806674855
454.8700724602002  -2.4202070312960884 -2.7312451749564297 -1307.7151643785603
451.03565193227047  -26.06171891476552 8.154326773463394 -1318.4783742354189
448.50184664902986  -23.852322913610603 9.637639406186668 -1319.9893738729281
453.2284618845058  22.1847521366568 -9.207362297051342 -1301.397936515308
450.8037197790827  0.2562559345466046 -0.08397291960573469 -1310.401503438377
450.80705367842717  0.0007298390000620722 -0.004920862408601906 -1310.478982075046
450.80705413364547  0.0007296822600805011 -0.004921205460304533 -1310.4789817284843
450.80705543076544  0.0007282072759624506 -0.004921853231120064 -1310.4789810644556
450.80705576316325  0.0007261958158682079 -0.004921495463584322 -1310.4789814081184
450.4212577428622  1.0835722410977757 -0.018726684889969897 -1310.4739314018245
451.1117877126569  -0.6434872063311838 -0.061603595486323465 -1310.4166688600258
453.11377795933385  -9.110484160589984 0.9260525086152254 -1311.3415837142309
449.6652690567825  -12.16152928887234 4.881946788665983 -1315.298266238715
450.1883139988653  14.338484943689382 -4.06744065056494 -1306.5071731917524
451.4735926630275  -13.735505886900402 3.82382378901506 -1314.2204098225084
450.83732339149304  0.17557393423051415 -0.08713596855569132 -1310.397660805593
450.6961908339456  0.10970206192327817 0.05592954889326822 -1310.541118066982
450.8059671250864  0.0034143516613884747 -0.004842847329876635 -1310.4790825247933
450.8059671250864  0.00341506755629694 -0.004843076876329913 -1310.4790822996026
450.80755152553786  -0.010475523854843016 -0.001758086034256313 -1310.4820738789938
450.69839368753065  0.06537238804889993 0.06824003113566433 -1310.5531464627093
450.8050035323952  0.004158705612713896 -0.004248971980649572 -1310.4796863398374
450.80500317427936  0.004159017518576859 -0.004248762577760044 -1310.479686553149
450.8054395057423  -0.022095202508087247 0.00379246749577678 -1310.4875655943113
450.8054399269218  -0.022094981662606126 0.003792032782949995 -1310.4875651585771
450.7149141972098  0.07021216451829783 0.052412858154361586 -1310.5372559594446
450.87604076889255  -0.0647486914374351 -0.043528322285621444 -1310.439588859182
448.6369066908561  -11.077332669192836 5.424450300752598 -1315.85315147763
453.0207443424009  -15.084767824177844 2.9218429019425045 -1313.30154581839
448.72830024235463  15.612007901445454 -3.2124406373131955 -1307.3781323369028
452.92510120101673  -14.997767460014693 2.97638489403608 -1313.3571529214348
450.8083072495807  0.2393948357794697 -0.08253011856502138 -1310.4028178914912
450.94537385333064  -0.1073255118421094 -0.08977338028022809 -1310.392695473384
450.8027997876081  -0.005501263168271698 0.0007524710979649325 -1310.4846413832786
450.8027997876081  -0.00550108429487234 0.0007524137435209727 -1310.4846413270122
450.8041689447527  -0.02236770817117492 0.0049776137261976425 -1310.4887562170572
450.80416858359644  -0.02236754035077785 0.004977871956390164 -1310.4887564783367
450.7764212434815  0.018517825093516932 0.015842469573478277 -1310.5000256460778
450.8533178392009  -0.04590194120668411 -0.029940003677999545 -1310.4534194338307
448.63690704990887  -4.7021519737057424 3.380295355162764 -1313.8477851023204
449.7161950917299  14.741752406572283 -3.788446656661338 -1306.7912743684133
450.2608776125439  -12.679348666159035 4.532892661640279 -1314.9427139172508
451.35517230898114  13.322153232857895 -4.749768382015165 -1305.8121093346128
450.8389405386295  -0.10204251365465417 0.0004825269827899506 -1310.4835811163887
450.9345646258586  -0.3923578036960156 0.010957932168829718 -1310.4917532486343
450.80416747959055  -0.007873432223587301 0.00033139703453985187 -1310.4841981962534
450.7944517895768  -0.001128224525104216 0.006563038524190172 -1310.490525434087
450.80381758428985  -0.01404604363590907 0.002612910403281817 -1310.4864441182972
450.80381709990485  -0.0140458225370261 0.002613258020431282 -1310.4864444699797
450.8042490328272  -0.007768869470223143 0.0002274074208429989 -1310.4840943848892
450.8042490328272  -0.0077690191893704744 0.0002274554271898125 -1310.4840944319847
450.8007326328207  -0.0016792096271293995 0.0013129930895497961 -1310.4852367674678
450.8389405425669  -0.03249635663490323 -0.021816938335789404 -1310.46170479139
453.08252799846605  -0.86795105213501 -1.6899232327746774 -1308.7759331269726
448.63581378403495  0.8205048802398169 1.610443064421517 -1312.1115405187857
448.84946032141335  -11.452244339356453 5.360594475170201 -1315.7858182919258
453.08485166614383  -13.880894288118116 2.4805783666683814 -1312.8672469374853
450.8042490462414  0.22915253340453975 -0.07573970324401402 -1310.4095687772854
450.7944517896619  0.00037686645011844686 0.006080442138688199 -1310.4900519951404
450.80281939599337  -0.008416159317120196 0.0016701692794690338 -1310.4855412362233
450.8028194883743  -0.00841623977777593 0.0016701152609467666 -1310.4855411811964
450.8027997872174  -0.012402176477915798 0.0029651983514812964 -1310.4868121232419
450.8027997872174  -0.012402437008309293 0.002965281888641697 -1310.486812205194
450.80041197112735  -0.005472999836040833 0.002806498083263811 -1310.4867089904733
450.83453693574546  -0.0290729866503562 -0.019110019150991777 -1310.4644572659183
453.0825277606723  -5.070316431047026 -0.34246558681972494 -1310.0978222827737
449.67812489213077  -12.175218280769096 4.87521458860096 -1315.2913784708924
453.084851951037  -8.823572521212071 0.8589852236570457 -1311.276424103608
448.63581400573935  4.734621668258972 0.3554102156256548 -1310.8803223666027
450.7979510691233  0.20050327632978202 -0.06111203301096259 -1310.4240575014671
450.8011521739447  0.00020354037955935665 0.0003468165920910525 -1310.4842796903633
450.80115216711454  0.00020354188353161265 0.0003468220111850835 -1310.4842796958299
450.80115168604135  0.00020370511734736537 0.000347185322240684 -1310.4842800628355
450.80115167281286  0.00020365147904271924 0.00034721395041668385 -1310.4842800912118
450.8024985751605  -0.006418528501285881 0.0013068347253043554 -1310.4851918573686
450.83075477794483  -0.027860748139826877 -0.016231017336517203 -1310.467364880493
451.62455649581693  -1.9662179571663447 -0.08023727724681778 -1310.3871097447231
449.88984113606404  -1.1140345170599262 1.1453965900947378 -1311.6276699484354
450.60170885495813  -5.390886773716225 1.901299646105894 -1312.3535515116039
451.6219312760737  1.1761535638782643 -1.0855493680273705 -1309.4009315426754
450.80079135415093  0.054716319303005675 -0.01682055266680012 -1310.4674460198257
450.8015442068334  6.461199382346822e-05 5.2643818185931404e-05 -1310.4839824709331
450.78437263743433  0.030880841401718075 0.0050081404610019895 -1310.4892218870664
450.80154785528845  4.903989780506135e-05 5.4484605947895866e-05 -1310.4839841964879
450.8015478508842  4.904214509956479e-05 5.448769058476334e-05 -1310.483984199611
450.8015476317497  4.9137821685919244e-05 5.464634629561589e-05 -1310.4839843600796
450.80154766391126  4.908600503965541e-05 5.4635173246056486e-05 -1310.4839843484106
450.8024682926333  -0.007633215996573375 0.001722479585627903 -1310.4856002817387
450.8280662103202  -0.025118558811737406 -0.014787411324244392 -1310.4688402674158
451.21545180483184  -0.75099375286143 -0.11666294257301876 -1310.3603735410131
450.74779064266545  -2.6583343393193193 0.8988934723686336 -1311.366950627637
450.3923446910603  2.8278874950525714 -0.5530364793978471 -1309.9503969870295
451.18317150339385  -3.0303015026717066 0.6420583653112023 -1311.1054080180352
450.80383477106983  0.024379947781851784 -0.009722949572498174 -1310.474341957437
450.8015889938213  -2.684518428652667e-05 4.3272628366443136e-05 -1310.4839722917982
450.80121781887067  0.0005097887846538662 0.00019190261980381104 -1310.4841262710868
450.80162911495245  0.00015208518994874227 -4.876500103044339e-05 -1310.4838811175453
450.80162911493875  -8.971794879850609e-05 2.8767402447818676e-05 -1310.4839571787436
450.80162911493875  -8.985309656618212e-05 2.8810736588586783e-05 -1310.4839572212554
450.80392827828763  -0.006812477715526961 0.00019788076899483666 -1310.484072478341
450.8253847212635  -0.023823729440890062 -0.012885828867163466 -1310.470764784895
450.3646707408909  1.4113066865148456 -0.07489859261923554 -1310.4200714275964
451.20929566425923  0.09451633442615853 -0.382452986252072 -1310.0997623950543
450.3566793274305  -0.12234885948359481 0.4237647519178817 -1310.9094484331129
450.63953849636226  -2.564038979795622 0.962200139854032 -1311.4314389556616
450.8121459475522  0.0015922113856049191 -0.009597091331020123 -1310.4742824988246
450.8017080535357  -0.0002480093915189984 1.1318914037036633e-05 -1310.483938323899
450.8012905193371  0.0002555936656661247 0.00021059469454586376 -1310.4841430083263
450.8012903077225  0.0002550626895048722 0.0002109477845620907 -1310.484143359374
450.8012044318115  0.00021062054699922173 0.0002993952206839841 -1310.4842320186274
450.80120392401176  0.00021083978429687974 0.0002997636665546422 -1310.4842323912587
450.80431816394497  -0.007659385463755988 0.0001325726112797645 -1310.4839998280252
450.8224905984872  -0.021325540910408777 -0.011186375073291921 -1310.4724956893344
450.3646707935274  2.3402865301613005 -0.37276916797209325 -1310.1278530528125
450.4792902927309  -2.424430541664375 1.0559284528439148 -1311.5269167691904
450.68560024462437  -2.597216314571662 0.9330344100180745 -1311.401812675361
450.91770089127255  2.3700751276048884 -0.8602274297320419 -1309.6374700650258
450.81411508681526  -0.010771990314198973 -0.007333929068157203 -1310.4764593763402
450.80204233209923  -0.0008712434241918343 -7.766452245160812e-05 -1310.4838436714483
450.8027997877207  -0.003513278104747521 0.0001150382637492151 -1310.48401604596
450.80129389679956  0.0002684543102002823 0.00020355287256884947 -1310.484136025787
450.80129370495206  0.00026840648885561853 0.00020373396386704046 -1310.4841362076647
450.80130273965347  0.00020136721409021023 0.00021742356724903527 -1310.484149438648
450.80130246591074  0.00020140607590769674 0.00021764762213141107 -1310.4841496644765
450.79412277146633  0.0007101110199493809 0.006257865956871467 -1310.4902332940644
450.8094729828134  -0.009325382984247309 -0.003787009438866373 -1310.4800411639735
450.91599735883307  -2.7983792283075193 0.7984709856440898 -1311.2647315691775
451.20978416269844  0.33421652446670735 -0.45973295800546154 -1310.0239380916253
451.1751106774414  -3.0235029939934313 0.6468401666966258 -1311.1102764284662
450.4044106099931  2.8172038565016972 -0.5600405498429477 -1309.9432601302426
450.7849373420882  0.012044459775796944 0.010559969422647838 -1310.494655938621
450.80296948881795  -0.0028516737543972616 -0.0002437229631226998 -1310.4836603572217
450.80177618801457  -0.00023989277223160815 -5.015225663094906e-05 -1310.4838765195188
450.80101280273385  0.0016710390540569946 -3.3082976123360234e-06 -1310.483939276798
450.80177222010064  -0.0002336155422761471 -4.873670054425822e-05 -1310.4838779955485
450.802006014332  -0.0002438688676499074 -0.00024744876398472324 -1310.483677908282
450.8017680052082  -0.00022638500024865625 -4.741342585536455e-05 -1310.4838793864837
450.8019886600638  -0.00021646962106578878 -0.00024123993289908757 -1310.4836843812675
450.801764323168  -0.00022021369699865305 -4.6210901916631745e-05 -1310.4838806472317
450.80175375933106  -0.00020347303553371106 -4.24514473079065e-05 -1310.48388456786
450.80172828507193  -0.00016967486239875056 -3.127865505092393e-05 -1310.483896089336
450.8016425328892  -2.314090570041718e-05 -4.1732335722545355e-06 -1310.4839245678374
450.80136467103483  0.00040658608247748373 9.811250805252474e-05 -1310.4840310284424
450.80175627702926  -0.00020699401893910772 -4.349777763719063e-05 -1310.4838834859697
450.8017566993944  -0.00020708916048746537 -4.383219745873592e-05 -1310.483883148599
450.8017570192747  -0.00020674299992331612 -4.421956981972834e-05 -1310.483882761537
450.80175746654163  -0.00020741643285070367 -4.439008023315168e-05 -1310.4838825844174
450.80161389812326  2.413264703656762e-05 5.409479526185324e-06 -1310.4839345989697
450.8017234062975  -0.0001608240235359101 -2.9901317891811043e-05 -1310.48389754792
450.61329553804495  -1.1091811599152748 0.5183892170327248 -1310.9966272281342
450.59166732324076  1.4388560501225809 -0.27992905604510515 -1310.2139334772066
450.7294203545361  -1.210508956034554 0.4505321108305871 -1310.9275014452287
450.8702573524226  1.3475318012660682 -0.4913691239182045 -1310.000373282031
450.8057011159352  -0.00211120668611964 -0.0028412852223872447 -1310.4810519614016
450.80159531601447  0.00016511741984184 -2.374118106885184e-05 -1310.4839064104478
450.80159544760363  0.00016500081782390097 -2.3817487339763246e-05 -1310.483906332693
450.80159581773916  0.00016506567555783105 -2.415808308450689e-05 -1310.4839059904136
450.80159585225266  0.0001649777232319639 -2.4159701826683307e-05 -1310.4839059880655
450.8016359593655  -1.2329899300085775e-05 -1.9601346477745495e-06 -1310.483926883626
450.80158732889436  6.61953286547448e-05 1.4878382832297515e-05 -1310.483944472989
450.80159813976104  0.00015529277307125948 -2.3030716410593824e-05 -1310.48390704528
450.8015981397246  0.0001552942977421544 -2.303117382315902e-05 -1310.4839070448322
450.80159764810395  0.00015546951360020415 -2.2662592016723656e-05 -1310.4839074172407
450.80159765823134  0.0001554468213480845 -2.2664066003259287e-05 -1310.4839074155716
450.8015488371602  0.00012677278724006373 2.871178481320957e-05 -1310.4839588911045
450.80168542995847  -9.188004416884045e-05 -1.9195888668371934e-05 -1310.4839088860733
450.7651496308514  0.5165410722368635 -0.13410592697625817 -1310.3531706724605
450.7110841400773  -0.14239001920431751 0.12389169936646205 -1310.607462772115
450.88164322139363  -0.00420079015018919 -0.06778270174352266 -1310.4156714152755
450.7111154748058  0.006891815421967387 0.07599850483457235 -1310.5604776784933
450.8029404152597  -0.003625616133997977 2.955565961866634e-05 -1310.4839290901953
450.80160689020045  0.00013192666345178335 -2.3098984084214062e-05 -1310.4839067857097
450.80160699131693  0.0001318986298890417 -2.3177360670962163e-05 -1310.4839067065946
450.80160750120723  0.0001317315892514654 -2.3564348964138456e-05 -1310.483906315727
450.80160750109883  0.00013173179105024105 -2.3564320037680242e-05 -1310.4839063157576
450.8015961772959  4.973238518931198e-05 1.2512025821339914e-05 -1310.4839419567802
450.80165857919485  -4.8531049182499e-05 -9.896186116872251e-06 -1310.4839186002991
450.7581969193967  -0.236884102323872 0.11348174938020811 -1310.596213320007
450.75632311034724  0.2772688658219926 -0.04975854161445242 -1310.4361118172592
450.84395118374556  -0.060636736699340915 -0.017122969388447328 -1310.46619941067
450.75635146992505  0.062086602005634706 0.01921355888584511 -1310.503774523018
450.8024557630571  -0.0005627582076016223 -0.0005337848888216701 -1310.4833871064745
450.80164768030346  -2.607715763717518e-05 -7.679146178766303e-06 -1310.4839210151558
450.801647735782  -2.609906968761477e-05 -7.720053895715565e-06 -1310.483920973803
450.8016481312742  -2.6181868909311444e-05 -8.035213038003034e-06 -1310.4839206559195
450.80164813140055  -2.6181678667147764e-05 -8.035383104936352e-06 -1310.48392065575
450.80163076255985  -9.28944418687225e-06 1.5550406325650423e-06 -1310.4839304464817
450.8016430640435  -2.1541334173200514e-05 -5.145045240331003e-06 -1310.4839236027753
450.8016155973039  -1.0874720858052925e-06 1.2028021054069172e-05 -1310.4839410545228
450.80164624991306  -2.4115633155825623e-05 -7.072227803013701e-06 -1310.4839216420407
450.8016462227473  -2.4403459270757872e-05 -6.95646699081326e-06 -1310.4839217562028
450.8016465977887  -2.4062224507858936e-05 -7.389919645801523e-06 -1310.4839213227206
450.80164666273174  -2.4126159312806598e-05 -7.425530727212846e-06 -1310.4839212863556
450.8016352973632  -1.3717810441110439e-05 -9.431369516056978e-07 -1310.4839278958966
450.8016332013528  -1.8876089692104655e-05 2.521794222822982e-06 -1310.4839313412128
450.8016454261927  -2.245255152372601e-05 -6.893782630310917e-06 -1310.48392183523
450.8016454217276  -2.2462832559999962e-05 -6.886628262598236e-06 -1310.483921842347
450.80164498009947  -2.2309951931130364e-05 -6.554078677180255e-06 -1310.4839221783063
450.8016449788935  -2.253415686432909e-05 -6.481146987453741e-06 -1310.4839222498808
450.8016274952045  -1.6539290772517306e-06 1.9297857215733095e-06 -1310.483930886031
450.80163912946574  -1.8204133647616954e-05 -2.8155924589125807e-06 -1310.4839259746266
450.8245194989184  -0.0729248724568373 0.003605628755118523 -1310.4869623543034
450.7928960886356  -0.12561666924931603 0.04782348730177356 -1310.531037192407
450.77965810344824  -0.03543474976419439 0.030345222699216988 -1310.5141819587063
450.82451503387534  0.031943991038444336 -0.03001594054118857 -1310.4539788646987
450.8015134940565  0.0018768003245005016 -0.0005018849469757719 -1310.4834391405432
450.80163499374356  -1.9989190508487686e-05 1.3300642694513886e-06 -1310.4839301326456
450.8016349901947  -2.0042910713580282e-05 1.3503555198857901e-06 -1310.48393015263
450.8016344207967  -1.9818761405007266e-05 1.7704473315669868e-06 -1310.483930577283
450.8016343848423  -2.0129281621419093e-05 1.9010782077111436e-06 -1310.4839307062264
450.80163138567184  -6.939976898976123e-06 2.6332832914730564e-07 -1310.4839291655655
450.80163299618283  -9.791187688049833e-06 -2.1394431411120844e-07 -1310.483928661902
450.80162134318056  1.1972878914234722e-05 2.875840139264417e-06 -1310.4839319495404
450.8016282581065  1.3059545559419058e-06 3.215684904465551e-07 -1310.4839292915385
450.8016342810267  -1.7809720812153768e-05 1.2470254965971127e-06 -1310.4839300668698
450.8016343036228  -1.7828181579153256e-05 1.233421529402779e-06 -1310.4839300530264
450.80163380003984  -1.7661713190597388e-05 1.615143781080105e-06 -1310.4839304385891
450.8016337794536  -1.771146199111156e-05 1.6488821332604977e-06 -1310.4839304721406
450.8016324478268  -1.1279047815092794e-05 7.369103721348938e-07 -1310.483929606783
450.8016350655883  -1.2065535638028353e-05 -1.2726715027759147e-06 -1310.4839275777165
450.80713732904405  -0.055356541764596916 0.01299054734827857 -1310.4965517681865
450.80688524873494  -0.05513614297727557 0.013137675871591068 -1310.4967016531762
450.7932940789476  -0.022975365130047266 0.01456844121004052 -1310.4984044129278
450.79695169038393  0.053026302079611023 -0.012961155874676654 -1310.4713166948643
450.8016639947631  0.0007467375527305798 -0.0002695722801843171 -1310.4836637324554
450.80163381728784  1.712535276917355e-06 -4.611968343105259e-06 -1310.4839243292595
450.8016340680549  1.6603330220548604e-06 -4.8118945248395194e-06 -1310.4839241276072
450.8016341110126  1.643665753929604e-06 -4.843666037091604e-06 -1310.4839240954932
450.8016335540899  1.880445536194139e-06 -4.438402740973691e-06 -1310.4839245053245
450.80163280098924  -7.380036532693454e-06 -8.184134813994243e-07 -1310.483928073199
450.80163195830266  -4.870518587712275e-06 -8.949851110331281e-07 -1310.4839280166277
450.80162940705577  3.189888229818074e-06 -1.275200715190572e-06 -1310.4839276997805
450.8016341870011  1.3131609447221695e-06 -4.803346669294084e-06 -1310.483924133375
450.8016336123779  1.688780259675986e-06 -4.427307961873784e-06 -1310.4839245149258
450.80163367008447  1.5169002303802797e-06 -4.4220547203621486e-06 -1310.483924518809
450.8016330612841  1.8443218537158718e-06 -4.001032337366642e-06 -1310.4839249452423
450.8016318426816  -3.2047690972343137e-06 -1.329198094450711e-06 -1310.483927593199
450.8016314188014  -2.2229660250850006e-07 -1.9192704543286765e-06 -1310.4839270236532
450.8016294729138  9.953824336624312e-06 -3.5009088074296533e-06 -1310.4839255148563
450.80163281027893  1.969071248991383e-06 -3.824162248567555e-06 -1310.4839251242809
450.80163340195105  1.3401870361610086e-06 -4.133723900699563e-06 -1310.4839248075705
450.8016329824877  -2.0677511870426483e-05 3.288507949974547e-06 -1310.483932098195
450.8016331921161  -2.1204678516454528e-05 3.2764196172904933e-06 -1310.4839320817223
450.8016312833232  1.791592372175595e-06 -2.4479551579820025e-06 -1310.4839265079822
450.80163179403974  -3.267075355306739e-06 -1.2671930843812815e-06 -1310.4839276550981
450.7995771482166  -0.022667781089115376 0.009041171643622229 -1310.4928437334322
450.79968222533176  -0.022761942671911242 0.008980576330690762 -1310.4927819751729
450.80596984867765  -0.016228982321261697 0.0014532895313356439 -1310.4852591302379
450.80357167692523  0.024603026028937693 -0.009567163393667926 -1310.4745005782356
450.80161226818024  0.0004508773493007227 -0.00013001477769993079 -1310.4838017803118
450.8016294431656  -4.662264458452296e-06 1.2113349143241137e-06 -1310.483930138338
450.80162874084385  -4.374379970736704e-06 1.7258376022913741e-06 -1310.483930658536
450.8016292188508  -5.064478027652272e-06 1.5341111360092956e-06 -1310.4839304599268
450.80162881851504  -4.880607487356095e-06 1.8210472248100216e-06 -1310.4839307502295
450.8016313615581  -2.7943836684146166e-07 -1.8514898596664279e-06 -1310.4839270914076
450.8016310380076  1.1677946906041235e-06 -2.0359846521374416e-06 -1310.4839269175352
450.8016311687951  -5.146168756325471e-07 -1.6095330403702614e-06 -1310.483927333016
450.8016304410932  -1.5815101687337711e-06 -6.387024090178913e-07 -1310.4839283014414
450.80162848920537  -4.710440154789301e-06 2.051010103434572e-06 -1310.483930983077
450.8016289857029  -4.176608138880032e-06 1.450863610522459e-06 -1310.4839303833905
450.8016290380434  -4.220327502967246e-06 1.4196594061768601e-06 -1310.4839303516264
450.80162860955085  -4.0988543665356345e-06 1.7509303583628497e-06 -1310.4839306860424
450.8016285394884  -4.165323991684133e-06 1.832777916253985e-06 -1310.4839307678792
450.80163022073214  -1.8956079986325592e-06 -3.475957406991222e-07 -1310.4839285918745
450.80162966902935  -2.597196032554794e-06 3.540380857469952e-07 -1310.4839292923375
450.80162952699226  -2.9050037248448e-06 5.754554221557214e-07 -1310.4839295126797
450.80162899466524  -3.90473219866599e-06 1.3559451589731783e-06 -1310.483930290076
450.8016290292566  -3.961756447382145e-06 1.3443423536364728e-06 -1310.483930277932
450.80162851678824  -3.935636349984578e-06 1.7787431656787089e-06 -1310.4839307153693
450.80162859371046  -4.040725892306281e-06 1.7459781064106192e-06 -1310.483930681533
450.8016307548887  -1.203816004291511e-06 -1.0309285761331276e-06 -1310.4839279097512
450.8001422038108  -0.010804271903746249 0.004749012230651545 -1310.4886205823316
450.8038359631448  -0.010950264510126572 0.0016043922624389508 -1310.4854543326328
450.80383718354403  -0.004525307357720526 -0.0004567772552922844 -1310.4834322476897
450.7996342529587  0.004462488864317756 0.0002927118474086611 -1310.484260021935
450.8016229125691  0.00020795417910338864 -6.132007940838562e-05 -1310.4838689372193
450.80163432378475  -9.444126577705504e-06 -1.4722836624545716e-06 -1310.4839273982193
450.80163003983444  -1.1208067986648093e-06 -4.397332328730393e-07 -1310.4839285054668
450.8016258029977  1.6966064146068963e-05 -2.5784997286809537e-06 -1310.4839265005373
450.8016294300937  -7.986339658548556e-07 -1.6215470294287808e-08 -1310.4839289343686
450.80162354992194  1.8241184527813067e-05 -1.040685120367131e-06 -1310.483928058762
450.80162948518716  -8.638137584187947e-07 -4.2917294886695206e-08 -1310.483928906961
450.801630006591  -1.0820660547287491e-06 -4.2343263085722396e-07 -1310.48392852219
450.801630006722  -1.082262065427986e-06 -4.2348291793450876e-07 -1310.4839285221376
450.8016294776383  -1.0989674108869567e-06 3.9005499850215655e-08 -1310.4839289874953
450.80162968283037  -1.970876200936083e-06 1.412892739840731e-07 -1310.483929083322
450.8016294401044  -8.310195464682207e-07 -1.4480603398866993e-08 -1310.4839289358501
450.80162971648986  -1.0789596414707942e-06 -1.7377937263631255e-07 -1310.483928773491
450.8016299772386  -1.04789623798872e-06 -4.0902821132775064e-07 -1310.4839285369671
450.80163002939116  -1.1019895868259468e-06 -4.367438449144187e-07 -1310.4839285086296
450.8016313753526  -6.8922181377636975e-06 2.569307027463951e-07 -1310.4839291595165
450.80163201761724  -9.84580854000086e-06 6.490567609652577e-07 -1310.4839295300656
450.8016280862469  -0.005316957629965677 0.0017057320196840126 -1310.4856023449934
450.8007524988933  -0.0032635203316045813 0.001803826186853427 -1310.4857178495747
450.8024684905146  -0.0007396217188401556 -0.00048807150754662574 -1310.4834316722954
450.80246852245557  0.0036143295078374807 -0.001884161428208105 -1310.482062072982
450.80162167050366  6.050875231100223e-05 -1.2969638840714155e-05 -1310.4839163975305
450.8016292851797  -6.556778942033341e-07 6.315342614970772e-08 -1310.4839290154212
450.8016285254706  7.017884368474491e-07 2.8428549687048716e-07 -1310.4839292490783
450.80162971943435  -7.095072865222527e-07 -2.9478556927440117e-07 -1310.4839286547162
450.8016322783992  -5.352050644295488e-07 -2.5616369042480386e-06 -1310.4839263745562
450.8016337502151  -2.7958505927452646e-06 -3.1084363338887245e-06 -1310.4839258057375
450.80162934077646  -6.717662139313684e-07 2.0276040265589882e-08 -1310.4839289721335
450.80162939777676  -7.766023055598238e-07 4.6423368785918306e-09 -1310.483928955542
450.8016294151108  -7.944275212479431e-07 -4.618953024445673e-09 -1310.483928946075
450.80162937616905  -7.887826500126726e-07 2.721693234227846e-08 -1310.483928978164
450.8016296830821  -6.663020896666198e-07 -2.7723035806476856e-07 -1310.4839286727386
450.8016296860814  -6.678263881090483e-07 -2.7933307174702437e-07 -1310.4839286706097
450.8016291479428  -5.182142997985026e-07 1.3765041249487728e-07 -1310.4839290915252
450.8016287993021  -1.5338223634029313e-07 3.218975152342167e-07 -1310.4839292799497
450.80162875931006  3.83559717019436e-07 1.8428442859494123e-07 -1310.4839291458281
450.8016292092429  -2.9197804460551525e-08 -7.21128750577786e-08 -1310.483928884393
450.80162851018684  2.2774570012453096e-06 -2.0773559216769688e-07 -1310.48392876673
450.8016292011809  -1.8553484242755304e-08 -6.856027030969835e-08 -1310.4839288880555
450.80162936270875  1.4567931692983757e-06 -6.811805456703115e-07 -1310.4839282835048
450.8016291930928  -1.7628217441186974e-08 -6.186878553194595e-08 -1310.483928894798
450.80162916341015  -1.4187578688891491e-08 -3.732606343943621e-08 -1310.4839289195286
450.8016290886977  -1.5465278519266004e-08 2.7635709407221287e-08 -1310.4839289849017
450.8016276313924  1.0376252402057222e-06 9.490914895187157e-07 -1310.483929920948
450.8016360865479  -3.573542265687397e-06 -4.877682327821073e-06 -1310.4839240186407
450.80162881041747  6.562046637456707e-08 2.4207213139162134e-07 -1310.4839292013944
450.801629205488  -2.7791637640783583e-08 -6.931952561762174e-08 -1310.4839288872158
450.80164881107976  -5.8320489216483984e-05 1.6824417072143027e-06 -1310.4839301742154
450.8016291539337  -1.2731241447584207e-08 -2.960532547569461e-08 -1310.4839289273111
450.801629137506  -1.6661032711758738e-08 -1.4151484674344182e-08 -1310.4839289428332
450.80162906806  -1.0965010741605492e-08 4.402393107409742e-08 -1310.4839290014334
450.8016293354485  -2.3365976212778712e-07 -1.1559621623007465e-07 -1310.483928838957
450.8016288100654  1.0107621124560885e-07 2.310076876879164e-07 -1310.4839291905478
450.8016288908507  -1.626555717246284e-07 2.4577223916528824e-07 -1310.4839292032539
450.8016291889961  1.5743910081094143e-09 -6.448639800842582e-08 -1310.4839288923201
450.80162912625997  -1.4153277057319117e-08 -5.238927766117026e-09 -1310.4839289518243
450.8016291077697  -1.517116874924013e-08 1.1063128297891349e-08 -1310.4839289682243
450.801629101779  -1.5367046361630515e-08 1.630201551123404e-08 -1310.4839289734955
450.80162921101834  -2.2650918998427992e-08 -7.574621671870493e-08 -1310.4839288807896
450.8016293829328  -3.665806361440358e-08 -2.1979002281270502e-07 -1310.483928735695
450.8016288118944  4.011025963763671e-08 2.48975651725522e-07 -1310.4839292081344
450.8016291013691  5.766626947557254e-08 -6.761561921727618e-09 -1310.4839289508784
450.80162910456573  -1.4112612523128801e-08 1.349190214056338e-08 -1310.4839289706772
450.80162911817035  -1.5439240321793366e-08 2.1629262781044607e-09 -1310.4839289592637
450.8017168135877  -0.00017956383589269045 -1.8196390724662545e-05 -1310.4839091758483
450.8016121114527  -0.0004923259555158961 0.0001725518134695715 -1310.4840986090423
450.801558784517  -0.000445975864154789 0.00020376482904942064 -1310.4841304035117
450.80170117592786  0.00046863039739920723 -0.00021252404600319722 -1310.4837188798172
450.8016284862552  6.845250750241602e-06 -1.6516878572171054e-06 -1310.4839273507039
450.80162874455806  -1.6150853869555446e-07 3.718022823942201e-07 -1310.4839293301125
450.80162871591835  1.8223371344728293e-07 2.863287393039848e-07 -1310.483929246891
450.8016291443249  -5.796546775409904e-08 -6.799158396268232e-09 -1310.4839289498964
450.80162931836844  -3.955914080933801e-07 -4.891670071250082e-08 -1310.4839289047472
450.80162860583476  1.274622862757945e-08 4.3578659557610236e-07 -1310.483929395936
450.8016292968022  -1.2981375846489556e-07 -1.1550297353406012e-07 -1310.483928839899
450.80162872523846  1.252952724207561e-07 2.965330712068981e-07 -1310.4839292566965
450.801629290278  -4.53687314170602e-07 -6.018430224032796e-09 -1310.4839289474496
450.80162870911425  7.286555648541718e-08 3.2727560056256575e-07 -1310.483929287211
450.8016291180758  -6.123154971615806e-09 -7.426188496316225e-10 -1310.4839289564154
450.801629089749  2.085883442130156e-08 1.5080422870431378e-08 -1310.483928972562
450.801629166373  -1.3112004827379148e-07 -2.3924362100637334e-09 -1310.483928953734
450.8016286599022  8.991062977745199e-08 3.643299069333692e-07 -1310.483929324645
450.80162913657495  -3.254002309755071e-08 -8.25557229970403e-09 -1310.4839289486379
450.8016287942554  3.2422510796659125e-07 1.7311662918953935e-07 -1310.4839291341032
450.8016291157233  -5.794789980233147e-10 -4.875653469474645e-10 -1310.4839289567174
450.8016291088167  1.7325556443179622e-08 -2.612723977101157e-10 -1310.4839289570914
450.8016291155909  -4.923101962419399e-10 -4.0122869982996844e-10 -1310.4839289568051
450.80162911513384  -1.64250064337766e-10 -1.1140510689436164e-10 -1310.4839289570996
450.801629113833  7.140222571677715e-10 7.309642488440485e-10 -1310.4839289579547
450.80162911547023  -4.035348103291501e-10 -3.2537222522174543e-10 -1310.4839289568822
450.8016287461057  3.267682689169718e-08 3.082009796614186e-07 -1310.4839292676838
450.8016282574855  3.09116120325693e-07 6.417338854081969e-07 -1310.4839296056425
450.80162911253313  9.907926681872494e-10 1.7652664568726326e-09 -1310.483928958998
450.8016285868357  1.4860535289075534e-07 4.0863966601152075e-07 -1310.483929369722
450.8016285085276  9.527255537383023e-07 2.1846330876812518e-07 -1310.4839291848782
450.80162911553685  -5.665220552959472e-10 -3.3060985766438115e-10 -1310.4839289568756
450.8016287428369  3.552393877681273e-08 3.1011243284761104e-07 -1310.483929269631
450.80162906806  -4.6657367385706585e-07 1.9011150826548915e-07 -1310.4839291447488
450.80162911505954  -1.4123893974704957e-12 -9.947126934345032e-11 -1310.4839289571128
450.80162911484814  2.679400253596647e-10 -3.1052904265160805e-12 -1310.483928957212
450.8016291148962  4.790947123179855e-10 -1.1243870619138107e-10 -1310.483928957104
450.80162911561234  -6.068354638229875e-10 -3.830171307922865e-10 -1310.4839289568226
450.80162873473205  4.258300893070329e-08 3.1485165023058465e-07 -1310.4839292744587
450.8016291147348  2.370983423518796e-10 1.0472688232456135e-10 -1310.4839289573204
450.80162911491993  7.573571200937876e-11 -3.606448554724768e-12 -1310.48392895721
450.8016293425154  -3.060431652381733e-08 -1.8681020404923846e-07 -1310.4839287689388
450.801629181387  -5.674680691239311e-07 1.2454711250328013e-07 -1310.4839290779344
450.8016285011324  1.8070119787400605e-07 4.7239660971379234e-07 -1310.4839294341557
450.80162893064994  8.361481143160516e-08 1.324206485339803e-07 -1310.4839290911773
450.8016288178565  6.104588593169842e-07 6.094633016183895e-08 -1310.4839290235418
450.80162911498206  2.8657377899184464e-10 -1.2486919808282414e-10 -1310.4839289570896
450.8016287103598  6.030147776833918e-08 3.302280733505876e-07 -1310.4839292900797
450.8016291155416  -1.8175428959658654e-09 6.641161685964692e-11 -1310.483928957265
450.80162870504205  1.0940235908469042e-07 3.1907876534473467e-07 -1310.4839292792592
450.8016291151103  -1.437187043297646e-10 -9.76210565697759e-11 -1310.4839289571134
450.8016291013691  -1.5010174572095574e-08 1.6541606980306597e-08 -1310.4839289737395
450.8016290886848  -1.539376880834657e-08 2.762376037993541e-08 -1310.4839289848906
450.8016290720695  -2.1121460700187936e-08 4.3816191624727e-08 -1310.4839290011414
450.801629138444  -1.2491984084925363e-08 -1.629873136440654e-08 -1310.4839289407062
450.80162871158666  6.762079814257338e-08 3.2682116713963514e-07 -1310.4839292867107
450.80162871916036  1.531805719515985e-07 2.9284333236999356e-07 -1310.4839292532108
450.801629114978  -3.828562912716599e-12 -2.8234190817722588e-11 -1310.4839289571846
450.80162911469284  7.576402381498276e-12 2.14420306434201e-10 -1310.4839289574288
450.801629115032  -1.2687762050038094e-10 -3.544767591975094e-11 -1310.4839289571762
450.8016287226445  7.985542639719546e-08 3.133440771349578e-07 -1310.4839292732458
450.801629113833  -3.2936948454135725e-10 1.065520160414073e-09 -1310.4839289582828
450.8016291151103  -2.894846125896395e-10 -5.0882286878315216e-11 -1310.4839289571594
450.80162871916036  1.131856310307816e-07 3.056674169233514e-07 -1310.4839292657914
450.80162911469284  -1.0784162370338448e-09 5.626358834932944e-10 -1310.4839289577706
450.8016291152292  -7.101049257858125e-10 -1.884367485917089e-11 -1310.4839289571883
450.80162870778156  1.8111407832755337e-07 2.937180772607234e-07 -1310.4839292543193
450.80162911469284  -4.4146772327539194e-10 3.584030128223314e-10 -1310.4839289575702
450.8016291150233  -1.1929694038103137e-10 -3.03582675113952e-11 -1310.4839289571814
450.80162871529444  1.4039850954831199e-07 3.002819346325264e-07 -1310.4839292605934
450.80162871529444  1.3251553713610248e-07 3.028095519365776e-07 -1310.4839292630727
450.80162911491993  3.406651279008872e-10 -8.855412323165024e-11 -1310.4839289571266
450.80162911495273  -5.790909883579871e-11 1.0855422027311222e-11 -1310.4839289572235
450.80162872394817  1.249784675816109e-07 2.977494221644375e-07 -1310.4839292579181
450.80162911551344  -1.7616015551314512e-10 -4.355328773337164e-10 -1310.483928956773
450.8016291148972  -3.4287328785284284e-11 5.142681133772346e-11 -1310.4839289572644
450.80162872516615  1.2523396411351633e-07 2.966150846958176e-07 -1310.4839292567788
450.80162871529444  1.5654760783000175e-07 2.951038446777271e-07 -1310.4839292555134
450.80162872523846  1.0789184691507592e-07 3.021133519890293e-07 -1310.483929262171
450.8016291150399  3.987734765274062e-10 -2.1076131747915017e-10 -1310.483928957004
