Dim = 10
+0.0000000000000000e+00 +1.0000000000000000e+00 
+2.7300783937360009e-08 +1.3953447640716190e+00 
+4.3681254299776015e-07 +1.7906895281431325e+00 
+2.2113634989261675e-06 +2.1860342922126219e+00 
+6.9890006879641623e-06 +2.5813790562675556e+00 
+1.7062989960850149e-05 +2.9767238202602901e+00 
+3.5381815982818680e-05 +3.3720685840584701e+00 
+6.5549182233601573e-05 +3.7674133473608475e+00 
+1.1182401100742660e-04 +4.1627581095690322e+00 
+1.7912044341302015e-04 +4.5581028696056531e+00 
+2.7300783937360239e-04 +4.9534476256694466e+00 
+3.9971077762688986e-04 +5.3487923749177630e+00 
+5.6610905572509888e-04 +5.7441371130669889e+00 
+7.7973769003494191e-04 +6.1394818339013852e+00 
+1.0487869157376252e-03 +6.5348265286808429e+00 
+1.3821021868288580e-03 +6.9301711854380477e+00 
+1.7891841761188256e-03 +7.3255157881555473e+00 
+2.2801887752322541e-03 +7.7208603158132503e+00 
+2.8659270946083224e-03 +8.1162047412968032e+00 
+3.5578654635006978e-03 +8.5115490301573953e+00 
+4.3681254299776382e-03 +8.9068931392134498e+00 
+5.3094837609217269e-03 +9.3022370149847298e+00 
+6.3953724420302378e-03 +9.6975805919493379e+00 
+7.6398786778147931e-03 +1.0092923790614110e+01 
+9.0577448916015820e-03 +1.0488266515388915e+01 
+1.0664368725531293e-02 +1.0883608652255344e+01 
+1.2475803040559071e-02 +1.1278950066220283e+01 
+1.4508755916454556e-02 +1.1674290598544895e+01 
+1.6780590651802003e-02 +1.2069630063739480e+01 
+1.9309325764000046e-02 +1.2464968246314708e+01 
+4.7706422723999997e-02 +6.8488599755451096e+00 
+3.8471502451599998e-01 +7.8754590755186662e+00 
+7.1197143865599999e-01 +7.9122616687517322e+00 
+8.3596460472099998e-01 +6.3750700451372726e+00 
+6.2180794830399999e-01 +8.2860110561659521e+00 
+1.8336551694400000e-01 +7.3700580658627066e+00 
+1.0622188096000001e-02 +6.3220434681221418e+00 
+2.2442011290000000e-01 +8.3108004526466921e+00 
+9.0475827263999997e-02 +7.5007731531320347e+00 
+3.4412847049000002e-02 +7.8652361844823924e+00 
+2.9816514202499998e-03 +3.9245938663898774e+00 
+2.4044689032249999e-02 +4.4469738519251711e+00 
+4.4498214915999999e-02 +4.4874671473155523e+00 
+5.2247787795062499e-02 +3.7407041437312740e+00 
+3.8862996768999999e-02 +4.6658831216773544e+00 
+1.1460344809000000e-02 +4.1872773046339677e+00 
+6.6388675600000005e-04 +3.6610305372558436e+00 
+1.4026257056250000e-02 +4.6583858441522716e+00 
+5.6547392039999998e-03 +4.2509246438333825e+00 
+2.1508029405625001e-03 +4.4326923306393651e+00 
+1.8635321376562499e-04 +2.4622980517230904e+00 
+1.5027930645156249e-03 +2.7235510994060252e+00 
+2.7811384322500000e-03 +2.7439513577240011e+00 
+3.2654867371914062e-03 +2.3707123847584639e+00 
+2.4289372980625000e-03 +2.8331013156990141e+00 
+7.1627155056249998e-04 +2.5936541375545321e+00 
+4.1492922250000003e-05 +2.3305153280833744e+00 
+8.7664106601562498e-04 +2.8292137665697816e+00 
+3.5342120024999999e-04 +2.6254660354079977e+00 
+1.3442518378515626e-04 +2.7163466804666956e+00 
+1.1647075860351562e-05 +1.7311490328350359e+00 
+9.3924566532226558e-05 +1.8617759595678767e+00 
+1.7382115201562500e-04 +1.8719770721352484e+00 
+2.0409292107446289e-04 +1.6853584166469979e+00 
+1.5180858112890625e-04 +1.9165516870393173e+00 
+4.4766971910156249e-05 +1.7968271665657976e+00 
+2.5933076406250002e-06 +1.6652576644070225e+00 
+5.4790066625976562e-05 +1.9146070175319969e+00 
+2.2088825015624999e-05 +1.8127330412223375e+00 
+8.4015739865722661e-06 +1.8581733435215433e+00 
+7.2794224127197261e-07 +1.3655745164563104e+00 
+5.8702854082641599e-06 +1.4308879821290510e+00 
+1.0863822000976562e-05 +1.4359885440554572e+00 
+1.2755807567153930e-05 +1.3426792205599005e+00 
+9.4880363205566405e-06 +1.4582758494702466e+00 
+2.7979357443847656e-06 +1.3984135838349732e+00 
+1.6208172753906251e-07 +1.3326288322055106e+00 
+3.4243791641235351e-06 +1.4573035095419120e+00 
+1.3805515634765625e-06 +1.4063665207443936e+00 
+5.2509837416076663e-07 +1.4290866717795720e+00 
+4.5496390079498288e-08 +1.1827872582283474e+00 
+3.6689283801650999e-07 +1.2154439910764563e+00 
+6.7898887506103515e-07 +1.2179942720684447e+00 
+7.9723797294712065e-07 +1.1713396103399993e+00 
+5.9300227003479003e-07 +1.2291379247657033e+00 
+1.7487098402404785e-07 +1.1992067919202600e+00 
+1.0130107971191407e-08 +1.1663144161027650e+00 
+2.1402369775772094e-07 +1.2286517547749420e+00 
+8.6284472717285154e-08 +1.2031832603728683e+00 
+3.2818648385047914e-08 +1.2145433358898816e+00 
+2.8435243799686430e-09 +1.0913936291141746e+00 
+2.2930802376031875e-08 +1.1077219955382831e+00 
+4.2436804691314697e-08 +1.1089971360344100e+00 
+4.9827373309195041e-08 +1.0856698051702689e+00 
+3.7062641877174377e-08 +1.1145689623829935e+00 
+1.0929436501502990e-08 +1.0996033959601426e+00 
+6.3313174819946294e-10 +1.0831572080513827e+00 
+1.3376481109857559e-08 +1.1143258773874896e+00 
+5.3927795448303221e-09 +1.1015916301864372e+00 
+2.0511655240654946e-09 +1.1072716679449413e+00 
+1.7772027374804019e-10 +1.0456968145570873e+00 
+1.4331751485019922e-09 +1.0538609977691418e+00 
+2.6523002932071685e-09 +1.0544985680172059e+00 
+3.1142108318246900e-09 +1.0428349025851356e+00 
+2.3164151173233986e-09 +1.0572844811914974e+00 
+6.8308978134393690e-10 +1.0498016979800715e+00 
+3.9570734262466434e-11 +1.0415786040256914e+00 
+8.3603006936609744e-10 +1.0571629386937449e+00 
+3.3704872155189513e-10 +1.0507958150932186e+00 
+1.2819784525409342e-10 +1.0536358339724707e+00 
+1.1107517109252512e-11 +1.0228484072785435e+00 
+8.9573446781374510e-11 +1.0269304988845709e+00 
+1.6576876832544803e-10 +1.0272492840086029e+00 
+1.9463817698904313e-10 +1.0214174512925678e+00 
+1.4477594483271241e-10 +1.0286422405957487e+00 
+4.2693111333996056e-11 +1.0249008489900358e+00 
+2.4731708914041521e-12 +1.0207893020128456e+00 
+5.2251879335381090e-11 +1.0285814693468724e+00 
+2.1065545096993446e-11 +1.0253979075466093e+00 
+8.0123653283808385e-12 +1.0268179169862353e+00 
+6.9421981932828199e-13 +1.0114242036392718e+00 
+5.5983404238359069e-12 +1.0134652494422856e+00 
+1.0360548020340502e-11 +1.0136246420043014e+00 
+1.2164886061815195e-11 +1.0107087256462839e+00 
+9.0484965520445256e-12 +1.0143211202978744e+00 
+2.6683194583747535e-12 +1.0124504244950179e+00 
+1.5457318071275951e-13 +1.0103946510064228e+00 
+3.2657424584613181e-12 +1.0142907346734362e+00 
+1.3165965685620904e-12 +1.0126989537733047e+00 
+5.0077283302380240e-13 +1.0134089584931176e+00 
