Dim = 3
-3.1415926535897931e+00 +2.7099759466766971e+00 
-2.9249310912732556e+00 +3.1394812314250631e+00 
-2.7082695289567180e+00 +2.9084729177410189e+00 
-2.4916079666401809e+00 +2.2150980073488435e+00 
-2.2749464043236434e+00 +2.2826820295032846e+00 
-2.0582848420071058e+00 +2.9928704441850655e+00 
-1.8416232796905685e+00 +3.3608576850228280e+00 
-1.6249617173740309e+00 +3.6047692142989476e+00 
-1.4083001550574934e+00 +3.7653936793234415e+00 
-1.1916385927409558e+00 +3.8576577651882049e+00 
-9.7497703042441852e-01 +3.8871872678229566e+00 
-7.5831546810788142e-01 +3.8540866140138710e+00 
-5.4165390579134387e-01 +3.7524213107806030e+00 
-3.2499234347480632e-01 +3.5634227564859895e+00 
-1.0833078115826877e-01 +3.2098076689249320e+00 
+1.0833078115826877e-01 +3.1358519424197362e+00 
+3.2499234347480632e-01 +3.3374699951084787e+00 
+5.4165390579134343e-01 +3.3604702731521634e+00 
+7.5831546810788142e-01 +3.2646776314782509e+00 
+9.7497703042441852e-01 +3.0218986725600985e+00 
+1.1916385927409561e+00 +2.2830554542803214e+00 
+1.4083001550574936e+00 +2.9941252895254102e+00 
+1.6249617173740303e+00 +3.1835042101160940e+00 
+1.8416232796905687e+00 +3.2288310031301810e+00 
+2.0582848420071054e+00 +3.1379619658844016e+00 
+2.2749464043236429e+00 +2.7317211033343063e+00 
+2.4916079666401805e+00 +3.1711465651517492e+00 
+2.7082695289567180e+00 +3.5042349787256208e+00 
+2.9249310912732556e+00 +3.7183497883897800e+00 
+3.1415926535897931e+00 +3.8644106367085804e+00 
-2.1415926535897931e+00 +3.2198507249105877e+00 
-3.1415926535897931e+00 +3.7099759466766971e+00 
-3.1415926535897931e+00 +2.5874010519681994e+00 
-1.4916079666401809e+00 +3.5710643320454496e+00 
-2.4916079666401809e+00 +2.9737197082552163e+00 
-2.4916079666401809e+00 +1.6278896464182695e+00 
-2.4916079666401809e+00 +2.9637539044220085e+00 
-2.4916079666401809e+00 +2.4827527009995833e+00 
-2.1415926535897931e+00 +2.8862726672137589e+00 
-3.1415926535897931e+00 +3.5874010519681994e+00 
-3.1415926535897931e+00 +2.4422495703074083e+00 
-3.1415926535897931e+00 +2.7099759466766971e+00 
-1.4916079666401809e+00 +3.8286913459915088e+00 
-2.4916079666401809e+00 +2.3865113473246420e+00 
-2.4916079666401809e+00 +2.2553610867537515e+00 
-2.4916079666401809e+00 +2.3765455434914347e+00 
-2.4916079666401809e+00 +2.2150980073488435e+00 
-2.4916144664870505e+00 +1.6278409097436577e+00 
-2.4916209663339197e+00 +1.6277920994146708e+00 
-2.4916339660276590e+00 +1.6276942576228781e+00 
-2.4916599654151370e+00 +1.6274976882990875e+00 
-2.4917119641900927e+00 +1.6271009969044052e+00 
-2.4918159617400049e+00 +1.6262933224543330e+00 
-2.4920239568398288e+00 +1.6246201225645203e+00 
-2.4924399470394762e+00 +1.6210361897917887e+00 
-2.4932719274387720e+00 +1.6128574662157478e+00 
-2.4949358882373631e+00 +1.5917227021696192e+00 
-2.4982638098345449e+00 +1.5144807972582333e+00 
-2.5049196530289088e+00 +1.6384455222487848e+00 
-2.1415926535897931e+00 +3.3592117958111603e+00 
-3.1415926535897931e+00 +3.4422495703074083e+00 
-3.1415926535897931e+00 +2.2599210498948730e+00 
-3.1415926535897931e+00 +2.5874010519681994e+00 
-1.4982638098345449e+00 +3.8225879206336537e+00 
-2.4982638098345449e+00 +2.2324820450039971e+00 
-2.4982638098345449e+00 +2.2838870656990933e+00 
-2.4982638098345449e+00 +2.2162093223524089e+00 
-2.4982638098345449e+00 +2.2752464298970034e+00 
-2.4982702431229824e+00 +1.5142394210210148e+00 
-2.4982766764114199e+00 +1.5139973766953980e+00 
-2.4982895429882950e+00 +1.5135112680927700e+00 
-2.4983152761420455e+00 +1.5125308591538800e+00 
-2.4983667424495457e+00 +1.5105363456593142e+00 
-2.4984696750645465e+00 +1.5064045273872639e+00 
-2.4986755402945482e+00 +1.4974945497169754e+00 
-2.4990872707545515e+00 +1.4762181884224366e+00 
-2.4999107316745581e+00 +1.3951757080685356e+00 
-2.5015576535145718e+00 +1.5162036856953438e+00 
-2.1415926535897931e+00 +3.5964257900062417e+00 
-3.1415926535897931e+00 +3.2599210498948730e+00 
-3.1415926535897931e+00 +1.9999999999999998e+00 
-3.1415926535897931e+00 +2.4422495703074083e+00 
-1.4999107316745581e+00 +3.8210647364970161e+00 
-2.4999107316745581e+00 +2.1050467630837866e+00 
-2.4999107316745581e+00 +2.2889315333428675e+00 
-2.4999107316745581e+00 +2.0872314496297717e+00 
-2.4999107316745581e+00 +2.2881228635247508e+00 
-2.4999171484937772e+00 +1.3938503135688352e+00 
-2.4999235653129963e+00 +1.3924888820364696e+00 
-2.4999363989514349e+00 +1.3896476739784409e+00 
-2.4999620662283113e+00 +1.3834012165049780e+00 
-2.5000134007820645e+00 +1.3673849240459450e+00 
-2.5001160698895708e+00 +1.3527873517344224e+00 
-2.5003214081045839e+00 +1.4104297904391305e+00 
-2.1415926535897931e+00 +3.7691273251310857e+00 
-3.1415926535897931e+00 +3.0000000000000000e+00 
-3.1415926535897931e+00 +1.0000084916799767e+00 
-3.1415926535897931e+00 +2.2599210498948730e+00 
-2.1415926535897931e+00 +3.9087564930834944e+00 
-3.1415926535897931e+00 +2.0000084916799770e+00 
-3.1415926535897931e+00 +2.0000000000000000e+00 
-3.1415926535897931e+00 +1.9999999999999998e+00 
-2.6415926535897931e+00 +3.1810577894995644e+00 
-3.1415926535897931e+00 +1.7937090176640764e+00 
-3.1415926535897931e+00 +1.7937005259841001e+00 
-3.1415926535897931e+00 +1.7937005259840995e+00 
-2.8915926535897931e+00 +2.6095664659401931e+00 
-3.1415926535897931e+00 +1.6299690166274134e+00 
-3.1415926535897931e+00 +1.6299605249474372e+00 
-3.1415926535897931e+00 +1.6299605249474360e+00 
-3.0165926535897931e+00 +2.1930048941142695e+00 
-3.1415926535897931e+00 +1.5000084916799767e+00 
-3.1415926535897931e+00 +1.5000000000000009e+00 
-3.1415926535897931e+00 +1.4999999999999991e+00 
-3.0790926535897931e+00 +1.8920819887066920e+00 
-3.1415926535897931e+00 +1.3968587546720266e+00 
-3.1415926535897931e+00 +1.3968502629920512e+00 
-3.1415926535897931e+00 +1.3968502629920487e+00 
-3.1103426535897931e+00 +1.6732032298146338e+00 
-3.1415926535897931e+00 +1.3149887541536951e+00 
-3.1415926535897931e+00 +1.3149802624737204e+00 
-3.1415926535897931e+00 +1.3149802624737164e+00 
-3.1259676535897931e+00 +1.5123069795080659e+00 
-3.1415926535897931e+00 +1.2500084916799767e+00 
-3.1415926535897931e+00 +1.2500000000000033e+00 
-3.1415926535897931e+00 +1.2499999999999967e+00 
-3.1337801535897931e+00 +1.3927361632511936e+00 
-3.1415926535897931e+00 +1.1984336231760018e+00 
-3.1415926535897931e+00 +1.1984251314960301e+00 
-3.1415926535897931e+00 +1.1984251314960197e+00 
-3.1376864035897931e+00 +1.3029667492157844e+00 
-3.1415926535897931e+00 +1.1574986229168360e+00 
-3.1415926535897931e+00 +1.1574901312368673e+00 
-3.1415926535897931e+00 +1.1574901312368508e+00 
-3.1396395285897931e+00 +1.2349532367910445e+00 
-3.1415926535897931e+00 +1.1250084916799767e+00 
-3.1415926535897931e+00 +1.1250000000000131e+00 
-3.1415926535897931e+00 +1.1249999999999869e+00 
