Dim = 30
+0.0000000000000000e+00 +1.0000000000000000e+00 
+2.9984237353809876e-08 +1.0000721978125287e+00 
+4.7974779766095801e-07 +1.0011551650002444e+00 
+2.4287232256586020e-06 +1.0058480228090365e+00 
+7.6759647625753282e-06 +1.0184826399497364e+00 
+1.8740148346131054e-05 +1.0451236324949946e+00 
+3.8859571610537632e-05 +1.0935683636575517e+00 
+7.1992153886497361e-05 +1.1733469434664974e+00 
+1.2281543620120525e-04 +1.2957222284803052e+00 
+1.9672658127834559e-04 +1.4736898217454379e+00 
+2.9984237353809686e-04 +1.7219780730858338e+00 
+4.3899921909713115e-04 +2.0570480795586574e+00 
+6.2175314576860211e-04 +2.4970936858038590e+00 
+8.5637980306216179e-04 +3.0620414841501020e+00 
+1.1518744621839578e-03 +3.7735508145295831e+00 
+1.5179520160366257e-03 +4.6550137643245586e+00 
+1.9650469792192840e-03 +5.7315551682319246e+00 
+2.5043134880275569e-03 +7.0300326081747881e+00 
+3.1476253004535295e-03 +8.5790364132563930e+00 
+3.9075757961858446e-03 +1.0408889659741922e+01 
+4.7974779766095498e-03 +1.2551648171055565e+01 
+5.8313644648062563e-03 +1.5041100517784429e+01 
+7.0239875055540983e-03 +1.7912768017684833e+01 
+8.3908189653274928e-03 +2.1203904735688695e+01 
+9.9480503322976338e-03 +2.4953497483909160e+01 
+1.1712592716331899e-02 +2.9202265821645266e+01 
+1.3702076848994589e-02 +3.3992662055385608e+01 
+1.5934853083546089e-02 +3.9368871238811153e+01 
+1.8429991394943324e-02 +4.5376811172797467e+01 
+2.1207281379839793e-02 +5.2064132405416338e+01 
+4.7706422723999997e-02 +3.6598232630144585e+00 
+3.8471502451599998e-01 +4.2543455140677837e+00 
+7.1197143865599999e-01 +3.2442597013470511e+00 
+8.3596460472099998e-01 +3.7624098998497431e+00 
+6.2180794830399999e-01 +3.5154385979842977e+00 
+1.8336551694400000e-01 +3.5763194069790742e+00 
+1.0622188096000001e-02 +3.7668815502456989e+00 
+2.2442011290000000e-01 +4.1984139472169684e+00 
+9.0475827263999997e-02 +4.1301505588695102e+00 
+3.4412847049000002e-02 +4.9018715545694596e+00 
+1.0917935892900002e-01 +3.9135020277219947e+00 
+2.2986804996000001e-02 +3.1411676029006577e+00 
+7.8153202584900006e-01 +3.3924425662012356e+00 
+7.4502248401000004e-02 +4.5850212505050099e+00 
+9.8768216768399997e-01 +4.6264307625373879e+00 
+2.6132237280900000e-01 +3.9578115443632500e+00 
+9.9590021070399999e-03 +3.4376588981903025e+00 
+4.3527797953600000e-01 +4.8228382945998485e+00 
+3.3119564601599999e-01 +3.8492624705130503e+00 
+4.5645833068900005e-01 +4.3434895398645175e+00 
+3.2519630224000000e-02 +4.1374809994115695e+00 
+3.5261506659599995e-01 +3.0664974552032116e+00 
+2.4277496928400000e-01 +3.6388189107708691e+00 
+4.1833212979600007e-03 +4.1609348491938238e+00 
+4.4422624900899993e-01 +3.9624143380239736e+00 
+8.9437875265599998e-01 +3.1716888433240960e+00 
+1.1194511472400000e-01 +3.9359718947189668e+00 
+3.7441426723600008e-01 +5.1952970039407154e+00 
+7.8978985023999998e-02 +4.0315937835371836e+00 
+2.5882554500100002e-01 +3.9815774509385364e+00 
+2.9816514202499998e-03 +1.1662701909224633e+00 
+2.4044689032249999e-02 +1.2050738599764839e+00 
+4.4498214915999999e-02 +1.1478793861824703e+00 
+5.2247787795062499e-02 +1.1814307081121278e+00 
+3.8862996768999999e-02 +1.1625887301764819e+00 
+1.1460344809000000e-02 +1.1614929554449567e+00 
+6.6388675600000005e-04 +1.1729315931984601e+00 
+1.4026257056250000e-02 +1.2004846367550599e+00 
+5.6547392039999998e-03 +1.1957314830294599e+00 
+2.1508029405625001e-03 +1.2438783518383543e+00 
+6.8237099330625012e-03 +1.1822447135438479e+00 
+1.4366753122500000e-03 +1.1338316676847471e+00 
+4.8845751615562504e-02 +1.1581829260827488e+00 
+4.6563905250625003e-03 +1.2241217581096218e+00 
+6.1730135480249998e-02 +1.2362042127060822e+00 
+1.6332648300562500e-02 +1.1857120241091210e+00 
+6.2243763168999999e-04 +1.1523551481366536e+00 
+2.7204873721000000e-02 +1.2407668434803534e+00 
+2.0699727875999999e-02 +1.1794837782656336e+00 
+2.8528645668062503e-02 +1.2112622215155626e+00 
+2.0324768890000000e-03 +1.1961050825996835e+00 
+2.2038441662249997e-02 +1.1312284429415780e+00 
+1.5173435580250000e-02 +1.1657365909766209e+00 
+2.6145758112250004e-04 +1.1975586338557571e+00 
+2.7764140563062496e-02 +1.1875766272064565e+00 
+5.5898672040999998e-02 +1.1476906139977445e+00 
+6.9965696702499998e-03 +1.1836557207841807e+00 
+2.3400891702250005e-02 +1.2634505781293306e+00 
+4.9361865639999999e-03 +1.1895507914033436e+00 
+1.6176596562562501e-02 +1.1871753730618981e+00 
+1.8635321376562499e-04 +1.0103923289842507e+00 
+1.5027930645156249e-03 +1.0128448596224913e+00 
+2.7811384322500000e-03 +1.0093424494797092e+00 
+3.2654867371914062e-03 +1.0114730090035022e+00 
+2.4289372980625000e-03 +1.0102370596660566e+00 
+7.1627155056249998e-04 +1.0100998684984972e+00 
+4.1492922250000003e-05 +1.0108082463569010e+00 
+8.7664106601562498e-04 +1.0125397719420146e+00 
+3.5342120024999999e-04 +1.0122347656209731e+00 
+1.3442518378515626e-04 +1.0152426116263507e+00 
+4.2648187081640633e-04 +1.0113925762554010e+00 
+8.9792207015625003e-05 +1.0083645850098391e+00 
+3.0528594759726565e-03 +1.0100057298748031e+00 
+2.9102440781640627e-04 +1.0140086333574618e+00 
+3.8581334675156249e-03 +1.0149402761763013e+00 
+1.0207905187851563e-03 +1.0116200297258007e+00 
+3.8902351980625000e-05 +1.0095222162722857e+00 
+1.7003046075625000e-03 +1.0150823423723145e+00 
+1.2937329922500000e-03 +1.0112387787933679e+00 
+1.7830403542539064e-03 +1.0132427235375989e+00 
+1.2702980556250000e-04 +1.0122567675755740e+00 
+1.3774026038906248e-03 +1.0082267201268749e+00 
+9.4833972376562499e-04 +1.0103699884876656e+00 
+1.6341098820156253e-05 +1.0123474179198886e+00 
+1.7352587851914060e-03 +1.0117611092427219e+00 
+3.4936670025624999e-03 +1.0093883298548432e+00 
+4.3728560439062499e-04 +1.0114808781985605e+00 
+1.4625557313906253e-03 +1.0164906360850925e+00 
+3.0851166024999999e-04 +1.0118481105826056e+00 
+1.0110372851601563e-03 +1.0117112244141035e+00 
+1.1647075860351562e-05 +1.0006495225740952e+00 
+9.3924566532226558e-05 +1.0008029342704909e+00 
+1.7382115201562500e-04 +1.0005843518388549e+00 
+2.0409292107446289e-04 +1.0007176803349309e+00 
+1.5180858112890625e-04 +1.0006401581929458e+00 
+4.4766971910156249e-05 +1.0006312715230139e+00 
+2.5933076406250002e-06 +1.0006755154970390e+00 
+5.4790066625976562e-05 +1.0007837801831210e+00 
+2.2088825015624999e-05 +1.0007646800760674e+00 
+8.4015739865722661e-06 +1.0009526642685544e+00 
+2.6655116926025395e-05 +1.0007120465458439e+00 
+5.6120129384765627e-06 +1.0005227870313715e+00 
+1.9080371724829103e-04 +1.0006258984549894e+00 
+1.8189025488525392e-05 +1.0008755444746107e+00 
+2.4113334171972655e-04 +1.0009346257866938e+00 
+6.3799407424072266e-05 +1.0007263121681456e+00 
+2.4313969987890625e-06 +1.0005951386048046e+00 
+1.0626903797265625e-04 +1.0009428131203018e+00 
+8.0858312015624997e-05 +1.0007025205873936e+00 
+1.1144002214086915e-04 +1.0008278539169777e+00 
+7.9393628476562500e-06 +1.0007660489068122e+00 
+8.6087662743164050e-05 +1.0005142802102616e+00 
+5.9271232735351562e-05 +1.0006481764019841e+00 
+1.0213186762597658e-06 +1.0007717136354366e+00 
+1.0845367407446287e-04 +1.0007352435811012e+00 
+2.1835418766015624e-04 +1.0005874787178011e+00 
+2.7330350274414062e-05 +1.0007175659565115e+00 
+9.1409733211914081e-05 +1.0010307879308433e+00 
+1.9281978765625000e-05 +1.0007405124189521e+00 
+6.3189830322509771e-05 +1.0007320106835218e+00 
+7.2794224127197261e-07 +1.0000405951688238e+00 
+5.8702854082641599e-06 +1.0000501839083689e+00 
+1.0863822000976562e-05 +1.0000365237591693e+00 
+1.2755807567153930e-05 +1.0000448574597327e+00 
+9.4880363205566405e-06 +1.0000400112364836e+00 
+2.7979357443847656e-06 +1.0000394545875362e+00 
+1.6208172753906251e-07 +1.0000422197189585e+00 
+3.4243791641235351e-06 +1.0000489864371944e+00 
+1.3805515634765625e-06 +1.0000477925333198e+00 
+5.2509837416076663e-07 +1.0000595415209164e+00 
+1.6659448078765872e-06 +1.0000445029507143e+00 
+3.5075080865478517e-07 +1.0000326741913050e+00 
+1.1925232328018189e-05 +1.0000391207851866e+00 
+1.1368140930328370e-06 +1.0000547215490303e+00 
+1.5070833857482910e-05 +1.0000584175152385e+00 
+3.9874629640045166e-06 +1.0000453947488233e+00 
+1.5196231242431640e-07 +1.0000371961631465e+00 
+6.6418148732910157e-06 +1.0000589264810622e+00 
+5.0536445009765623e-06 +1.0000439079195163e+00 
+6.9650013838043220e-06 +1.0000517415968402e+00 
+4.9621017797851562e-07 +1.0000478780603661e+00 
+5.3804789214477531e-06 +1.0000321429471475e+00 
+3.7044520459594726e-06 +1.0000405112308268e+00 
+6.3832417266235362e-08 +1.0000482321022757e+00 
+6.7783546296539296e-06 +1.0000459534124719e+00 
+1.3647136728759765e-05 +1.0000367202117848e+00 
+1.7081468921508789e-06 +1.0000448479160151e+00 
+5.7131083257446301e-06 +1.0000644247347361e+00 
+1.2051236728515625e-06 +1.0000462820479523e+00 
+3.9493643951568607e-06 +1.0000457509015004e+00 
+4.5496390079498288e-08 +1.0000025371980823e+00 
+3.6689283801650999e-07 +1.0000031364962922e+00 
+6.7898887506103515e-07 +1.0000022827418631e+00 
+7.9723797294712065e-07 +1.0000028036007664e+00 
+5.9300227003479003e-07 +1.0000025007075548e+00 
+1.7487098402404785e-07 +1.0000024659121796e+00 
+1.0130107971191407e-08 +1.0000026387324363e+00 
+2.1402369775772094e-07 +1.0000030616530116e+00 
+8.6284472717285154e-08 +1.0000029870334441e+00 
+3.2818648385047914e-08 +1.0000037213450734e+00 
+1.0412155049228670e-07 +1.0000027814345822e+00 
+2.1921925540924073e-08 +1.0000020421369638e+00 
+7.4532702050113683e-07 +1.0000024450574065e+00 
+7.1050880814552311e-08 +1.0000034200968901e+00 
+9.4192711609268185e-07 +1.0000036511080099e+00 
+2.4921643525028229e-07 +1.0000028371727330e+00 
+9.4976445265197753e-09 +1.0000023247601979e+00 
+4.1511342958068848e-07 +1.0000036829076511e+00 
+3.1585278131103515e-07 +1.0000027442464661e+00 
+4.3531258648777013e-07 +1.0000032338526448e+00 
+3.1013136123657226e-08 +1.0000029923787872e+00 
+3.3627993259048457e-07 +1.0000020089358927e+00 
+2.3152825287246704e-07 +1.0000025319527306e+00 
+3.9895260791397101e-09 +1.0000030145063925e+00 
+4.2364716435337060e-07 +1.0000028720909713e+00 
+8.5294604554748533e-07 +1.0000022950241487e+00 
+1.0675918075942993e-07 +1.0000028029949217e+00 
+3.5706927035903938e-07 +1.0000040265478334e+00 
+7.5320229553222654e-08 +1.0000028926280820e+00 
+2.4683527469730379e-07 +1.0000028594322574e+00 
+2.8435243799686430e-09 +1.0000001585748803e+00 
+2.2930802376031875e-08 +1.0000001960310261e+00 
+4.2436804691314697e-08 +1.0000001426713936e+00 
+4.9827373309195041e-08 +1.0000001752250851e+00 
+3.7062641877174377e-08 +1.0000001562942429e+00 
+1.0929436501502990e-08 +1.0000001541195129e+00 
+6.3313174819946294e-10 +1.0000001649207773e+00 
+1.3376481109857559e-08 +1.0000001913533159e+00 
+5.3927795448303221e-09 +1.0000001866895907e+00 
+2.0511655240654946e-09 +1.0000002325840671e+00 
+6.5075969057679188e-09 +1.0000001738396620e+00 
+1.3701203463077546e-09 +1.0000001276335602e+00 
+4.6582938781321052e-08 +1.0000001528161204e+00 
+4.4406800509095194e-09 +1.0000002137560560e+00 
+5.8870444755792616e-08 +1.0000002281943026e+00 
+1.5576027203142643e-08 +1.0000001773232994e+00 
+5.9360278290748596e-10 +1.0000001452975125e+00 
+2.5944589348793030e-08 +1.0000002301817383e+00 
+1.9740798831939697e-08 +1.0000001715154099e+00 
+2.7207036655485633e-08 +1.0000002021158012e+00 
+1.9383210077285767e-09 +1.0000001870236743e+00 
+2.1017495786905286e-08 +1.0000001255585000e+00 
+1.4470515804529190e-08 +1.0000001582470488e+00 
+2.4934537994623188e-10 +1.0000001884066496e+00 
+2.6477947772085662e-08 +1.0000001795056963e+00 
+5.3309127846717833e-08 +1.0000001434390520e+00 
+6.6724487974643706e-09 +1.0000001751871834e+00 
+2.2316829397439961e-08 +1.0000002516592472e+00 
+4.7075143470764159e-09 +1.0000001807892556e+00 
+1.5427204668581487e-08 +1.0000001787145196e+00 
+1.7772027374804019e-10 +1.0000000099109301e+00 
+1.4331751485019922e-09 +1.0000000122519392e+00 
+2.6523002932071685e-09 +1.0000000089169623e+00 
+3.1142108318246900e-09 +1.0000000109515679e+00 
+2.3164151173233986e-09 +1.0000000097683903e+00 
+6.8308978134393690e-10 +1.0000000096324695e+00 
+3.9570734262466434e-11 +1.0000000103075486e+00 
+8.3603006936609744e-10 +1.0000000119595822e+00 
+3.3704872155189513e-10 +1.0000000116680994e+00 
+1.2819784525409342e-10 +1.0000000145365042e+00 
+4.0672480661049493e-10 +1.0000000108649789e+00 
+8.5632521644234660e-11 +1.0000000079770974e+00 
+2.9114336738325658e-09 +1.0000000095510078e+00 
+2.7754250318184497e-10 +1.0000000133597535e+00 
+3.6794027972370385e-09 +1.0000000142621441e+00 
+9.7350170019641520e-10 +1.0000000110827063e+00 
+3.7100173931717872e-11 +1.0000000090810945e+00 
+1.6215368342995644e-09 +1.0000000143863588e+00 
+1.2337999269962310e-09 +1.0000000107197131e+00 
+1.7004397909678521e-09 +1.0000000126322377e+00 
+1.2114506298303604e-10 +1.0000000116889796e+00 
+1.3135934866815804e-09 +1.0000000078474063e+00 
+9.0440723778307437e-10 +1.0000000098904405e+00 
+1.5584086246639493e-11 +1.0000000117754155e+00 
+1.6548717357553539e-09 +1.0000000112191061e+00 
+3.3318204904198646e-09 +1.0000000089649410e+00 
+4.1702804984152316e-10 +1.0000000109491989e+00 
+1.3948018373399976e-09 +1.0000000157287030e+00 
+2.9421964669227599e-10 +1.0000000112993284e+00 
+9.6420029178634295e-10 +1.0000000111696574e+00 
+1.1107517109252512e-11 +1.0000000006194332e+00 
+8.9573446781374510e-11 +1.0000000007657461e+00 
+1.6576876832544803e-10 +1.0000000005573102e+00 
+1.9463817698904313e-10 +1.0000000006844729e+00 
+1.4477594483271241e-10 +1.0000000006105243e+00 
+4.2693111333996056e-11 +1.0000000006020293e+00 
+2.4731708914041521e-12 +1.0000000006442218e+00 
+5.2251879335381090e-11 +1.0000000007474739e+00 
+2.1065545096993446e-11 +1.0000000007292562e+00 
+8.0123653283808385e-12 +1.0000000009085315e+00 
+2.5420300413155933e-11 +1.0000000006790613e+00 
+5.3520326027646663e-12 +1.0000000004985685e+00 
+1.8196460461453536e-10 +1.0000000005969381e+00 
+1.7346406448865310e-11 +1.0000000008349845e+00 
+2.2996267482731491e-10 +1.0000000008913841e+00 
+6.0843856262275950e-11 +1.0000000006926690e+00 
+2.3187608707323670e-12 +1.0000000005675684e+00 
+1.0134605214372277e-10 +1.0000000008991474e+00 
+7.7112495437264440e-11 +1.0000000006699821e+00 
+1.0627748693549075e-10 +1.0000000007895149e+00 
+7.5715664364397525e-12 +1.0000000007305612e+00 
+8.2099592917598772e-11 +1.0000000004904628e+00 
+5.6525452361442148e-11 +1.0000000006181526e+00 
+9.7400539041496829e-13 +1.0000000007359635e+00 
+1.0342948348470962e-10 +1.0000000007011942e+00 
+2.0823878065124154e-10 +1.0000000005603089e+00 
+2.6064253115095197e-11 +1.0000000006843250e+00 
+8.7175114833749848e-11 +1.0000000009830439e+00 
+1.8388727918267250e-11 +1.0000000007062080e+00 
+6.0262518236646434e-11 +1.0000000006981036e+00 
+6.9421981932828199e-13 +1.0000000000387146e+00 
+5.5983404238359069e-12 +1.0000000000478591e+00 
+1.0360548020340502e-11 +1.0000000000348319e+00 
+1.2164886061815195e-11 +1.0000000000427796e+00 
+9.0484965520445256e-12 +1.0000000000381577e+00 
+2.6683194583747535e-12 +1.0000000000376268e+00 
+1.5457318071275951e-13 +1.0000000000402638e+00 
+3.2657424584613181e-12 +1.0000000000467171e+00 
+1.3165965685620904e-12 +1.0000000000455784e+00 
+5.0077283302380240e-13 +1.0000000000567832e+00 
+1.5887687758222458e-12 +1.0000000000424414e+00 
+3.3450203767279164e-13 +1.0000000000311606e+00 
+1.1372787788408460e-11 +1.0000000000373086e+00 
+1.0841504030540819e-12 +1.0000000000521865e+00 
+1.4372667176707182e-11 +1.0000000000557114e+00 
+3.8027410163922469e-12 +1.0000000000432918e+00 
+1.4492255442077294e-13 +1.0000000000354730e+00 
+6.3341282589826733e-12 +1.0000000000561966e+00 
+4.8195309648290275e-12 +1.0000000000418738e+00 
+6.6423429334681721e-12 +1.0000000000493448e+00 
+4.7322290227748453e-13 +1.0000000000456601e+00 
+5.1312245573499233e-12 +1.0000000000306539e+00 
+3.5328407725901343e-12 +1.0000000000386344e+00 
+6.0875336900935518e-14 +1.0000000000459977e+00 
+6.4643427177943512e-12 +1.0000000000438247e+00 
+1.3014923790702596e-11 +1.0000000000350193e+00 
+1.6290158196934498e-12 +1.0000000000427702e+00 
+5.4484446771093655e-12 +1.0000000000614402e+00 
+1.1492954948917031e-12 +1.0000000000441380e+00 
+3.7664073897904021e-12 +1.0000000000436315e+00 
