Dim = 10
+0.0000000000000000e+00 +1.0000000000000000e+00 
+2.2959959291319931e-05 +3.1289967099949032e+00 
+9.1839837165279725e-05 +4.0108560196578198e+00 
+2.0663963362187927e-04 +4.6875304620407032e+00 
+3.6735934866111890e-04 +5.2579933946605237e+00 
+5.7399898228299511e-04 +5.7605813106040138e+00 
+8.2655853448751709e-04 +6.2149554940361078e+00 
+1.1250380052746744e-03 +6.6327956463408686e+00 
+1.4694373946444756e-03 +7.0217117360115617e+00 
+1.8597567025969075e-03 +7.3869896622757585e+00 
+2.2959959291319804e-03 +7.7324780533742237e+00 
+2.7781550742496958e-03 +8.0610823100553297e+00 
+3.3062341379500684e-03 +8.3750596370934041e+00 
+3.8802331202330473e-03 +8.6762050684435561e+00 
+4.5001520210986978e-03 +8.9659740083094164e+00 
+5.1659908405469633e-03 +9.2455659160794088e+00 
+5.8777495785779024e-03 +9.5159832101377653e+00 
+6.6354282351914502e-03 +9.7780738097780358e+00 
+7.4390268103876299e-03 +1.0032562549334642e+01 
+8.2885453041664781e-03 +1.0280074827907963e+01 
+9.1839837165279218e-03 +1.0521154718845038e+01 
+1.0125342047472062e-02 +1.0756279047229823e+01 
+1.1112620296998783e-02 +1.0985868481139510e+01 
+1.2145818465108224e-02 +1.1210296376234274e+01 
+1.3224936551800274e-02 +1.1429895906064660e+01 
+1.4349974557074959e-02 +1.1644965867514134e+01 
+1.5520932480932189e-02 +1.1855775450377227e+01 
+1.6737810323372217e-02 +1.2062568188399418e+01 
+1.8000608084394791e-02 +1.2265565257190746e+01 
+1.9309325764000046e-02 +1.2464968246314708e+01 
+4.7706422723999997e-02 +6.8488599755451096e+00 
+3.8471502451599998e-01 +7.8754590755186662e+00 
+7.1197143865599999e-01 +7.9122616687517322e+00 
+8.3596460472099998e-01 +6.3750700451372726e+00 
+6.2180794830399999e-01 +8.2860110561659521e+00 
+1.8336551694400000e-01 +7.3700580658627066e+00 
+1.0622188096000001e-02 +6.3220434681221418e+00 
+2.2442011290000000e-01 +8.3108004526466921e+00 
+9.0475827263999997e-02 +7.5007731531320347e+00 
+3.4412847049000002e-02 +7.8652361844823924e+00 
+1.1926605680999999e-02 +5.1359758183994524e+00 
+9.6178756128999995e-02 +5.8733664817983513e+00 
+1.7799285966400000e-01 +5.9273071082273345e+00 
+2.0899115118025000e-01 +4.8680169892659473e+00 
+1.5545198707600000e-01 +6.1808921620600206e+00 
+4.5841379235999999e-02 +5.5071535937952980e+00 
+2.6555470240000002e-03 +4.7632641654488870e+00 
+5.6105028224999999e-02 +6.1732887424106284e+00 
+2.2618956815999999e-02 +5.5974209586462225e+00 
+8.6032117622500005e-03 +5.8545488829937016e+00 
+2.9816514202499998e-03 +3.9245938663898774e+00 
+2.4044689032249999e-02 +4.4469738519251711e+00 
+4.4498214915999999e-02 +4.4874671473155523e+00 
+5.2247787795062499e-02 +3.7407041437312740e+00 
+3.8862996768999999e-02 +4.6658831216773544e+00 
+1.1460344809000000e-02 +4.1872773046339677e+00 
+6.6388675600000005e-04 +3.6610305372558436e+00 
+1.4026257056250000e-02 +4.6583858441522716e+00 
+5.6547392039999998e-03 +4.2509246438333825e+00 
+2.1508029405625001e-03 +4.4326923306393651e+00 
+7.4541285506249996e-04 +3.0680015758159800e+00 
+6.0111722580624997e-03 +3.4374600010430618e+00 
+1.1124553729000000e-02 +3.4662879463440217e+00 
+1.3061946948765625e-02 +2.9384283437019718e+00 
+9.7157491922499999e-03 +3.5923734103390976e+00 
+2.8650862022499999e-03 +3.2537650519689540e+00 
+1.6597168900000001e-04 +2.8816328134061706e+00 
+3.5065642640624999e-03 +3.5868958732769891e+00 
+1.4136848010000000e-03 +3.2987555738961856e+00 
+5.3770073514062503e-04 +3.4272806782988767e+00 
+1.8635321376562499e-04 +2.4622980517230904e+00 
+1.5027930645156249e-03 +2.7235510994060252e+00 
+2.7811384322500000e-03 +2.7439513577240011e+00 
+3.2654867371914062e-03 +2.3707123847584639e+00 
+2.4289372980625000e-03 +2.8331013156990141e+00 
+7.1627155056249998e-04 +2.5936541375545321e+00 
+4.1492922250000003e-05 +2.3305153280833744e+00 
+8.7664106601562498e-04 +2.8292137665697816e+00 
+3.5342120024999999e-04 +2.6254660354079977e+00 
+1.3442518378515626e-04 +2.7163466804666956e+00 
+4.6588303441406247e-05 +2.0340008773950040e+00 
+3.7569826612890623e-04 +2.2187351928321197e+00 
+6.9528460806249999e-04 +2.2331616078438730e+00 
+8.1637168429785154e-04 +1.9692428644252973e+00 
+6.0723432451562499e-04 +2.2961996828481053e+00 
+1.7906788764062500e-04 +2.1268837723258196e+00 
+1.0373230562500001e-05 +1.9408164114273290e+00 
+2.1916026650390625e-04 +2.2934496297099467e+00 
+8.8355300062499997e-05 +2.1493780862339573e+00 
+3.3606295946289064e-05 +2.2136403808187604e+00 
+1.1647075860351562e-05 +1.7311490328350359e+00 
+9.3924566532226558e-05 +1.8617759595678767e+00 
+1.7382115201562500e-04 +1.8719770721352484e+00 
+2.0409292107446289e-04 +1.6853584166469979e+00 
+1.5180858112890625e-04 +1.9165516870393173e+00 
+4.4766971910156249e-05 +1.7968271665657976e+00 
+2.5933076406250002e-06 +1.6652576644070225e+00 
+5.4790066625976562e-05 +1.9146070175319969e+00 
+2.2088825015624999e-05 +1.8127330412223375e+00 
+8.4015739865722661e-06 +1.8581733435215433e+00 
+2.9117689650878905e-06 +1.5170004392254601e+00 
+2.3481141633056639e-05 +1.6093676278819420e+00 
+4.3455288003906249e-05 +1.6165809109906391e+00 
+5.1023230268615722e-05 +1.4846215996770740e+00 
+3.7952145282226562e-05 +1.6480999208422213e+00 
+1.1191742977539062e-05 +1.5634418936208909e+00 
+6.4832691015625005e-07 +1.4704082057410999e+00 
+1.3697516656494140e-05 +1.6467248252124294e+00 
+5.5222062539062498e-06 +1.5746890449136404e+00 
+2.1003934966430665e-06 +1.6068201906617310e+00 
+7.2794224127197261e-07 +1.3655745164563104e+00 
+5.8702854082641599e-06 +1.4308879821290510e+00 
+1.0863822000976562e-05 +1.4359885440554572e+00 
+1.2755807567153930e-05 +1.3426792205599005e+00 
+9.4880363205566405e-06 +1.4582758494702466e+00 
+2.7979357443847656e-06 +1.3984135838349732e+00 
+1.6208172753906251e-07 +1.3326288322055106e+00 
+3.4243791641235351e-06 +1.4573035095419120e+00 
+1.3805515634765625e-06 +1.4063665207443936e+00 
+5.2509837416076663e-07 +1.4290866717795720e+00 
+1.8198556031799315e-07 +1.2585002196154984e+00 
+1.4675713520660400e-06 +1.3046838141106185e+00 
+2.7159555002441406e-06 +1.3082904560737418e+00 
+3.1889518917884826e-06 +1.2423108007071300e+00 
+2.3720090801391601e-06 +1.3240499608538387e+00 
+6.9948393609619139e-07 +1.2817209468501212e+00 
+4.0520431884765628e-08 +1.2352041028706915e+00 
+8.5609479103088377e-07 +1.3233624126626291e+00 
+3.4513789086914061e-07 +1.2873445224664106e+00 
+1.3127459354019166e-07 +1.3034100953322252e+00 
