62 341.4958840709744
74 316.3134829567288
79 314.44657237427225
89 276.3625046085204
104 264.84803198136456
135 261.85573979438266
138 261.6260611569885
142 260.20208010579677
144 257.531708656473
148 252.00971856721614
155 251.78717146698415
156 249.43284210182583
181 248.18502608640586
198 247.912699905884
206 247.702072044766
243 247.352561840467
247 246.5737711668362
279 246.22199548523363
302 246.21090222029292
352 246.18350262223922
353 246.1547116777052
387 246.1336720900321
419 246.13098240647602
446 246.13036468390786
461 246.13025370772058
476 246.1302467445133
485 246.13014907399537
486 246.13005756282269
509 246.1299627190089
559 246.12977627413662
564 246.1297717807102
613 246.12970360479986
668 246.12970306019304
687 246.12970247801334
691 246.12970183447484
701 246.1297013488171
