155 1344.0582523619419
158 1038.0056877296279
163 1033.7495391323348
168 971.8982968237204
176 812.9453646081179
187 659.7540860799028
196 544.8886274941801
205 456.16427334019954
215 421.4405093092388
218 284.52975241482056
241 284.46617865593316
254 254.01707030757657
255 241.44866459364147
268 236.2858050176333
281 207.52421780746957
282 187.76408765914957
292 187.15760859800943
297 180.69769379666272
302 180.24087211632462
303 162.4520632126363
304 161.56488549962154
316 144.37834009336984
342 133.90398900818448
381 133.387373528386
388 132.79325841625356
400 129.0622058232747
418 128.3765340383883
445 128.34678231498964
478 127.59845256150543
487 127.49836725592672
498 127.49642304973696
578 127.4708014823552
607 127.46193482492836
628 127.46078119315997
654 127.45693605515312
688 127.45623025962477
692 127.45577445965338
920 127.45561970244053
926 127.45561880057396
963 127.4556184866353
