87 1179.895338232615
92 1175.8964588194162
142 1175.874459134007
147 1175.815334537541
149 1175.8079334108825
165 1175.8078744421257
184 1175.8058064645659
194 1175.801350445697
195 1175.7978990128458
204 1175.7953332316943
215 1175.7951433157732
216 1175.7946158903576
233 1175.7943289661291
235 1175.7925110857905
247 1175.7920334890728
297 1175.7920250269785
349 1175.792024879545
374 1175.7920248443977
376 1175.7920248422106
385 1175.7920248404625
395 1175.792024835263
414 1175.792024831915
418 1175.7920248318644
420 1175.7920248302898
432 1175.7920248302585
435 1175.7920248299183
436 1175.792024829834
443 1175.7920248298183
447 1175.792024829765
454 1175.7920248297448
477 1175.7920248297423
482 1175.792024829742
493 1175.7920248297416
500 1175.7920248297414
505 1175.7920248297405
512 1175.7920248297403
