110 -1999.5848071640485
115 -2000.3874507524413
116 -2003.902002739445
120 -2010.9355407150265
122 -2013.490825877906
139 -2015.8291992883496
153 -2021.8853278547795
222 -2022.2654994555367
231 -2022.6468813868248
239 -2022.9215417859314
249 -2023.2726111954719
258 -2024.2854409552174
285 -2024.3185251771272
290 -2024.3637004529867
297 -2024.6198012832947
314 -2024.6982608099438
315 -2024.7577521064115
344 -2024.7712368430623
384 -2024.7792396297984
400 -2024.797333809215
453 -2024.7999486009057
459 -2024.8037294587289
470 -2024.8042319052772
478 -2024.805324691772
506 -2024.806792038497
529 -2024.8068001301524
530 -2024.8070154377674
561 -2024.8070311401775
562 -2024.8071121843943
611 -2024.807131555948
631 -2024.8071629957738
655 -2024.8071715626515
678 -2024.80717294059
682 -2024.807176466218
753 -2024.807177543712
756 -2024.8071793552197
758 -2024.8071797001674
770 -2024.8071801067367
784 -2024.8071804906451
822 -2024.8071807184522
869 -2024.80718075323
878 -2024.807180753762
893 -2024.8071807634212
895 -2024.8071807650135
912 -2024.8071807860047
