177 401.6857241750591
212 401.0341478697114
234 399.7759328893493
245 398.15354594581385
248 397.5672130960236
261 396.5030189084406
268 396.1942253378668
330 396.17631353021386
338 396.11743507307665
345 396.0218908395326
353 395.7513305919866
432 395.74781347198956
439 395.74009362295874
465 395.7359184701819
466 395.72857135509776
472 395.72512752867806
477 395.72483442749217
487 395.7196183628583
521 395.7184976454731
603 395.71840125076164
626 395.71839824076966
632 395.7183684097367
648 395.7183482460571
696 395.71834344720145
759 395.7183426851442
820 395.7183425661001
877 395.71834252280917
903 395.7183424737187
912 395.7183424676004
928 395.7183424109411
936 395.71834241024277
958 395.7183424074751
961 395.71834240733926
966 395.71834240379474
