218 1122.1488898958498
220 1108.2795810191044
221 1091.8716417483304
329 1090.874473862943
334 1090.626802556744
341 1090.4581506038007
349 1090.3902506235604
380 1090.0936558494247
390 1090.0567516275814
395 1089.9709700683738
454 1089.5273923716709
474 1089.5181781458705
483 1089.51523472384
511 1089.512016564571
536 1089.504196797719
595 1089.5039912483949
596 1089.5039835427635
603 1089.5038691944605
620 1089.5037154904483
688 1089.5034856137454
690 1089.5033824030959
787 1089.503359125928
797 1089.5033534490037
803 1089.5033527166838
806 1089.5033498220844
870 1089.503348441954
908 1089.503347844964
