259 925.6474644009292
269 925.6423424129463
285 925.5939396049051
297 925.5516778433504
312 925.5456132979077
318 925.5451127302667
340 925.5435182335161
341 925.5422854449056
349 925.5421183800379
376 925.5420903474799
378 925.5420522883039
381 925.5420302972465
417 925.5420300269832
435 925.5420285947425
446 925.5420285279416
452 925.5420285245154
460 925.5420285111293
465 925.5420285065109
483 925.5420285056617
485 925.542028500895
486 925.542028496177
493 925.5420284957166
512 925.5420284955994
513 925.5420284955537
545 925.5420284955521
550 925.5420284955485
599 925.5420284955484
611 925.5420284955483
