62 993.2645276710289
82 873.5350287426336
94 864.8298547008928
104 776.7133352543027
115 765.5416561574364
116 736.8642121732902
119 557.2889131253365
148 541.4168517460421
152 481.8866004682575
195 470.62295102689137
196 463.8252381500668
224 460.41019900995644
244 454.91092985642035
257 454.59725064368445
264 454.50216352675716
268 450.18837044691725
289 449.7193217167078
290 448.4451683477154
297 447.5709483478092
308 447.29073440152905
310 446.66742739304885
330 446.30540546983565
338 446.1003527023567
345 445.8453941954115
346 445.55800989780084
368 445.3112725007657
379 445.09612182902947
442 445.0951361634602
470 445.062772451478
517 445.0551909166697
595 445.05405017687076
631 445.0539639387836
632 445.053914836872
642 445.05387224337943
676 445.05386302939144
709 445.053835122812
788 445.05381631503246
791 445.053803751334
822 445.0537886163896
830 445.0537852158415
884 445.0537826039485
891 445.05378228055594
894 445.05377914067026
