107 786.6648677668092
111 757.3423504130595
125 747.9838263844539
133 716.2052358806683
152 691.9504687133971
160 691.7996061354219
176 686.4289040139537
187 679.6469888086569
228 678.1134903337473
229 674.9608326661524
270 674.035993630245
282 669.372985799652
317 668.7077058936377
330 667.0373772376662
340 666.1434086973065
367 666.0889988161904
377 665.7465291918232
398 665.7207364118966
413 665.7087883728337
417 665.6789732229311
443 665.6559607165134
514 665.6556702942306
522 665.6532120406625
542 665.651572763923
543 665.6508348671906
554 665.6494505684477
564 665.649367305589
566 665.6492727150363
569 665.6491146961819
573 665.6490568109015
581 665.6488522232328
644 665.6483688933056
648 665.6482926950567
836 665.6482913998517
873 665.6482888453878
882 665.6482870810008
894 665.6482864374403
916 665.6482859488776
993 665.6482853948993
1002 665.6482853852704
1033 665.6482853215474
1038 665.6482852609516
