33 295.2217324686061
48 245.48127788909116
58 205.1194669682794
89 199.9812726733761
125 199.4980925663354
133 198.14275932613583
163 197.61097021021754
176 197.60405261859532
201 197.55578791326835
213 197.5470365669656
247 197.54694587515928
275 197.54628507961013
277 197.54600952628323
341 197.5451661636194
359 197.54506316063018
417 197.54489939052502
447 197.5448723935163
532 197.54486707950673
579 197.54486347825537
606 197.5448633702339
639 197.54486327294336
713 197.54486311134892
728 197.5448630696434
742 197.54486296700475
748 197.54486295545487
756 197.54486294814922
770 197.54486294688263
