146 544.8655193070679
172 481.5517963432115
212 476.4370513719941
243 469.9469386359267
253 457.8155425699697
256 452.35369297946323
348 450.445226778949
397 450.08164923884397
412 450.04550975386474
417 449.79273173713614
418 449.66736005240074
419 449.6656575755621
420 449.4398720580082
434 449.3089070681156
444 449.23116030306466
460 449.2073944107577
466 449.19887869014434
478 449.17212584800836
482 449.15303560954914
487 449.1520719389271
495 449.12004944665864
535 449.1006265471076
605 449.0984172336087
621 449.09750901651097
622 449.0968591726403
633 449.09652977180696
635 449.0965245064229
642 449.09604291780136
647 449.09598293900194
674 449.0959749276075
675 449.09597132094933
679 449.09592432645513
734 449.0959091792987
738 449.095903807351
784 449.09588930561864
831 449.0958831915268
855 449.09588144839466
937 449.09588140719916
939 449.0958813421023
1007 449.09588125685707
1070 449.0958811931515
