139 693.4554266769617
142 633.3241677444884
170 375.05265287743424
171 365.13555825795413
179 303.4208995575785
181 273.3745240240362
222 254.4993139357513
228 216.09096866381714
273 194.6726068551853
279 187.5954891509436
293 186.96435183703363
323 184.5187243300926
340 182.34271849460956
354 181.27971051479258
363 180.48503820862535
369 178.10681368603812
374 177.39573131452266
411 177.16241878416838
414 177.0998207688169
418 177.01837955817965
428 176.77254904289316
435 176.22445512160283
458 176.12082924286094
506 176.08403929555223
525 176.0716264342306
538 176.0702816212598
561 176.06899480872437
562 176.06649341279365
599 176.06625617660896
613 176.06599857128955
633 176.06538247794646
690 176.0653797316677
691 176.06531850037598
753 176.06530383754887
765 176.06529806528852
793 176.06529589479604
833 176.06528834057895
875 176.06528833620663
888 176.06528760735517
894 176.06528745846637
975 176.06528735918695
980 176.0652873344052
