185 1014.1579383376854
186 1013.2859017975454
198 1012.8350647497423
201 1011.8753955720321
211 1011.798901639489
212 1011.6187458344125
224 1011.4065716167562
268 1011.3651366828401
279 1011.3581328957433
321 1011.3565616383355
369 1011.3564296304523
383 1011.356097330161
420 1011.3560435983638
444 1011.356040380789
454 1011.3560146261785
468 1011.3560142932599
484 1011.3560139694107
496 1011.356000425079
533 1011.3560002801563
574 1011.3560001803792
575 1011.3560000195456
587 1011.35600000664
627 1011.356000002462
