85 892.4300999782179
146 868.1521360189396
151 848.1230436818768
172 830.3455977362444
198 819.8865034561269
224 818.3423357908861
257 817.6888606028845
279 817.2315460533006
297 816.8099953475056
317 816.6128852969887
321 816.4234831563764
337 816.418053717157
339 816.2563626148602
369 816.2498176572357
397 816.2384984589983
432 816.2338013018315
490 816.2322600046577
500 816.2317848363169
522 816.2315692871678
533 816.2313981752804
607 816.2313900964078
644 816.2313871838467
724 816.2313859414542
759 816.2313848322492
795 816.2313846881262
