165 471.1970887237364
175 469.81140485769
179 407.3042316350901
183 299.0192378631041
205 252.92585442075008
242 233.1917821343418
297 221.39829257540825
303 219.27056050416266
326 212.54407832886625
339 210.21577676032302
365 208.42776768386207
370 208.15421734346177
375 207.13379067440295
376 203.14712867107835
381 201.43038140834423
414 201.32631481859315
444 201.21081079160774
446 201.1916324987213
451 201.16777774405836
462 201.07006452431486
471 201.00367871544282
477 200.98814475867138
482 200.93320216705433
491 200.9204811141803
493 200.90557779953565
506 200.8570178523637
549 200.83723148768826
613 200.83409475051465
636 200.8265020776422
663 200.8258675431617
711 200.8252156762811
740 200.82499198814193
820 200.82471007194448
932 200.82470858054506
945 200.82470821015463
967 200.82470725291606
976 200.8247071169566
989 200.82470647080325
1007 200.82470645089958
1030 200.82470640709568
1051 200.82470638893258
1058 200.82470636564315
