43 127.7705910275613
61 58.43420577530761
65 26.42088185628819
75 24.89820048950751
100 18.541451336906498
218 17.14117060338511
219 16.492010680400327
233 13.489427902103152
263 12.887650115357134
268 12.836496219535146
280 12.577439993687772
285 12.263120079808226
334 12.179910129750715
346 12.072917102232063
387 12.06900390374528
432 12.049869099611794
449 12.04059647848672
477 12.035409903771331
504 12.03464301880489
505 12.032354169115642
582 12.03188805553068
584 12.031778321040923
593 12.031739860974866
602 12.031721517493027
604 12.031640492092922
637 12.031623817680257
707 12.031589221443422
713 12.031553357637206
716 12.031526447084696
744 12.031519048127329
766 12.03151490148825
775 12.031506325109115
794 12.031505994963997
806 12.03150499859197
820 12.031503022576278
879 12.031502802653895
888 12.031502679677455
889 12.031502477963755
895 12.031502304356732
928 12.031502187919184
939 12.031502041874553
947 12.031501952233953
985 12.031501916355804
