157 1613.644232949209
165 1611.0935973518594
166 1609.3435527171857
220 1609.3337977476267
231 1609.328814072567
232 1609.3201149436893
234 1609.30611383999
241 1609.2893309761457
247 1609.2869567050584
259 1609.2854954770137
261 1609.285436084897
269 1609.2836560877513
297 1609.2832448865893
308 1609.2832429723403
340 1609.2832420346303
374 1609.2832420084676
376 1609.2832419384076
395 1609.2832417855461
417 1609.28324177748
420 1609.283241772597
434 1609.283241762374
441 1609.2832417612988
443 1609.2832417604905
452 1609.2832417604204
470 1609.2832417603313
477 1609.2832417603265
487 1609.2832417602992
493 1609.283241760296
505 1609.2832417602958
512 1609.2832417602938
513 1609.283241760293
517 1609.2832417602929
521 1609.2832417602926
550 1609.2832417602924
