55 38.21336726346825
58 18.57026438527738
59 -0.24176862301052537
119 -23.413598115105067
136 -24.758748895641833
162 -27.047565448934083
163 -27.41780794234252
194 -27.585549531128002
213 -27.7920792263981
222 -29.586991646556136
228 -30.055843957933224
229 -30.324509987292565
234 -30.344263413863075
258 -31.29561767111941
272 -31.541632720325907
331 -31.769216678150354
411 -31.78755202905168
414 -31.795587294458343
435 -31.805690565446962
443 -31.807238747365496
467 -31.80847113064545
470 -31.814069092225346
478 -31.815605121823694
640 -31.819893936626293
646 -31.819909160445015
659 -31.81991011281447
666 -31.81991511629672
674 -31.8199219840972
729 -31.81992773969533
734 -31.81992884594201
770 -31.819929153065267
795 -31.819929353573578
816 -31.81992953505249
873 -31.819929578168676
912 -31.819929581315726
915 -31.819929584061164
916 -31.819929587992874
