31 1080.2423197691658
46 1058.0417463653005
74 1052.2822205461848
76 1051.1774786999597
83 1048.1077858094677
84 1036.1476817210823
117 1032.8350596170865
143 1032.6336085980895
150 1031.3427763594793
154 1031.3208302306866
166 1030.8294558821106
177 1030.5133233134782
218 1030.3681402528637
236 1030.3538766910215
269 1030.3478208931733
302 1030.3442488502224
303 1030.3372841542373
319 1030.3217212550123
348 1030.3202281568197
361 1030.3197125483014
380 1030.3196885822238
390 1030.3194573431776
439 1030.3193923580782
446 1030.3193542230888
471 1030.3193493078234
478 1030.3193492437983
531 1030.3193483021792
542 1030.3193479885897
559 1030.3193478971975
565 1030.319347768827
569 1030.3193473760334
573 1030.3193472714813
613 1030.3193472159187
638 1030.3193472127282
653 1030.319347205584
703 1030.3193472023966
706 1030.3193472006824
716 1030.3193472005175
