94 565.2665076287017
107 541.9637919483564
110 522.9529605807409
125 506.320707401572
126 434.65446637203917
131 408.43395426864913
194 405.9296350161724
224 403.51978360886574
236 396.43588880639066
308 396.2110535785919
310 395.7798823261089
350 395.70558240165764
359 395.56205459083543
368 394.9132746159432
376 394.6786319937818
428 394.66686792802733
436 394.614915647032
470 394.59590808332536
480 394.59573710817403
499 394.5839620688995
613 394.58343840148285
646 394.58309695380245
663 394.5830370278219
669 394.58288655943113
765 394.58285252469466
769 394.5828419048871
831 394.58284111980987
873 394.58284084383934
887 394.5828408157898
895 394.58284072857975
