83 61.20500727595573
107 49.667637381419496
140 45.591240187719144
142 41.18757583354391
147 33.908634511920575
150 32.16994872417086
165 28.78010237471951
166 28.519041303285526
174 28.409167790285572
204 28.397486068763058
213 28.366560238670253
239 28.343994668610826
269 28.33614902796956
297 28.33554943663902
334 28.335544257393686
340 28.335541484643656
375 28.335541437621465
381 28.33554140675389
411 28.33554136485059
414 28.335541274876945
420 28.33554125745618
434 28.335541252654366
443 28.33554125214615
452 28.335541251602194
458 28.335541251413083
460 28.33554125108794
477 28.335541250976313
495 28.335541250973222
512 28.335541250967502
513 28.335541250967218
521 28.335541250966223
531 28.33554125096608
532 28.335541250964305
533 28.33554125096331
556 28.335541250963132
621 28.335541250963097
