134 10828.762322862589
143 10821.513294260298
189 10820.977060571557
230 10820.67051527117
257 10820.374784241742
261 10819.919913794496
280 10819.696694665026
347 10819.631388265065
349 10819.607606734051
374 10819.6010441404
432 10819.595512980937
435 10819.5939078775
462 10819.592644811833
513 10819.592044168934
557 10819.592018514042
609 10819.592012935285
640 10819.592005980256
688 10819.592003346821
698 10819.59200333511
713 10819.59200089209
731 10819.592000421762
744 10819.59200016825
788 10819.592000055301
801 10819.59200004218
