204 -4420.198436814668
214 -4422.914752479059
218 -4427.157187893581
219 -4427.622985168393
233 -4430.145401497517
237 -4431.029496153824
244 -4433.724712912242
245 -4440.230842497854
257 -4441.576689471958
261 -4449.555181518864
263 -4454.5669765172115
266 -4471.967104713131
287 -4486.076620883886
330 -4496.217181298878
346 -4496.648224127135
375 -4497.123452913307
393 -4497.493469430794
396 -4497.667806881735
417 -4497.762428850614
419 -4497.839922589334
432 -4498.120713053991
471 -4498.166591662355
496 -4498.215801166664
729 -4498.240095450249
738 -4498.240101357759
770 -4498.240279796245
929 -4498.240306184129
950 -4498.240306865318
1041 -4498.24030714002
1047 -4498.240307171601
