107 825.3179332794814
119 822.374219550979
127 807.9807252986408
163 805.7647921040132
187 803.3190442332271
196 801.725461882976
211 798.973955237356
222 797.7473430280302
290 797.1897259843911
320 797.0671276759942
338 796.9978406451148
340 796.9530267262902
341 796.9156398088568
349 796.8763573791856
439 796.8758784413835
479 796.8723110387805
571 796.8721262980904
579 796.8718553311302
580 796.8711608082548
593 796.8711488097591
608 796.8711458590826
620 796.8711430263771
714 796.8711417296671
723 796.8710321519761
761 796.8709993100131
765 796.8709639361332
811 796.8709614427937
835 796.8709603709829
844 796.8709600961126
855 796.8709598801264
882 796.8709588039328
888 796.8709585837764
899 796.8709581737788
938 796.8709578969159
950 796.8709578428234
1002 796.8709578346658
