306 -4555.524857763413
319 -4555.6284530113535
333 -4555.806208672806
347 -4555.896831252586
349 -4555.942276343505
395 -4555.94477336539
411 -4556.037301292579
420 -4556.037333915173
430 -4556.0374445938405
435 -4556.043092840512
436 -4556.043256516105
447 -4556.047888587747
492 -4556.04903656885
561 -4556.049285423646
599 -4556.049389475934
620 -4556.049408152307
680 -4556.049409536117
700 -4556.049410912912
704 -4556.049412018927
721 -4556.049412163024
735 -4556.049412765953
739 -4556.049414048969
785 -4556.049414296389
804 -4556.04941430162
826 -4556.049414375026
832 -4556.049414379641
851 -4556.049414382224
891 -4556.049414382868
