122 -3188.931651426804
124 -3190.631005909211
146 -3196.952754889252
151 -3197.7513047462962
160 -3198.670851831117
173 -3199.14441010878
174 -3199.6775616640416
198 -3199.6934596220076
204 -3199.701802047914
239 -3199.7054589660693
248 -3199.707479402974
254 -3199.7075517043863
268 -3199.707804762242
297 -3199.707928397803
313 -3199.7079697426693
340 -3199.7079711606552
346 -3199.7079740219356
393 -3199.707974702331
395 -3199.707974878791
404 -3199.7079749899126
417 -3199.707975128671
419 -3199.7079751589167
428 -3199.707975158941
441 -3199.7079751679285
452 -3199.7079751691263
458 -3199.7079751700744
464 -3199.7079751701863
505 -3199.7079751702513
512 -3199.707975170258
513 -3199.7079751702595
