91 172.22088508959297
94 168.59483254667845
130 165.48421753315148
157 162.2224170336728
178 161.73747336988748
187 161.39606648952304
192 160.9900844151466
198 160.77377432939494
220 160.29505453460325
234 159.99778762496157
260 159.92696609952225
269 159.72378209019757
334 159.7072282964657
346 159.70406780499366
370 159.70147058051742
426 159.701114917898
435 159.700951489904
453 159.70057929161493
466 159.7005473854643
470 159.700455677526
472 159.70035277874752
480 159.70010584784097
517 159.7000845248778
531 159.70006986106648
533 159.70006557045912
545 159.70000921064292
565 159.70000148075934
620 159.70000063436254
678 159.70000052865709
679 159.7000002991171
691 159.7000002817611
693 159.70000025380978
696 159.7000001453123
734 159.7000001234142
