1 3372.1461447327197
6 2759.0906446364274
11 982.5788970340922
35 952.5479331895383
41 946.8996897427267
59 942.0718226438504
60 923.2244012366302
62 774.4098285574232
74 494.3820518138788
81 453.24473175816064
103 391.65110340119827
105 318.98017248632044
117 297.2252082408443
124 284.6495670678425
130 271.23000863621553
133 197.9629508266961
139 190.20713644302631
168 183.44297851335978
183 182.92735238008007
189 176.5164663705943
202 168.90432441296244
203 147.66384735540095
210 133.3502931371166
221 133.26201000991568
243 131.54261405156893
251 130.15072071488532
268 129.87009347969698
279 129.39089366935835
291 129.2858235574975
293 129.1423200712243
295 128.24798951499235
312 128.13981659908427
323 127.98917118442313
324 127.66119715895789
353 127.65621800514684
365 127.65267218225509
371 127.64125902554547
382 127.611539104876
401 127.60038753561832
407 127.52799485804209
410 127.50063017353045
440 127.48800259447681
452 127.48546100647287
459 127.47739473952943
470 127.47616890928964
477 127.47497400561267
479 127.47060112243504
496 127.4578030608759
517 127.45702955074607
542 127.45643595660174
555 127.45626374067874
566 127.45624325814138
568 127.45606562111738
580 127.45588699817176
591 127.45584617583906
597 127.45584137406352
620 127.45583441504819
627 127.45575116735544
634 127.45569160598475
646 127.45567972296165
658 127.45567505716235
672 127.45566628125361
684 127.4556652288786
690 127.45566110981198
702 127.45566057485449
709 127.45565695886734
710 127.45564692213459
718 127.45564130735931
728 127.4556412463279
734 127.45564091797218
746 127.4556304248791
765 127.45562956667331
771 127.4556281418599
792 127.45562664841013
793 127.45562381563734
799 127.45562135580018
820 127.45562119868987
821 127.45562057928373
844 127.45562000488933
862 127.45561999678522
864 127.45561975349146
871 127.45561970687605
884 127.45561951524586
890 127.45561928759665
897 127.45561905040255
908 127.45561902937487
915 127.4556188795237
941 127.45561885089629
942 127.4556187859348
954 127.45561875080683
955 127.45561859398518
968 127.45561857311807
969 127.45561852775414
1000 127.45561852482558
1005 127.45561849484015
1016 127.45561848543176
1032 127.45561848304992
1034 127.45561835835171
1040 127.45561832158259
1062 127.45561831070937
1064 127.4556183086603
1080 127.45561830773727
1085 127.45561830707116
1086 127.45561830458398
1091 127.45561830397868
1094 127.45561830369837
1095 127.45561830302745
1096 127.45561830055465
1101 127.45561830045096
1103 127.4556182997204
1107 127.45561829943539
1111 127.45561829936973
1112 127.45561829910203
