1 9889.590346827808
3 7091.78945531826
5 3318.5402616679607
7 2817.819028666715
24 2263.463860202697
30 2087.7448310327127
41 1979.1820349239647
73 1978.979235662248
84 1978.9319480002507
96 1978.897068646782
107 1978.8961182751245
125 1978.8914826772702
128 1978.8876756145546
134 1978.8870132175243
140 1978.8869536999168
162 1978.8869053883398
176 1978.8868564963827
182 1978.8868434552073
218 1978.8868372657978
226 1978.886832476829
232 1978.8868242913
248 1978.8868232994205
256 1978.8868203684683
262 1978.8868201390426
283 1978.8868199344722
296 1978.8868199172243
302 1978.8868199164801
329 1978.8868199164053
360 1978.8868199163876
366 1978.8868199163608
384 1978.886819916356
395 1978.8868199163553
