1 2938.2227195118007
4 2598.3552341950012
6 2469.4294389301485
9 1933.065288450184
35 1889.4636982548516
37 1877.3515048731824
54 1744.3141592305687
66 1738.2696871048774
91 1722.8096837731623
101 1711.7592135328666
114 1710.7178387871413
115 1707.9830800868758
129 1697.1989635589534
135 1663.6540117712946
153 1657.231975301278
166 1619.6645697550423
174 1619.3705767519596
181 1614.1631960186846
187 1609.651023125662
207 1609.4282079200657
213 1609.3772855431093
225 1609.3230472227992
226 1609.3083797818035
237 1609.3056803120303
255 1609.295309264393
262 1609.289778732705
268 1609.2873313370983
280 1609.2867179116852
286 1609.2861091533152
299 1609.283398459369
305 1609.2833061956312
311 1609.2832637733545
317 1609.2832464663434
323 1609.283241901106
365 1609.283241862539
388 1609.2832418314556
394 1609.2832417744162
410 1609.2832417732284
428 1609.2832417608893
439 1609.2832417607588
469 1609.2832417603008
475 1609.2832417602924
