1 4067.459664375751
2 3013.3744678560406
3 612.4352667272974
11 612.4319918445002
24 612.4319389831522
29 277.7122845595841
32 277.7108484745262
41 238.5561272072553
47 221.37803827827778
63 221.37793073924058
64 221.37760209576732
65 221.37656351168803
66 221.37434440009014
95 221.37414427865497
96 221.37385082210574
108 221.1940407249179
116 220.85343952948693
128 220.78313994084095
148 220.754541811036
195 220.7171351639427
224 220.71246817950635
281 220.71237075193196
296 220.7121226296018
347 220.71211918183116
353 220.71211305881204
354 220.71209254895618
365 220.71208906369537
382 220.71208744651247
399 220.71208672159563
451 220.7120865785864
484 220.71208655950883
500 220.71208655709736
511 220.71208655633987
527 220.71208655617158
537 220.7120865561504
538 220.71208655608697
552 220.7120865560699
568 220.712086556065
575 220.71208655606247
