1 135.5276609856767
23 123.1047840827433
31 94.57608690210023
55 58.59379021755254
62 39.702286938798785
78 12.589148392543034
100 11.107987146632967
106 3.5982378495064427
129 3.448752151152558
141 3.2999726636762694
143 2.918448040146774
154 2.756657708651237
160 2.548769785112411
181 2.5309093916723073
193 2.5296559259456086
194 2.525912885100263
195 2.515013353930481
196 2.4858051194866846
208 2.3843506590859476
232 2.3538947090184865
246 2.3190593300969273
247 2.2381634130187846
258 2.237592875632272
264 2.2372993908013017
281 2.2246109923179627
287 2.222463415705249
327 2.2218667801444316
337 2.208298194625674
343 2.207131549840015
355 2.2062380186286283
361 2.2056827369253016
377 2.2056785399711414
378 2.205665897841041
379 2.20562742417174
397 2.205350113668627
398 2.2043949072737083
399 2.2010157299222195
415 2.2007711747140632
418 2.1996077036086135
439 2.1994272608764516
455 2.1993310590163238
457 2.1990856058651733
470 2.199077300887376
483 2.1990591398209505
494 2.1989716451149994
510 2.1989577306478436
513 2.198891834123513
519 2.1987853466061416
530 2.1987123255041903
546 2.1987087094493365
557 2.198700045497569
579 2.198699689316168
590 2.198698577305887
599 2.198697941504908
610 2.198697840556837
614 2.1986957095836366
637 2.198695317872281
644 2.198695112252889
651 2.1986945833150955
653 2.1986924185232155
665 2.1986918317668827
673 2.1986915290862523
692 2.1986913626126916
699 2.19869113156288
705 2.1986910974197933
719 2.198689810491972
746 2.1986897504499976
747 2.1986896063398857
771 2.1986895471019494
773 2.19868943732567
800 2.198689379532773
820 2.198689341302978
852 2.1986893391380997
858 2.198689338131413
860 2.1986893170542947
906 2.1986893162845598
907 2.1986893144354305
913 2.198689314152148
