1 2672.10799799066
18 1941.2984620311042
24 1920.8422201532715
36 1564.1773661188404
42 1275.1157217297364
53 1107.8092056106327
60 996.4024596666184
66 989.0383168421396
67 965.2905659216875
74 875.4098533538098
79 848.3894382485807
85 774.1099500170211
125 763.8882383256806
131 763.196453828433
161 757.6774258332738
169 752.0589809532645
176 752.0271711477567
188 751.486229501437
194 751.2978261279668
202 750.6722119165098
220 750.5135128099863
226 750.2209032538822
228 748.6915948060031
271 747.8911161767746
282 747.3374680334354
342 747.3371530778999
343 747.3360900075404
355 747.3360188037803
384 747.3347344165152
395 747.3345732207148
409 747.3342173532706
415 747.3342059612278
416 747.3341703124958
423 747.3339913048538
434 747.3338412059102
445 747.3337186138791
464 747.3336976780071
472 747.3334372936761
478 747.3334344319765
502 747.3334293156659
503 747.3334148358956
504 747.3333406679474
520 747.3333371724085
526 747.3333272757267
548 747.3333260800679
554 747.3333255187363
565 747.333325481078
581 747.333319884281
593 747.3333137826532
599 747.3333042664545
615 747.3333042282023
639 747.333303342907
645 747.3333031977429
646 747.3333027347505
663 747.3333027107668
670 747.3333016095986
676 747.3333015077761
693 747.3333014516465
694 747.3333013169535
700 747.333301275803
701 747.3333011787304
719 747.3333011748333
730 747.3333011740128
731 747.3333011715572
738 747.3333009528342
749 747.3333009156786
755 747.3333008984258
761 747.3333008836778
778 747.3333008770638
784 747.3333008698761
801 747.3333008549536
807 747.333300844559
815 747.3333008391642
821 747.3333008382252
829 747.3333008381078
846 747.3333008325856
858 747.3333008300216
867 747.3333008288366
874 747.3333008286352
883 747.3333008285431
884 747.3333008282235
888 747.3333008281115
892 747.3333008280281
893 747.3333008277989
