1 1931.668560186262
18 477.01106018594123
25 397.6071435481453
35 219.63694120615037
41 204.1612841148574
57 156.3072589581542
113 156.2009557715861
125 155.16293148843752
144 152.87049564912203
174 152.30928729020007
186 151.84953150325504
208 151.8258959160557
214 151.82518030167
226 151.81340484280344
232 151.81172800351052
238 151.8019030759533
249 151.80050980174005
290 151.80026950598125
313 151.80023098229148
325 151.80022115050915
326 151.8001916544556
327 151.80010315987366
328 151.7998376166243
335 151.79972579316308
336 151.7993902127804
342 151.79869344134784
369 151.7986663455006
381 151.79861741342856
388 151.79861127795627
411 151.79860955510597
412 151.7986043865551
413 151.7985888809018
414 151.79854236393626
416 151.7985294692314
418 151.79840670055705
420 151.79814537592594
426 151.7981428509874
432 151.7981290689814
444 151.79797629490827
456 151.79793348545684
462 151.79779488666543
479 151.79777454737115
481 151.79772420975107
492 151.79771799737338
494 151.79767716364645
511 151.79767103259562
529 151.79765285773468
540 151.79765064405657
552 151.79764252875887
574 151.79763554931318
586 151.79763299667346
598 151.79763190021697
604 151.79763105191955
615 151.797630988507
616 151.79763079826392
627 151.79763075657968
649 151.79763070788735
656 151.79763070195474
657 151.79763068415699
658 151.79763063076305
670 151.7976305620728
676 151.79763056075456
677 151.79763055679956
684 151.79763046851332
695 151.79763046717986
696 151.79763046317973
697 151.79763045117912
719 151.79763045041682
744 151.79763044922925
748 151.797630448116
755 151.79763044759568
760 151.79763044713556
764 151.79763044661684
773 151.79763044660282
774 151.7976304465612
778 151.7976304464446
784 151.7976304463941
788 151.79763044634137
792 151.79763044629604
798 151.79763044629206
800 151.7976304462379
803 151.7976304461871
