1 5272.2706505207925
5 4135.10319905873
10 3895.3412443036527
22 2158.1262987098753
28 1780.3196421057557
29 499.4640878971065
42 487.4226200335704
43 464.08435507566094
100 463.29440732063307
115 453.47558057800643
122 451.3185649362309
134 451.037553101122
135 450.1300327860291
141 449.4458707953538
165 448.42463160025517
173 447.56426115400905
181 446.878315026583
194 445.8490415371445
204 445.8138383593581
205 445.70576828313546
211 445.6233420181222
212 445.3607012397012
218 445.3607012323621
219 445.3607012065609
225 445.33136899385977
242 445.2302954342911
254 445.13604549523996
277 445.1345673121268
278 445.1303141971078
285 445.0914945988113
291 445.09121429199234
292 445.09038529189763
303 445.0901891519962
304 445.08960734889547
311 445.0730349077371
323 445.066712346007
362 445.05916446220056
368 445.0585939123445
379 445.05847596846655
386 445.055958087869
397 445.05594735774207
398 445.05591480688344
399 445.05581389201586
400 445.0554852896741
417 445.0551077687618
434 445.05507440437043
440 445.05504057286265
444 445.05483518397074
456 445.0546898948693
458 445.0542843278304
474 445.0542712353891
481 445.0542045259963
488 445.05413970648294
494 445.0540225140824
511 445.0539703339488
526 445.0538802612289
533 445.0538787561882
544 445.0538754171869
557 445.05385076235086
569 445.0538335254335
576 445.05378779011005
582 445.0537852479778
607 445.05378512900074
608 445.0537847499423
636 445.05378290615783
642 445.053782459791
649 445.05377946286995
655 445.0537793741764
656 445.0537790848389
667 445.0537787099158
679 445.0537786746651
691 445.05377829639343
698 445.05377780340893
712 445.05377762173435
729 445.05377759381025
735 445.0537775854777
746 445.05377757833963
759 445.0537775660333
766 445.05377752748143
777 445.0537775180421
811 445.0537775113331
813 445.05377750285913
844 445.0537775027951
845 445.0537775026049
846 445.05377750204906
847 445.053777500531
852 445.05377750026304
853 445.0537774995095
858 445.0537774957616
863 445.05377749499735
869 445.05377749078855
884 445.0537774906373
886 445.05377749046255
896 445.05377749030043
901 445.0537774900759
903 445.0537774898912
909 445.0537774896675
917 445.0537774896216
