1 32776.67747839853
2 32635.277930985125
5 32630.144427032108
14 32433.061183444534
18 32352.478846646783
62 32351.784276321065
63 32349.700620297277
68 32343.452360762676
74 32325.99723487828
84 32324.53123937156
89 32320.777181981044
120 32318.617486556497
149 32318.153551258358
186 32318.150068834577
221 32318.144515640568
265 32318.144175100802
266 32318.14321094689
267 32318.140872027387
268 32318.138512154757
282 32318.128188611838
300 32318.121295592995
341 32318.121268723593
425 32318.121268674742
442 32318.12126860554
496 32318.121268605533
497 32318.121268605522
498 32318.121268605482
499 32318.121268605377
500 32318.121268605046
501 32318.121268604056
502 32318.12126860109
503 32318.12126859219
504 32318.12126856549
505 32318.121268485385
506 32318.12126824508
507 32318.121267524275
508 32318.121265362806
509 32318.12125888684
510 32318.121239534907
511 32318.121182162104
512 32318.121016168872
513 32318.12057271603
514 32318.119715901492
516 32318.11875435351
517 32318.11589191643
519 32318.115528783597
525 32318.115077684415
