1 -1609.7563063765267
2 -1687.243456070395
5 -1761.8602027137192
15 -1951.4512487447803
38 -1992.2749457137265
50 -2007.4010068886707
57 -2009.9588845258913
75 -2013.5820509844511
86 -2020.2662731517373
98 -2020.8092283818926
108 -2022.4153935531758
114 -2024.1506029768582
135 -2024.2272771837443
137 -2024.724801231317
143 -2024.7729045423362
154 -2024.7848441842714
181 -2024.7889469577194
198 -2024.7975551650345
211 -2024.8015838551169
224 -2024.801850636451
235 -2024.8052010462084
252 -2024.8059582862898
264 -2024.8066219935704
281 -2024.8067114351877
283 -2024.8068143885039
301 -2024.8068609624515
303 -2024.80703002187
320 -2024.8071326795016
332 -2024.8071686837375
349 -2024.807169007282
350 -2024.8071699779148
351 -2024.8071728898135
357 -2024.8071768262248
389 -2024.80717706763
390 -2024.807177791846
408 -2024.807178680892
415 -2024.8071790494378
421 -2024.8071805339796
449 -2024.8071805575364
481 -2024.8071805627083
482 -2024.8071805782233
483 -2024.8071806247697
484 -2024.8071807644076
521 -2024.8071807713682
528 -2024.8071807741828
529 -2024.8071807826268
531 -2024.8071807946733
537 -2024.8071807970532
543 -2024.8071807983613
582 -2024.8071807984275
585 -2024.8071807986664
600 -2024.8071807990414
617 -2024.807180799453
630 -2024.8071807994934
631 -2024.807180799614
638 -2024.8071807998394
644 -2024.807180799953
660 -2024.8071807999643
667 -2024.8071807999736
671 -2024.8071807999738
676 -2024.807180799986
681 -2024.8071807999963
