1 4387.668696087571
2 2948.991665304344
7 1601.3205079864772
17 1276.7983615285316
43 1160.2733972207939
45 1150.8757259760212
52 1081.8287109360638
68 914.6649008909517
82 910.3996823045787
99 865.1051228977075
120 837.7414356857126
127 828.6104935375836
135 828.4879423536562
148 824.4035271494897
155 823.6735284589561
161 819.3759753642952
178 818.9313190423726
184 818.3748857407982
190 816.7885088013754
211 816.7838840316248
212 816.748843038756
224 816.5876307746883
235 816.544343458968
257 816.511127115762
258 816.426103592326
260 816.3395620078086
276 816.3319109683736
277 816.3171969738495
293 816.3161354916149
294 816.3125796424146
295 816.2988969495644
297 816.2614843207537
308 816.2594368037459
309 816.2510978659107
337 816.2356666965524
348 816.2335621500648
365 816.2315744585978
385 816.2315504504351
402 816.2314632362518
423 816.231458154401
455 816.2314494587412
465 816.2314471351596
476 816.2314470516409
477 816.2314468002187
524 816.2314461530156
531 816.2314425542037
533 816.2314422201657
534 816.2314412921854
535 816.231437772485
536 816.2314355011639
538 816.2314148214749
545 816.2313994251971
562 816.2313893483306
579 816.2313876555186
592 816.2313853639957
616 816.2313853056997
623 816.2313847520677
629 816.231384742027
630 816.2313847078213
641 816.2313847037505
642 816.2313846906148
671 816.2313846710031
704 816.2313846665011
715 816.2313846660476
732 816.2313846654464
733 816.2313846641717
755 816.2313846630708
760 816.2313846628579
765 816.2313846617542
