1 148.7436087792126
10 2.082009867530041
27 1.6856471718593105
30 1.1221563546671707
57 1.1221561053417604
92 0.949001509964892
101 0.8663369118568921
103 0.7393303660762012
110 0.5563170368305457
116 0.4943142407168963
127 0.48010593923218414
133 0.47826832148200793
139 0.47638303020135037
145 0.47248949032198045
163 0.4404824016234161
175 0.43731621396821413
181 0.4372368375047719
182 0.43699011684730477
184 0.40338438356081746
196 0.3930699569765455
202 0.39295434637492543
203 0.3926086725482837
204 0.3915779118851624
216 0.38732305891067553
222 0.38627175421547644
223 0.38475579224424034
234 0.38475241860589626
235 0.38474222193066915
242 0.38217701204793564
248 0.3801930504524758
255 0.3797866008183453
256 0.3786959574910536
257 0.3763915478920321
275 0.36968309530796695
291 0.36965987852256244
299 0.368825814196903
310 0.36879479891378647
311 0.3687026898970246
326 0.3684931424967047
333 0.36847715578187995
339 0.36846975580749675
340 0.3684400608721158
341 0.3683228727352743
347 0.3683142350176582
358 0.3683084449256982
369 0.36827240525440974
390 0.36826031138606236
401 0.36825941993539824
409 0.36825556830095274
427 0.36824146808555924
429 0.36824122115016134
441 0.3682359104201681
447 0.36823582413411976
448 0.3682357049276486
449 0.36823371569650476
460 0.3682336865216757
461 0.36823360304259867
462 0.36823339298833513
484 0.368233338468276
497 0.3682333361786586
504 0.36823227325782215
510 0.3682320250882958
517 0.3682320061412096
518 0.36823195506760753
530 0.36823142825824806
541 0.36823142494013744
542 0.3682314151283499
549 0.36823130299991685
551 0.3682306358375282
567 0.3682306256912787
574 0.36823062154627967
575 0.36823060824733417
604 0.3682305823918783
610 0.3682305818698352
611 0.3682305802559525
619 0.36823055244412495
630 0.36823055088032897
637 0.36823055063049637
638 0.3682305490398298
653 0.36823054329709054
655 0.36823054303914504
662 0.36823054129924676
667 0.36823054127889215
668 0.3682305412144568
670 0.36823053893542224
680 0.36823053629861247
701 0.3682305354621625
708 0.36823053469517525
720 0.36823053465295197
721 0.36823053453240795
722 0.3682305341523032
736 0.3682305334945894
748 0.3682305327553379
762 0.36823053274587186
771 0.3682305327143841
774 0.36823053267260236
776 0.3682305323134017
790 0.36823053223890756
799 0.3682305321946538
803 0.3682305321725792
804 0.3682305321231384
806 0.36823053207803447
815 0.36823053206254014
817 0.3682305320320112
821 0.3682305320198594
823 0.3682305319915484
827 0.3682305319756372
834 0.3682305319680721
838 0.3682305319506422
843 0.36823053193808053
847 0.36823053192337335
853 0.36823053191972094
857 0.36823053191209215
