1 1500.7793590417189
5 1266.3541895768308
51 1221.741483117276
60 1105.9741088281671
84 1077.1564156150691
100 1077.146842228995
131 1076.873413529674
139 1076.8109200022432
163 1076.8075857495019
164 1076.7964255365305
165 1076.7653213334472
179 1076.763390019824
185 1076.731971148443
191 1076.7111993387628
213 1076.710123260778
219 1076.709494069379
250 1076.7053827787988
256 1076.7021667176048
282 1076.700713163136
305 1076.7005192276874
321 1076.7003075636942
334 1076.700267330876
364 1076.7002629528301
369 1076.7002370689659
370 1076.7001040405346
391 1076.700053094787
405 1076.7000438305163
421 1076.700043475051
422 1076.7000425418985
423 1076.7000405879653
444 1076.700009804101
460 1076.700009381056
472 1076.7000074844807
485 1076.7000054804032
497 1076.70000543594
498 1076.700005356631
500 1076.700005088496
543 1076.7000050471934
546 1076.7000050262022
547 1076.7000049702833
548 1076.7000048394625
554 1076.7000036101226
568 1076.7000032026226
577 1076.7000030964507
593 1076.700001810135
599 1076.7000017687399
610 1076.7000007941904
626 1076.7000000507537
670 1076.7000000442727
686 1076.7000000251417
695 1076.7000000175142
706 1076.700000011899
717 1076.7000000075452
734 1076.7000000018052
769 1076.7000000010075
796 1076.7000000002183
833 1076.7000000002051
849 1076.7000000001938
850 1076.7000000001808
