1 6857.63404150219
3 5671.930828137411
4 2301.2141852155387
6 1711.0173093335368
16 1406.0314698303591
24 1402.5408580141848
32 1055.1158478649431
38 966.4680812200758
50 952.0594619119969
57 917.2069856278121
67 898.1590570366806
77 891.487906857829
83 889.5574849563814
91 888.8292187469691
93 887.044048574224
94 852.5199179726415
100 834.1557205885999
110 808.4490592202985
133 806.759418541215
145 806.3910516710993
158 806.1048354133653
173 805.4240543457897
174 804.4064840761083
186 803.903631211631
188 803.5568154339851
204 803.1648541572315
220 803.1505883656939
231 803.1429564618859
232 803.1200753120373
249 803.1124839615762
261 803.1050000482131
268 803.1021204801174
281 803.1008673439737
288 803.0961855435055
290 803.0908925976702
291 803.0831403020047
292 803.0622545061134
293 803.02058825349
295 802.9775136946633
296 802.9158753131304
307 802.6993657353105
318 802.6416705107662
320 802.5119767697246
321 802.214001669233
322 801.2492984008018
324 798.8592425161601
337 798.8385254945366
338 798.7601118581536
339 798.3003552469904
361 798.288067112846
365 798.2866168517639
372 798.1290299693262
378 798.0691228397969
384 798.0616339728658
400 798.0454490819695
417 798.0393891376906
419 798.0343225107589
420 798.0283296063704
432 798.0036941051949
433 797.973818610953
451 797.9577859340403
452 797.9147782420292
453 797.8228068777115
464 797.8193389591697
485 797.8189916701656
492 797.8187754655008
493 797.8183375095381
499 797.8141642892398
511 797.810934534904
512 797.8012352816545
518 797.8003793294874
519 797.7978131795655
549 797.7965487793451
550 797.7933595910873
551 797.7840008219935
552 797.7458540335456
560 797.6690197606964
566 797.6652202247707
572 797.6580615480764
583 797.6561109607644
585 797.6478332867985
586 797.5582699860354
602 797.5393418399102
608 797.5363595000322
609 797.5273845433932
626 797.5199981278442
648 797.5194412132327
656 797.5183481824686
683 797.5183358117139
701 797.518298406878
718 797.518295904582
725 797.5182933579354
741 797.5182911295951
743 797.5182876320856
744 797.518277121105
745 797.5182454220756
746 797.5181488296912
747 797.5178455814199
748 797.5168142524808
749 797.5126183167656
750 797.4900419440312
762 797.4858315821065
764 797.4856297250395
770 797.485327994443
802 797.4853019905289
803 797.4852236829636
804 797.4849860988745
805 797.484249422397
806 797.4818249193847
828 797.4815472562708
835 797.4814732962403
836 797.481249591674
837 797.4805620807203
838 797.4783526341422
849 797.4782267075041
855 797.4781723752557
871 797.4781578708838
873 797.4781011728857
874 797.4779238666057
875 797.4773272580047
876 797.4749618568429
893 797.4747605725486
894 797.4741286478023
911 797.4740612060973
912 797.4738518718956
913 797.4731610864213
914 797.4705324699567
931 797.4688979403644
933 797.4681486948768
960 797.4681249204029
961 797.4680533308705
973 797.4680301206367
974 797.4679602257648
975 797.4677481669305
977 797.4675904509522
978 797.467091078459
979 797.4653604749187
1001 797.4651472228862
1018 797.4650435845616
1025 797.4650229738708
1039 797.4649944552019
1049 797.4649839960551
1073 797.4649744713943
1092 797.4649720462539
1100 797.4649717568832
1101 797.4649708886137
1102 797.4649682823891
1103 797.4649604509681
1104 797.4649368420262
1105 797.4648649842999
1106 797.4646401660041
1107 797.463883417639
1108 797.4608989815231
1130 797.4608707161843
1131 797.4607856949078
1137 797.4607779938418
1174 797.460777297231
1207 797.4607772108764
1235 797.4607772107175
1236 797.4607772102422
1237 797.4607772088156
1245 797.460777208784
1246 797.4607772086905
1247 797.4607772084094
1248 797.460777207566
1249 797.4607772050352
1250 797.4607771974421
1251 797.4607771746552
1252 797.4607771062192
1253 797.4607769002398
1254 797.4607762762533
1255 797.4607743498871
1256 797.4607680817319
1257 797.460744892297
1258 797.4606363125639
1259 797.4599722589047
1260 797.4553263400628
1262 797.4550129457475
1269 797.4550043210741
1270 797.4549750940856
1271 797.4548582589774
1272 797.4542739482188
1273 797.4512661614166
1285 797.451168172883
1286 797.4509742531759
1308 797.4498609658735
1325 797.4496456380471
1337 797.4496134968806
1338 797.4495171519998
1360 797.4495057224755
1377 797.4495048146072
1378 797.4495020911984
1385 797.449500991448
1401 797.4495009172776
1410 797.4495000686201
1411 797.4494989382355
1412 797.449495591123
1413 797.4494859513152
1414 797.4494607852441
1415 797.4494228596801
1417 797.4492400632928
1423 797.4490922655534
1434 797.4490741146094
1477 797.4490728733961
1478 797.4490701814402
1479 797.4490621537584
1480 797.4490385085912
1481 797.4489716279645
1482 797.4488105725118
1483 797.448768260854
1485 797.4483110971595
1491 797.4477859112127
1502 797.4477043143582
1508 797.4476600646016
1519 797.4476385088137
1526 797.447538756139
1527 797.4472929436045
1528 797.4471080336331
1540 797.4468059588107
1541 797.4461250480938
1547 797.4444737735182
1558 797.4442601374192
1565 797.4439196254829
1571 797.4435583168759
1578 797.442837017049
1579 797.441286499087
1590 797.4407902705368
