1 -336.21408263298133
5 -342.3858756010321
27 -345.8298889518619
33 -352.639152893338
59 -354.1847195288069
88 -354.1894843771402
89 -354.2005711131992
90 -354.20501184042644
129 -354.20667722202387
130 -354.2083493661529
172 -354.2083655297781
181 -354.20840120577276
197 -354.2084114167946
212 -354.2084134057744
232 -354.2084164446244
254 -354.20841710942364
270 -354.20841711385145
289 -354.2084171141571
312 -354.2084171150201
321 -354.20841711639093
342 -354.20841711663354
364 -354.2084171166968
397 -354.20841711670323
408 -354.2084171167033
424 -354.20841711670334
437 -354.20841711670346
