1 1583.8374303517814
6 1031.863117631248
17 719.0604815603414
33 605.8924122120324
38 599.235407807288
67 555.5797920732616
68 447.60187921526483
71 366.0360600720891
82 309.42948144820406
96 297.1532213197021
102 252.240508686427
119 246.5114762050708
120 230.7641440571184
127 211.6649031024737
134 182.7327034425106
163 182.57017546121997
170 181.5693529520406
182 178.23381817184898
200 178.11936678052996
206 177.27994992695312
233 176.63843633351493
241 176.55084627777424
247 176.54188686428137
248 176.51425703977247
249 176.41885497161525
250 176.13009880351024
273 176.12766135545772
291 176.10411135936866
332 176.09514365859283
333 176.06993224247037
339 176.0697596230038
345 176.06938295959907
356 176.06921256603422
375 176.06714218986446
381 176.06607796568943
402 176.0659452638715
421 176.0658289411092
432 176.065823218178
439 176.0658229078094
462 176.0654147312285
468 176.06529962360344
529 176.06529893906045
545 176.065298867595
552 176.0652931512029
563 176.0652906663008
585 176.06528923831578
592 176.06528853661592
598 176.0652885354653
605 176.06528817961225
617 176.06528764743052
623 176.0652874616461
634 176.06528743982386
646 176.06528740662017
658 176.0652873921655
667 176.06528730469873
689 176.06528730379083
696 176.06528728802448
707 176.06528728234284
719 176.06528727995857
729 176.06528727662138
731 176.0652872707544
746 176.06528726841492
758 176.06528726804572
760 176.06528726767223
765 176.06528726757185
769 176.06528726688214
776 176.06528726660218
778 176.0652872661241
