1 6143.381409247524
3 3706.977086561458
6 2377.0089273833546
37 2124.863275242906
50 1976.8118906242978
52 1764.7581270638354
68 1550.227568357165
75 1486.5256302704056
76 1303.4384667040886
93 1241.692543062816
99 1196.0327119700983
111 1154.7497355442702
127 1139.5977089773326
129 1131.4616796840414
140 1113.8232914214461
164 1100.222866843766
183 1097.3248213438221
195 1096.8659463412534
208 1095.9304132349719
221 1095.2895383234932
228 1093.6592082653551
241 1092.4348994558268
248 1091.6432591584046
261 1090.4319603049698
273 1089.9716343673904
286 1089.8366073439681
299 1089.5393931266963
312 1089.530974098342
329 1089.527093185412
336 1089.515669464052
347 1089.515362105911
360 1089.5117118057053
368 1089.5087821381132
374 1089.5068262379975
380 1089.5054905223865
397 1089.5047448078985
452 1089.504320464326
459 1089.504200141791
482 1089.5038159877363
493 1089.5036772145315
499 1089.5033668841938
520 1089.5033479250278
577 1089.50334786814
596 1089.5033478359826
603 1089.5033478148869
617 1089.5033478147652
626 1089.5033478099003
634 1089.5033478061698
645 1089.5033478059686
647 1089.5033478054215
654 1089.503347804537
667 1089.503347804467
668 1089.5033478042574
675 1089.5033478042062
679 1089.5033478041023
684 1089.5033478039945
690 1089.5033478039404
