1 1027.0097570540443
9 996.0584322685254
18 985.7848692206552
26 985.3474355449987
30 984.6932789369007
34 984.2497324248136
41 983.5004613506027
50 983.4788113887057
54 983.4604119033905
68 983.4548766579794
75 983.4537676225772
87 983.453750128496
91 983.4537276996884
97 983.4535903110901
101 983.4535306145765
115 983.4534755949117
122 983.453475466137
125 983.4534739341251
129 983.4534738907046
138 983.4534734636576
142 983.4534734591114
154 983.4534734117797
163 983.4534733938154
167 983.4534733921969
173 983.4534733806961
177 983.4534733796191
191 983.4534733784049
195 983.4534733774587
213 983.4534733774525
222 983.4534733774487
223 983.4534733774374
224 983.4534733774099
225 983.4534733773843
229 983.4534733773799
240 983.4534733773688
244 983.4534733773684
