1 2417.783081554993
2 1644.3588421372986
13 1644.3586889114533
35 1644.3586850479041
36 873.2323985875488
47 751.7661603272228
56 640.8957255497926
61 597.717185484693
66 539.5754440966014
77 508.3002796256763
90 484.8525803809898
97 480.1719139315653
103 470.9715582965963
109 452.8292355880282
120 452.8292311084647
141 451.65286703791713
164 451.62557092321407
166 449.98603199895564
172 449.5472909231949
204 449.33220768597806
213 449.31312008459776
220 449.2013401218884
233 449.17076919825524
245 449.15362143595127
253 449.1489027888427
260 449.12701305940817
275 449.10896570099686
293 449.10843599883106
300 449.1060234863616
307 449.10430161494054
314 449.1029474000253
322 449.10226352667
329 449.09987574445074
341 449.0989957105884
342 449.0964936933284
371 449.09624759979
383 449.09616172536323
390 449.0960841356929
403 449.0959912961708
425 449.0959809703615
433 449.09594903748496
442 449.0959417338551
463 449.09590486485894
477 449.09590302236194
484 449.0958861757785
521 449.0958821501019
538 449.09588172654975
545 449.0958812998248
590 449.09588125084724
601 449.09588121968835
630 449.0958811769128
638 449.0958811355836
649 449.0958811351883
683 449.09588113078047
691 449.09588112579956
708 449.0958811240839
721 449.0958811229408
730 449.09588112248883
