1 1724.7087980094443
5 1624.708798009444
7 1524.7087980094443
36 1518.5087980094443
71 1497.508798009444
102 1497.0637980094443
119 1496.551568009444
131 1496.335787732123
144 1496.3281877321228
146 1496.268187732123
152 1496.0680277321228
224 1496.0680138533928
285 1496.0680131281997
286 1496.0680109526209
293 1496.0680100179477
300 1496.0680098021066
302 1496.068004831729
314 1496.068004050233
326 1496.0680028901688
328 1496.068001257844
339 1496.0680010067906
345 1496.0680009011096
362 1496.0680004178853
374 1496.0680002210495
381 1496.0680001636365
387 1496.0680001599685
398 1496.06800014501
400 1496.068000077562
412 1496.0680000232671
429 1496.068000009639
457 1496.0680000089121
458 1496.068000006731
470 1496.068000002133
490 1496.068000002037
495 1496.0680000010625
502 1496.0680000009404
515 1496.0680000008942
516 1496.0680000007555
517 1496.0680000003401
522 1496.0680000002449
526 1496.068000000128
530 1496.0680000000207
