1 1848.6730072605826
2 1826.0276876257524
3 1793.6420001418958
5 1138.9220001418958
10 1067.9780001418956
29 1050.5688594353373
54 1039.044656424519
66 1032.1809157179607
83 1030.3607997896981
85 1030.346813777413
107 1030.323835626261
128 1030.3214103683767
177 1030.3213518321425
183 1030.3213320930447
224 1030.3213233604765
245 1030.3213206258552
257 1030.3213197555228
289 1030.3213194180885
296 1030.321319289047
381 1030.3213192890453
382 1030.3213192890396
383 1030.3213192890234
384 1030.3213192889746
408 1030.321319288971
409 1030.3213192889605
414 1030.3213192889493
