1 1797.4875214067752
3 648.7637426410928
50 172.21976899338918
64 130.07809218089002
75 114.23217223025179
80 112.94080374169178
91 111.79779161724875
102 111.60223391044904
142 111.34263831260887
148 111.1165176708767
191 111.11554032265921
197 111.11506801284193
204 111.10407430950455
216 111.10396050526242
218 111.10132811734742
230 111.09797704283405
254 111.09380483222311
272 111.09085106388079
295 111.08860088299271
307 111.08740263837416
313 111.08714612419261
320 111.087103900712
332 111.0863872451613
349 111.0863858885896
355 111.08623540041602
367 111.0861282142109
378 111.08608975094006
395 111.08604622341346
402 111.08602840451829
414 111.0860050004287
436 111.08600360281433
438 111.08600337445606
445 111.0860022307068
451 111.08600082928669
457 111.08599891480824
484 111.0859980388382
490 111.08599766284561
496 111.08599544347256
558 111.08599544336943
573 111.0859954424303
596 111.08599544237555
603 111.08599544233164
