1 855.6573221886104
6 755.6573221886106
8 655.6573221886106
29 605.6573221886106
35 500.6573221886106
50 400.8573221886105
61 380.8573221886105
78 378.8573221886105
95 376.9873221886105
103 376.78732218861046
111 375.8473221886105
119 374.0973221886105
132 372.10538218861046
154 372.0877821886104
155 372.03498218861046
168 372.0087821886105
175 371.80706738861045
192 371.75709629061043
210 371.7448222906104
211 371.7080002906106
214 371.7046002906105
232 371.68445007961043
249 371.68326116961055
250 371.67969443961044
262 371.6746526335005
286 371.6726418569806
292 371.67260263278354
293 371.67248496019255
311 371.6723292078814
317 371.6722803177738
318 371.67213364745135
324 371.67208971218145
335 371.67208333398503
358 371.67208185617255
375 371.67205896513536
377 371.6720290187797
388 371.67202896556745
389 371.67202880593084
395 371.6720287186216
396 371.6720284566936
409 371.6720087636699
415 371.6720086984125
416 371.6720085026402
422 371.6720069092793
423 371.67200212919624
434 371.67200144029505
450 371.67200140595014
451 371.6720013029151
457 371.6720012666327
458 371.6720011577854
475 371.6720011464748
494 371.6720001345585
505 371.6720001211154
506 371.6720000807854
517 371.67200004662703
528 371.67200004504735
529 371.6720000403086
555 371.6720000330814
556 371.67200001139975
562 371.67200000693924
572 371.672000006385
595 371.67200000597336
617 371.67200000526435
645 371.6720000045159
656 371.67200000263136
666 371.67200000233845
667 371.6720000014601
689 371.67200000133175
696 371.6720000008304
716 371.6720000006305
720 371.67200000023144
732 371.6720000001494
740 371.6720000000645
745 371.6720000000345
752 371.6720000000196
