 Dim = 2
8419.754880467513  -6815.485581798582
5865.553153795419  -5638.606140022618
1259.5363083639015  -2450.844440878329
846.0109227711353  2558.324444290005
0.9245587066698457  225.10744687433362
4028.639773190767  -4621.263344605988
1833.0807014346537  -3018.985738440665
824.4390947467219  -1925.2209623916651
2385.9735539771295  -3486.902709366776
352.85519501252185  -1155.0607333409441
905.3144503629574  -2031.8287968615402
699.8661440486403  -1750.0731119942889
1987.1811097600648  -3155.797322159405
11669.04917401064  -8077.055950518321
839.4355059159082  -1945.3114568533263
2079.828137048998  -3235.4410648620255
4859.1420463189  -5104.973001442331
27.900336764283328  712.2070539967644
529.3544050157146  -1482.6474167811243
14.03205168686139  593.2819569920583
35.351323826286055  763.7011659324542
35.7860014012457  -162.29686028123456
96.17399721959582  -458.82322079096355
1513.661654520933  -2715.7594645268373
641.4494712301916  2266.7307914638113
123.71608675760886  -560.8636582158363
184.230368221201  -750.8876118989396
0.5996674579116632  365.1343679978524
52.19683753771234  -258.6148101472269
154.43515831331595  -662.0139629868115
1.4776161234967133  205.89804658748642
16.839289455254494  620.9872746265917
277.895511624157  1595.3083795127768
66.19011120644602  -329.2421705710407
7.962840997438823  82.39355556847124
18.553823299219005  636.7721600891921
100.27192408276835  1079.0567290969743
25.17318305528976  -87.53664283599426
40.969416181734644  -194.74064763474325
64.17891705391982  -319.591043768982
160.84157106900963  -681.8098224207974
22.114798691945655  667.3832160664617
24.509806847346248  -82.3781443581804
249.03280972971774  -922.099890652257
69.69677681547338  -345.7357644736271
90.38096735445725  -435.5545565779137
0.7733528152074394  372.95744416089144
16.941094743664053  -17.722583254731376
64.4911961773287  -321.09437902721265
87.979529491599  -425.7021882272869
13.029695330456528  21.468740608812936
17.879988466512973  -26.437531248512528
76.61341779178534  -377.0980573257888
81.0262919057733  -396.36323271436936
111.05095345167045  -515.517090651566
6.6649299918740335  100.94662079732313
47.69902668058484  -233.94191315150886
48.65457862861897  -239.27864265489143
4.329988424642961  139.57447449180256
7.2757486754001475  92.01269921858375
20.99536404191196  -53.8187131786118
22.548161696010677  -66.70954702988843
19.251166786766504  -38.75917814826266
12.060802551981624  32.05344134896279
7.802787315910489  84.59724757336562
16.40826451107266  -12.670483258672107
29.825424531378797  -121.93200105254368
16.76993503194158  -16.108090606756946
15.883189192920247  -7.612729563163612
29.317114138993105  -118.3148727585725
29.276408719889197  -118.01907402564802
35.25122742161445  -158.82198191261932
1.6950560110583863  199.32413204677414
7.573460768752074  87.79074638090128
18.48268962012623  -31.908276275992876
18.44712074575114  -31.58875053592817
21.759729830321625  -60.22155222389472
14.00088466959956  11.244575664994159
8.33972764503618  77.29386469803046
32.69610980625227  -141.83057975458019
21.090109052437807  -54.61849604857957
30.29595763391108  -125.25810040989018
33.02014382096479  -144.02301264038852
4.916844940114632  129.05333802050848
8.886715278130564  70.09007958191705
18.13426996720785  -28.754576293482273
16.58806932626697  -14.384599670610783
23.21703849439042  -72.12668079950697
10.018991895843897  55.84638937746308
15.698808578330233  -5.815790796183933
21.517048385176558  -58.20086039015837
16.051260733803513  -9.240012046996185
18.29557704970495  -30.217987025443335
19.442167370755143  -40.439735192281205
12.624724841355649  25.843784043987625
12.713271578057872  24.881307725152965
16.016231604952182  -8.901418551623692
17.507742100362012  -23.008117765488123
12.400337874248196  28.298061871469145
14.282299189424352  8.348440819320786
10.39609064006523  51.282427594816
15.169248718737338  -0.5982054647708992
17.941750435034493  -26.99982725308996
15.614884658728572  -4.994806682438025
15.1025943633686  0.06474991688889986
17.13638850318956  -19.553692094056487
19.04015174829927  -36.89105402787243
11.192533095680053  41.9058375503821
15.047848098803591  0.60997302119506
15.79490288344679  -6.7534499845252185
19.11882645736351  -37.58846247554004
18.682244380155517  -33.700294602199165
11.921833336585287  33.60653748157483
11.711555333815221  35.97298975089791
18.046428846634743  -27.955266956474247
15.700468771152536  -5.832394638127539
16.571599448660088  -14.227655334954079
16.791927032323642  -16.316138692463028
14.52475522511844  5.875810256683053
14.23640878533993  8.818691823209406
15.205382864084923  -0.9572160577540672
15.511327556283367  -3.978893627653406
15.854941078556891  -7.337482748851016
15.001787090534895  1.0703868513841144
15.106515621067636  0.025875390895294004
14.919388700322342  1.8951559518967542
15.209765366926254  -1.000621836019718
15.705785185953745  -5.8840450403557725
15.828500258048924  -7.08037815973546
15.005778638699203  1.0307643892733722
14.523891129201646  5.884684669543617
15.30499224467121  -1.944192511043866
15.42148574808675  -3.0946120737688716
15.614680425753425  -4.9929439278873815
14.795150587114648  3.142656940622601
14.903831172562315  2.0510582261842956
15.096268311772537  0.12793058058400675
15.116856646332227  -0.07707827016326974
15.147390288689898  -0.38086163017590025
15.337195091400666  -2.262621278001461
15.411321223987107  -2.9943862245032733
15.577430096769733  -4.627825558331779
14.804882413393173  3.0447276304555544
14.758278309884528  3.513893302300403
15.148452877562118  -0.39142886195941173
15.252881568572336  -1.4281904619904253
15.261574320712995  -1.5143170862952502
15.287655208402267  -1.7726260234842357
14.926480541997337  1.824083431219492
15.109158650244337  -0.0004349057755916874
15.086077292858688  0.22948606869465493
15.18549086227541  -0.759567369473416
15.276193942019958  -1.6591341682196799
15.312862484305743  -2.0220645624132203
14.901614751670454  2.07329553834154
15.10671513949307  0.023897401340491342
15.09938585491171  0.09689365699784958
15.127942789407053  -0.1874285164186631
15.188255349071722  -0.7870244179077872
15.297864759721616  -1.8736700869093283
15.025478514855147  0.833970487929605
15.107081471241619  0.020249411126997074
15.100850879799115  0.08230144289541386
15.1184077453946  -0.09251011531614495
15.14004128833368  -0.3077838234912633
15.31658880087556  -2.058911775183674
15.095850660344421  0.13210005302369154
15.106480881690509  0.026230015015698882
15.138605148826889  -0.29351039058860806
15.178922691415274  -0.6943134007181015
15.205282934577191  -0.9560847777773915
15.009222891421189  0.9963236234186752
15.108175510352485  0.00935490839412978
15.105226298407311  0.03872418577122971
15.143958546810167  -0.34676043690910774
15.153818453488057  -0.44481215259304463
15.171786435282648  -0.6234077450951645
15.072455843105761  0.3652587495662374
15.055198400115604  0.5373535983030706
15.11900730332716  -0.0984886140161052
15.143164983767676  -0.33886333666168866
15.144519658325782  -0.35233720240137245
15.07322766964997  0.35755993735710945
15.10871125180146  0.004020113705564654
15.107369099104742  0.01738514179999129
15.135615116767658  -0.2637620035495729
15.138294946525102  -0.29041961248594816
15.152484872791865  -0.4315492384021127
15.065003879477372  0.43955771857633863
15.108469411880156  0.00642827916249189
15.120736907768501  -0.11570263667999825
15.130351337263972  -0.2113882008757173
15.13057918657174  -0.21365517943854684
15.086859861868001  0.2216874906830526
15.108822367491463  0.0029136478148075184
15.107813542334721  0.012959301235241583
15.115814951571057  -0.06670688264080127
15.12391577876883  -0.14734296719973372
15.131173867639758  -0.21957251753588025
15.093736874537607  0.15316614458970434
15.09177333543918  0.17272856254487579
15.105558325905069  0.03541701366293637
15.106462942171115  0.02640836519003642
15.112087019619588  -0.02959230020042014
15.118768796230766  -0.0961131111805571
15.109089524703666  0.0002534201970547656
15.108882149468878  0.0023183937106523445
15.108487064228822  0.0062520593536419256
15.115277060801304  -0.061352717774184384
15.117820407767448  -0.08667225377053
15.102903311850842  0.061858944401478766
15.109078762846938  0.00036058035175301484
15.105012521905214  0.040853067544162514
15.10681130927404  0.02293949338047696
15.10850807290238  0.00604311537722424
15.111367951422604  -0.02243305331501233
15.111513271022725  -0.02388001609119783
15.10731034381319  0.017970175622622264
15.107699906886952  0.014090841183701741
15.107844099695027  0.012655094404976808
15.110868813323263  -0.017463368985545458
15.10924560005954  -0.0013007084671698976
15.108443297188986  0.0066883074651968855
15.108515283152904  0.005971537666937365
15.10890409648146  0.002099865323089034
15.10966377931803  -0.005464719129122386
15.109168349422626  -0.0005314857537541684
15.108741096600317  0.0037229215320166986
15.109037082300523  0.0007755998994980473
15.109085818314101  0.0002903017905282468
15.109141967573809  -0.0002687632527340611
15.109299298986295  -0.0018353360882201741
15.108297127299204  0.008143849463976949
15.108484173996564  0.006281284734654946
15.108764517624781  0.0034897609378958805
15.109881943571557  -0.007637016715762002
15.109152320119096  -0.0003718491086601716
15.108660745405384  0.004523045193309372
15.108828443410626  0.0028531871477071036
15.108869176569105  0.002447556604579404
15.10951831050293  -0.004016209192968745
15.109511747235066  -0.003950828653728422
15.108966583755624  0.001477626985661118
15.108968649381243  0.001457034231407306
15.109089259171675  0.0002560896730301465
15.109210400592746  -0.0009501946844920894
15.10914424850225  -0.0002914756906875482
15.109041886200338  0.0007277791044089099
15.109084006334422  0.0003083850380107833
15.109087528318682  0.00027332043532624084
15.10913716329604  -0.0002209388521805522
15.109280079607192  -0.0016440168483313755
15.10891489729473  0.0019922813515904636
15.108932284580149  0.0018191569504324434
15.10901879591752  0.0009577000030276395
15.109264153150903  -0.0014854412879685697
15.109230506692715  -0.0011504046514119182
15.109021817910882  0.000927612505279285
15.109042450212973  0.0007221726716579724
15.109098064751164  0.0001683813972022108
15.10915723165286  -0.0004207721639204465
15.109142853097831  -0.0002775946834390197
15.108980769557215  0.0013363407674660266
15.10903956892861  0.0007508537245257685
15.109061213704619  0.000535331374294401
15.109121131223121  -6.129515577413258e-05
15.10907303518444  0.00041763464616906276
15.10895105441341  0.0016322506984352003
15.109000023169473  0.0011446420588754336
15.109054259242155  0.0006045923621513793
15.109196106735835  -0.0008078801223518894
15.109123500717295  -8.488949617913022e-05
15.109027697770903  0.0008690667717701217
15.109038415348426  0.0007623542149985951
15.109076413695133  0.00038397719072236214
15.10916843191748  -0.0005323042048530624
15.10923808638301  -0.0012258755783705055
15.109063000284817  0.0005175366904950351
15.10909103671954  0.00023837071614707384
15.109097292261536  0.00017608329096674424
15.109133129259362  -0.0001807739091645999
15.109150887191145  -0.0003575910502604529
15.109088607643182  0.000262549866874906
15.109102492271626  0.00012430261756435357
15.109107521863221  7.421291650189232e-05
15.109118797585008  -3.8057086044318567e-05
15.109111796676737  3.165707312291488e-05
15.109067965383854  0.0004680959283405173
15.109089897065632  0.0002497219303450038
15.109090599591275  0.0002427240259521568
15.109128164149997  -0.00013133315042068716
15.109146959762896  -0.0003184826612141478
15.109046575487904  0.0006810959167751207
15.10905754360678  0.0005718813457633587
15.10908650023467  0.00028354398932606273
15.10910083779094  0.00014077947480473085
15.109147441006694  -0.0003232761469007528
15.109157633329241  -0.00042476464591345575
15.109135893223845  -0.0002082925934701052
15.109073856255812  0.0004094483557537387
15.109085707761304  0.000291425551949942
15.10910301197839  0.00011912657998891518
15.109129335985314  -0.00014299976373877143
15.109159968528438  -0.0004480161830997531
15.109090794008488  0.0002407990840538332
15.10908730924555  0.0002754881405735432
15.10909867864542  0.0001622791993440842
15.109106760417982  8.180737677321304e-05
15.109116832939755  -1.849326474712143e-05
15.109131941754692  -0.0001689444858357092
15.109031093787173  0.0008352623210612364
15.109055586087681  0.0005913777143859988
15.10906206018062  0.0005269057005534705
15.109192499804818  -0.0007719484123072107
15.1091295664135  -0.00014528719236750476
15.109072878269709  0.00041918780186733784
15.109094275563738  0.0002061205668724142
15.109094989905211  0.0001990124336543886
15.10912860346094  -0.00013569832094617595
15.109124193595296  -9.178702759982116e-05
15.109100046418483  0.00014865971695599
15.109101108415615  0.00013808369430989842
15.109106721023878  8.219710048251727e-05
15.109123546940479  -8.534558003248094e-05
15.109128887401647  -0.00013852595793650835
15.10910362918808  0.00011298536901449552
15.109109420269036  5.531856015750236e-05
15.109114840520764  1.3466913060256047e-06
15.109119964167796  -4.9671224815028836e-05
15.10911692699063  -1.9429782241786597e-05
15.109108863265746  6.086654775572242e-05
15.109107650723931  7.293960027254798e-05
15.109110792292725  4.1656436451376067e-05
15.10911191109671  3.0516463084495626e-05
15.109122030319464  -7.02462192521125e-05
15.109125850500687  -0.00010828585402578028
15.109113590780801  1.3790735920338193e-05
15.109113678220078  1.2920143035444198e-05
15.109114145068887  8.271139563476027e-06
15.109116002821544  -1.022676087814034e-05
15.109119489724339  -4.494711947700125e-05
15.109107566178492  7.378109546607448e-05
15.109108909716616  6.040294329068274e-05
15.109113328094113  1.6407289422204485e-05
15.109122114864773  -7.108771262664959e-05
15.109116100500207  -1.1199401683370525e-05
15.109112512787176  2.452530202390335e-05
15.109113696376639  1.2739348903778591e-05
15.109114901548654  7.39344727662683e-07
15.109115984664962  -1.0045966519101057e-05
15.109119417098002  -4.422394215453096e-05
15.109105009056881  9.924400580985093e-05
15.109110123868206  4.8312851276932633e-05
15.109110678822955  4.2787436882463226e-05
15.109124671987997  -9.655062467572861e-05
15.109121053271467  -6.0516768030538515e-05
15.109111597730637  3.3637657338658755e-05
15.1091074428118  7.500985816477623e-05
15.109111318088859  3.6422108792066865e-05
15.109115566152175  -5.879045147594297e-06
15.109114310615315  6.6217041876370786e-06
15.109098894058183  0.00016013348704291275
15.109106114235276  8.82399689317026e-05
15.109107983197761  6.962915756503207e-05
15.109123688865514  -8.676128902607161e-05
15.109115808702779  -8.294253234453208e-06
15.10910659451479  8.345692504008184e-05
15.109109762771538  5.1908044042647816e-05
15.10911013772008  4.817505111986975e-05
15.109123208584968  -8.197823751743272e-05
15.109125010196703  -9.991844308387954e-05
15.109111294624032  3.665536041808082e-05
15.10911228681372  2.677517204574542e-05
15.109112892212519  2.074663814255473e-05
15.109118508473799  -3.517667209962383e-05
15.109116066463287  -1.08608987829939e-05
15.109113724619075  1.2458562764550152e-05
15.10911401472472  9.56928863615758e-06
15.109114498845988  4.748751848637767e-06
15.109116078478376  -1.0979874332406325e-05
15.10911803408138  -3.0453532644969528e-05
15.109114513627757  4.602113449436729e-06
15.109114772895332  2.0198602896925877e-06
15.109115103097519  -1.2682030501309782e-06
15.109113713933564  1.2564323810693168e-05
15.10911337397401  1.5949564954098605e-05
15.10911431007512  6.629033350691316e-06
15.109114510042465  4.6372335873456905e-06
15.109115493022237  -5.150344350113301e-06
15.109115126319278  -1.499434802099131e-06
15.109114404122414  5.691850674338639e-06
15.10911437250423  6.007289584886166e-06
15.109114813557449  1.6149375596796745e-06
15.10911543059311  -4.5286004706213134e-06
15.109115112982764  -1.3666359564012964e-06
15.109114433168708  5.403259592640097e-06
15.10911481076206  1.642723646000377e-06
15.109114841729033  1.3343933460419066e-06
15.109115369928688  -3.924571046809433e-06
15.109115378506148  -4.0105923062583315e-06
15.10911469609294  2.785176661745936e-06
15.10911494459245  3.1011109058454167e-07
15.1091150053405  -2.947780330941896e-07
15.109114712069434  2.6254970180161763e-06
15.109114701762756  2.7280954100206145e-06
15.109114773976309  2.00905026304099e-06
15.10911489591524  7.954224656714359e-07
15.109114836385649  1.3875912827643333e-06
15.109114851704994  1.2356549632386304e-06
15.109114935472853  4.0093823372444604e-07
15.109114951392316  2.430342647130601e-07
15.109115007728429  -3.1855586257734103e-07
15.10911485143919  1.2383144394334522e-06
15.109114920988363  5.451613560580881e-07
15.109114951658153  2.403746748314006e-07
15.109115003432581  -2.7578414574236376e-07
15.109114997708854  -2.1880282474739943e-07
15.109114980537605  -4.785806595464237e-08
15.10911492902397  4.6497495986841386e-07
15.109114067881645  9.039953397405043e-06
15.109114114367292  8.577724884162308e-06
15.109114813845178  1.6119411156978458e-06
15.109115688730055  -7.099035769897455e-06
15.109115123125598  -1.4676744513053563e-06
15.10911450248662  4.713016551249893e-06
15.10911465462931  3.1973750083125196e-06
15.109114808771091  1.6625257330815657e-06
15.109115300610785  -3.234328119106067e-06
15.109115231863418  -2.5504396035103127e-06
15.109114759962681  2.1485254819708643e-06
15.109114734447973  2.4032508463278646e-06
15.10911491263696  6.282548383751418e-07
15.109115068649356  -9.245617320630117e-07
15.109114992931834  -1.7127342744061025e-07
15.10911484507291  1.3017007631788147e-06
15.109114903923928  7.150244982767617e-07
15.109114965922698  9.767427400220186e-08
15.109114958023762  1.7699471754895058e-07
15.10911498144953  -5.693868843081873e-08
15.109114867598313  1.0774053862405708e-06
15.109114951213039  2.441408923914423e-07
15.109114954643799  2.0998152194806607e-07
15.109114935499063  4.012831595900934e-07
15.109115028551502  -5.259581712380168e-07
15.109114884633188  9.077813274416258e-07
15.109114918464135  5.709077868232271e-07
15.109114964399746  1.1283475487289252e-07
15.109114971528477  4.1851308196783066e-08
15.10911499244205  -1.663967168497038e-07
15.109114900174234  7.53030803934962e-07
15.109114900380607  7.509753459089552e-07
15.109114900937985  7.454254955518991e-07
15.109114900810415  7.46695604902925e-07
15.109114901450361  7.403234576486284e-07
15.109114901533475  7.39495817470015e-07
15.109114901479652  7.400317372230347e-07
15.109114901526608  7.395641432594857e-07
15.109114901556802  7.392635552605498e-07
15.10911498051651  -4.7647972678532824e-08
15.109114980453116  -4.701678335550241e-08
15.109114980263005  -4.512367013376206e-08
15.109114979692576  -3.944364834751468e-08
15.109114977981287  -2.2403355615097098e-08
15.10911497284747  2.8716840461129323e-08
15.109114901018138  7.446271865774179e-07
15.10911490116544  7.431605126839713e-07
15.10911490139812  7.408436886180425e-07
15.109114901454591  7.402812798318337e-07
15.1091149015362  7.394686463157996e-07
15.109114901553381  7.392975476250285e-07
15.109114977959672  -2.218814643129008e-08
15.109114977894892  -2.154320100089535e-08
15.109114977700456  -1.960700046765851e-08
15.109114977117299  -1.3800217857351527e-08
15.109114975367822  3.6203573472448625e-09
15.10911490139252  7.408992814816884e-07
15.10911490142635  7.40562541068357e-07
15.109114901460838  7.402190931316e-07
15.109114901546826  7.393629175567185e-07
15.109114901534099  7.394895646939403e-07
15.10911497711044  -1.3731892067880835e-08
15.109114977089918  -1.3527596820495091e-08
15.109114977028305  -1.291402895731153e-08
15.109114976843511  -1.1074007488787174e-08
15.109114976289115  -5.553602022700943e-09
15.10911497462592  1.1007728062395472e-08
15.10911490120712  7.427454420394497e-07
15.109114901487006  7.39958522899542e-07
15.109114901539082  7.394399972326937e-07
15.109114901523407  7.395960892608855e-07
15.109114976272014  -5.383299139793962e-09
15.109114976220669  -4.871935743722133e-09
15.109114976066671  -3.3385276765329763e-09
15.10911497560468  1.2616965250344947e-09
15.109114901464798  7.401796437989105e-07
15.10911490151409  7.396888577204663e-07
15.109114976032442  -2.9976945370435715e-09
15.109114975929781  -1.9755361790885217e-09
15.109114975621784  1.0913936421275139e-09
15.109114901377543  7.410485522996169e-07
15.109114901481238  7.400160484394291e-07
15.109114901582883  7.390037808363559e-07
15.109114975895553  -1.6347030395991169e-09
15.109114975792895  -6.124309948063456e-10
15.109114975484895  2.45449882640969e-09
15.109114901719764  7.376409030257491e-07
15.109114975720692  1.0652456694515422e-10
15.109114901617106  7.386630613837042e-07
15.109114975724445  6.912159733474255e-11
15.109114975758676  -2.717115421546623e-10
15.109114975656006  7.506741894758306e-10
15.109114975690222  4.099547368241474e-10
15.109114901529832  7.395320835712482e-07
15.10911490156576  7.391743110929383e-07
15.109114975741559  -1.0129497240995988e-10
15.109114975707339  2.39538167079445e-10
15.109114975735057  -3.6493474908638746e-11
15.10911497571554  1.5779733075760305e-10
15.109114975700837  3.042259777430445e-10
15.109114975752158  -2.0679635781561956e-10
15.109114901541817  7.394127123916405e-07
15.109114901552074  7.393106216113665e-07
15.109114975738485  -7.059952622512355e-11
