 Dim = 2
-975.9126997538909  -241.0348080142906 -413.443500370704 -17713.783881251646
-1022.7152781315681  -40.91079349696447 -213.31948585337787 3346.8880328847827
-944.110890921458  -196.9857524373333 -369.39444479374674 -24650.94537672712
-984.6818364884336  -301.3142700862051 -473.7229624426185 -11715.424994688536
-890.9892466920631  -482.1526563019478 -654.5613486583612 6279.651665000885
-923.1230132646003  559.4612500550126 387.05255769859923 66528.90377529403
-939.1874378596293  -438.1036007249944 -610.5122930814078 -657.5098304746753
-985.1770046624824  79.64813064686608 -92.76056170954732 -8649.829740241441
-1040.7487197747025  219.4926830922763 47.0839907358629 18409.20106045811
-757.8988241410243  273.0212188862324 100.61252652981901 -27892.224121248582
-981.6491643905437  -317.54467658116386 -489.9533689375773 -12654.227603600899
-947.1435630193481  -180.75534594237456 -353.16403829878794 -23712.14276781476
-867.6387311933969  200.20705479069667 27.79836243428329 -20646.547513367666
-1013.9461413970253  19.368668574950803 -153.0400237814626 -2651.470853678329
-980.2535516006537  -161.46971764079504 -333.87840999720845 15343.605806011004
-737.8034807178296  -16.147366221587504 -188.55605857800094 -42646.022036416456
-1003.2104463056169  340.05160723610686 167.64291487969345 6412.483287331885
-857.7918250697393  -282.0286417846256 -454.43733414103906 27340.32357913723
-787.1788241410243  -329.77340183292046 -502.18209418933384 32091.364744382536
-1006.1985573100009  -171.11253179158473 -343.5212241479981 -4184.268480901874
-887.956574594172  -498.3830627969097 -670.7917551533232 5340.849056088438
-1031.9795830401597  279.77214516419156 107.36345280777819 12410.842173894995
-770.6621033194572  -459.9751401275407 -632.3838324839542 24560.20823059588
-762.3528736372871  130.28477856799162 -42.12391378842176 -34176.06291371743
-955.9089169315437  -131.27868539041896 -303.68737774683234 -20850.303292575834
-996.6937254840497  209.84986894148648 37.441176585073066 -1118.6732264547773
-925.3711633528427  48.78637591254707 -123.62231644386628 -19919.998186455217
-974.5661976884581  -210.94637819275079 -383.35507054916417 12481.766330772074
-1019.5105995508233  -69.55517592178093 -241.96386827819433 1690.0335998517185
-1007.9394530683985  -32.71202674289728 -205.1207190993107 -5663.933459192991
-985.1193880825177  -188.95411269644188 -361.36280505285526 -14701.321275736995
-997.429420575458  -110.83306971966947 -283.2417620760828 -10182.627367464986
-1017.9739274686666  -82.57534975124292 -254.9840421076563 936.9179484730548
-1018.9019307179606  -74.76324545356563 -247.17193780997903 1388.7873393002583
-976.8789754188361  9.339191967771072 -163.06950038864233 -12716.654257686238
-1014.2254758134567  21.97270334084327 -150.43598901557013 -2500.8477234025927
-763.1095424701496  135.49284809977632 -36.91584425663706 -33874.81665316597
-989.4227322468312  -162.91376503751766 -335.322457393931 -13195.089972979655
-986.4313913318118  -181.14200839876457 -353.55070075517796 -14249.451884909791
-1017.6605930522352  -85.17938451713528 -257.58807687354863 786.2948181973247
-942.3265595058606  199.82039233430675 27.411699977893363 -11183.85663046269
-1011.6394660655747  -1.463609552188359 -173.87230190860177 -3856.45589588419
-770.5715652152078  190.17757818351689 17.768885827103475 -30711.730917375575
-1005.648112153379  -50.940270104144204 -223.3489624605576 -6718.295371123128
-972.8800276560008  -257.2652145092486 -429.673906865662 -18652.58649016401
-1020.4086028001173  -61.743071624103635 -234.15176398051705 2141.902990678922
-928.1098386842933  69.61865403968636 -102.79003831672702 -18715.01314424935
-1021.0115050571029  92.28164201993827 -80.12705033647511 1565.9767940422057
-996.266350284807  -138.29608867471944 -310.7047810311328 -10727.79293214891
-973.3800574951588  -148.59109887993034 -320.99979123634375 -17488.56568365387
-1021.6627130135907  -2.95895816332955 -175.36765051974294 799.5779804304301
-971.1458933425138  167.2694828154725 -5.139209540940897 -7944.742831718608
-1011.4507746982291  -0.8608149314692071 -173.26950728788262 -3916.4394847498206
-1014.6959589960518  -16.12353673246377 -188.53222908887716 -2807.4072488472975
-1019.0534377874835  -60.10331827329023 -232.5120106297036 339.7386922633659
-1012.636925361242  -92.31601687907809 -264.72470923549145 -3420.526299736721
-999.782039965879  -27.64836195078469 -200.0570543071981 -8216.556776540587
-967.4301388861368  -39.12473562576221 -211.53342798217562 -16089.018396394695
-985.4558119515356  57.80311956130437 -114.60557279510904 -9344.290118977786
-1015.8633932982962  -13.326645683555675 -185.73533803996906 -2266.226632833313
-1019.1256962050294  -4.9359725368310485 -177.34466489324444 -642.6847847913391
-1023.8837157007936  41.93665324923233 -130.47203910718105 2068.5315601718617
-1002.508975383462  -135.13771083145156 -307.54640318786494 -8173.841298578009
-957.662254597269  -120.86254632684931 -293.2712386832627 -20247.8107714729
-1018.0728231916901  -88.65174750177808 -261.0604398581915 4000.0659292901687
-991.0956962404034  139.54093026239144 -32.86776209402194 -5185.497743899576
-1019.686365037892  0.2720969949537708 -172.13659536145963 -341.4385242398724
-983.4220601293005  -320.41084166620226 -492.8195340226157 -9405.392665250087
-980.892254561895  -265.33944912607194 -437.7481414824853 -15704.997812364672
-960.2837866602148  -199.85191752237168 -372.2606098787851 -21402.11043837631
-1037.3591378481638  255.4675040524097 83.05881169599633 14419.628242781986
-1026.752604925229  20.236046903342828 -152.17264545307054 4227.940759334582
-1021.3203715364801  15.89630559030823 -156.51238676610515 562.300257414528
-1012.6968976629291  -115.80078131545334 -288.20947367186676 -2312.822380057515
-1004.8409509344433  -150.8103709701495 -323.2190633265629 -6614.2679880716
-998.3628290939257  -110.03741881593457 -282.44611117234797 -9852.053470592362
-1027.0584414756154  140.9384258964873 -31.47026645992608 5328.898418488914
-1033.6433683568214  226.65449111624923 54.245798759835836 11140.560277930259
-1014.6798990153741  -57.2337499093668 -229.6424422657802 -2814.04882996386
-1014.3865279431014  -11.108323483694805 -183.5170158401082 -2896.7184740340917
-1013.4885246938073  -18.920427781372098 -191.32912013778548 -3348.587864861295
-1023.7628677162513  9.048482707709992 -163.3602096487034 2063.218295278617
-1028.0686681552006  69.15836437792292 -103.25032797849047 4686.4517312783355
-1017.0304036082695  -26.97383990540852 -199.38253226182192 -1727.7026492659372
-1017.0127792822811  -6.720130627316811 -179.1288229837302 -1694.3900642748538
-1021.2959475442091  -0.5477796804529396 -172.95647203686633 559.6436249679058
-1021.0206131277777  -3.151814446345407 -175.5605068027588 409.02049469216905
-1019.9660937465164  -5.293830179216618 -177.70252253563 -189.1312475819393
-1020.4765810074039  -22.147853787681086 -194.55654614409448 258.7531945753308
-1019.7858297542452  -21.737915449977788 -194.14660780639116 -191.78788002856152
-1017.4611690776511  -29.385018388285133 -201.79371074469853 -1487.768293803413
-1016.6243841128212  -28.92299935526399 -201.3316917116774 -1935.296905801791
-1021.6395609981329  29.929212378192787 -142.4794799782206 804.8912453236746
-1020.4159912120338  0.517033973287352 -171.89165838312604 52.131424103896656
-1020.4937550723898  -21.991611701727557 -194.40030405814096 267.7905823918737
-1019.5441543855121  -1.0559607356513845 -173.4646530920648 -418.25632068049794
-1018.4897258217075  -18.030690536940607 -190.43938289335398 -970.4391857274494
-1017.7462689941092  -10.119892288172833 -182.5285846445862 -1356.0826230726943
-1021.5384418816748  10.664086278080255 -161.74460607833316 673.205574592943
-1020.3145219809223  -2.455916799827257 -174.86460915624065 -0.31891465977733446
-1021.2209304967457  4.8860076936889785 -167.5226846627244 498.3376754826116
-1017.9325786123156  -31.492153723725544 -203.90084608013893 -1208.4317807549248
-1016.8837209798818  -25.48229135515559 -197.89098371156896 -1806.4681617452673
-1016.7922328697142  -17.546208028589746 -189.95490038500316 -1846.3415107738952
-1022.4024972060699  18.090402018497286 -154.3182903379161 1163.46446229415
-1025.4775645505695  49.606694679399254 -122.80199767701414 3013.9431985208525
-1021.3431254841398  6.057823338340606 -166.35086901807279 566.1180841066941
-1020.1640650620106  -0.6513995622337043 -173.06009191864712 -85.6427724276215
-1018.8900763757044  -15.42183911342464 -187.83053146983804 -758.8330890363544
-1018.1764998618589  -12.265841137933014 -184.6745334943464 -1142.5410467110478
-1021.1449502139251  12.81003512784044 -159.59865722857296 459.6639982312961
-1021.8332425050518  8.705488276176462 -163.70320408023693 843.519117484637
-1020.1620920851509  -5.454423405167505 -177.8631157615809 -78.90860564782591
-1019.7059427190807  -7.386700806081263 -179.79539316249466 -329.1576260894347
-1019.2545017931964  -5.4085654192556545 -177.81725777566905 -575.1700394119255
-1020.1086232825877  5.952759409163081 -166.45593294725032 -107.707009067826
-1020.527634086185  1.0532694291071336 -171.35542292730625 113.50064901810586
-1020.249923609694  -3.85100871186164 -176.25970106827504 -33.588834942769424
-1020.0136297735166  -4.934690843534283 -177.34338319994768 -163.40663470179234
-1019.3718610686416  -2.149170441936651 -174.55786279835004 -510.24867865966837
-1019.9986851466624  2.6933644318440737 -169.71532792456932 -172.62836982008278
-1020.406238087169  -0.8854749722748395 -173.29416732868825 48.281958356221914
-1020.2555380603491  -3.3248753156886344 -175.73356767210203 -31.611284527900835
-1020.1631668404618  -3.688612801390728 -176.09730515780413 -82.52859251719018
-1019.5372111128727  -0.9792253603899259 -173.38791771680332 -421.7947092013369
-1019.8350048172915  1.523419350297464 -170.8852730061159 -261.0823392784076
-1020.3819373769618  -1.5695649159709664 -173.97825727238435 35.79251871298898
-1020.3077339961148  -2.678167224337654 -175.08685958075102 -3.6893144763633217
-1020.2556113009017  -2.9579768403014306 -175.3666691967148 -32.30903032864852
-1019.6412586441013  -0.3039862249447154 -172.71267858135812 -366.06265519604403
-1019.7313746139027  0.8481802148521416 -171.56051214156125 -316.81439328370743
-1020.3294100527604  -2.166077436930246 -174.57476979334365 7.473171881342651
-1020.2905195461276  -2.601289012012464 -175.00998136842585 -13.470093083644258
-1020.2902555735648  -2.7366338523400824 -175.1453262087535 -13.359840726166212
-1019.688982756861  0.38087857591968555 -172.0278137804937 -339.8888851488265
-1019.683740494843  0.16331541398785587 -172.24537694242554 -342.9881633309184
-1020.315722883962  -2.4433414488233502 -174.85203380523674 0.32926671281970243
-1019.6758259212162  -0.16302932890988853 -172.5717216853233 -347.6370806040562
-1020.2984499946593  -2.6857859974072102 -175.0944783538206 -8.872529308647287
-1020.2826780623632  -2.693204911095752 -175.10189726750914 -17.681418369579347
-1019.6537583653179  -0.03283547613229665 -172.4415278325457 -359.0764927951646
-1019.7137025211482  0.35946630410789293 -172.0492260523055 -326.89983386667876
-1020.3315961177242  -2.2184236853664 -174.6271160417798 8.790611802001877
-1020.3078868569246  -2.486304070062203 -174.8949964264756 -3.9735928374572893
-1020.3013054349054  -2.590048759049009 -174.99874111546242 -7.458978174162667
-1019.681181934091  0.10570974544846079 -172.30298261096493 -344.4231913483898
-1019.6862976436552  0.2209210825272483 -172.18777127388614 -341.55313531344655
-1020.3154217452999  -2.4471556534060914 -174.85584800981948 0.16797373868477905
-1019.6734977801937  -0.06710726016960322 -172.475799616583 -348.7282754007982
-1020.3055873319206  -2.5713502684128122 -174.9800426248262 -5.098830531281791
-1020.2989493866129  -2.5765461595448995 -174.98523851595832 -8.802610564752825
-1019.6686456872784  -0.031732159035660956 -172.44042451544905 -351.2338849763139
-1019.6937128923752  0.24315164993258276 -172.1655407064808 -337.6124977204658
-1020.3252559332132  -2.32651056497039 -174.73520292138377 5.443792350156116
-1020.3148318983745  -2.468892310789834 -174.87758466720322 -0.12094128269592375
-1020.3157603653124  -2.507818843677683 -174.9165112000911 0.4729788485416151
-1020.3026644514192  -2.609041968710227 -175.0177343251236 -6.6621886294355335
-1020.3012576111837  -2.564268476677108 -174.9729608330905 -7.534720922664491
-1019.6713330175697  -0.020051325018652033 -172.42874368143202 -349.8004785545695
-1019.6910262373476  0.23147081591557628 -172.1772215404978 -339.04590414221053
-1020.3156855199104  -2.4596674635628073 -174.86835981997618 0.3392353904781942
-1020.3115353714945  -2.483891945317215 -174.8925843017306 -1.9370589483281577
-1020.3096959830985  -2.5234064879915206 -174.9320988444049 -2.891250139959638
-1019.6866966296021  0.1580695346756964 -172.2506228217377 -341.43850114452033
-1019.675666438151  0.05334995622122474 -172.35534240019217 -347.40788155225937
-1020.3151669001091  -2.465633626748318 -174.87432598316173 0.060338013910453014
-1020.3161718869768  -2.4558575746234297 -174.86454993103683 0.6041759037503454
-1020.3137613807132  -2.4630414389468047 -174.8717337953602 -0.7310195442155702
-1020.3103789435103  -2.522142451349965 -174.93083480776335 -2.5114851477968045
-1020.3092750784713  -2.5209935011247806 -174.92968585753817 -3.131364446188897
-1020.3199539487807  -2.4091248021466747 -174.81781715856008 2.6321611756180374
-1020.315048975107  -2.4692541343850856 -174.87794649079848 0.0012173917983773208
-1020.3157001774653  -2.4703396051706132 -174.879031961584 0.36769341529533506
-1020.3130437182508  -2.5015178680958723 -174.91021022450926 -1.0595700466772797
-1020.3102055485704  -2.525445286221613 -174.934137642635 -2.6022171212410683
-1020.3087344692113  -2.517894533979665 -174.92658689039305 -3.439740076546954
-1020.3198915086464  -2.4130629825485608 -174.82175533896196 2.604651904838164
-1020.3169076209142  -2.4378768505793067 -174.8465692069927 0.9818459658575875
-1020.3140706500301  -2.46808395513296 -174.87677631154634 -0.5484370183681619
-1020.3122707921264  -2.487338050954776 -174.8960304073682 -1.5190491540252111
-1020.3120963459445  -2.49518802033399 -174.90388037674737 -1.6017617377052034
-1020.317826976803  -2.451170217815395 -174.8598625742288 1.52148393762198
-1020.3150879220118  -2.4680313531220297 -174.8767237095354 0.02069132095013515
-1020.3147101134017  -2.4692527810210914 -174.87794513743447 -0.18840545252608365
-1020.313732582024  -2.4823649088854927 -174.89105726529888 -0.7105250283796352
-1020.3132437332887  -2.4807766326876144 -174.889468989101 -0.9870846104149109
-1020.3153878283847  -2.469255487748967 -174.87794784416235 0.19084023612987266
-1020.3156056932196  -2.4605404803445077 -174.86923283675787 0.29622087835598165
-1020.3148569372488  -2.4726406682108597 -174.88133302462427 -0.09981665183013888
-1020.3142807979602  -2.4828002696882985 -174.89149262610167 -0.402918782722395
-1020.3148658161299  -2.4741451879903327 -174.8828375444037 -0.0919908405174823
-1020.3143162671624  -2.4888183488060704 -174.89751070521945 -0.3716155374653596
-1020.3134270994926  -2.4796828650578786 -174.88837522147128 -0.8865551446682645
-1020.3123153466487  -2.4955608569868466 -174.90425321340024 -1.4785071630355162
-1020.312258315701  -2.5011751918016003 -174.90986754821498 -1.4997422867434693
-1020.317782403175  -2.4429474117832117 -174.8516397681966 1.4809419466393052
-1020.3150990333959  -2.4718279934754754 -174.88052034988885 0.034116025935787775
-1020.3149804234879  -2.476246981836827 -174.8849393382502 -0.023862119303259988
-1020.3153241961398  -2.4825523633761915 -174.8912447197896 0.18052404434571656
-1020.3140468984486  -2.4918845682727193 -174.9005769246861 -0.5165212299593094
-1020.3136151747585  -2.482023334674181 -174.89071569108756 -0.7768724268026688
-1020.313247553364  -2.484540066211259 -174.89323242262466 -0.9778052762957401
-1020.3164827251089  -2.4564849340959927 -174.8651772905094 0.7793072103997645
-1020.3150248900672  -2.4757094318433204 -174.8844017882567 -7.595701845275471e-11
-1020.3151582893086  -2.4740967818628103 -174.8827891382762 0.07158635760697507
-1020.3138868322349  -2.478431079674703 -174.8871234360881 -0.6316789449164304
-1020.3138664292694  -2.4900573150764016 -174.89874967148978 -0.6209963984533147
-1020.3137069671301  -2.4825495623221765 -174.89124191873557 -0.7245079533947774
-1020.3163909326669  -2.4559587064479973 -174.86465106286138 0.7269427369918731
-1020.3150478546506  -2.4755387365326778 -174.88423109294607 0.012526753356411291
-1020.314979062925  -2.473084408388102 -174.8817767648015 -0.03063300216854259
-1020.3148758861262  -2.480280371454792 -174.8889727278682 -0.07469213098676164
-1020.3143330000705  -2.4801384737191072 -174.8888308301325 -0.3787666515357415
-1020.3151188772573  -2.465423860382072 -174.87411621679547 0.03306778576563829
-1020.3158657613244  -2.466709450356065 -174.87540180676947 0.45345878229495895
-1020.314844915652  -2.472282060356232 -174.88097441676962 -0.10722467895199372
-1020.3148299301449  -2.478789577912461 -174.88748193432585 -0.10324569252280469
-1020.3147001704673  -2.477163408042049 -174.88585576445544 -0.17895176215553477
-1020.3152530315731  -2.466226208413942 -174.87491856482734 0.10965946254907522
-1020.3155445630944  -2.471175309575458 -174.87986766598885 0.28219745445116473
-1020.3150145389666  -2.46878283474318 -174.87747519115658 -0.018946875999873214
-1020.3149987838077  -2.4751601452662517 -174.88385250167963 -0.01565333105848765
-1020.3148758797952  -2.476954066614255 -174.88564642302765 -0.0810216609644101
-1020.3150834107391  -2.469725434026994 -174.87841779044038 0.021381659596954705
-1020.3150266412274  -2.4757024783613826 -174.88439483477475 0.000966749843200887
-1020.315031894707  -2.475681617915559 -174.88437397432895 0.0038669995996656326
-1020.314975114798  -2.475391301338031 -174.88408365775143 -0.028459364360429618
-1020.3149180518711  -2.4771958492847297 -174.8858882056981 -0.056962069518036174
-1020.314887276125  -2.4762046311625654 -174.88489698757596 -0.07606870541991384
-1020.3150781671568  -2.47601365538473 -174.88470601179813 0.030392864046504542
-1020.3150273345818  -2.4756896156756607 -174.88438197208905 0.0013303076751611798
-1020.31501120016  -2.4755295856297597 -174.88422194204315 -0.008002864757202133
-1020.3149866246298  -2.4757503337511757 -174.88444269016458 -0.021335969478840866
-1020.3149758086711  -2.476267614534401 -174.8849599709478 -0.02640539768597705
-1020.3150420822141  -2.4758753710930055 -174.88456772750638 0.009936364443603907
-1020.3150257635348  -2.475703440997373 -174.88439579741075 0.0004774135920087019
-1020.315028383937  -2.4756854684592966 -174.8843778248727 0.0019096546088945843
-1020.3149839601986  -2.476314349201344 -174.88500670561476 -0.021754870041363006
-1020.3149800733886  -2.4762810665275437 -174.88497342294093 -0.023993243351384308
-1020.3149650710825  -2.475952224566627 -174.88464458098002 -0.033013780772122914
-1020.3150714535832  -2.475125815467087 -174.88381817188048 0.024948070542052392
-1020.3150258975546  -2.4757009547425435 -174.88439331115592 0.0005476864286322325
-1020.315011051389  -2.475997821886449 -174.88469017829982 -0.007196061715987412
-1020.3149950522288  -2.4758323480462856 -174.8845247044597 -0.01646391151872706
-1020.31498787961  -2.475917031174248 -174.88460938758763 -0.020316809508003075
-1020.3150564748103  -2.475574533948345 -174.88426689036174 0.017418738709423565
-1020.3150253985584  -2.4757044719495602 -174.88439682836295 0.0002751286362894234
-1020.3150269240313  -2.475689592268389 -174.88438194868178 0.0011005147656533154
-1020.315002464044  -2.4757607311044705 -174.88445308751787 -0.01245231909520328
-1020.3150015949104  -2.4759956641049725 -174.88468802051835 -0.012492112296456526
-1020.3149882666428  -2.4759113749321373 -174.88460373134552 -0.020110973838100676
-1020.3150625304381  -2.4754975689669796 -174.88418992538038 0.020661231110338463
-1020.315025347279  -2.475706056528099 -174.8843984129415 0.0002494442361893334
-1020.3150267189136  -2.475695930582434 -174.88438828699583 0.0009977771725857565
-1020.3150213048011  -2.4755842507207118 -174.88427660713413 -0.0022443033720094263
-1020.3149992794006  -2.4759763921310167 -174.8846687485444 -0.013824531189655431
-1020.31499446934  -2.475954811568218 -174.8846471679816 -0.016557314082547236
-1020.3150514151366  -2.4754357209250686 -174.88412807733846 0.01432341966904005
-1020.315025230127  -2.4757082298572852 -174.88440058627066 0.00018801609820684462
-1020.3150262503061  -2.475704623899169 -174.88439698031254 0.0007520646196894631
-1020.3150144104516  -2.475648829741339 -174.88434118615473 -0.0059796967563130465
-1020.3150032134906  -2.4757556944168417 -174.88444805083026 -0.012042495300107703
-1020.3149970767831  -2.475969760633695 -174.8846621170471 -0.015069745072040064
-1020.31504724674  -2.4756607652977247 -174.88435312171111 0.012418527496194542
-1020.3150252729961  -2.4757074345764774 -174.88439979098987 0.00021049433870246048
-1020.3150152291539  -2.4758639379701948 -174.88455629438357 -0.005112647199695175
-1020.3150139775443  -2.4758536105723676 -174.88454596698577 -0.0058326931255408
-1020.3150084241123  -2.4757842855388796 -174.88447664195226 -0.009072231529998476
-1020.3150364827036  -2.475562849142203 -174.8842552055556 0.006208725321954489
-1020.3150251513358  -2.4757071382457125 -174.8843994946591 0.0001418486914985806
-1020.3150259351416  -2.475700257452768 -174.88439261386614 0.0005673949998907801
-1020.3150245320184  -2.4756334036292937 -174.88432576004269 -0.00034488816982047865
-1020.3150202516147  -2.4758324156576887 -174.88452477207107 -0.0023619457493282425
-1020.3150091371475  -2.4758290110926326 -174.884521367506 -0.008588191592494354
-1020.3150300510493  -2.4755818608336213 -174.88427421724703 0.0026456431390187163
-1020.3150250511769  -2.4757089963339207 -174.88440135274732 8.933069362626611e-05
-1020.3150255345056  -2.4757076898057178 -174.88440004621913 0.0003573230020066376
-1020.3150213985318  -2.475822592449603 -174.884514948863 -0.0017387917337288172
-1020.3150206862656  -2.475669426599016 -174.8843617830124 -0.002428536411571258
-1020.3150105916111  -2.4758373498646775 -174.88452970627804 -0.007758407356220687
-1020.3150287038147  -2.475595400218123 -174.88428775663152 0.0019174531276462403
-1020.3150250750896  -2.475708552716607 -174.88440090913 0.00010186925287314352
-1020.3150229145364  -2.4756961837300704 -174.88438854014345 -0.00113071116280139
-1020.3150192818804  -2.4757612365575925 -174.884453592971 -0.0030399253294319806
-1020.3150249024516  -2.4757421422361485 -174.88443449864954 6.910965802831015e-05
-1020.3150251999011  -2.475675850431693 -174.88436820684507 0.00010955172921001122
-1020.3150249659045  -2.4757090462761857 -174.88440140268958 4.170631876831976e-05
-1020.3150251934163  -2.4757078895746565 -174.88440024598805 0.000166825508657098
-1020.3150244200726  -2.475682081449572 -174.88437443786296 -0.0003150040683692623
-1020.3150195135244  -2.4757617442668636 -174.88445410068027 -0.002909329727998511
-1020.3150187124867  -2.4757579720931826 -174.88445032850657 -0.003364769454293537
-1020.3150304182839  -2.475656348285389 -174.88434870469877 0.0029927423719016133
-1020.3150249565431  -2.4757092199451542 -174.88440157635856 3.6797648277797634e-05
-1020.3150251559703  -2.475708584250887 -174.88440094066428 0.0001471908076098316
-1020.3150204711925  -2.4757680551575536 -174.88446041157096 -0.00236141214658403
-1020.3150197698704  -2.4757256396521097 -174.8844179960655 -0.0028345068420492225
-1020.3150196495106  -2.475762751247674 -174.88445510766104 -0.0028313162518287527
-1020.3150302635745  -2.475655688642753 -174.88434804505616 0.002904911542032096
-1020.3150249854581  -2.4757086835324587 -174.88440103994586 5.195910196675868e-05
-1020.315024079106  -2.475701562448716 -174.88439391886212 -0.000468781450933875
-1020.3150227469371  -2.475713630030145 -174.88440598644354 -0.0011913381161008374
-1020.3150225229328  -2.4757378393859093 -174.8844301957993 -0.0012706737831251758
-1020.3150258339798  -2.4757168774417075 -174.88440923385508 0.0005423767408103686
-1020.31502493517  -2.475709105787072 -174.88440146220046 2.46200136899688e-05
-1020.3150250704776  -2.4757081276184336 -174.88440048403183 9.848027491443645e-05
-1020.3150226544956  -2.4757380090264753 -174.88443036543987 -0.0011967273360085073
-1020.3150226136738  -2.4757148783002982 -174.88440723471368 -0.0012635408225918354
-1020.315022573333  -2.47573812834154 -174.88443048475494 -0.0012419200498641203
-1020.3150272158439  -2.4756802025477813 -174.88437255896116 0.0012459673563682827
-1020.3150249359986  -2.4757090904135626 -174.88440144682696 2.5054537502455787e-05
-1020.3150247339898  -2.475703052027881 -174.88439540844126 -9.946998039822574e-05
-1020.3150241875268  -2.475723950705019 -174.8844163071184 -0.0003655503333703791
-1020.3150230355335  -2.475719788809672 -174.88441214522305 -0.0010181292831674682
-1020.3150251363497  -2.475715159546376 -174.88440751595977 0.00014871000075800112
-1020.315024915638  -2.475709183085015 -174.8844015394984 1.3836719659821028e-05
-1020.3150249923503  -2.475708436810319 -174.8844007932237 5.5347092086321936e-05
-1020.3150242363496  -2.475707616981376 -174.88439997339475 -0.0003692772616119555
-1020.3150237164946  -2.475712477198617 -174.884404833612 -0.0006509549118050018
-1020.3150235484701  -2.475722729592658 -174.88441508600604 -0.000725494426262685
-1020.3150261147814  -2.475705888971409 -174.8843982453848 0.0006786283507693724
-1020.3150249100204  -2.4757093170138997 -174.8844016734273 1.094765343623294e-05
-1020.3150249698799  -2.475708972525512 -174.8844013289389 4.379084725769644e-05
-1020.315023826376  -2.4757243228909593 -174.88441667930434 -0.0005669466440707538
-1020.3150235015378  -2.4757144999270198 -174.8844068563404 -0.0007674020608448018
-1020.3150249180051  -2.475701304020558 -174.88439366043397 1.840958674392823e-07
-1020.3150249419588  -2.4756772650405403 -174.8843696214539 -3.2106576185242375e-05
-1020.3150250138164  -2.4756051481005983 -174.884297504514 -0.00012897859930660616
-1020.3150252293615  -2.475388797280769 -174.88408115369415 -0.000419594669011758
-1020.315025875746  -2.4747397448211665 -174.88343210123458 -0.0012914428714481119
-1020.3150278126407  -2.4727925874423646 -174.88148494385575 -0.003906987478103474
-1020.3150336029988  -2.4669511153058443 -174.87564347171923 -0.01175362129139046
-1020.3150507911386  -2.4494266988966227 -174.85811905531003 -0.03529352275198505
-1020.3151007091456  -2.396853449668958 -174.80554580608234 -0.10591322713378304
-1020.315235645454  -2.2391337019858533 -174.64782605839923 -0.3177723402721
-1020.3155070949704  -1.7659744589366562 -174.17466681535004 -0.9533496796934244
-1020.3151212088392  -0.3464967297888344 -172.75518908620222 -2.86008169794402
-1020.3170030294889  -1.783884221504693 -174.1925765779181 -0.09227869923613241
-1020.3214859724026  -1.8376135092090276 -174.24630586562242 2.490934242121682
-1020.3127380289168  -1.9036860775999616 -174.31237843401334 -2.279354877614608
-1020.299466681053  -1.8933305354187544 -174.30202289183214 -9.688790144846784
-1020.2978305719125  -2.5573371612757363 -174.96602951768912 -9.464526503139567
-1020.3322105791583  -2.3940654467652642 -174.80275780317865 9.464526871337966
-1020.3387896362466  -1.5546360514955941 -173.963328407909 11.691308924739616
-1020.3170250454353  -1.7517382008715425 -174.1604305572849 -0.1298930264771414
-1020.3170855790199  -1.6553001389717505 -174.06399249538515 -0.24273600817942764
-1020.3172048213548  -1.3661054261063632 -173.77479778251976 -0.588175526245557
-1020.31711597016  -0.4985212875103102 -172.9072136439237 -1.62449408045131
-1020.3150265190666  -2.4756863069598496 -174.88437866337324 0.0008676472566691018
-1020.2905328845479  -3.0220199123877536 -175.43071226880113 -12.63016384285774
-1020.2722483805167  -1.9468301645843864 -174.35552252099777 -24.750432848151874
-1020.268273534312  -1.5043875576923376 -173.91307991410574 -27.556832448785457
-1020.3393834869623  -1.9293826956532472 -174.33807505206664 12.630164211056169
-1020.3182866349063  -1.3570740808275796 -173.76576643724096 0.0006128536200336043
-1020.3158659401736  -1.2183303959004912 -173.6270227523139 -1.5255972355456677
-1020.3060576492118  -2.400839247259573 -174.80953160367298 -5.154869172918964
-1020.2858684429791  -1.6062550034395273 -174.01494735985293 -17.665937139709143
-1020.3239721240784  -2.5505633607814278 -174.95925571719482 5.154869541117364
-1020.3181856452497  -1.3975938876945988 -173.80628624410798 -0.0003334895984465902
-1020.3211337502685  -1.4919294217655654 -173.90062177817896 1.770703471663758
-1020.3113002758064  -2.1926506104849945 -174.6013429668984 -2.5978342598219086
-1020.2934691682228  -1.3088041876947019 -173.7174965441081 -13.834653452091302
-1020.293014039279  -1.6726452735672859 -174.08133762998068 -13.60504530773531
-1020.3186617726839  -2.7587519975560064 -175.1674443539694 2.5978346280203226
-1020.3679795295874  -1.211332201821809 -173.6200245582352 27.438698291031272
-1020.3211199118773  -1.4920592724591932 -173.9007516288726 1.7631926203499049
-1020.3175044507491  -1.2436967717540837 -173.65238912816747 -0.5836402196185659
-1020.2993830584344  -2.4633569139191693 -174.87204927033255 -8.771029284581743
-1020.2966498887881  -1.484454692759554 -173.89314704917297 -11.844310042826649
-1020.330646099867  -2.4880456941218316 -174.89673805053525 8.771029652780157
-1020.320191346184  -1.4103237205094885 -173.81901607692288 1.131900915492352
-1020.3161222764813  -1.3368411239507911 -173.7455334803642 -1.228787413357395
-1020.3109135354464  -2.5360909203903934 -174.9447832768038 -2.1856486324946047
-1020.3095060798144  -1.4319584491095045 -173.8406508055229 -4.775713771873761
-1020.3191351205667  -2.415311687650723 -174.8240040440641 2.1856490006863396
-1020.3183319385522  -1.3981124892841832 -173.80680484569757 0.08167320231260788
-1020.3161071926673  -1.3850588528833137 -173.7937512092967 -1.1722906109414097
-1020.3153714748096  -1.4234118041385324 -173.83210416055192 -1.5286987366503766
-1020.3129517320078  -2.4633641758514346 -174.87205653226482 -1.1834042951453796
-1020.317097303979  -2.4880384321895694 -174.89673078860295 1.1834046633441204
-1020.3230772568521  -1.3843110060620658 -173.79300336247547 2.6999888787897603
-1020.3172029552246  -1.4129058866720032 -173.8215982430854 -0.5253915361083941
-1020.3165934834146  -1.39651636781945 -173.80520872423284 -0.8865129862963812
-1020.3139065570662  -2.4902790991499284 -174.89897145556333 -0.5981178736522708
-1020.31614321559  -2.4611235088910726 -174.86981586530445 0.5981182418506705
-1020.3207602680009  -1.383359408592343 -173.7920517650057 1.4109040536094355
-1020.3176464005658  -1.3946450675408015 -173.8033374239542 -0.3040200246434992
-1020.3176373423833  -1.4028396620299448 -173.81153201844333 -0.29782777666823534
-1020.3141166932916  -2.4762701442302477 -174.88496250064364 -0.5071556064810494
-1020.3159330889326  -2.4751324638107532 -174.88382482022413 0.5071559746794492
-1020.3192731353164  -1.39529693351305 -173.80398928992645 0.6008473325163948
-1020.3180149654132  -1.3959919383214903 -173.8046842947349 -0.09737432067330332
-1020.3178757581693  -1.4000144197220674 -173.80870677613544 -0.16921682399778604
-1020.3147649524128  -2.478408754231599 -174.887101110645 -0.14033216167503326
-1020.3152848815387  -2.4729938538095175 -174.8816862102229 0.14033252986673972
-1020.3186662010216  -1.396775305040351 -173.80546766145375 0.2655906758687294
-1020.3181203785214  -1.3993119418688245 -173.8080042982822 -0.0342455813700937
-1020.3179834340575  -1.3978897144835922 -173.80658207089698 -0.11229532830805056
-1020.3148734489445  -2.476931842017332 -174.88562419843075 -0.08242423500666973
-1020.3151763865377  -2.474470766023672 -174.88316312243708 0.08242460320541056
-1020.3184531205146  -1.3955800067313797 -173.80427236314478 0.14554044088279738
-1020.3181749798855  -1.398368544121206 -173.8070609005346 -0.005197766724471364
-1020.3180856763909  -1.3977311358740585 -173.80642349228745 -0.055697509326691375
-1020.3149810773036  -2.4753181350708493 -174.88401049148422 -0.02526175786016438
-1020.3150687582047  -2.4760844729701543 -174.88477682938355 0.02526212605890521
-1020.3181867515871  -1.3975847686485197 -173.8062771250619 0.0002687933711627011
-1020.3181671764523  -1.397906833282105 -173.8065991896955 -0.010167381091392258
-1020.3181522610114  -1.3975868180740716 -173.80627917448746 -0.01889467970024583
-1020.3149962061239  -2.475652718273677 -174.88434507468708 -0.01615962143524996
-1020.315053629805  -2.475749889767324 -174.8844422461807 0.01615998963364973
-1020.3181861637795  -1.3975908289348848 -173.8062831853483 -4.9538779805402555e-05
-1020.3181877193687  -1.3975816526559708 -173.80627400906937 0.0008023136624260019
-1020.3181765439832  -1.397953881343 -173.8066462377564 -0.004897342435434382
-1020.3181412469338  -1.3976919884676593 -173.80638434488105 -0.0248709424820035
-1020.3150008926623  -2.4756088197159727 -174.88430117612936 -0.01362043176597183
-1020.3150489432677  -2.475793788325028 -174.88448614473842 0.01362079996438581
-1020.318186709145  -1.3975861868155341 -173.80627854322893 0.0002471532902674767
-1020.3181812406253  -1.3974768468987162 -173.80616920331212 -0.0029416220053946063
-1020.3181678990054  -1.3976961679871098 -173.8063885244005 -0.01005476040590736
-1020.3150045268576  -2.47579429126849 -174.88448664768188 -0.011234155251273137
-1020.31504530914  -2.475608316772626 -174.884300673186 0.011234523443008015
-1020.3181864044714  -1.397591119306051 -173.80628347571945 8.461116951963277e-05
-1020.3181822641999  -1.3975473330575459 -173.80623968947094 -0.002276169180895238
-1020.3181792491725  -1.3976351802666718 -173.80632753668007 -0.0038311438945228815
-1020.3150211490753  -2.4756572253497136 -174.8843495817631 -0.0021927362398770356
-1020.31502868693  -2.475745382691403 -174.88443773910478 0.0021931044315977033
-1020.3181863149109  -1.397590552037538 -173.80628290845092 3.406476616163445e-05
-1020.318184081924  -1.3976207929547813 -173.80631314936818 -0.001165328749273442
-1020.3181831315967  -1.3975872480507872 -173.80627960446418 -0.0017394237826167114
-1020.3150245819438  -2.4756726990783133 -174.8843650554917 -0.00024225403731747974
-1020.3150252540656  -2.4757299089626876 -174.88442226537606 0.00024262223571724917
-1020.318186217264  -1.3975905359347924 -173.8062828923482 -2.0219363157991666e-05
-1020.3181863777178  -1.3975896569345188 -173.80628201334792 6.773888709687981e-05
-1020.3181856217354  -1.3976281615216937 -173.8063205179351 -0.0002995552681142044
-1020.3181813518482  -1.3976047382883101 -173.80629709470168 -0.002704439579694906
-1020.3150211165406  -2.4757214882208474 -174.88441384463422 -0.0020887875301269787
-1020.3150287194693  -2.4756811198201567 -174.88437347623355 0.0020891557288678086
-1020.3181862718736  -1.3975900176542992 -173.80628237406768 9.416242349402637e-06
-1020.3181850584006  -1.3976048501429426 -173.8062972065563 -0.0006445667466437044
-1020.3181848548745  -1.3975873030606056 -173.80627965947397 -0.0007817283994313584
-1020.3150241293282  -2.475717771788328 -174.8844101282017 -0.0004098643517380651
-1020.3150257066819  -2.475684836252676 -174.88437719266608 0.0004102325504931059
-1020.318186242481  -1.397590425124554 -173.80628278153793 -6.3582986058463575e-06
-1020.3181863181322  -1.397590092693604 -173.806282449107 3.522490811036505e-05
-1020.3181855919811  -1.3975805114324442 -173.80627286784585 -0.00038143405006962894
-1020.3181845373808  -1.3976016463150238 -173.8062940027284 -0.0009384892679875634
-1020.3150237637795  -2.475696239186946 -174.8843885956003 -0.0006553603554664278
-1020.3150260722305  -2.4757063688540546 -174.88439872526746 0.0006557285538804081
-1020.3181862678193  -1.3975904392095169 -173.8062827956229 7.741393169169442e-06
-1020.3181861174143  -1.3975980674137585 -173.80629042382716 -6.537738918410696e-05
-1020.3181852619952  -1.3975916174227412 -173.80628397383614 -0.0005495762778053859
-1020.3150241802159  -2.475705469878655 -174.88439782629206 -0.00040477174846387243
-1020.3150256557943  -2.475697138161743 -174.88438949457512 0.0004051398869364675
-1020.3181862535366  -1.3975903367785858 -173.80628269319197 -3.3589961390134704e-07
-1020.3181862867034  -1.3975900717405625 -173.80628242815396 1.7731303707080315e-05
-1020.318186152855  -1.3975832724428896 -173.80627562885627 -6.597191357116117e-05
-1020.3181852846224  -1.3975932008546783 -173.8062855572681 -0.0005348309831276765
-1020.3150246250715  -2.475696109712488 -174.8843884661259 -0.00017361845144137078
-1020.3150252109388  -2.475706498328516 -174.8843988547419 0.00017398665018220072
-1020.3181866931352  -1.397592775071284 -173.80628513148469 0.00024729141335910754
-1020.3181862394227  -1.3975936729108893 -173.80628602932427 -3.604044863436684e-06
-1020.3181858018604  -1.3975919544357824 -173.80628431084918 -0.0002491126348616035
-1020.3150246089117  -2.4757037298041182 -174.8843960862175 -0.0001681766604093582
-1020.3150252270984  -2.4756988782370013 -174.8843912346504 0.00016854485247108641
-1020.3181862581946  -1.3975902872395731 -173.80628264365296 2.184574789509952e-06
-1020.3181861520584  -1.3975896872753133 -173.8062820436887 -5.761775722845641e-05
-1020.3181861109782  -1.397591617170702 -173.8062839735841 -7.779937572394147e-05
-1020.3150247421103  -2.475702394518507 -174.88439475093188 -9.61755901585093e-05
-1020.3150250939  -2.4757002135226096 -174.884392569936 9.6543781879177e-05
-1020.3181862559773  -1.3975903304687973 -173.80628268688218 1.0116292017414708e-06
-1020.3181862388818  -1.397589673389188 -173.8062820298026 -9.389271326654125e-06
-1020.3181861610443  -1.3975906480956466 -173.80628300450903 -5.130667833697089e-05
-1020.3150248268569  -2.475701621023181 -174.8843939774366 -5.0220917330534576e-05
-1020.3150250091535  -2.4757009870178197 -174.8843933434312 5.058911575872571e-05
-1020.3181862551266  -1.3975903415109356 -173.8062826979243 5.541868404179695e-07
-1020.3181862454171  -1.397590708325843 -173.80628306473923 -4.3383731380686186e-06
-1020.3181862066649  -1.397590456285598 -173.806282812699 -2.6218562098279108e-05
-1020.3150248881424  -2.4757015525989203 -174.88439390901232 -1.6054909593776756e-05
-1020.3150249478679  -2.4757010554420837 -174.88439341185548 1.642310834881755e-05
-1020.3181862540866  -1.3975903318676184 -173.80628268828102 -3.704194284637197e-08
-1020.3181862557364  -1.3975903171348345 -173.80628267354822 8.595246967502135e-07
-1020.318186232944  -1.397590629672715 -173.8062829860861 -1.1377554429259362e-05
-1020.318186224187  -1.3975902920962255 -173.8062826485096 -1.670668920183971e-05
-1020.3150248804445  -2.475701508465914 -174.8843938648793 -2.044654816302227e-05
-1020.3150249555656  -2.4757010995750868 -174.8843934559885 2.0814746577002552e-05
-1020.3181862545969  -1.3975903292881415 -173.80628268570155 2.4305463597329435e-07
-1020.3181862561281  -1.397590321549939 -173.80628267796334 1.0833306589574931e-06
-1020.3181862385945  -1.3975906616684486 -173.80628301808184 -8.193685708590692e-06
-1020.3181862314271  -1.3975902263612103 -173.8062825827746 -1.2773536589349987e-05
-1020.318186216823  -1.3975903612046867 -173.80628271761807 -2.0704075438970904e-05
-1020.3181862777669  -1.3975904322151884 -173.80628278862858 1.3259639175089433e-05
-1020.3181862546143  -1.3975903282754736 -173.80628268468888 2.512636498863685e-07
-1020.3181862561974  -1.3975903174988114 -173.8062826739122 1.1161941557702448e-06
-1020.3181862527243  -1.3975906650198981 -173.80628302143327 -3.3719407355192743e-07
-1020.3181862295439  -1.3975902431834875 -173.8062825995969 -1.3796940251609158e-05
-1020.3181862089566  -1.3975904938468104 -173.8062828502602 -2.4893476648912838e-05
-1020.3181862796846  -1.397590413367344 -173.80628276978075 1.4299474237589038e-05
-1020.3181862545514  -1.3975903269174286 -173.80628268333083 2.1447774400940034e-07
-1020.3181862503203  -1.3975905193029083 -173.80628287571628 -1.8729372541770317e-06
-1020.3181862371376  -1.397590438077334 -173.8062827944907 -9.30985116553984e-06
-1020.3181862302682  -1.3975903952095088 -173.8062827516229 -1.3185933021020446e-05
-1020.3181862720909  -1.397590218473501 -173.8062825748869 9.812385485474806e-06
-1020.3181862543626  -1.3975903293594314 -173.80628268577283 1.1287433210327436e-07
-1020.3181862507713  -1.3975902828876638 -173.80628263930106 -1.94646106166374e-06
-1020.3181862493752  -1.397590382114525 -173.8062827385279 -2.586227076051273e-06
-1020.3181862466115  -1.3975903730455723 -173.80628272945896 -4.134427882718228e-06
-1020.3181862598534  -1.3975902744364221 -173.8062826308498 3.08875437582401e-06
-1020.318186259153  -1.3975903443846032 -173.806282700798 2.7954647450201264e-06
-1020.3181862526117  -1.397590315032052 -173.80628267144544 -8.797184420927806e-07
-1020.3181862522518  -1.397590363231249 -173.80628271964466 -1.0135581405279481e-06
-1020.3181862507322  -1.3975903313110871 -173.80628268772446 -1.9018623547140123e-06
-1020.3181862566166  -1.3975903415213269 -173.80628269793473 1.382105608627171e-06
-1020.3181862561972  -1.397590319351833 -173.8062826757652 1.1186583037670061e-06
-1020.3181862535497  -1.3975903497035185 -173.80628270611692 -3.10948863102567e-07
-1020.3181862528643  -1.3975903392425315 -173.8062826956559 -7.061560296506286e-07
-1020.3181862519137  -1.3975903362401998 -173.8062826926536 -1.2384674406007434e-06
-1020.3181862563642  -1.3975903173084192 -173.8062826737218 1.2086836633784515e-06
-1020.3181862548332  -1.397590315599038 -173.80628267201243 3.5554304389506797e-07
-1020.3181862541162  -1.3975903236847556 -173.80628268009815 -3.1814820999898075e-08
-1020.318186254205  -1.3975902991361737 -173.80628265554958 -1.6132759128595353e-08
-1020.3181862544715  -1.3975902254904211 -173.80628258190382 3.0912737258859124e-08
-1020.3181862520198  -1.397590287606337 -173.80628264401975 -1.2462329479490108e-06
-1020.3181862518101  -1.397590354148849 -173.80628271056224 -1.2715832724552456e-06
-1020.3181862514734  -1.397590325420654 -173.80628268183403 -1.4980709366341216e-06
-1020.3181862574185  -1.3975903024020981 -173.80628265881546 1.7741105722279826e-06
-1020.3181862563309  -1.3975902886739269 -173.8062826450873 1.1509214772331688e-06
-1020.3181862540022  -1.3975903456858028 -173.80628270209917 -6.499146820715396e-08
-1020.3181862537564  -1.3975903174717894 -173.80628267388516 -2.4031340473129603e-07
-1020.318186251917  -1.397590304589433 -173.80628266100283 -1.2800670603496656e-06
-1020.3181862552264  -1.3975903108651475 -173.80628266727854 5.675191019349768e-07
-1020.3181862548745  -1.397590282155039 -173.80628263856843 3.3258654497103635e-07
-1020.3181862542126  -1.3975902910547513 -173.80628264746815 -2.2938280608286732e-08
-1020.3181862542358  -1.3975902668104847 -173.8062826232239 -4.335484504736087e-08
-1020.318186254305  -1.3975901940776885 -173.8062825504911 -1.0460419730407011e-07
-1020.3181862545127  -1.3975899758791803 -173.8062823322926 -2.883458947167128e-07
-1020.3181862551362  -1.397589321283772 -173.80628167769717 -8.395777015834938e-07
-1020.3181862570066  -1.3975873574975464 -173.80627971391093 -2.4932730937621272e-06
-1020.3181862626174  -1.39758146613887 -173.80627382255227 -7.454359270298028e-06
-1020.3181862794496  -1.3975637920629598 -173.80625614847636 -2.2337624180579496e-05
-1020.3181863299449  -1.3975107698351132 -173.8062031262485 -6.69874122110059e-05
-1020.3181864814154  -1.3973517031515734 -173.80604405956498 -0.00020093677630228512
-1020.3181869356933  -1.3968745031010705 -173.80556685951447 -0.0006027848752481191
-1020.3181882973228  -1.395442902949442 -173.80413525936282 -0.0018083291657404743
-1020.3181923713707  -1.3911481024946726 -173.79984045890805 -0.005424962043917958
-1020.3182044959511  -1.3782637011301324 -173.78695605754353 -0.016274860665049573
-1020.3182399916227  -1.3396104970367473 -173.74830285345013 -0.048824556541504194
-1020.3183385760096  -1.2236508847563634 -173.63234324116976 -0.14647364415714748
-1020.3185632055217  -0.8757720479152018 -173.2844644043286 -0.4394209070050863
-1020.3185969812203  0.16786446260804472 -172.24082789380537 -1.3182626955616135
-1020.3190535239846  -0.8743673755224157 -173.2830597319358 -0.16945022947664512
-1020.320524419868  -0.8701533583437066 -173.2788457147571 0.6404618031284137
-1020.3193391765687  -0.8676464361632992 -173.2763387925767 -0.018748380914754392
-1020.3201960107338  -0.8474836180860721 -173.25617597449946 0.43335716476490305
-1020.3181871504471  -0.8623784514621564 -173.27107080787556 -0.6625421239089349
-1020.3180155913213  -0.8810186420512329 -173.2897109984646 -0.7368336163939304
-1020.317686493105  -1.3862610360111798 -173.79495339242456 -0.29319405631443374
-1020.3186858078344  -1.4089196205397672 -173.81761197695317 0.2931945588417264
-1020.3193699806154  -0.8675119603156409 -173.27620431672904 -0.0018390967251278312
-1020.3194623925787  -0.8671085327728942 -173.27580088918629 0.04888875583003838
-1020.31859119194  -0.8839505824392875 -173.29264293885268 -0.4147878156516356
-1020.317512780516  -0.868867858848532 -173.27756021526193 -1.0287728962036233
-1020.3173549313822  -1.4137595012035442 -173.82245185761695 -0.43976113187898136
-1020.3190174732662  -1.3814211553472906 -173.7901135117607 0.4397616344133084
-1020.3220057240536  -0.8497174396592189 -173.2584097960726 1.4380434216731928
-1020.3191865820377  -0.8748084419506716 -173.2835007983641 -0.09526921447423575
-1020.3184502648879  -0.8681067106713131 -173.2767990670847 -0.510493587451883
-1020.3175929103359  -1.4025810602066762 -173.81127341662008 -0.3228730922486278
-1020.3187795906326  -1.392599596344155 -173.80129195275754 0.3228735947826138
-1020.3204730381754  -0.8596207283250539 -173.26831308473845 0.600245511744042
-1020.3192030979292  -0.8707370182115998 -173.279429374625 -0.0906647344089464
-1020.3190129701226  -0.8676477614628941 -173.2763401178763 -0.19939526132912277
-1020.317929184391  -1.4003099308259537 -173.80900228723937 -0.13912282534885634
-1020.3184433227641  -1.3948707257248811 -173.80356308213828 0.13912332788317627
-1020.3198938642313  -0.8641511012725414 -173.27284345768592 0.2845427055556726
-1020.3192681108978  -0.8690207663932918 -173.2777131228067 -0.05657329170640324
-1020.319215326575  -0.8673558287474417 -173.27604818516085 -0.08765866444576886
-1020.3179869814344  -1.397858583023544 -173.80655093943693 -0.11036675961711495
-1020.3183855255703  -1.3973220735274032 -173.8060144299408 0.11036726214441472
-1020.3193725458389  -0.8674984335706515 -173.27619078998404 -0.000433559104223491
-1020.3193802415083  -0.8674578533353359 -173.27615020974872 0.003783053778562362
-1020.3193419290601  -0.8693948556346787 -173.27808721204806 -0.015276242711429688
-1020.3191275216964  -0.868201538330186 -173.27689389474358 -0.13534241879263575
-1020.3179957483424  -1.3977763090658688 -173.80646866547926 -0.10560785193756317
-1020.3183767587027  -1.397404347484963 -173.80609670389836 0.10560835447154915
-1020.3196481832827  -0.864898906746974 -173.27359126316034 0.14931798419809184
-1020.3193263313325  -0.8680711880380534 -173.27676354445146 -0.02538893143224641
-1020.31930943848  -0.8672868002030452 -173.27597915661644 -0.03561749851910179
-1020.3181841895562  -1.398410624823036 -173.80710298123643 -2.2233846983965577e-05
-1020.3181883190929  -1.396770031727799 -173.80546238814117 2.273638131100597e-05
-1020.3193736390544  -0.8674948223596433 -173.27618717877303 0.0001678340136486156
-1020.3193635071907  -0.8672615682981254 -173.2759539247115 -0.0057028604489346435
-1020.319335256492  -0.8677049906695617 -173.27639734708296 -0.02085408015499013
-1020.3181614914015  -1.3978676322444863 -173.80655998865788 -0.013380307876573738
-1020.3182110178054  -1.3973130243063485 -173.80600538071974 0.013380810410900779
-1020.3193735216395  -0.8674961945906867 -173.27618855100408 0.00010433864540004834
-1020.3193622594744  -0.8674341728153643 -173.27612652922875 -0.00620163118542294
-1020.3193583572722  -0.867626792083456 -173.27631914849684 -0.00814813343053089
-1020.3181783259698  -1.3975045516439162 -173.8061969080573 -0.00452329494681436
-1020.3181941832385  -1.3976761049069188 -173.80636846132032 0.004523797481134295
-1020.3193733694227  -0.8674936907895299 -173.27618604720294 1.725365668292511e-05
-1020.3193672671061  -0.8675520096570783 -173.27624436607047 -0.0032972165769713513
-1020.3193669156499  -0.8674708778363167 -173.2761632342497 -0.0035822026319323186
-1020.3181761229334  -1.3976053183313528 -173.80629767474474 -0.005609334869227212
-1020.3181963862896  -1.3975753382194822 -173.80626769463288 0.0056098374035471466
-1020.3193732897104  -0.8674917316215999 -173.276184088035 -2.9072221103376705e-05
-1020.3193755213249  -0.867471625774564 -173.27616398218797 0.0011843884219011613
-1020.3193730126213  -0.8675747763838335 -173.27626713279724 -9.003679369712358e-05
-1020.3193572526965  -0.8676096866462302 -173.27630204305962 -0.008778888978142163
-1020.3181755586576  -1.3977385250931968 -173.80643088150657 -0.005740229921926243
-1020.3181969505641  -1.397442131457638 -173.80613448787102 0.0057407324562532835
-1020.3193734528516  -0.8674897216229162 -173.2761820780363 5.903567668141818e-05
-1020.3193687116752  -0.8675492513955032 -173.27624160780888 -0.0025002966675771177
-1020.3193686462736  -0.8675031722056903 -173.2761955286191 -0.002587832167325388
-1020.318182704612  -1.3975916069341883 -173.80628396334757 -0.001970720443416951
-1020.3181898046157  -1.397589049616759 -173.80628140603014 0.0019712229707238293
-1020.3193733819251  -0.8674910420181616 -173.27618339843156 2.122761836886866e-05
-1020.3193729068802  -0.8674792392762751 -173.27617159568968 -0.00025499296734210475
-1020.319370251621  -0.8675162755586978 -173.27620863197208 -0.0016842100813185823
-1020.3181826125958  -1.3976114580085532 -173.80630381442197 -0.001994631184679463
-1020.3181898966324  -1.3975691985422785 -173.80626155495568 0.001995133718672548
-1020.3193733413082  -0.8674921785242331 -173.2761845349376 -7.226219622680219e-11
-1020.3193734961013  -0.8674935192320141 -173.2761858756454 8.721638060649184e-05
-1020.3193712346261  -0.8675219646376213 -173.27621432105101 -0.00113349335147106
-1020.3193705476349  -0.8675023320500121 -173.2761946884634 -0.001535808089645485
-1020.3181834125796  -1.3976159878467707 -173.80630834426017 -0.0015438707699004794
-1020.3181890966487  -1.397564668704061 -173.80625702511745 0.0015443733038935648
-1020.3193733903117  -0.8674917791277492 -173.27618413554114 2.6692945890971487e-05
-1020.3193723476296  -0.8675074073754483 -173.27619976378884 -0.0005333320706490952
-1020.3193717900417  -0.8674987058985899 -173.27619106231197 -0.0008518106563109029
-1020.3181861032384  -1.3975837396864947 -173.8062760960999 -9.290299212239006e-05
-1020.3181864059901  -1.39759691686434 -173.80628927327774 9.340552644943045e-05
-1020.3193733667576  -0.8674919609607743 -173.27618431737415 1.3851387787866543e-05
-1020.3193730520553  -0.867498113254129 -173.27619046966754 -0.00015357684965522367
-1020.3193725923595  -0.867496291869272 -173.27618864828264 -0.0004101814471084708
-1020.3181856325733  -1.3975951564915317 -173.80628751290493 -0.0003387938936043611
-1020.3181868766552  -1.3975855000593 -173.80627785647272 0.00033929642759034095
-1020.3193733516902  -0.8674920780430446 -173.27618443445644 5.637551623749459e-06
-1020.3193732199263  -0.8674917098659779 -173.27618406627937 -6.77424051360731e-05
-1020.3193730696037  -0.8674948136095375 -173.27618717002292 -0.00014753338691875229
-1020.318186054852  -1.3975933723732044 -173.80628572878658 -0.0001065815663210401
-1020.3181864543765  -1.3975872841776305 -173.80627964059101 0.0001070841006480805
-1020.319373345239  -0.8674921568602867 -173.27618451327368 2.152676064071102e-06
-1020.3193732809759  -0.8674935496641574 -173.27618590607753 -3.188455636049525e-05
-1020.3193731586998  -0.8674932329123736 -173.27618558932576 -9.995301509491128e-05
-1020.3181862274573  -1.3975897822134784 -173.80628213862687 -1.5588583991643645e-05
-1020.3181862817712  -1.397590874337472 -173.80628323075086 1.6091111625371468e-05
-1020.3193733437375  -0.8674921542689846 -173.27618451068238 1.3182984801574094e-06
-1020.3193733070564  -0.8674921784956551 -173.27618453490905 -1.8968531826146773e-05
-1020.3193732908212  -0.8674927272320638 -173.27618508364546 -2.7348293890838704e-05
-1020.3181861892874  -1.397590793414271 -173.80628314982766 -3.541284262809086e-05
-1020.3181863199411  -1.3975898631365604 -173.80628221954996 3.5915376621176165e-05
-1020.3193733421556  -0.86749217303697 -173.27618452945035 4.6310832146900793e-07
-1020.3193733184969  -0.8674924665670702 -173.27618482298047 -1.2312019020299658e-05
-1020.3193733178869  -0.8674922376449425 -173.27618459405832 -1.290480140525574e-05
-1020.3181862504507  -1.3975905275322078 -173.8062828839456 -1.789130010365625e-06
-1020.3181862587778  -1.397590129018627 -173.80628248543204 2.2916643374060186e-06
-1020.319373341979  -0.8674921745257134 -173.2761845309391 3.670368720065653e-07
-1020.3193733380466  -0.8674921287188233 -173.27618448513223 -1.8617452219871211e-06
-1020.3193733266382  -0.8674923041736785 -173.27618466058706 -7.984225341317597e-06
-1020.3181862463747  -1.397590325509334 -173.8062826819227 -4.331264740642382e-06
-1020.3181862628538  -1.3975903310415005 -173.80628268745488 4.8337990605773484e-06
-1020.3193733418491  -0.8674921832888096 -173.2761845397022 3.0481943724680605e-07
-1020.3193733439919  -0.8674921625300418 -173.27618451894344 1.4683713018825983e-06
-1020.3193733409744  -0.8674921035208591 -173.27618445993426 -2.6841333422567004e-07
-1020.319373340106  -0.8674921093734731 -173.27618446578688 -7.427673800464163e-07
-1020.3193733258427  -0.8674922996955161 -173.2761846561089 -8.429843532553605e-06
-1020.3193733429838  -0.8674922455305675 -173.27618460194395 1.0024870782388007e-06
-1020.3193733418318  -0.8674921985414574 -173.27618455495485 3.122710658942651e-07
-1020.3193733397832  -0.8674921606717656 -173.27618451708514 -8.644574798211124e-07
-1020.3193733365831  -0.8674922274412855 -173.27618458385467 -2.5623485200299e-06
-1020.3193733355251  -0.867492229262508 -173.2761845856759 -3.1461186864589763e-06
-1020.3193733473752  -0.8674921216101446 -173.27618447802354 3.2964225979981165e-06
-1020.3193733416832  -0.8674921817299539 -173.27618453814335 2.1116673565302335e-07
-1020.3193733413273  -0.8674921622571949 -173.2761845186706 -7.656506539888142e-09
-1020.3193733413842  -0.8674921134561995 -173.27618446986958 -3.0415591822929855e-08
-1020.3193733415553  -0.8674919670530907 -173.27618432346648 -9.868681871694207e-08
-1020.3193733420687  -0.8674915278437678 -173.27618388425716 -3.0350017610203395e-07
-1020.319373343609  -0.8674902102159144 -173.2761825666293 -9.179469273590257e-07
-1020.3193733482294  -0.8674862573322388 -173.27617861374563 -2.7612805055809986e-06
-1020.3193733620911  -0.867474398681331 -173.27616675509472 -8.291287581840834e-06
-1020.3193734036751  -0.8674388227283729 -173.27613117914177 -2.4881295772161138e-05
-1020.3193735284207  -0.8673320948698457 -173.27602445128323 -7.465134039819077e-05
-1020.3193739025976  -0.8670119112941486 -173.27570426770754 -0.00022396146760783608
-1020.3193750245917  -0.8660513605671694 -173.27474371698054 -0.0006718918562462761
-1020.319378385743  -0.8631697083861194 -173.2718620647995 -0.002015683015141434
-1020.3193884257175  -0.8545247518428538 -173.26321710825624 -0.006047056485147806
-1020.319418154327  -0.8285898822130606 -173.23728223862645 -0.01814117689482231
-1020.3195038183305  -0.7507852733236773 -173.15947762973707 -0.05442353812417977
-1020.3197291139165  -0.517371446655762 -172.92606380306916 -0.16327062182530483
-1020.320119732851  0.1828700333479904 -172.2258223230654 -0.48981187292934614
-1020.3192987559622  -0.523273230320941 -172.93196558673435 -0.39548596880473497
-1020.3191952038749  -0.5191626587439737 -172.92785501515738 -0.45657941657302104
-1020.3188504699255  -0.8728779539395515 -173.28157031035295 -0.2835621316763408
-1020.3198962058589  -0.8621063951117596 -173.27079875152515 0.28356286575677103
-1020.3200280643252  -0.5153477124642933 -172.92404006887767 1.2802559012925485e-10
-1020.3209249031997  -0.5092765098898904 -172.91796886630328 0.48981186598835436
-1020.3192151202489  -0.5141347764990609 -172.92282713291243 -0.45030727605702126
-1020.3183346322924  -0.5303400694892275 -172.9390324259026 -0.9215160697222373
-1020.3182304556896  -0.5241757697410033 -172.9328681261544 -0.9848871727467348
-1020.3218255816003  -0.5065196551875832 -172.91521201160097 0.9848871730027859
-1020.320029237697  -0.5146604138092926 -172.9233527702227 -1.1251799492129066e-10
-1020.3209295955796  -0.5065273152698911 -172.91521967168327 0.48981186502651397
-1020.3199001977605  -0.5078054894259894 -172.9164978458394 -0.07774882728297783
-1020.3185957761693  -0.5207421676197763 -172.92943452403318 -0.7862800318611285
-1020.3171793205072  -0.5402561341280823 -172.94894849054145 -1.5504757978562793
-1020.3214602816286  -0.5099532573088101 -172.91864561372222 0.7862800321171832
-1020.3230079615076  -0.4959196178739218 -172.9046119742873 1.6282246247950134
-1020.3197174388413  -0.5214942493512524 -172.93018660576465 -0.1658281619895341
-1020.3197083552645  -0.5144493835660588 -172.92314173997943 -0.1774946699940685
-1020.3186603905074  -0.5277726765730475 -172.93646503298643 -0.7439519586250931
-1020.320338674609  -0.5092011755773342 -172.91789353199073 0.16582816224558528
-1020.3217189057722  -0.5017591812890029 -172.9104515377024 0.9214466282682352
-1020.3198115602561  -0.5150928792501835 -172.9237852356636 -0.11986532065539635
-1020.3197482543316  -0.5195911560104922 -172.9282835124239 -0.15059959698103853
-1020.319496508977  -0.5199883068558175 -172.9286806632692 -0.2893227228712938
-1020.3203078684099  -0.5111042689180945 -172.9197966253315 0.1505995972370897
-1020.3207796322698  -0.5089000553219925 -172.9175924117354 0.4091880431824535
-1020.3200151725405  -0.5139858583169833 -172.92267821473035 -0.008407499976755162
-1020.3197482327902  -0.5179361619752828 -172.92662851838867 -0.15217400583894047
-1020.3197444818989  -0.5172212576172734 -172.92591361403066 -0.1549210265118255
-1020.3203078938593  -0.5127592629533038 -172.92145161936668 0.15217400609499165
-1020.3200322258937  -0.5146415509261422 -172.92333390733953 0.0016332851500102663
-1020.3199434848619  -0.5151437154440098 -172.9238360718574 -0.046925348185475
-1020.3199006868992  -0.5160183450348947 -172.92471070144828 -0.06974762551337577
-1020.3198774019928  -0.5164411068941681 -172.92513346330753 -0.08221446457614334
-1020.3201787261434  -0.5142543180344185 -172.92294667444781 0.08221446483219452
-1020.3202435404302  -0.512819180949089 -172.92151153736248 0.11667297335460702
-1020.3200194870396  -0.515266981694375 -172.92395933810775 -0.004815409880244204
-1020.3199918831529  -0.5151728651594273 -172.92386522157284 -0.02015626331244036
-1020.3199644915501  -0.5151288852896623 -172.92382124170305 -0.035332485334045316
-1020.320036641591  -0.5154284432342082 -172.9241207996476 0.004815410135961429
-1020.3200302587029  -0.514650604581075 -172.92334296099446 0.0005548873667571286
-1020.3200229234922  -0.5153153569601453 -172.92400771337356 -0.002871014097902247
-1020.3200115984864  -0.5149068826868898 -172.92359923910027 -0.009513776967420284
-1020.3199970660839  -0.5148957788098482 -172.92358813522324 -0.017553870967681462
-1020.3200332051535  -0.515380067968557 -172.92407242438196 0.0028710143472636673
-1020.3200297358048  -0.5146555954703628 -172.92334795188376 0.00027067634946220664
-1020.3200269959724  -0.5146492139751644 -172.92334157038854 -0.0012491881945209116
-1020.320015399336  -0.514790694813291 -172.9234830512267 -0.0075232689652402485
-1020.32001310512  -0.5154717103886577 -172.92416406680206 -0.00814849272740048
-1020.3200430235255  -0.5152237145399288 -172.92391607095334 0.008148492983448108
-1020.3200293984976  -0.5146592229987819 -172.92335157941218 8.772438543758199e-05
-1020.3200285528709  -0.5146507155229612 -172.92334307193633 -0.0003875354106170903
-1020.3200236209146  -0.5147120696905577 -172.92340442610396 -0.003054735614124837
-1020.3200234794275  -0.515405152867625 -172.924097509281 -0.0024791224176929916
-1020.3200326492224  -0.5152902720610771 -172.92398262847445 0.0024791226670508593
-1020.3200293007128  -0.514659994233616 -172.923352350647 3.442254072894002e-05
-1020.3200291332779  -0.5146694627944415 -172.92336181920783 -4.9160612412890714e-05
-1020.3200263425907  -0.5146857556500719 -172.92337811206346 -0.0015757392625239675
-1020.3200253475767  -0.5153740541460408 -172.92406641055942 -0.0014762456829409132
-1020.3200307810739  -0.5153213707826615 -172.92401372719604 0.0014762459323058863
-1020.3200296414617  -0.5146505389675977 -172.92334289538098 0.00021377976953473876
-1020.3200280108337  -0.5146743218526175 -172.923366678266 -0.0006647646182642575
-1020.3200280024496  -0.5146687970729352 -172.92336115348633 -0.0006746077488948288
-1020.3200267461609  -0.5153611087120784 -172.92405346512547 -0.0007156927241105393
-1020.3200293824898  -0.5153343162166238 -172.92402667263002 0.000715692973468407
-1020.320029262318  -0.5146601908965304 -172.92335254730992 1.3393612022127854e-05
-1020.3200291541712  -0.514662812387975 -172.92335516880138 -4.388864560667116e-05
-1020.320028646519  -0.5146654140305016 -172.92335777044389 -0.0003219291991669593
-1020.320027580296  -0.515353313336585 -172.92404566974997 -0.0002621586714255386
-1020.3200285483546  -0.5153421115921173 -172.92403446800552 0.00026215892079051173
-1020.3200293901862  -0.5146574968483759 -172.92334985326175 8.150399740713965e-05
-1020.3200291425366  -0.5146621149898929 -172.9233544714033 -5.0974879275855756e-05
-1020.3200289317454  -0.5146628558297275 -172.92335521224314 -0.00016674515097037101
-1020.3200280396115  -0.515347138005269 -172.92403949441865 -1.4197173175745093e-05
-1020.3200280890393  -0.5153482869233142 -172.9240406433367 1.4197428892970265e-05
-1020.3200292511981  -0.5146602027243621 -172.92335255913775 7.260678831499945e-06
-1020.3200291664411  -0.5146614062537811 -172.92335376266718 -3.84351841660191e-05
-1020.3200290847703  -0.5146616350955918 -172.92335399150898 -8.334515907648665e-05
-1020.3200280353349  -0.5153483076502818 -172.92404066406365 -1.5456633359889338e-05
-1020.3200280933158  -0.5153471172784204 -172.9240394736918 1.545688272130974e-05
-1020.3200293258415  -0.5146592869166143 -172.92335164333002 4.7639809956478985e-05
-1020.3200292061985  -0.5146605485173303 -172.92335290493074 -1.7276979384917013e-05
-1020.3200291863128  -0.5146609571843178 -172.92335331359772 -2.7879015370047e-05
-1020.3200280622975  -0.5153478928731676 -172.92404024928655 -9.500642512705326e-07
-1020.3200280663531  -0.5153475320555313 -172.9240398884689 9.503132822885618e-07
-1020.3200292385768  -0.5146604064903113 -172.9233527629037 4.791006311677393e-07
-1020.3200292337152  -0.5146603705582613 -172.92335272697164 -2.240905221384537e-06
-1020.3200292097212  -0.5146606726949557 -172.92335302910834 -1.5213465282215566e-05
-1020.320028059747  -0.5153478361722343 -172.92404019258564 -2.4128848785665014e-06
-1020.3200280689038  -0.5153475887564679 -172.92403994516985 2.4131342435396164e-06
-1020.320029238182  -0.5146604134520212 -172.92335276986543 2.6754375426207844e-07
-1020.320029239637  -0.5146604123800911 -172.92335276879348 1.0705192572402211e-06
-1020.3200292318897  -0.5146603919186277 -172.923352748332 -3.2294451592917994e-06
-1020.3200292143662  -0.5146605524240505 -172.92335290883744 -1.276042470621519e-05
-1020.3200292134762  -0.514660693744544 -172.92335305015794 -1.3118838346315442e-05
-1020.3200292444742  -0.5146604349854146 -172.9233527913988 3.7645326642632426e-06
-1020.3200292393954  -0.5146603954899962 -172.9233527519034 9.210343918653052e-07
-1020.3200292319675  -0.51466043959211 -172.9233527960055 -3.1414682197805632e-06
-1020.3200292312603  -0.5146604420378829 -172.92335279845128 -3.529928026324569e-06
-1020.3200292245099  -0.5146605477411348 -172.92335290415454 -7.160091197278007e-06
-1020.3200292443961  -0.5146603873144764 -172.92335274372786 3.6764085713514305e-06
-1020.3200292428545  -0.514660376839106 -172.9233527332525 2.814704338049978e-06
-1020.3200292329952  -0.5146604705954072 -172.9233528270088 -2.5443434630290085e-06
-1020.3200292322963  -0.5146604484355382 -172.92335280484892 -2.9514768549177006e-06
-1020.3200292322294  -0.5146604632258258 -172.9233528196392 -2.974476284833827e-06
-1020.3200292441345  -0.5146603636782164 -172.9233527200916 3.50956378980527e-06
-1020.3200292403844  -0.5146603844433003 -172.9233527408567 1.4570869737440262e-06
-1020.3200292354012  -0.5146604425109818 -172.92335279892436 -1.241516301320189e-06
-1020.3200292347133  -0.5146604337864109 -172.9233527901998 -1.6298860820995742e-06
-1020.3200292385378  -0.514660402039983 -172.92335275845338 4.5338843079889557e-07
