 Dim = 3
837.5100639274401  -6456.375352766533 -673.0764477288163 -862.6785463250014
1016.4780087053732  -10867.40265399553 -326.21323773740255 -191.22402982983084
368.26074485889905  2597.5188135190147 -536.1467605716826 -2034.6587242848673
837.1853893664733  -4655.941813168201 -1085.2324248525708 -1730.2422989861707
104.62260832787383  24084.1311791603 1184.5274521077854 -4276.469311131051
837.4079684057542  -4413.811404038179 -1133.55111245956 -2709.039430109338
367.2862744906645  -406.96782800936114 163.21730196668432 -1990.5434614404962
103.453091854196  12491.42857689466 3872.366269827803 -2817.0487461442035
367.2862880328586  2841.3136568769933 -584.8624730002457 -3012.317553576224
1016.4777629452452  -8765.279775447301 -810.3324919504387 -852.4643520679479
1019.0466403601982  -10672.881027598636 -355.30396996361264 -2157.067419605967
3.6307155509527638  13790.493695389137 1491.3677371147787 -5230.633566844359
82.00277414891903  10027.04312839098 61.796924646596494 -3551.125596088443
369.25067111976614  -1211.354074254543 337.7817259660891 -441.78474957579135
1016.4777764874393  -5516.998290560947 -1558.4122669173685 -1874.2384442036757
837.0606939668062  -7056.615654746916 -529.8984868530529 -1273.1811806362728
1016.3530217854899  -9063.831790014387 -739.1175659949 -1056.64322518654
837.4079091034822  -5559.971061913019 -869.5903495366226 -2348.505329442085
1016.802345986033  -6361.469661022342 -1366.4145389146388 -1307.3805823437626
1.0039860020455693  15107.916599515509 1177.1170538442805 -4329.651791942609
367.35386669754376  -4947.579568179471 1211.3222720215822 -853.4320057347519
82.22552610386185  3772.609516211576 1509.6380291425107 -2486.3742121705127
368.2607906189872  495.39698650738467 -52.02774852770331 -1373.418732816377
837.1275829926071  -7348.241988204794 -460.33557409226376 -1472.6236001539498
837.1854351265614  -6758.063640179831 -601.1134128085914 -1069.002307517681
1016.4777171851571  -6663.15794843567 -1294.451503994418 -1513.7043435364378
367.2865202507924  -2509.090706557592 647.3365561797203 -1329.3031392023793
367.3534092765934  -2800.71704001547 716.8994689405096 -1528.7455587200566
577.5653736135905  -3749.336497570614 -175.3120036450626 -1673.4195920964426
1016.3512245859879  -9033.0949703435 -745.7897772151175 -1115.6005880373539
837.0607026741088  -7177.42719384465 -502.07556898028037 -1235.178901198527
1016.4397062776262  -8338.091946160697 -908.2562999409025 -1042.3294867146767
367.35322172248476  -1384.4902379351863 390.74219706250926 -1974.231536978648
367.3531155039201  358.59336700242375 -10.690251756159995 -2522.533054639181
204.8553130207549  2137.2781811641544 685.5507042183642 -2421.366996495929
367.28627168410156  -365.94285210633143 153.76924308251532 -2003.448210521894
1016.3512285410488  -9092.082629677943 -732.2049093007902 -1097.045526739835
577.646950428664  -4014.0722179056675 -112.16342717745783 -1854.471597826935
577.6538780966096  -3456.9948678123546 -245.04553918038494 -1473.4879834745839
837.1275394239956  -5166.716881022561 -962.7411749796171 -2158.84055709985
837.0609300237415  -9099.259155390213 -59.477343424234505 -630.6505938820984
367.3533995734009  -2741.237662110535 703.2013581562918 -1547.4552942039993
82.00275780016204  6819.786619407655 800.4286407293574 -2542.256253034113
1016.3690180419608  -9152.603290713634 -717.2829316037391 -1197.3319882318974
367.2862639760795  -246.97432868084266 126.37077203055188 -2040.8707539749157
1016.3690219970217  -9211.590950048078 -703.6980636894118 -1178.7769269343785
482.9543368989554  -26.63871943201798 -565.7533726232887 -2353.796487613435
159.256425424017  8039.5284105926385 -291.52209628647637 -2999.105654705697
837.1277916225471  -9217.140253810912 -29.92798765748637 -884.746029346524
837.0607075090002  -3808.334169860562 -1277.978261819983 -2294.955272772
1016.3923844875509  -10984.045455407011 -298.14442877419765 -300.76279037509147
81.87869175446464  2350.4501684983707 1832.1759272859067 -1434.4800198093044
158.65368214615768  7466.680436907393 -154.87814803199814 -3390.8747536512346
232.7294212165287  6079.657764330977 -441.95867981146114 -2912.0604213531615
534.8497059591408  -3015.992512496758 -138.805363409506 -1660.2908110188705
577.5654100207263  -1335.186961536825 -731.4520236583659 -2413.2913558210453
255.33874117967247  4187.3558338781295 -169.44491235682025 -2977.5850111856944
351.24629590351066  -154.0667056796516 203.10595466237524 -2205.7783465911716
427.16394073381446  1994.7886906059834 -733.4485329317723 -2781.5895091522616
400.85287338272803  -663.7894243147904 26.162988767285356 -1864.7881045266668
504.36293476272687  -1882.0379634819387 -249.8006483130165 -1389.2241114151757
558.6097335437144  -763.0596501781165 -774.6017163840795 -2237.585160299139
577.6268099548624  -277.23030456248944 -976.9555308657348 -2521.038970620478
390.1667002361898  -776.1613409417088 114.26481514573882 -1947.2094085697554
473.68349574724755  238.9438191842712 -577.5948052671597 -2559.500763557229
642.2314241453834  -6319.684467205087 116.82063011287022 -838.6724088201172
84.53891042384689  4685.381890737236 1260.4022280054714 -2017.7777267612403
404.2684662109993  -318.7009249012223 -72.47528759610967 -2023.0799916895066
429.4821105220548  1299.3358456065394 -583.7061272001542 -2882.074111008676
437.4559423874482  -1093.252087939044 -76.67393778212832 -2116.3148446548525
433.04692564465097  -1066.3577876218485 -61.370434377689584 -1716.0892922736482
482.9354020371208  -2060.0057812017894 -97.04344030993093 -1765.7366780885693
359.0895604616926  -1963.9902146433851 569.6931568659654 -1305.9382035852104
375.43751303181426  252.56894378021144 -38.13295438815934 -2026.4905136991551
400.85149454217753  -666.8517463862498 26.89345792820268 -1866.8824178763302
429.4820685545064  89.32287537124478 -305.03993564860684 -2501.4544172145343
437.50075094568416  -1315.0000982879737 -27.77469655536555 -1783.512426261383
448.03089546065183  -1542.4750578909734 -31.962729822084256 -1814.6873842861191
367.32369359918897  798.3730281806436 -115.59282979762011 -2221.768995920467
394.65441308940734  591.2702343254439 -227.5637595301022 -2223.110745588241
404.2695465492083  405.6812309319677 -239.3248153526565 -2248.006668107106
400.8528749770893  -689.2284384095245 32.02159801279386 -1856.7860500087886
379.1317732299984  1.0804740062629872 -1.7173060394584008 -1990.5350075755855
319.62554549497173  2065.320018868544 -114.47861854149222 -2363.317193503823
382.9588185435046  15.559172297240039 -26.605235293092527 -2131.6691659889357
422.12780037345414  -1013.1119979047708 -12.880829317815241 -1821.0218264300395
429.51922768535167  -752.1431064976546 -113.73061521377281 -1935.994689710798
367.34736367984334  -273.45688145026816 130.83637361555301 -1834.4877146179015
371.2396449707554  -925.3549425167437 258.0820558267878 -1677.3873090079092
359.08214695007166  1086.9381812321433 -132.8002611364289 -2282.112887149107
387.0987812323005  -39.01506756609896 -38.6509403412179 -2039.252156889003
328.1301396567092  974.052888680144 83.33211104284082 -2115.9003465006235
404.3000801704619  -424.06492985087533 -48.790688901917285 -1919.5171209123332
422.1217534934053  -703.5651891135087 -84.06063054055252 -1931.5949287985006
379.1322741446006  371.43044582710036 -87.01804638245626 -2105.930768547083
379.1186546960197  483.96972024913765 -112.67804890205335 -2172.592288756883
394.63525428925027  -612.5992736572373 50.048984613592765 -1888.2448378312306
400.5948334569026  -357.15536454260763 -42.98167171755544 -1961.2751908049659
365.703927356399  32.91404792343033 70.2202980378064 -1955.9241707555364
393.1962333943489  -438.7490057773979 18.03961964208945 -1898.070758797761
379.2619039596694  -127.96801180920758 27.460009402518654 -1988.4130496316957
394.2047759306327  26.499036224244037 -94.71154867700847 -2080.303512405645
379.25233328396223  -1.0271683441252009 -1.9369928902966218 -1990.3076356661268
390.2169890672362  -203.0475931656025 -19.11541306361101 -1958.6935774176945
394.8686918795957  -49.441611760632895 -81.16429067821402 -2035.2633322373745
422.12622218314755  -795.0868987188899 -63.064429709352126 -1892.9521648186583
390.2134651633657  34.91370566696526 -73.85702740606766 -2040.9323998917948
362.7451353223074  94.56928711944812 73.62922963419501 -1955.6049977462917
379.4312600442075  -4.154565494215632 -2.262972310427961 -1989.9702528736802
389.5103189104693  -234.07249305519474 -7.870150749763461 -1950.8556706814463
400.9554245239657  -463.27232907565485 -20.626341966981137 -1923.446793652218
400.85505629701754  -364.5029870874887 -42.80219243797795 -1954.1458662851721
376.78797854867474  -74.50039777543873 29.426327072843563 -1959.6656143072487
359.1766876705623  436.6333993767655 16.259470467651944 -2053.231975794955
378.77868019276843  8.570906273236043 -1.3766977140074224 -1991.6150001754609
379.3473517931117  -7.617633512348306 -0.9808903758965981 -1987.4750361095555
384.3396435054797  -129.75067299629188 -1.9416480866877812 -1968.3471137455113
387.300909859276  -151.45361406951977 -14.11457011675715 -1971.76891811498
387.11290375677174  -111.90973150116557 -22.13300762716316 -1983.6170970611106
371.34623437132643  148.27271467839205 10.157501074962317 -2008.7035326083815
378.77849250097785  9.107563747132739 -1.4969766734705863 -1992.1855757368503
382.99985307148114  -57.791708933013 -10.728089057821968 -1985.4509029483288
382.5329343008548  -77.69922587849379 -3.4211592951292085 -1978.2884329471274
383.13163221653383  -71.6528175235899 -8.302079908124075 -1981.6685790952129
381.07395855130665  -15.304040465503562 -9.285919803375243 -1992.9346726232693
375.51790964588054  67.3900459976495 4.201230182975728 -1998.7058523416008
378.99310523288864  3.51057166120326 -1.4658703684307153 -1990.792865186996
380.1601298908013  -14.906063516571592 -4.047694412093676 -1988.9477588370814
378.8397046622815  9.713442105387665 -1.9954017691626396 -1992.4667182551193
380.96524189980966  -26.649816695958464 -6.041836566401793 -1988.4042391861592
378.08334448605336  28.934002000370544 -1.9963425143362203 -1995.3833227916928
378.35064150028126  12.761449742254465 0.16510881962483653 -1991.657030228932
379.24833703616946  -3.4646182193517028 -1.3532713237628926 -1989.3458398141074
379.3930662663762  -13.61628311190728 0.13536339255599694 -1986.1271932029795
379.32575051285363  -8.770773177385188 -0.5809532909248156 -1988.5000828610987
380.497399967772  -6.3858884675789085 -7.974920911607473 -1993.6611093985061
380.9653856121392  -34.56246717582587 -4.222077765181874 -1985.6089615800295
378.8814747090859  6.891345547329092 -1.595366767717246 -1990.7294368117923
378.6249538950788  29.178297816466674 -5.225117529790765 -1997.149385403814
378.9717248431419  -2.0218351817113085 -0.0663809517477385 -1989.029648527572
378.7335237305921  -16.113648744840965 4.573485891625849 -1983.8825972772456
380.84151611189725  -27.676052989030524 -5.082222992639531 -1987.8724377166052
378.2851563629847  21.11229160895595 -1.3728980873055094 -1994.3690721458302
378.78177525221616  39.5547088417167 -8.531139716101768 -2001.2365405466694
378.6432393574761  48.08377565809147 -9.684159537493224 -2003.5109643514575
379.38338237704573  -43.23804177756254 7.018135621207696 -1977.546727354114
378.95105123249795  -2.2241246161687442 0.10111988710347841 -1988.885864495958
378.8938868915475  -2.920028078498504 0.5957333040405286 -1988.4440476127556
380.8417071099009  -42.86686120977376 -1.5871331463766882 -1982.687122302059
377.963810665694  -24.91304106376039 11.103689253451822 -1977.8083752759837
378.4622216344802  38.659476147459024 -6.456677901962291 -1999.4392445527449
378.4368789019549  39.95203359346923 -6.600030218953392 -2000.8385927783333
379.38712262432153  -45.38905364770946 7.488647701498339 -1976.3385888711655
378.66301904210076  5.366779871560408 0.03883927751162386 -1990.3301920365566
379.28436563667003  0.8923556816939318 -2.5676044507638665 -1990.8042335534624
379.8026708915831  -19.5060579222934 -0.8975845676289533 -1986.6383356988708
379.7820536826965  -11.015805753834442 -2.734409911193034 -1988.8716908096226
378.98882105264005  -21.730480529754722 4.371884890679506 -1982.777120056438
378.1924474729278  5.253422359955756 2.8206331100418383 -1988.7452941055653
378.92249332128205  -0.5962279631226224 -0.10666072543478422 -1989.304111044185
378.81527787421766  2.969414495387941 -0.30046310558917266 -1990.0500566791995
379.7517095879185  -17.002625073833787 -1.1768030670309138 -1987.153430237829
378.8093585339644  -11.40442967450903 3.0459063245311246 -1985.7671722716796
378.7391562353167  -11.743239582281396 3.534676744278684 -1985.3973837690291
378.8507525589247  -18.64759334259602 4.4693273658155 -1983.1877029693383
379.2646400704495  5.183497388086568 -3.440536732501796 -1992.0773390014838
378.8617719233867  0.8462484336339688 -0.08361251611748899 -1989.5366320069606
379.28496842406634  -12.149306198280879 0.4342288938859109 -1987.041596087448
378.6565154928395  -6.631305010606616 2.839233083942022 -1986.3812853529462
378.839887906179  7.9930284379160526 -1.6008685784886452 -1991.8159995159863
379.27568202799785  1.4725923720939242 -2.6486939740083466 -1991.27527528649
379.2779687146219  2.6723985725022104 -2.939003057802311 -1991.5480650308687
378.9127938790084  -0.6924560614358679 -0.027770679038848556 -1989.2355782981435
378.8854028438358  -1.0118330528404353 0.2059834660294424 -1989.02649396091
379.28359732679013  -2.7526331245411697 -1.7217274907371871 -1990.0077129335987
378.60535316194824  14.04737876581348 -1.623011082511442 -1992.8152938064995
378.7822034303424  -6.210686300199972 2.0077646211821056 -1987.136364543447
378.75802802084144  8.528943180052664 -1.2453478300413279 -1991.6792474012896
379.2552729479361  -15.037600410451073 1.2720664490489504 -1985.8459563150896
378.8511521761546  0.1819101778871115 0.13136171529346807 -1989.2604266305561
379.0719713221868  -4.183183909620398 -0.15535868449078194 -1988.6523133283586
379.1170317996279  -2.7400118163037774 -0.750653386773338 -1989.3839442412452
379.22092639707137  -7.8167757283032415 -0.18952054718476163 -1988.0865735767284
378.84695506523735  -3.377991945719593 0.9760841485698692 -1988.1832541264307
378.851204139016  -0.6333186382741882 0.3192207502148201 -1989.0796833539503
378.8983169956642  -0.34985742221881466 -0.02200624304920895 -1989.2850431023578
378.8594603124558  0.5978909736805047 -0.013030235536875434 -1989.4247856057027
379.02249898127843  -3.6003496511731736 0.0006994860217601762 -1988.8200533786628
379.2122204390778  -7.26806671600335 -0.26516684435025417 -1988.192790023599
378.80418172201234  -2.4985017104492044 1.023553811104783 -1988.2584044127182
379.17871251454096  -9.369354988842565 0.41440471669835444 -1987.3523338897744
378.7939579496891  3.6659285341236565 -0.33563964013967074 -1990.2794371513398
378.89422570520964  -0.20786042278536065 -0.03077335838394135 -1989.314595219656
378.88233744311003  0.21133345807961312 -0.057764651134170064 -1989.402506845613
379.13798201989334  -5.8642130264415435 -0.15341875259434734 -1988.5249321206666
379.20950813809225  -1.9721281937949122 -1.4689163665320362 -1989.8571302673802
378.78101611860234  5.4607048418863275 -0.6733589775347434 -1990.7771635724885
378.8963570344395  -5.029051229809532 1.0667927994051645 -1987.753657464062
379.0113079289143  0.45379446650410493 -0.8678193176564375 -1989.9982080212658
378.80630567336107  1.3628175096278774 0.12142796852850168 -1989.4017572733196
379.26472472066666  -11.085006626595614 0.3095068888171888 -1987.6677126982747
379.18598474583337  -5.728712935398001 -0.46596879989558815 -1988.632678611927
379.20945476247675  -4.177155679088582 -0.960154496030037 -1989.2779464717103
378.8574010211074  -1.4440506997092157 0.47057375802360735 -1989.0103397025525
379.0351994268014  -0.297995401130871 -0.8353245988189666 -1989.6871021917664
379.1164474110615  -7.862507738876898 0.4319462539181669 -1987.6739244474106
378.7702489118198  1.798786260010898 0.2326685987988153 -1989.5283853085548
379.0249743334984  -2.8143634304683065 -0.19449425057109293 -1989.1305882150532
379.03026954549193  -2.6908519150874 -0.25487667957133775 -1989.01367855525
378.8664516754078  -0.8568451693156032 0.28088838919344994 -1988.9557354369294
378.8862011230495  1.8576098217707049 -0.4596851468089065 -1989.902164943509
379.020023230577  -4.387969324909397 0.1962719341626764 -1988.509023075647
378.88322281892397  -0.03299864590194623 -0.00665642725219362 -1989.3322182577951
378.8534171105736  0.43558142043847425 0.05985761503873266 -1989.3790449959363
378.9539807695204  -1.2399324972122994 -0.14236688675946518 -1989.2626415222403
379.0033188727243  -2.1858942638160546 -0.21315072579201289 -1989.1413344020102
379.01647607101035  -1.1006894175236557 -0.5405040073179075 -1989.4459937406941
378.8338976951601  2.7083216795566845 -0.3493142965383855 -1990.029261847531
379.0416557670969  -5.016584876075017 0.21509901598570713 -1988.4981462674345
378.8517829860298  0.33421343663018455 0.09264556208622321 -1989.3197410683551
378.9266821145293  -0.31928859682458466 -0.19483587177914452 -1989.426409053273
378.945755595498  -1.5441732440978253 -0.02455066910881154 -1989.0700402534364
379.08663867764807  -4.388244728705928 -0.19317709536958771 -1988.7768373758113
378.8748051521074  -0.8515984860246739 0.2312126556023142 -1989.0616184011683
378.9580974346948  -2.8079797945923772 0.19510916349925322 -1988.8637159057907
378.84497508366513  0.7432654752316132 0.03834684635046037 -1989.4370832922968
378.903651738816  -0.45914397226321135 -0.027977805562888758 -1989.2828770005813
378.91304145883294  -0.7428604787374198 -0.017678905776700837 -1989.208275458474
378.8718816794824  -0.2152653061731673 0.10168230126837341 -1989.2353644000318
379.0212229862623  -3.5668152225869907 0.0005004628913476417 -1988.8368586251372
379.0173948444461  -3.466220675517029 -9.356223119172391e-05 -1988.887276594292
378.896382344768  -0.214257587806717 -0.041755203885382786 -1989.3499284612235
378.907924547329  -0.07022052441443627 -0.1426921161625896 -1989.3939963641096
379.0371590219059  -3.8780839595136616 -0.020884197653739722 -1988.8237128519809
378.8569310311413  0.7930274898129195 -0.043023195948793 -1989.5039973710116
379.0052780560082  -3.2553906374640107 0.02190326595250447 -1988.8500255400859
378.88421104501816  -0.07228386616528049 -0.003393337594549628 -1989.3229844578377
378.8850149014883  -0.01139893100146061 -0.022175624416269857 -1989.334626370306
378.89475510803703  -0.2070134426657173 -0.03404107875529272 -1989.3212620458485
379.0302085109854  -3.7289487657925804 -0.014781987894270099 -1988.8074634220548
378.88541901905654  -0.2588476182193453 0.03249590850073236 -1989.2670395430655
379.01223464182624  -3.404631919203739 0.01578857725522531 -1988.8662597819698
378.88307061985745  -0.029268940301763635 -0.006624306768480581 -1989.332949739077
378.8826146457665  -0.01809073367891756 -0.0065290772719235335 -1989.3351430026757
378.8812523506901  0.015345358238068485 -0.006253611446732199 -1989.3417121349887
378.886839326419  -0.03448803845163084 -0.027529998446666593 -1989.3343918009966
378.894115752292  -0.148652783045792 -0.04372193628553522 -1989.3407583832354
379.0276023958495  -3.4920168040203095 -0.054023897733407544 -1988.8869011113204
378.88759079087856  -0.2937472947293571 0.027835793987364355 -1989.26552629795
379.0148421532196  -3.641662385519288 0.0550446910880944 -1988.7867955562024
378.86636635671584  0.3173919106737255 0.011277029306087094 -1989.3823667727793
378.8845920377291  -0.06427872224990949 -0.007431265534038722 -1989.3331937416424
378.8882982790778  -0.08075956362972292 -0.02535954898031112 -1989.3341958427004
379.0203791642106  -3.499344484747448 -0.010131908455364602 -1988.8495983802886
378.8808713597915  0.10618298106877333 -0.024944636068338966 -1989.3688792306662
379.0220667832405  -3.634290336172384 0.011133995759841975 -1988.8241176186161
378.88257825566455  -0.032473842649867635 -0.0030050199860740534 -1989.3302529999764
378.8824691214768  -0.07562644591711809 0.007567695165016763 -1989.3155820917095
378.8882619995846  -0.07309357360172264 -0.02692612204149114 -1989.3340496201577
379.0177935471583  -3.316023308710756 -0.03720129585638299 -1988.9023719405122
378.8809048483139  -0.18833077192628345 0.042655510609686864 -1989.2708026068733
378.87736515548113  0.2530466820832693 -0.03828656342683323 -1989.3963802220296
379.02465201424  -3.817674168733097 0.038220154998946265 -1988.7713226894361
378.8824472464546  -0.03092709971185137 -0.0025931739177325053 -1989.3305495768263
378.8820546839958  -0.026295006292095024 -0.001358482926375082 -1989.331438429163
378.8808811953929  -0.01247215906207444 0.0023379428919292344 -1989.3340970594008
378.88772212538794  -0.1610548822486404 -0.003465850995165498 -1989.3124431651504
379.0201206920578  -3.364169248443538 -0.03968563422984395 -1988.9030315678563
378.8804523594871  -0.19247914705883318 0.046314113707456084 -1989.278007588142
378.8810166738689  0.07182252403527833 -0.017822074408626154 -1989.3694140638909
379.0223252381835  -3.7695352211742232 0.040703866763641905 -1988.7706625438773
378.88176185442666  -0.014972249075896116 -0.0022550595695745024 -1989.3335396011516
378.88088571983934  0.018954481717523564 -0.004948992011844622 -1989.3398385567798
378.887421450868  -0.09737156725024398 -0.01636959781146685 -1989.332004946557
379.02845373086035  -3.7085572253810106 -0.009204262853694578 -1988.8091944855605
378.8799718347732  -0.06613878286603381 0.02006136625223265 -1989.3218383946446
378.8829937301348  -0.22268697994499576 0.03835599331137196 -1989.269318179252
379.01399041590537  -3.4250419703310584 0.010209079658116682 -1988.8645263764522
378.8816767901749  -0.009676217674968512 -0.002977644299116955 -1989.3347897585595
378.8814217963425  0.006208243326463858 -0.005145725270412349 -1989.338539806744
379.02844997560726  -3.6445458212825734 -0.023879868224662593 -1988.8373608563995
378.8761639586486  0.20907653581864416 -0.02114404026230199 -1989.3760684366348
378.8761564999756  -0.06513093638832324 0.042137818164289964 -1989.3057996000157
378.8819157135268  -0.1932635077213387 0.03784945335012879 -1989.2678622975445
379.01399417126476  -3.48905616083335 0.02488532163481816 -1988.8363585102838
378.88174367059645  0.023179179396713323 -0.010925210861318924 -1989.3472467669621
379.0248361551145  -3.619920017278849 -0.008395729132326668 -1988.8349466257273
378.8789018014581  0.08148844980928693 -0.007752654327386477 -1989.3506121804787
378.87952142687504  -0.03488663560517935 0.015468725176450926 -1989.3245006810394
378.88146960041564  -0.0971739735063295 0.018365496818319338 -1989.3029108301637
379.01760936084645  -3.5137024543010504 0.009397590315617821 -1988.8387714427306
378.8817284597392  -0.009466058020782597 -0.0033282948611550456 -1989.3350526178726
378.8816461974195  -0.011037955760350826 -0.0024700992787978215 -1989.3369668235482
378.88155444287247  -0.015123596056010769 -0.0009475042418811697 -1989.343497974823
378.8812793927049  -0.027384661143804223 0.003619993705378688 -1989.3630912453586
378.88221651544507  -0.012373529246895387 -0.005514248128744237 -1989.3358922178313
378.88267127057384  -0.02863029930983174 -0.004334274046373876 -1989.3499926337195
379.0226647334028  -3.588244457293648 -0.002951399607515892 -1988.8438142382574
378.8812333668238  0.0292657175576867 -0.009296630175344323 -1989.355431312314
379.0197811659739  -3.5453855112595054 0.0039526635142854705 -1988.8299034218194
378.88010553739775  -0.048916536411940825 0.015339879114457222 -1989.3326575920446
378.88211598660325  -0.0332358868492566 -8.854671435476469e-05 -1989.3349491988301
378.8821124941974  -0.01201904704272927 -0.004913188504278354 -1989.349092544155
379.0219481292965  -3.5619138509748094 -0.004897058149931022 -1988.8361368088808
378.88169968155063  -0.040374023663448 0.004047817848214619 -1989.3415122328743
379.02049782493344  -3.5717167709676687 0.005898136973899071 -1988.837580494171
378.88094133305106  -0.012242146528457454 0.0019569566652193338 -1989.3387184453572
378.8813317166875  -0.00673091584151031 -0.0015921728435837057 -1989.3426168874664
378.88066492239324  0.01842287832496048 -0.003528690697102821 -1989.3399710105261
378.8818915499904  -0.020469625268667357 -0.0017170403207891205 -1989.3378739267232
379.021854589529  -3.5611467448608245 -0.004529573850798441 -1988.8354901282805
378.88105754412766  -0.01900158063217816 0.0028275970165643205 -1989.3358968565876
378.8811747552534  0.010682295287429255 -0.004713992340614981 -1989.3420950110833
379.02059136912567  -3.5724839294031536 0.00553063816691135 -1988.838227217009
378.88101099656853  0.00019520235201397895 -0.0013000801449876143 -1989.3455855543068
378.88005167048226  0.020923867584810907 -0.0004289361079878873 -1989.3544861792805
378.8811448643286  -0.00676671738926693 -0.0004309166193274816 -1989.3527942354835
378.8805852223582  -0.006891853825413463 0.0030515982306615896 -1989.3833250909752
378.883954512863  -0.052660744264732884 -0.006350371753939266 -1989.3393657339757
378.8809135839373  -0.09583448168027431 0.021425630199498613 -1989.3223121442597
378.8802360273259  0.04480395161885298 -0.007139738759682546 -1989.338571095915
378.8782412505038  0.10563617817595805 -0.009354701057072035 -1989.3729846815315
378.88381659692254  -0.10587976296448609 0.006690834417958147 -1989.318116572817
378.8791997724015  0.10523461570206827 -0.014746992378743773 -1989.3987325355165
378.8820219645115  -1.1861655490719158e-05 -0.007178040798931251 -1989.3472254332385
378.8808590753895  -0.03423659447821237 0.007537836240056883 -1989.337731757907
378.8800358314361  0.04072367950311673 -0.004916050119684989 -1989.3570447574366
378.8803002438764  -0.027506824423323195 0.00925033737522063 -1989.336517139841
378.88172408420814  0.027853688344919192 -0.011854127427267214 -1989.3546487125832
378.88160713281843  -0.015373642710002855 -0.001077758047623778 -1989.365495031083
378.8815678543559  -0.015555214868253842 -0.0009188318222987935 -1989.3448167772603
378.88170285441885  -0.013651021862461477 -0.002107339098597505 -1989.3531508420076
378.88126775568  -0.016477490112636772 0.001056579538384339 -1989.3447518204744
378.8812057100475  -0.030680185446565034 0.004741662460910678 -1989.3493606888724
378.8804555730338  0.015920513027438687 -0.001683935408502757 -1989.3463516189486
378.88101315103165  -0.0002771511371406632 -0.0011384618869525465 -1989.357336523592
378.8806184819326  0.019182659234711963 -0.003261803303611366 -1989.3709623666025
378.8821297178771  -0.018411184487503007 -0.0034873250297369207 -1989.357051861275
378.880866579019  -0.00884123025716299 0.0017511934516796224 -1989.364977001805
378.88014447351617  -0.021842688715485892 0.008841210399037625 -1989.3348193446147
378.8809318508271  0.03909176291215921 -0.009729748336277488 -1989.3693765040268
378.8818810054585  0.022169432111153853 -0.011447098405097833 -1989.3563443355447
378.88012716811573  0.014604323849267686 0.0006056051126124284 -1989.3565629580808
378.88103581791916  -0.0010633107146418297 -0.0011199200178904078 -1989.3517391287178
378.8815667799402  -0.006232509376854267 -0.0030469037480520544 -1989.3500469713595
378.8815709547747  -0.01012272228096478 -0.0021335622963771783 -1989.3564431917769
378.8810093264994  -0.020853212908109597 0.003631836885044759 -1989.3525304586396
378.8804566474797  0.006597712786984289 0.000444158398101413 -1989.3411214023379
378.8810073918207  3.4796072146292545e-05 -0.0011764115880645853 -1989.3574494767759
378.8809901151026  0.0009706210005937521 -0.0012902621966777161 -1989.3577883343887
378.8815655744242  -0.009688050049975416 -0.002206634641323202 -1989.355752521254
378.8815713928021  -0.005886914659964049 -0.003116802008433339 -1989.3568379831754
378.88111254037636  -0.01219020491349454 0.0010535105397655453 -1989.3593805012538
378.8804506434469  0.00973256446679649 -0.00014880204286638055 -1989.359143727197
378.880933746727  0.0185610177886133 -0.005004141042243004 -1989.364462507886
378.8810237104536  -0.0041649958184120095 -0.0003068927875418126 -1989.3557841726188
378.8808757233633  -0.0008869714936121653 -0.00017901788585183986 -1989.3593639754365
378.88046395523696  -0.002725503322450251 0.002698392493711177 -1989.3654454066732
378.8814337750838  -0.011276464818275045 -0.0010573589927262983 -1989.3570184776672
378.88154632614646  -0.000560833590773413 -0.004188890449438931 -1989.3598495334827
378.88046979758207  0.0006068253638709109 0.001833664176749128 -1989.3550468394596
378.88076524688387  -0.00799683643709237 0.002102396571150855 -1989.3562990380706
378.8807777865513  0.007389753673297861 -0.0015420400951953184 -1989.3561814296063
378.8808563789334  -7.58820757607026e-05 -0.00025191407676183886 -1989.3596797590103
378.880798355973  0.0023572012878680937 -0.00047062048645485355 -1989.3606270890484
378.88141422209657  -0.0002094740704361442 -0.0034891055091772483 -1989.360899092625
378.880309067825  0.020964278770785327 -0.0019061723993503144 -1989.362341961069
378.88079545679005  -0.002015951145709849 0.0005812188475260438 -1989.364281375907
378.8808551259912  -0.00796442753274107 0.0015631670716849122 -1989.3555610761437
378.8811597640743  0.00803198780211467 -0.003916144762706297 -1989.359337624579
378.88080058575935  -0.0002536951353331318 0.00011574006113224122 -1989.3594714879055
378.8811352767495  -0.004126147376796396 -0.0009548066617348638 -1989.3587036893302
378.8812866137485  -0.0012992011227872524 -0.002508309487087912 -1989.3570470560583
378.8808485341534  -0.003114332859524893 0.0004903875055086715 -1989.358086354895
378.88072852845244  0.001362510634223213 0.00015483597882104405 -1989.3578512181703
378.8807829670873  0.00482568312563636 -0.0009661785814194523 -1989.358240198131
378.880703280079  0.0036820844479397152 -0.00021456544369291564 -1989.361592467419
378.88090431950775  -0.0007559894357207497 -0.0003852639325199192 -1989.357914568011
378.8809052422086  -0.0016280898975242764 -0.00018630559376142664 -1989.3582817093961
378.88096564260036  0.0004788231882333349 -0.0010220537925456075 -1989.3596829856654
378.88096730084413  -0.00396814744227747 9.455191736229551e-07 -1989.3598459799605
378.88130041073856  -0.015650980253202107 0.0007589016577536079 -1989.360343996655
378.8811351712432  -0.0028805355832037804 -0.0012398107212980847 -1989.3593211106622
378.8812469003011  -0.006749244338907445 -0.0010049268230729602 -1989.3580751130344
378.8809244611332  -0.00464681240713638 0.00041738771415467113 -1989.3612040696057
378.8806880600203  -0.001193326440368736 0.0010061656044815237 -1989.3616161741716
378.8807527740266  0.004808767974138206 -0.0007667692921931035 -1989.3615531769133
378.8808687241447  -0.000747529070354247 -0.0001701824344519931 -1989.3593822461453
378.8809678491802  -0.0007700380988477917 -0.0007452577085609313 -1989.3596784371935
378.88098338147046  -0.0020115587748588126 -0.0005456137012611606 -1989.360179367423
378.8808845894888  -0.00195609235818317 2.202482606517009e-05 -1989.3602767097407
378.88079894157033  0.0025096506054946843 -0.0005095977854179257 -1989.360596848201
378.8809512213901  -0.0059247635541339605 0.0005475042059777113 -1989.3595125882744
378.88077418957005  -8.800717384715995e-05 0.00022507888893086303 -1989.358166936733
378.88084607772447  -0.0005998917019134353 -6.797523934487515e-05 -1989.3600208993553
378.8808151769053  -0.002171972563290936 0.00048383685952546607 -1989.3610443168322
378.88093438527113  -0.0008490069603368511 -0.0005283538040437019 -1989.3600647402864
378.8809575137328  -0.0026239876983744637 -0.0002544892717770697 -1989.359663529642
378.88083349683035  -0.002198078166800954 0.000373276912923437 -1989.3593966242506
378.88083489025377  0.000846133230314905 -0.00034151894163869656 -1989.3593489054692
378.88100022151866  -0.007087384511750727 0.0005302372558666502 -1989.3596272083082
378.88075910667595  0.002639194283283075 -0.0003034519356361898 -1989.3610234135085
378.88086990963444  -0.00021756917500326267 -0.00029464921276289857 -1989.3603744505747
378.8809018966776  -0.001548351263174652 -0.00017774260431990818 -1989.3596308466458
378.8809595221614  -0.0028901553033406913 -0.00020479473642365242 -1989.3596137464942
378.8808233157755  0.0007705440192484758 -0.00025340194825984597 -1989.3598264974212
378.8809750798258  -0.00504614553862659 0.0002066854045144062 -1989.3600782130752
378.88084539707944  -0.0006061133512726968 -6.25190683383181e-05 -1989.360023938687
378.8808433551575  -0.00062477852563525 -4.615057912493725e-05 -1989.3600330566576
378.8808372295064  -0.0006807760759990344 2.9546832556182068e-06 -1989.3600604103513
378.8808751170618  -0.0006607805576557269 -0.00022667974892764953 -1989.3595933330007
378.88089889221857  -0.002014740648348834 -4.927372821050824e-05 -1989.3601058009463
378.88102285273544  -0.004672382430342736 -0.00015998571468589518 -1989.3601711676265
378.8808378978512  -0.0014625977404172374 0.00017865147972040418 -1989.3597357126423
378.8809117632984  -0.0032641641688169187 0.00016185081733977036 -1989.359520765134
378.8807615385066  0.0016385652955062113 -8.734536302879015e-05 -1989.3606973324813
378.8808210346659  -1.935700986521738e-05 -5.648236150479491e-05 -1989.3598712123453
378.880754087196  0.0017966620065976713 -8.750306774274463e-05 -1989.3593856534212
378.8808363281622  -0.0002833245162037201 -8.217969745571985e-05 -1989.3603866676099
378.8808767450693  -0.0011492516396440777 -0.00012262619660141638 -1989.3596424558743
378.88102300080436  -0.004943530404503349 -0.0001001527195372276 -1989.3597691013183
378.8808121015392  -0.0011531566606581833 0.0002587680326116004 -1989.359822133581
378.88091161522925  -0.0029930153006230142 0.00010201761482631078 -1989.3599228315447
378.8808208635935  6.297505319885488e-05 -7.458117398129183e-05 -1989.3598713057945
378.88084892982755  -0.0003720335032824096 -0.00013916672291558463 -1989.359734241143
378.880986842178  -0.004154598523793851 -6.922517291152452e-05 -1989.360079854372
378.8808078828179  0.0006805376375815797 -0.00014221483616494446 -1989.3597722270179
378.8808160268134  -0.0001928458870477101 1.2128229706753757e-05 -1989.3596815684127
378.88094776129435  -0.003781727899438536 7.111303995643858e-05 -1989.3596121021492
378.88082067302327  -1.5710643014088532e-05 -5.516435903163419e-05 -1989.359878662203
378.88081958809863  -4.771607850173609e-06 -5.121035879240843e-05 -1989.3599010117707
378.8808163333572  2.804493308161682e-05 -3.9348414180295777e-05 -1989.3599680604152
378.8808474355717  -0.0004289227398324158 -0.00011659475675074304 -1989.3598432017993
378.8809729096128  -0.0037982850656810285 -7.038326909225567e-05 -1989.3600298271563
378.8808217738802  -0.00028188021506991845 1.3140728603033835e-06 -1989.3600933495495
378.88082255499137  -0.00045842006481500164 3.603088630055318e-05 -1989.359791635391
378.88096169222376  -0.004138012701742966 7.227410385701738e-05 -1989.3596621324123
378.88078659232  0.0011500598753251268 -0.00012559952045965161 -1989.3598758521052
378.8808249511433  -3.9622425804353156e-05 -7.515992750795064e-05 -1989.3598007932549
378.88083070713844  -0.00010036614941100197 -9.407464786859165e-05 -1989.359942938171
378.8809784815812  -0.004071884737122389 -4.104214086431135e-05 -1989.3597696905179
378.88081362792826  0.00034627956485167033 -9.749904573674861e-05 -1989.3599330276952
378.8809561206811  -0.003864420194856777 4.293213556527675e-05 -1989.3599222683272
378.8808197803535  -3.5218210747700596e-05 -4.528693896688196e-05 -1989.35989874199
378.8808251310747  -0.00011125400171252409 -5.883619013991037e-05 -1989.359938764078
378.8808251699204  -0.00016481106662880052 -4.718737047459953e-05 -1989.3598388101886
378.88097287780784  -0.00398740232419037 -2.7323612733498592e-05 -1989.359846617729
378.88082208374306  9.791268731440539e-05 -8.974163079611408e-05 -1989.3598911568938
378.8809617240241  -0.003948895080958081 2.9214391087828417e-05 -1989.3598453419181
378.8808194518968  -3.133272235444906e-06 -5.07890235668107e-05 -1989.359901354809
378.88081904329187  1.7817255368868246e-06 -4.952501886701377e-05 -1989.3599023839229
378.88081940364594  -5.3236866277117656e-05 -3.8668905510741425e-05 -1989.3599397406356
378.8808192588934  -0.00020354767753438807 -2.308545942408813e-06 -1989.3600548981321
378.8808188246364  -0.0006544803561663315 0.00010677258893521113 -1989.3604003707837
378.8808248188294  -0.00019324800338971215 -3.712873286731977e-05 -1989.3600930738594
378.8809648595826  -0.003618471828726655 -6.679638112050412e-05 -1989.3596755451254
378.88081866234563  -0.00045817097430855824 6.131623802607677e-05 -1989.360244251764
378.88081570338926  7.554261463837975e-05 -4.593046209877549e-05 -1989.3601026373613
378.88096974213653  -0.004317823706292856 6.868739045051697e-05 -1989.360016414813
378.8808168220984  -0.00022339557853179315 1.6474798024024295e-05 -1989.3600317187834
378.88081650498793  -3.7585289380359654e-05 -2.4765010659733022e-05 -1989.3600339701652
378.8808082434872  0.00046029803933045343 -9.213478073299974e-05 -1989.359971185871
378.8809729071186  -0.004104774038699688 -8.099692998531083e-07 -1989.3597469978051
378.8808125793798  -0.00024293102280914525 4.6988645877377166e-05 -1989.360226791021
378.8808165032038  0.0001516728295776204 -6.833936704908616e-05 -1989.3600937574297
378.88082198530554  -0.0003203380759408958 9.30910037300059e-06 -1989.3601501893254
378.88096169471333  -0.0038315233919714586 2.7007535801093496e-06 -1989.3599449618423
378.8808163590456  -1.7574426683708566e-05 -2.862595647035171e-05 -1989.3600204193813
378.8808159212191  4.2458148644897165e-05 -4.020879484989415e-05 -1989.3599797670313
378.8808147701721  -3.152248252824563e-05 -1.485525950850608e-05 -1989.360239675867
378.8808100036133  -7.336859922446592e-05 2.6456927139539843e-05 -1989.3608974454037
378.88096842356356  -0.0031399277395998126 -0.00019935194716258486 -1989.3595673539976
378.8808049725508  -0.0007366932505483703 0.00020785871476847184 -1989.3605256512842
378.8808036723003  0.0005522804093693878 -8.478976607650957e-05 -1989.3603077222765
378.8808195061932  -0.0003930499944395649 4.3684727548898294e-05 -1989.3606862814122
378.8809661781289  -0.004796367825385062 0.00020124312401503808 -1989.3601246061667
378.8808149431026  -1.7244042735953258e-05 -1.9268973386443733e-05 -1989.360224147939
378.8809624617884  -0.0034869777001151903 -8.305063411051528e-05 -1989.3597082405115
378.88081337948944  -0.0002763009041952813 5.1148535090694836e-05 -1989.360429255818
378.88081351093587  -0.000191652305700174 2.9350140331896313e-05 -1989.360177475292
378.8808092330645  0.00017322111320616784 -2.9959523745848315e-05 -1989.360220830994
378.8809721400143  -0.004449319321409462 8.494149732873879e-05 -1989.3599837192605
378.88081485204435  -2.9520864513798983e-05 -1.5806314049182646e-05 -1989.3602385905208
378.8808169201625  -9.569038111933992e-05 -1.2058563973349479e-05 -1989.3603359043589
378.8809700561047  -0.00398908574849699 -9.998164373747898e-06 -1989.3599137832025
378.8808122312686  -0.00012835917423181797 2.2898646017566193e-05 -1989.3603086793432
378.8808127860293  0.00013158916796562892 -4.099500392928945e-05 -1989.360250414306
378.8809645456197  -0.003947209789398443 1.1889142029763988e-05 -1989.3597781766493
378.88081479155557  -3.187024086770407e-05 -1.4913694423190904e-05 -1989.360237206125
378.88081363235756  -6.491605592984229e-05 -2.1885717726988219e-07 -1989.36027753318
378.8808102189479  -0.00016509739341330487 4.3690293583198425e-05 -1989.360391105072
378.8808164281836  -6.263209743906373e-05 -1.7249802869212516e-05 -1989.3602615991144
378.8809683666006  -0.003848046969352481 -3.3499683828486226e-05 -1989.3597875712596
378.880811340726  0.00010168367143492674 -2.56628966173178e-05 -1989.3602337371644
378.8808141736347  1.0059420514352269e-05 -2.1250490672697353e-05 -1989.360194432336
378.8809662350928  -0.004088248021082208 3.539071718283715e-05 -1989.359904388661
378.8808122224968  -0.00012587420401288796 2.2429791525002685e-05 -1989.3603188991492
378.88081253115496  -1.2368492107839302e-05 -6.020736877276889e-06 -1989.360264093244
378.8808092275818  0.00014527358606208907 -2.3426437652407373e-05 -1989.360223773374
378.8808133103098  -3.9824693683243595e-05 -3.973808459845074e-06 -1989.360309588962
378.8808153425042  -2.03539785914586e-06 -2.5179483024606597e-05 -1989.3602174464609
378.88096917383865  -0.003981498942355444 -6.837099682410752e-06 -1989.3598668955403
378.88081109102063  0.00014608891472178698 -3.4685542915635637e-05 -1989.3602000902245
378.88096542786616  -0.003954796235699831 8.728108467526141e-06 -1989.3598250643486
378.88081241697995  -2.2256207477866496e-05 -3.02011974073757e-06 -1989.3602706484767
378.8808120744551  -5.191936220505511e-05 5.9817316864219094e-06 -1989.3602903141764
378.8808139046872  -5.2538279993186165e-05 -4.520184011980177e-06 -1989.3603083263592
378.88081522282977  -3.6707462399476753e-05 -1.6373984958573118e-05 -1989.3602279714478
378.8809701364244  -0.003906751586651325 -3.0377042279816635e-05 -1989.3597678242368
378.8808117682153  0.00011835044694130659 -3.220400056536121e-05 -1989.3602038908843
378.88096446529994  -0.004029543928108836 3.2268014720449045e-05 -1989.3599241356342
378.88081093470896  -1.4601114610712784e-06 7.694750823183938e-07 -1989.3602548490926
378.88080648795835  6.092707962324084e-05 1.2138148215434796e-05 -1989.3602074508212
378.8808164934135  -7.207079594628851e-05 -1.5397752170409618e-05 -1989.3602697612805
378.8808179626879  -0.00010126193753734469 -1.7024185904324085e-05 -1989.3603108095895
378.88081188207565  -0.0002997597885823211 6.55133437352795e-05 -1989.360453027815
378.8808053761482  6.914805361013521e-05 1.6936441365578148e-05 -1989.3602399366323
378.8808086049648  0.00011507718894243624 -1.2213429180896185e-05 -1989.3603239581328
378.88081266836355  -4.383009238750901e-05 3.467962161884941e-07 -1989.3602410069243
378.8808134225153  -0.00010855179054836128 1.0447547659220291e-05 -1989.3601520822608
378.88081329756886  -4.673452759362817e-05 -3.0025506128072976e-06 -1989.360181145485
378.8808067543999  -0.00016749469278032336 6.469151220622749e-05 -1989.360410335887
378.880816914137  -0.0003924471200189572 5.741791861946233e-05 -1989.3604420614251
378.8808111022285  -0.0002900164582637643 6.770136950451366e-05 -1989.3604295097991
378.8808142345079  0.00020235599918905223 -6.700776768342465e-05 -1989.3600525041065
378.8808132672978  0.00014498892230641047 -4.723941481143967e-05 -1989.3601941029392
378.8808133770969  -9.577503741198257e-06 -1.1735984949856615e-05 -1989.3602456629571
378.8808151987274  -7.435130105193366e-05 -7.279286375005967e-06 -1989.3602677026843
378.8808124120186  9.956467399874214e-06 -1.0378174323477651e-05 -1989.3602864894863
378.88081195963207  -7.808272046361253e-05 1.2429574449690506e-05 -1989.3602363508865
378.88081227942655  -0.00013136153165227427 2.350954445295983e-05 -1989.3603444728262
378.8808115263636  -1.0224813461690019e-05 -5.977919854682767e-07 -1989.3602680128374
378.88080885453695  2.586897970324742e-05 6.669149996474388e-06 -1989.3602601058776
378.88081709124026  -0.00013998134129167283 -3.252397264841278e-06 -1989.360251153366
378.88080992609054  -4.263048987951379e-05 1.604051877945878e-05 -1989.3602179564423
378.88081081072187  -0.0001336548021786399 3.2613102691314566e-05 -1989.3603352416465
378.8808142349571  -0.0002311695115704282 3.492326104281851e-05 -1989.3602963819828
378.88081110178206  0.00014350909174254411 -3.4229685193620796e-05 -1989.3601856318533
378.8808061051923  0.00011828020399740069 1.500605155912993e-06 -1989.3602843354818
378.88081431407625  -5.1817761269390417e-05 -7.381003547468623e-06 -1989.360255582057
378.8808109276048  2.3823514133880508e-05 -5.234879542959092e-06 -1989.3602222379411
378.88080990015374  3.209189647535027e-05 -1.1198838492099128e-06 -1989.360222550095
378.8808113296108  7.520591055332204e-05 -1.9362085943885887e-05 -1989.3602504336143
378.8808154366089  -0.00011975270609632105 1.8134117214518852e-06 -1989.3602594636873
378.88081136940536  -9.191005389652673e-06 9.166714765029838e-08 -1989.360269446409
378.8808108985316  -6.089594855041014e-06 2.160043723442584e-06 -1989.3602737471201
378.88081415765913  -5.8538979722300155e-05 -4.915125155990907e-06 -1989.3602534150034
378.88080898902007  -3.175109253561459e-05 1.950402969952414e-05 -1989.3603063907053
378.8808098374296  7.121011952015976e-05 -9.54717842649444e-06 -1989.360273636586
378.88081388066263  -7.673019062259812e-05 1.2429322060469872e-06 -1989.3603099237814
378.8808085811875  4.0156340947561375e-05 5.098394154412489e-06 -1989.3602854777464
378.8808115374692  -9.624215760339894e-06 -8.094256942481337e-07 -1989.3602667264322
378.88081204006505  -2.1303441855025085e-07 -5.90930802246703e-06 -1989.360272972308
378.8808126397853  -3.822665744301901e-05 -6.644826333612741e-07 -1989.3602630166747
378.8808115216021  -3.754925942089926e-05 5.872365559600468e-06 -1989.360286560879
378.8808111042504  3.3336105413894757e-05 -8.254393164541796e-06 -1989.3602630751238
378.88081163456104  -5.1718127847877327e-05 8.437726702448245e-06 -1989.3602758176926
378.88080990401176  3.5089525093567886e-05 -1.689761156109526e-06 -1989.3602495014713
378.880811619724  -1.7273473691403751e-06 -3.1607783896880903e-06 -1989.3602601590987
378.88081208229  -2.0020288772570893e-05 -1.5858233661791843e-06 -1989.3602685139626
378.880811605868  -2.228854891939136e-05 1.721875090954228e-06 -1989.3602656946975
378.88081125115684  -1.8390041930160805e-05 2.961839587145576e-06 -1989.3602769895008
378.88081148765406  8.029010345467213e-09 -2.7785051466278077e-06 -1989.3602619033163
378.88081079757444  3.136893187871692e-06 6.335545743585413e-07 -1989.3602776835876
378.88081124754405  -3.0847919720855543e-06 -6.050610699137593e-07 -1989.3602703006081
378.88081041108796  1.8335229526655894e-05 -6.268724670466241e-07 -1989.3602771639144
378.88081140363715  -2.4604841790676346e-06 -1.628689298982522e-06 -1989.3602771327696
378.8808118045282  -1.4491183859988155e-05 -1.2407682847825896e-06 -1989.3602680306108
378.88081192958646  -1.3334849661816861e-05 -2.27301822275372e-06 -1989.360262620773
378.8808108092258  -5.0471864572188e-06 2.4563499716467874e-06 -1989.3602762720416
378.8808112032146  -1.8364897778511136e-05 3.2331016774911348e-06 -1989.3602761980405
378.8808109771721  3.4589877078161635e-06 -5.325437684167156e-07 -1989.360270958756
378.88081112150195  -4.808473264006352e-07 -4.901800709777859e-07 -1989.3602665080634
378.8808107433757  7.330984248099526e-06 -1.455377351966547e-07 -1989.36025513043
378.88081167808207  -1.3681873914705989e-05 -7.054571125042486e-07 -1989.360264537327
378.88081192270323  -2.0340997373580194e-05 -5.380417722467001e-07 -1989.3602751446992
378.8808109227983  -1.0520039060324393e-05 3.006471644306785e-06 -1989.3602666396494
378.88081117228836  -9.161354036280045e-06 1.2715923722872446e-06 -1989.3602748252677
378.88081081610903  1.9589611977011145e-06 7.213735211397676e-07 -1989.3602637481154
378.8808107346436  2.5261796274378412e-05 -4.199597722465143e-06 -1989.3602651594613
378.8808113384429  -3.868105492799145e-06 -1.0022727352509975e-06 -1989.3602620634388
378.88081164912455  -1.2534556253385176e-05 -7.912669106602266e-07 -1989.3602664279738
378.88081086786224  9.6409760548255e-06 -1.3671499883294302e-06 -1989.3602633430696
378.8808109236584  -4.0618947672044214e-06 1.5098214318776115e-06 -1989.360267892006
378.88081108968663  -5.847460846197805e-06 9.746005531496849e-07 -1989.360272464843
378.8808111198892  -4.50592329670485e-07 -4.869435130672173e-07 -1989.3602666514564
378.88081111505113  -3.5982798074485345e-07 -4.772336563707569e-07 -1989.3602670816354
378.8808111005369  -8.75342642814303e-08 -4.481042727988438e-07 -1989.3602683721726
378.8808110569941  7.293448760492538e-07 -3.607157090801394e-07 -1989.3602722437831
378.8808113778694  -1.2998887655157887e-06 -1.7797480074133176e-06 -1989.360271129411
378.8808116450488  -7.927721616951544e-06 -1.780310111776373e-06 -1989.3602765968528
378.880811017182  2.063225319126616e-05 -4.733900680342629e-06 -1989.3602742779692
378.8808110431145  -1.0562320856166707e-05 2.3599949741104354e-06 -1989.3602757338322
378.88081109376236  -1.0454295710005113e-05 1.9636438111092502e-06 -1989.3602622959638
378.8808111530737  -1.7916579420074186e-05 3.3505705538949826e-06 -1989.360262956992
378.8808112118575  -3.325784875940485e-06 -3.5351258653726347e-07 -1989.3602677797726
378.88081108544606  -9.65929951490807e-06 1.846541995531581e-06 -1989.3602656650664
378.8808110984868  -4.907865937653355e-06 7.039081579840456e-07 -1989.3602722805635
378.8808112587803  6.916774442089491e-07 -1.5454190922525868e-06 -1989.3602706396982
378.8808114800305  -1.907368928399933e-05 1.7287532831922192e-06 -1989.360268253119
378.8808110188068  3.6967851109181993e-06 -8.422888981840515e-07 -1989.3602691150436
378.8808114240844  -8.984510522225264e-06 -2.641631324795668e-07 -1989.3602718240181
378.8808110440112  -1.0213972867489929e-06 1.0782416692833863e-07 -1989.3602697169908
378.8808108744344  -3.822988444923681e-06 1.7756094408127865e-06 -1989.3602737514448
378.88081098795163  -2.5019275895488136e-07 2.62851422627719e-07 -1989.3602706009694
378.8808106501961  -7.381716216059431e-07 2.3957172954336414e-06 -1989.3602772873608
378.88081138255177  -2.893863779718231e-07 -2.0950876125080953e-06 -1989.360261428958
378.8808109172451  -1.4525463605252753e-06 9.118821120424059e-07 -1989.3602624154166
378.8808109508335  -7.356820832526978e-06 2.1072966027713136e-06 -1989.3602665263184
378.88081122569895  -2.0425996881456854e-05 3.563346793411526e-06 -1989.3602732911104
378.88081102506965  6.856435181390452e-06 -1.5815937430829763e-06 -1989.3602746756205
378.88081115098623  2.1402572922823992e-06 -1.251076382491334e-06 -1989.3602702104995
378.88081109902606  -1.2575992869301444e-07 -4.1264226435799856e-07 -1989.360271592686
378.88081143224974  2.4753237859442834e-07 -2.4391239377141716e-06 -1989.360274567834
378.88081137931283  -2.055077004570194e-06 -1.6312958484032691e-06 -1989.3602678037173
378.88081105687985  -1.104532087126131e-05 2.346320443269434e-06 -1989.360267568633
378.8808110599194  1.8161017059981077e-05 -4.439667534050784e-06 -1989.360269139905
378.8808112316355  -5.6421230834047265e-06 1.4169997308854931e-07 -1989.3602812009613
378.88081091902336  1.0544934887946056e-05 -1.820617598013996e-06 -1989.3602736333064
378.88081109889015  -1.918201171235978e-06 5.1158834946107845e-09 -1989.3602717848921
378.8808111723269  -1.5777125685900728e-06 -5.268838929595177e-07 -1989.3602678098864
378.8808111989003  -7.610768877341911e-06 7.567121504958862e-07 -1989.360275031302
378.8808109310929  -3.5250548915399804e-06 1.379612873275704e-06 -1989.360274797387
378.8808110042138  -6.087033685986398e-06 1.5358726197511885e-06 -1989.360273174016
378.88081104481597  3.0245705922027355e-06 -8.539205900159885e-07 -1989.3602664045416
378.88081111651263  2.5348811831804596e-06 -1.1371785624270103e-06 -1989.3602707701993
378.88081114040494  -1.6311044692685073e-06 -2.9344643892592615e-07 -1989.3602739240064
378.8808111549591  -1.5869468121820773e-06 -4.0653220834130366e-07 -1989.3602707626083
378.88081104398213  -1.5053440218792957e-06 2.1979058173471344e-07 -1989.360269627015
378.8808110846607  -4.123422383983666e-06 6.070157598792036e-07 -1989.3602729993004
378.880810931921  1.0049598255790215e-06 3.0591189426054655e-07 -1989.3602715749237
378.88081109202056  3.038186449089153e-07 -4.71145367830772e-07 -1989.3602716010475
378.8808110707047  -4.923255847444352e-07 -1.5675908904277946e-07 -1989.3602724219506
378.8808109857406  -1.592025601127034e-06 6.108910144408952e-07 -1989.3602749097442
378.8808109319325  -9.428384135645729e-07 7.542897411116911e-07 -1989.3602709379263
378.8808110290223  -3.6906450890938913e-06 8.347842501699176e-07 -1989.3602732814738
378.88081101525137  2.0877819029152533e-06 -4.2902278973855346e-07 -1989.360272577446
378.88081104397065  4.4245353514327235e-07 -2.2858709458617454e-07 -1989.3602702640133
378.8808110803479  -2.2639567340831945e-06 2.0977493409013448e-07 -1989.360274615565
378.8808110715427  -4.6107681761498043e-07 -1.6915707345965814e-07 -1989.3602723806584
378.8808110984584  -1.1723678916553126e-06 -1.6159206861487974e-07 -1989.360272477998
378.880811065839  -1.5225936689233777e-06 1.1495822782592313e-07 -1989.3602731666992
378.8808110701328  -1.4027640222735727e-06 5.611357734025546e-08 -1989.3602721067023
378.8808109960395  -1.2916719018818412e-06 4.61362401837917e-07 -1989.3602713890145
378.8808109798636  7.912872455051456e-07 6.434022514767435e-08 -1989.360269812925
378.8808110689724  -4.2915589837377865e-07 -1.6129030311340387e-07 -1989.3602724140574
378.8808110637753  -2.3964239836971046e-07 -1.7488350811944997e-07 -1989.3602723903778
378.88081104818457  3.288903371867491e-07 -2.156642460171554e-07 -1989.360272319338
378.8808110603022  -6.798835272547876e-09 -2.1416587703271261e-07 -1989.3602713646508
378.8808110498826  6.917352362023621e-07 -3.320122690109173e-07 -1989.3602682874712
378.88081102124903  1.943119052327802e-07 -4.928021102301727e-08 -1989.3602681451123
378.88081103432495  -6.764240563228441e-07 1.0698208896542383e-07 -1989.3602737761548
378.8808110134874  -2.4058568168783268e-06 6.19462170226015e-07 -1989.36027175318
378.8808111149349  -4.020841862129032e-06 4.0281399149577624e-07 -1989.3602725139722
378.8808109546541  -6.946966770726704e-07 5.749828746459684e-07 -1989.3602730568268
378.88081108717137  5.089226627674748e-06 -1.5666457502394593e-06 -1989.3602691291612
378.88081108669735  -2.2176238267945791e-07 -3.15265203720827e-07 -1989.3602720876497
378.8808109825296  -2.160364493519751e-06 7.404663961985136e-07 -1989.3602710669256
378.8808110356691  1.6220528937793688e-06 -4.465370353479159e-07 -1989.3602715393858
378.8808110467194  -1.0433630528439153e-06 1.1000373301151001e-07 -1989.360272075909
378.88081099337353  1.6599799259608972e-06 -2.147637658822532e-07 -1989.3602701350137
378.88081106029625  -2.46212898957765e-08 -2.1015216722375385e-07 -1989.3602713362216
378.88081106027795  -7.80808644407216e-08 -1.9810999463132362e-07 -1989.3602712509346
378.8808110602235  -2.3846515340153474e-07 -1.6198363472774702e-07 -1989.360270995072
378.88081106005984  -7.196152171928816e-07 -5.360522092878739e-08 -1989.3602702274848
378.880811059569  -2.163066989524509e-06 2.715303912825817e-07 -1989.3602679247238
378.88081103220753  -8.437218600221286e-06 1.8869536415611066e-06 -1989.3602677416875
378.88081105788746  -6.213433671575785e-06 1.254227274261055e-06 -1989.360273923583
378.88081095838453  -9.014471926249712e-06 2.474716898737128e-06 -1989.3602714548006
378.8808110175186  8.51408706559198e-06 -1.9490142326716864e-06 -1989.3602697471385
378.88081103604077  9.081471853633616e-06 -2.169760375814178e-06 -1989.3602733164207
378.880811063244  4.7300485306323026e-08 -2.4918452923294865e-07 -1989.3602704205211
378.8808109841089  4.689803017043914e-07 1.0476173639695219e-07 -1989.3602680972624
378.8808109917946  -9.69369228442929e-07 4.2094045360485666e-07 -1989.3602731046763
378.88081105289893  -4.209116598374862e-06 7.909697090635603e-07 -1989.3602689302825
378.8808110567663  -3.193359999542622e-06 5.503155711128471e-07 -1989.3602721534812
378.8808110492031  2.585655753506444e-06 -7.54553111992351e-07 -1989.3602706351103
378.8808110602748  -6.930749805178493e-07 -6.108275618643688e-08 -1989.3602702171154
378.88081105628044  -3.91644654484935e-08 -1.9417959240541904e-07 -1989.3602693414496
378.88081104494245  2.0021843507578296e-06 -6.15903294143294e-07 -1989.3602666833435
378.8808110560769  -3.712225726815177e-06 6.523010831482878e-07 -1989.3602680730432
378.8808109820993  -5.481407667318194e-06 1.5102706969472024e-06 -1989.3602704657824
378.88081104594005  2.039435557321667e-06 -6.217352126469677e-07 -1989.3602682585356
378.8808110480329  -2.735022244237939e-06 4.898785492812863e-07 -1989.3602711796716
378.8808109938095  4.9809235882491976e-06 -9.84578390594848e-07 -1989.360270736146
378.8808110564683  3.749301313860087e-09 -2.0521170296383673e-07 -1989.3602693465837
378.8808110613687  -2.7224200493947137e-07 -1.646310061609313e-07 -1989.360270311595
378.88081105310164  -2.9511396117953836e-06 5.010268067096035e-07 -1989.360269500388
378.880810984961  -1.6269968270421487e-06 5.948842747294236e-07 -1989.3602696949874
378.8808109909422  1.1266122186270877e-06 -6.918161465918615e-08 -1989.360271506952
378.8808110506424  1.3791745328006755e-06 -4.846965830918037e-07 -1989.3602703378124
378.88081105853854  2.5997126940069393e-07 -2.8151205611059993e-07 -1989.360268493407
378.8808110544465  -3.4171693386042534e-07 -1.167610546026765e-07 -1989.3602686964423
378.88081104894445  -1.2493698200444214e-06 1.1549490475104562e-07 -1989.360266761421
378.88081098273443  -1.9337370105176888e-07 2.761694757325017e-07 -1989.3602698511504
378.8808109670828  -2.2918390740755967e-08 3.1612406869996335e-07 -1989.3602676016928
378.88081092012834  4.884472719624e-07 4.35987811187033e-07 -1989.360260853319
378.8808109733382  -6.532906020595419e-06 1.8086718773790977e-06 -1989.3602710086093
378.8808110270509  3.4102556156767605e-06 -8.257178729653702e-07 -1989.3602688399046
378.8808110459336  -7.292995626073662e-06 1.5638219763580707e-06 -1989.3602719111648
378.8808110491945  -8.5404868013228e-06 1.7956845883571049e-06 -1989.3602649240083
378.8808109608275  6.487069052596439e-06 -1.1764237133338185e-06 -1989.3602641947755
378.88081105485725  -2.2772098695611476e-07 -1.4560035976884933e-07 -1989.3602687005869
378.88081104269787  -1.3466504800163648e-06 1.9067183387733166e-07 -1989.36026965683
378.88081105011923  4.1293215957693974e-07 -2.8018606057500506e-07 -1989.360266202143
378.8808109783686  -2.386154728029055e-06 7.925512504058929e-07 -1989.360266572478
378.88081105595927  -5.3882433004304175e-06 1.0433220787309239e-06 -1989.3602683349682
378.88081095579724  2.3403363460516857e-06 -1.6030736404992751e-07 -1989.3602686309132
378.8808110543561  4.973185223633436e-07 -3.104988992586044e-07 -1989.3602687716975
378.8808110602029  -9.218267127408808e-07 -1.9079006818856215e-08 -1989.3602681280388
378.88081096187983  -5.33813262038052e-07 4.599375438285591e-07 -1989.3602666430806
378.8808110523204  -2.5354808865785117e-06 4.027380795523783e-07 -1989.3602683320664
378.8808109722859  4.879764503584738e-07 1.723105760298438e-07 -1989.360268560305
378.8808110524819  5.048609708069307e-07 -3.062121074481894e-07 -1989.3602678692232
378.8808110543165  -1.1002971866957978e-07 -1.6933430191379273e-07 -1989.3602687731213
378.88081105392627  5.850314703792492e-07 -3.270539303823483e-07 -1989.360269003159
378.8808110586753  -8.510260443017614e-07 -3.0164128084209096e-08 -1989.3602674693752
378.88081096421024  -6.107539238797699e-07 4.74288671004075e-07 -1989.360268492816
378.88081096996126  5.648176735206789e-07 1.579490840342146e-07 -1989.3602667105586
378.88081104976783  -3.7020072198856724e-06 6.838664834418751e-07 -1989.3602675094626
378.88081105872493  -4.456459075541375e-06 8.11836056380244e-07 -1989.3602685082656
378.88081105807834  3.007135338961575e-06 -9.086951227033069e-07 -1989.3602698643408
378.8808110514701  -4.0087153152512656e-08 -1.6804479874288347e-07 -1989.360268920012
378.880811042931  1.6974077432507784e-07 -1.6417638604160345e-07 -1989.3602693606847
378.88081105589595  -6.972310924169278e-07 -4.857780333544781e-08 -1989.3602676428845
378.88081104586263  -1.7130665703746217e-06 2.505347167502947e-07 -1989.360268461358
378.8808110545035  -2.372595973909597e-06 3.5736384607076843e-07 -1989.3602692836819
378.8808109656415  2.3427068125414507e-06 -2.262257301488546e-07 -1989.3602672541942
378.88081096852426  -2.3885437645532193e-06 8.584738957484461e-07 -1989.360267949191
378.8808110496182  4.622545043631021e-06 -1.231500006859676e-06 -1989.3602702921241
378.88081105303894  -4.875643639934424e-07 -7.704934756880277e-08 -1989.3602682617084
378.88081104857  -1.237235951023763e-06 1.262666264878476e-07 -1989.3602688309854
378.880810967853  -1.3647045165043892e-06 6.227118047874569e-07 -1989.360267560245
378.8808110489328  9.713718558401752e-07 -3.89040721193723e-07 -1989.3602687017283
378.8808109663128  1.3188675751507617e-06 9.536327505443865e-09 -1989.36026764314
378.88081105148444  -2.228446049912236e-08 -1.7213622061085232e-07 -1989.360268942512
378.88081105034263  -2.8517577455033916e-07 -1.0483895618307315e-07 -1989.360268868914
378.88081104696084  -1.0204512630451745e-06 8.4777930675628e-08 -1989.360268715619
378.88081104841365  -1.4007053295017613e-09 -1.5591684698890163e-07 -1989.360269494413
378.88081104262676  8.499219319446638e-07 -3.0915136806086707e-07 -1989.3602713709097
378.8808110425422  -6.457300596451887e-07 3.0420015173504567e-08 -1989.3602699238536
378.88081096636444  -2.3875114472104997e-06 8.70872819191959e-07 -1989.3602679417086
378.8808110482651  1.8522829989819911e-06 -5.817134949293035e-07 -1989.3602701204318
378.88081105126355  -1.1963569175321709e-06 1.0858644738931389e-07 -1989.3602702152466
378.8808109678013  2.3416746763871288e-06 -2.3862470088786836e-07 -1989.3602672616767
378.8808110514069  8.82096149013023e-07 -3.820679745913935e-07 -1989.3602688439696
378.8808110456176  -6.529634255514338e-08 -1.2469313381835434e-07 -1989.3602694914384
378.88081103722965  -2.569834105514701e-07 -3.1021936131025996e-08 -1989.3602694825154
378.88081101206564  -8.32044385390418e-07 2.499915374709616e-07 -1989.3602694557449
378.88081102616025  -8.330975322934364e-07 1.656694652574231e-07 -1989.3602691246192
378.8808110437085  -1.6057832112892356e-06 2.381016546149084e-07 -1989.3602684274933
378.88081103815364  -2.374252479953043e-06 4.5715858898454087e-07 -1989.3602699062658
378.8808109779331  -2.205533400356785e-06 7.586372303691746e-07 -1989.3602675609222
378.88081095623266  2.1597150183794156e-06 -1.2639332980235451e-07 -1989.360267642469
378.88081103903016  -1.247734502385356e-07 -7.190075224094983e-08 -1989.3602695494294
378.88081103412657  -2.3453368314108047e-07 -2.1025970076138378e-08 -1989.3602689351524
378.88081102481704  -1.6718113649005772e-07 8.962620645647235e-09 -1989.3602672930642
378.88081102296184  1.5062266811582958e-07 -4.4032904877866486e-08 -1989.360269083637
378.8808110326408  -7.376354638211069e-07 9.755288465918e-08 -1989.3602676851115
378.88081096201205  6.723870811242705e-07 1.7968434162796143e-07 -1989.360266715662
378.8808109721537  -7.182239354364128e-07 4.525637939956084e-07 -1989.3602684877233
378.88081103277176  -3.0604901439801324e-06 6.429316079525904e-07 -1989.3602689884833
378.8808110457236  2.605879974026948e-07 -2.0483108786883975e-07 -1989.3602687827188
378.88081102859076  -1.0448052378819739e-07 -1.895318813005531e-08 -1989.3602688899005
378.8808110119836  2.8567821885872036e-07 -1.2734620469245783e-08 -1989.3602687541434
378.88081097814785  -3.9796025852467665e-07 3.385618638773735e-07 -1989.3602676698272
378.8808110173128  -6.199265918382935e-07 1.6744904085541634e-07 -1989.3602689976378
378.8808109560179  3.5212357296643404e-07 2.936862715241517e-07 -1989.360267533558
378.8808110226525  1.4545199746862636e-06 -3.460198731985997e-07 -1989.360268855176
378.8808110289021  -7.2732890465943e-07 1.2864602938478242e-07 -1989.360269781519
378.8808110287571  -1.0101719105648499e-07 -2.0845790871248937e-08 -1989.3602688694402
378.880810969388  -6.09616067848151e-07 4.3866808963066717e-07 -1989.3602675915456
378.8808110230036  -3.4633978884812677e-07 6.967999555129722e-08 -1989.360268837867
378.88081102420983  4.830040314374173e-07 -1.2933885895627384e-07 -1989.3602689280276
378.8808110279754  -5.697872023091577e-07 9.479674178969333e-08 -1989.3602692845175
378.8808109647779  5.637791833379424e-07 1.9358004288427821e-07 -1989.3602676118394
378.8808110286987  -1.0331969058086088e-07 -1.987715836371251e-08 -1989.3602688860892
378.88081102582066  -9.71502363000809e-08 -4.587614732542988e-09 -1989.3602688541823
378.88081101751  -7.515961542026162e-08 3.8509152755494824e-08 -1989.3602687470297
378.8808109658942  -2.427954548522848e-07 3.7670554897673014e-07 -1989.3602680714398
378.88081102805705  -8.807990603543203e-08 -2.1059142651935758e-08 -1989.3602686293357
378.88081102857825  -8.923176508801589e-08 -2.224413786500179e-08 -1989.3602689214736
378.88081096435286  -3.619470057003582e-08 3.345271870625055e-07 -1989.3602674736253
378.88081102694775  -8.88827944578452e-08 -1.3247906771596263e-08 -1989.3602688314643
378.8808109659854  2.0586512050613237e-08 3.123376823843671e-07 -1989.3602675772167
378.8808109561626  -7.602435481146586e-08 3.897367280014663e-07 -1989.360267089424
378.8808110247064  -7.924581524321184e-08 -2.18282569797168e-09 -1989.3602688574695
378.88081102136425  -2.55414729366521e-08 5.030649452564262e-09 -1989.360268867329
378.8808110266305  -5.8495555066429006e-08 -1.799889837172941e-08 -1989.360268910974
378.8808110275221  -1.0225580560074832e-07 -1.3740222071234598e-08 -1989.3602687909024
378.8808109629363  -9.963824787462272e-08 3.57389803751218e-07 -1989.3602674420717
378.88081102358404  -4.868220493392528e-08 -2.5475015430487247e-09 -1989.3602688826131
378.8808110202167  4.301553424568283e-08 -3.640233225965517e-09 -1989.3602689580446
378.8808110263704  -1.0034584185802942e-07 -6.987918688139416e-09 -1989.3602688698488
378.8808109615407  2.8016859943136296e-09 3.423391399248743e-07 -1989.360267537489
378.8808110244005  -5.328788255098971e-08 -6.108746175570445e-09 -1989.3602689121171
378.8808110247109  -5.6624806177296705e-08 -7.472461094337746e-09 -1989.3602688548833
378.8808109638308  -1.4125081548854723e-08 3.3222139439459397e-07 -1989.3602674282477
378.8808109626935  1.5109311490846267e-07 3.0097746872570497e-07 -1989.360267503788
378.8808110233097  -3.709563678455652e-08 -3.658092939673452e-09 -1989.3602688766698
378.88081102248674  -2.333937487719595e-09 -6.990301448794867e-09 -1989.3602688588408
378.8808110200178  1.0194784039185834e-07 -1.6987621087594107e-08 -1989.3602688053534
378.8808110236018  -3.494110423218899e-08 -6.0247982158756486e-09 -1989.3602688490168
378.88081096563275  5.999637053832885e-08 3.053505170935722e-07 -1989.3602675929578
378.8808109315918  -1.9551215046931247e-07 5.553650217482442e-07 -1989.36026593682
378.8808110252453  -3.025957617808217e-08 -1.6407443625965357e-08 -1989.3602689129766
378.8808109533776  -4.8795621765407304e-08 3.997797584087692e-07 -1989.3602670915031
378.880811023135  -4.301736566958425e-08 -1.1149499101748006e-09 -1989.3602689027075
378.88081095506465  -1.1752536721587603e-09 3.787390574494509e-07 -1989.3602670756948
378.88081095310434  1.1979172676035432e-07 3.6577478890187365e-07 -1989.3602677290796
378.88081102229796  -1.587727815888229e-08 -2.7071955788215973e-09 -1989.3602688647625
378.8808110217318  -5.6507216683598926e-08 1.0142118700429137e-08 -1989.3602688825276
378.8808109613364  -2.0698918135053646e-08 3.489906745812732e-07 -1989.3602675374177
378.88081102201943  -7.39015248996111e-09 -3.0294398101204933e-09 -1989.3602688668807
378.88081102118394  1.806524529968101e-08 -3.9962906317470015e-09 -1989.3602688732358
378.8808110214638  -3.6253009483289134e-09 -6.577263178542125e-10 -1989.3602688638225
378.88081101979697  7.666395518413083e-09 6.456621237660443e-09 -1989.360268854647
378.8808110225792  -7.47767359143836e-09 -6.321716483626005e-09 -1989.360268862164
378.88081096042106  2.6283808907123785e-08 3.4355432387833673e-07 -1989.3602675540458
378.8808110220144  -1.5265419150978232e-08 -1.2585241737639308e-09 -1989.3602688512872
378.8808110220186  -4.914646467568673e-10 -4.603405656666837e-09 -1989.3602688708465
378.8808109612785  2.855128578005406e-08 3.378830450984083e-07 -1989.360267533777
378.88081096226483  5.207968456488743e-08 3.253035445460739e-07 -1989.3602672921136
378.8808109645741  1.7823460574106775e-07 2.8438995292034974e-07 -1989.3602676401827
378.88081102141433  -1.0405720729522727e-09 -9.697853631251974e-10 -1989.3602688633705
378.8808110212655  6.723528400698342e-09 -1.905321900252943e-09 -1989.3602688620156
378.8808110214242  -3.0409967877176314e-09 -5.518172585539105e-10 -1989.3602688654928
378.8808110215254  -5.909871703124736e-09 -4.971500988659727e-10 -1989.3602688624926
378.88081096558955  6.500659743835513e-08 3.044346585934221e-07 -1989.3602675916618
378.88081095177154  2.233623153102826e-07 3.457454766930823e-07 -1989.3602670345058
378.8808110213037  -2.8386182293616002e-11 -5.668949754067398e-10 -1989.3602688613091
378.8808110209725  2.9966376047241283e-09 6.41544373181091e-10 -1989.3602688551236
378.88081095478486  -2.317765535053695e-09 3.8065879692794624e-07 -1989.360267077905
378.88081102126023  -7.933529388992611e-10 -1.488817957806532e-10 -1989.3602688586643
378.88081102113  -3.087436084570072e-09 1.1049892112424686e-09 -1989.3602688507297
378.88081102150284  -8.570513188033146e-10 -1.5242682671612329e-09 -1989.3602688647752
378.88081095498995  -6.367359972614395e-09 3.8040186800536446e-07 -1989.3602670792238
378.8808110212256  -1.5863754754263937e-10 -7.74427189043081e-11 -1989.3602688614546
378.88081102112176  1.7453913869758253e-09 1.3693157718819293e-10 -1989.360268869826
378.88081095502645  1.0397753769098017e-08 3.762891744862884e-07 -1989.3602670777773
378.8808109277954  4.707632381695248e-07 4.3608141342410534e-07 -1989.360268303852
378.88081102178245  -9.723974514486144e-09 -1.1326497517671896e-09 -1989.3602688603437
378.8808109530103  1.0491466184703313e-07 3.698111123995318e-07 -1989.360267734924
378.8808109570628  9.672151080053482e-08 3.471990233094857e-07 -1989.3602676037158
378.88081102132475  -2.1470185629368643e-09 -1.843636354692535e-10 -1989.3602688639035
378.8808109603721  2.5176770890311673e-08 3.440865583570485e-07 -1989.3602675517102
378.88081102125847  -1.0517631210404943e-09 -5.8060223295797186e-11 -1989.3602688623791
378.8808109603656  2.7353824094689116e-08 3.4363252554570067e-07 -1989.3602675540842
378.8808109604154  2.494537021391352e-08 3.4389885894547945e-07 -1989.3602675541474
378.8808110212255  -4.114770746355134e-10 -1.6961321236408367e-11 -1989.3602688616465
378.88081102122015  -7.613110142301593e-11 -6.373301886242189e-11 -1989.3602688615679
378.8808110212032  1.8131096624074416e-10 -2.201905324739073e-11 -1989.3602688619087
378.88081102122544  -3.292246475439242e-10 -3.5023317579430113e-11 -1989.3602688617793
378.88081096041  2.6634721095319946e-08 3.4353934386111007e-07 -1989.360267554206
378.8808110212256  -3.631051015418052e-11 -1.0521072901781281e-10 -1989.360268861541
378.8808109604156  2.6252086726685775e-08 3.435938797924365e-07 -1989.3602675540674
378.88081096042106  2.6153808008189117e-08 3.4358473510742726e-07 -1989.3602675540592
378.8808109604211  2.6413866649477313e-08 3.4352395528181034e-07 -1989.3602675540326
378.88081102122015  5.439204642243567e-12 -8.240608195819732e-11 -1989.360268861607
378.88081102122015  -2.963318479487498e-11 -7.467537699312743e-11 -1989.3602688615556
378.88081096042106  2.628977746610417e-08 3.435529027928652e-07 -1989.3602675540417
378.88081096042106  2.62778403481434e-08 3.4355574496380825e-07 -1989.3602675540499
378.8808109604923  1.057965661743765e-07 3.245141397822948e-07 -1989.3602675226407
378.88081102122015  -7.073097663123917e-11 -6.502620664150527e-11 -1989.3602688615642
