 Dim = 2
5956.608682061844  -5066.946102524524 -93556.8248084638 -29768.915467784955
4533.7518168309225  -5481.945720671606 -76845.14603760405 -20459.376501992276
1007.1937752970346  -6942.875191599171 -16467.915684382926 13047.219585352821
2368.546823409148  -2885.8554900799 -48766.0203910824 -15758.876620185954
10.293988708986376  4329.234921263265 29271.8797650084 -2695.181365645203
397.6551548882812  -7214.097325324041 69214.19609775476 54610.13302725287
8721.051562686445  -7321.174114575546 -117938.3932302449 -33850.4371265276
309.4440241976342  -826.105934561916 393.20840254320706 727.3965821055428
26.274096804432258  10077.55360278051 9381.508574620373 -31231.933339695184
8323.61854282041  -8806.18983132085 -112799.9318007147 -26478.27710300896
9322.626134561347  -5136.33741426627 -125498.37996154137 -44696.76393526866
387.37102804897785  8052.981614515056 -12516.116773315569 -34897.638128923994
77.95678049115241  451.41089653006657 42689.95268969692 16555.752433246955
4828.282372213767  -3996.930003926336 -81983.60746713425 -27831.53652551081
7329.502568563772  -12684.01385605404 -99381.8588760262 -7227.343304116848
1.1180069242736654  5814.250638008545 24133.418335478287 -10067.341389163725
50.640469817149295  7303.167607101095 9046.413728429936 -22173.705532425935
1349.9750258324423  -3489.740764955944 -28416.474788644806 -4095.4000441075036
7833.015673534726  -10689.131214754974 -106284.56528725583 -17130.66883391565
1558.0024982996613  -1606.7993815218192 -34931.841302103676 -13443.008313200815
4173.625215673524  -7364.88710410575 -70329.77952414524 -11111.768232898938
6147.463501469148  -11681.659206940954 -88540.46291714722 -5412.472675136223
1375.085702423018  -3255.0972545023296 -29228.389850929805 -5260.256070907993
3039.7428821079247  -6992.38159944652 -55078.26610326035 -5111.477206463568
357.2584169574632  77.77196974979546 -2734.396036883006 -3759.7832350300023
308.4436251402999  -845.7375823222334 461.1379629357418 824.8552468068224
505.04570485290355  2541.851165617498 -11260.619540445805 -15992.371710506333
1447.9758451144733  -2585.8628606442326 -31544.07922807102 -8582.579861243048
1466.9291547714786  -2414.6216033571172 -32136.60938501953 -9432.683962576044
412.9240805431054  1056.835448872209 -6122.158110915661 -8620.211686987768
1267.5353535354739  -4275.844329111942 -25696.39391779393 -192.89503714513103
590.995891019967  3809.2160505274187 -15645.964089204903 -22284.03356592539
930.0537492114211  -7797.960039143416 -13509.145310078937 17292.172860055027
1676.6723903937789  -588.8385137375267 -38454.1963835333 -18496.53759936447
706.8546203590138  -3021.884393258869 -12133.653231967492 2077.5339567361048
270.6515398374015  -1612.2094987179137 3113.289273394086 4629.901589067916
767.1692282015466  -2255.412476863188 -14785.804542425834 -1727.5123855249883
3.180153618274605  3623.535940263845 21778.70011551304 -3906.670934984585
2107.7026857615638  -4788.428521274367 -42182.72431723113 -6313.809686391344
0.14748564036208114  2654.2517109240825 25132.623963289054 905.2097517914967
475.0732655264147  2074.7963166565014 -9644.513192345285 -13673.740973151422
73.80654674565676  402.0899018033606 13957.550490923893 3084.1807789206186
9.690869487704957  4541.284378251412 18603.10076162451 -8462.709143797034
791.5691132048116  -1953.9389817601889 -15828.965169713734 -3224.1368479379726
927.5561598388397  -352.83944566874584 -21369.10061627724 -11172.579319319579
1385.0272596320967  -3162.792252193201 -29547.78424438288 -5718.491792133604
294.4508673699969  -1123.7410746589374 1423.0875278721321 2204.96604933426
352.00774794492565  -18.400286482919597 -2401.6201452407377 -3282.349053845498
158.17225679719922  3151.5808081087853 4443.743456033385 -10565.295597610786
1003.8447101058765  494.0784294422367 -24299.611577316344 -15376.988762056393
164.47029954038075  3322.6238007820957 3851.8993356428673 -11414.415441037625
335.2216831425176  -330.76898322933 -1320.7598675179433 -1731.6368339104797
243.12369833083784  -2204.8368909389214 5163.9025852079385 7571.920263017838
256.45357526748705  1986.0480104958256 4.465332378988023 -8799.815523680667
117.36282022101584  -1542.9153822724059 12323.19812546582 8770.400168141501
232.69647547244952  -1445.7085380939534 4914.151715899081 4931.369441190754
524.7173455763618  1920.3363920669412 -11315.14065313042 -13953.407237721725
339.7458166501999  -347.8954072439649 -1505.9980407200092 -1762.6460619827287
289.5187167483452  -1223.3008169995271 1767.5848218619356 2699.2169479333334
262.4282907719003  -632.5829340435413 2486.3392895265915 1077.790736493657
405.52351735335424  430.74658506692884 -5153.227342139063 -6080.35511168385
393.4943924822714  -898.3531078471099 -3240.7267477231876 -757.1220614747173
467.7186180655125  875.1512521684422 -8087.24134535689 -8949.170416953593
314.58579500349174  -177.25168537901783 -538.2089403071438 -1870.290086999043
265.9428121233007  270.2002533336507 1346.3864868600215 -2462.479697205129
478.9287522527252  -1141.3102576209067 -6365.821371601869 -1433.0179372240689
430.4393008347846  430.49823095362507 -6159.992568973164 -6557.306840249726
324.88587047220733  -886.4096972314851 -259.03276727580896 618.2101501546858
392.897029998261  1126.2260639839112 -5371.634197127495 -8494.572533815237
299.80654085112945  -103.26292080209689 79.75398000221838 -1822.8361939091765
354.63556877077525  -329.57983133235086 -2185.7792363328135 -2146.0965376424097
380.6915589376011  -584.203200059869 -3037.5731969123226 -1704.402276424405
361.9283996840833  60.64554573516057 -2919.634210085072 -3790.792463102251
358.73009138560855  518.1565640257568 -3267.5879996524145 -5475.893600950233
509.0960549986391  799.8438184524509 -9554.327915749556 -9395.208789277029
364.32012334201795  -794.1048164147433 -2113.184708131809 -568.3693456476316
407.36092916359667  -120.72011170026445 -4641.320514816185 -4005.301490521856
460.9332417102122  136.1639282279151 -7040.185972722638 -5997.159650313278
275.84020539668995  18.337548808339278 1117.7057814252832 -1734.2485622439008
296.9425986215175  -0.5358908224920196 107.35713846991288 -2151.0233423227196
310.279727406717  -396.17391269305955 -103.81549846925498 -936.8233993738546
309.02944539418075  -1030.2883722537867 630.1040198383125 1518.167937530217
338.4937697048389  -269.2760686627817 -1533.5380665137977 -2036.9101056915526
394.20403853597696  -520.8810103353486 -3672.2088716716617 -2215.952222152236
308.4781192874129  68.2486519539448 -513.711524360612 -2674.282239890492
387.1286026988337  415.87064253927235 -4373.905186722846 -5661.093235459118
306.1641850756094  -400.83544748386555 94.83362120520394 -827.0643601570337
335.411194938838  -686.5996711562354 -950.4167712588355 -373.7197465595398
359.7365182878321  -376.9880645540735 -2358.2984430232673 -2070.465501493219
403.8468430729401  57.627099858615736 -4687.061706229922 -4619.525868343539
319.3186415242007  105.71785581403947 -1059.1672244981373 -3057.6198413081115
309.0950328177773  -343.19819766460546 -104.6031805476897 -1113.196704880213
308.8970400227125  -183.48322024196472 -265.3639322640206 -1720.1042208644226
293.09402495577655  268.002071766947 6.544033637025905 -3091.02079722162
370.6371373801661  -600.883393766044 -2591.1988936014695 -1437.152018309799
328.02966834570583  -898.5100450900675 -389.9092614299866 596.3011721812514
360.57488966846824  627.9053024287897 -3464.822081293181 -5934.108915680353
397.3415840675967  1110.6764229130802 -5539.81799915454 -8522.72682720392
305.2453364575708  -168.99104658835918 -108.61762194103437 -1693.864585684114
294.69042294313397  -126.60822826135792 349.79189982136023 -1617.1259460986626
377.0086200067866  -410.93703525215534 -3065.732915983308 -2293.402483677256
344.8472771237323  686.147162227063 -2834.8823049742077 -5828.6557800874625
206.97865408638637  -796.0802091959266 5656.154746534866 3125.2599517754757
541.0159420801526  -32.85751994858674 -9818.740050137818 -6754.233249510749
382.01629689236125  -322.27303243725964 -3372.5286983543024 -2733.5629545103234
457.41228144756343  -734.0484772162883 -5977.8128972052455 -2601.9147904295464
337.9173801734341  712.2307278384015 -2552.7643309994987 -5781.428686195106
358.48719962802477  839.8990296351234 -3599.5858890461013 -6702.363151854558
304.3858024068334  -185.97220762813768 -49.859293630016055 -1609.563904446369
300.9404796179232  -254.28070570488086 186.50223353669105 -1270.4555885480968
396.7980731494436  -63.88899683957814 -4266.5908863525165 -4016.2756130157054
292.6621231704604  -1159.7513560399545 1547.6905471239627 2383.734229252671
314.38813099809647  10.177161342762822 -728.5766671354478 -2583.3209632167386
79.96926712946266  -880.569745894228 14742.54313578027 7718.050322613119
488.3947229921982  -833.1412259239196 -7049.592956631991 -2781.332843045507
321.5557632753148  1750.899271478946 -2914.233441684149 -9403.704518566497
130.50731258894984  -1225.7103208017566 11009.527443820916 7093.136283631647
589.2299497935027  1327.3307205538372 -12943.173400947846 -12755.893190483654
103.45005151721436  -33.07635345909182 11810.040765802632 3510.783801825125
362.5092788138951  -671.0318611205158 -2165.751039916629 -1002.1968378587387
367.102418129797  -588.0844357658573 -2452.7662822858447 -1413.9781317251986
363.16147063914093  598.6094105787984 -3545.971483575918 -5875.290895166438
264.89528862947896  608.2576569587279 1039.542803092969 -3731.2144992440244
195.15216137946925  -561.4237530731756 6095.4732041830575 2554.1541515249364
328.4327273834194  -561.390511233869 -767.260837554224 -702.7784436784107
340.8517517734665  -327.21677393973164 -1577.5503875746824 -1865.3023450560045
265.30126483373846  -473.60254907381113 2170.923130492748 399.9294920122086
292.23974901085427  354.0057784725665 -43.77569772605091 -3400.6281675180103
305.1390847108289  81.50562444007545 -370.3250612307459 -2650.279068941398
326.3690193444576  -73.36365840865341 -1192.685073455315 -2526.026209324908
307.7875820197003  -445.072262089776 65.38290092102761 -694.0741458988848
296.052827990378  -116.41009349801006 273.43574775790813 -1687.2429330869177
331.1404262231966  155.49452040457797 -1653.802874294156 -3505.1852656454707
272.48907268024294  -55.312283802757364 1363.3490667055942 -1372.9900946223395
309.55339072647786  -227.36677513352453 -249.47488096337054 -1566.7709032016014
309.4814611422397  -118.47479114826152 -362.0466703068931 -1981.9619815302076
311.9246317650298  -81.50765831552114 -515.9297486326955 -2177.804406641196
317.31206539239656  113.53922579962504 -974.5718479718232 -3043.4584118402195
302.6760423803104  -176.22376905273575 20.844094095405865 -1608.397381822144
306.625637274068  -228.14238292309042 -110.83399542602763 -1498.3998374770258
308.4737992489732  -166.09694187213057 -263.97363887909296 -1777.206302679295
318.0085270282555  -5.9673398232433925 -879.6055826216772 -2601.3578415539223
310.3515880349315  28.54090693392581 -559.4286915623034 -2564.058313662575
303.87525291633466  -179.9089787596233 -32.12711061324836 -1621.2924767600512
302.31878190101077  -162.53605887876637 23.240838682702645 -1652.734202793982
306.5271827586791  -242.10372447183036 -91.32189194744637 -1442.7567393718812
311.34546792193316  -184.45056842854132 -379.20784781555597 -1770.9169147625757
320.287265076073  -18.72826785001508 -971.4072553497765 -2602.528602879802
307.68479947279076  52.65893749295272 -459.76788891494334 -2596.889207324287
302.85582303895825  -166.64164360612114 2.1042254705933487 -1649.1250758238925
300.24688283770865  -134.13254053962345 91.6200573477924 -1714.6478182838478
313.04031714500053  -115.7365627323806 -531.6291719266677 -2071.5372456498617
315.4224728068687  -256.2958514611583 -492.9907976565155 -1586.2252145422315
316.23556300537155  -140.1331021830589 -654.4843834689503 -2048.788355258733
287.46059589361073  -251.27477708031216 832.671699022101 -973.7918488869182
278.05917589678603  -151.62314233889603 1188.5155551036153 -1135.989745111519
304.6849538345051  -148.62004222305 -103.79597577281453 -1759.2543214512054
306.1223861022741  -148.68026601850292 -171.69129413078485 -1791.2750704752027
309.5260900652737  -202.78866758899716 -274.3639451482571 -1660.2374625293482
302.3429525026328  -225.42639629074574 89.05889294469489 -1412.560647487137
293.07274557571026  -163.17485942325607 466.69466880645234 -1440.163702480725
305.55007533948566  -159.96808978105418 -132.6330899830694 -1735.2381934533305
306.5632220940172  -191.04882336528019 -147.38663244013622 -1638.981215063162
307.12075950479283  -206.8058896149781 -156.90585692878756 -1591.1495283666725
300.44700335291895  -153.88648068507607 103.1136732253321 -1643.5654617435505
297.37816098835646  -156.06834360327022 252.0941155778062 -1565.615635257267
303.81136784732246  -180.9798866903762 -27.95866638677944 -1615.7564310441762
305.9847104846789  -227.53108769053935 -81.22758310172878 -1486.380518855275
304.6523985140936  -156.39409593452666 -93.97702899798225 -1728.7670941613192
306.75445753985264  -187.2821029538953 -160.42026389027723 -1657.680589974455
307.34927285885266  -202.16620552519464 -172.6177456314166 -1614.0201327435805
300.1494735752531  -159.6590089994043 123.44613529189888 -1614.7384774703703
297.8707164611548  -162.8624088307962 235.73895685689763 -1550.8055397390717
305.9984829276934  -227.58584119054635 -81.81979302885941 -1486.4796559412202
303.70493470957933  -160.7310098744588 -44.47438552622208 -1690.866420473367
306.03064519905433  -148.31559298710124 -167.7470167909745 -1790.6147908282157
304.21752442192815  -147.55667776218291 -82.79443734394454 -1752.8204807345357
307.21264924096863  -178.26198085792535 -191.6317513898025 -1702.4597682507024
302.3724312697634  -147.2929344929982 4.460480081857838 -1712.2884649611108
302.99969147764807  -177.73927544914636 7.091552261931781 -1609.8889567257243
302.8055994339226  -166.6394995933815 4.486496866741618 -1648.0016531361314
306.0102272012147  -148.23442335488625 -166.86909187342349 -1790.4678245008758
303.64093099232366  -169.7769927244281 -31.80748560987496 -1654.8019617758357
303.1573696372913  -202.74069014036365 26.230138259284047 -1517.7450408424897
304.11701050749156  -154.26000495190902 -70.89485406588398 -1724.9030934831642
306.3536171442581  -195.17871351077454 -133.09635861910886 -1618.4789330409449
306.46546813130624  -163.60721519807797 -171.99360936099987 -1741.82722044131
302.96492269271215  -189.27790740788907 21.028429199789457 -1564.9405625500087
302.77212462677676  -166.3071522103936 5.72206040469456 -1648.5194432663045
303.15652088350856  -202.7373001095242 26.266804589585547 -1517.738902827958
303.82633733626415  -181.03961157081278 -28.60464640790542 -1615.8645693477395
305.2505906972291  -169.88713159139195 -107.91193207944559 -1690.5526549587921
305.88742407019134  -175.48288242197648 -132.05376840681475 -1683.4189750739201
301.4427539991973  -164.3685512996976 66.8502227615304 -1625.9506295915903
299.9393453793906  -151.68905454360566 124.98244882503275 -1640.4877158133759
303.21483076100964  -164.2080309176392 -17.52660795184022 -1666.5263198182645
304.25036602011073  -157.90284973987107 -73.33335475720861 -1713.9578187101192
302.8286064076497  -157.23147587510542 -6.623676905157822 -1684.5301387230259
302.55954753121114  -134.4774827740846 -18.075009707789604 -1765.5594076777302
303.5823126656502  -45.44375833894765 -161.41984304096354 -2129.379883987242
308.58753589842445  -221.2032980001705 -210.64551642061247 -1568.8205161399478
309.11920133922064  -186.5529780869996 -272.5371844382408 -1713.3098476287976
310.8759914369982  -133.8254386354857 -411.1227091765859 -1954.2528568976213
296.68046630371055  -118.94551760829519 246.01278251540555 -1691.833590449396
301.77336533595565  -129.05646782046438 13.520578942768168 -1768.5752687279792
304.0079130531888  -153.8249051532813 -66.18884586536774 -1724.1152986184388
306.97863658952787  -145.66498765247272 -215.30831511713774 -1821.9917992419903
307.62239052693326  -170.20136636852152 -219.52314417781412 -1742.4756005639235
298.50060531796703  -168.23445647214243 211.32081005859908 -1544.5461893291558
302.07254322306517  -127.95000951300138 -1.8835272524440256 -1779.561488597151
301.0048089635354  -106.9222404942739 26.528995368721212 -1835.9377377970022
308.51041152584986  -222.71773882316847 -205.40523803935946 -1561.302279149325
309.12645188309926  -173.2545358218041 -287.0382916165809 -1764.3725670980775
308.9780790686049  -117.0223140953305 -339.9419179283841 -1976.2973288065439
296.72016094362317  -118.15064826588153 243.26237023932515 -1695.77961197899
301.8475787604647  -126.79028027402032 7.57799635118181 -1778.9242993477562
304.0863286492747  -120.76688127591555 -105.10514942860055 -1852.411263467965
305.9017969942744  -147.92967537179715 -162.07182242373295 -1789.2036565199057
306.9452269711478  -183.52573122119887 -173.41808677240948 -1676.3285902676464
299.3203880361749  -151.87943410692415 154.72905102525584 -1625.7384896563685
297.019645463531  -115.66486739353162 226.25427413225668 -1712.1095099488064
303.2792424631891  -159.03167975247666 -26.09455286563707 -1687.7896009763397
303.6135812458614  -127.21881819355318 -75.82724729633094 -1817.0818978447314
303.7917381409956  -139.13612604287198 -71.58403405524876 -1775.4757269606703
302.3814961456122  -175.2682227627721 33.81828080251256 -1605.4148507322695
302.02835730941337  -127.75248077936044 0.006741364973265718 -1779.3206741522547
301.89743054194236  -127.16631251399599 5.607746952892171 -1778.6100335703286
303.70610080611493  -140.8309653598122 -65.71953958482266 -1767.0619260037224
304.1281505848879  -131.18784454146322 -95.99023197509024 -1813.464403075175
304.26318353886427  -129.8100752796545 -103.85409799885656 -1821.773646799918
300.2795705931032  -125.41043886570607 80.77403563284383 -1748.7721296728855
302.02693924132666  -127.71571377633734 0.035008864785424976 -1779.4294091705392
302.2907855739056  -126.16020634084137 -14.162334652799757 -1791.3348015057743
302.31342470341986  -131.4710627017226 -9.583071467235072 -1771.517551948029
302.8436249397634  -129.73471506712326 -36.61569963534856 -1790.1149370802418
301.7725843037192  -129.2866241082618 13.80280021923636 -1767.6766952641935
302.01585494454184  -127.17476314215536 -0.014030282241606074 -1781.2498642257465
301.85198471931676  -124.84595370093703 5.298118877266063 -1786.4658253669143
302.89758872973886  -123.72445339703022 -45.57748206861828 -1814.3355940415747
303.68180784033007  -140.01909805737182 -65.43226881402944 -1769.6228373641866
303.80948977524383  -136.49599564788667 -75.23676387417646 -1785.9804088564636
300.72920634171004  -116.46383388980227 49.81693256953048 -1793.1863421326202
299.77824267804743  -122.4542083114898 101.53950749289382 -1748.738925758343
302.4371624923679  -131.43051843897473 -15.505582659674928 -1774.462874933904
302.80897200430366  -128.34676112244796 -36.44832371802852 -1794.6466604437014
302.8291867815494  -128.84804530113303 -36.87433966365637 -1793.1834330933677
301.29131529875735  -126.85423234240974 34.11196653539753 -1766.1197059737626
300.9361168555141  -122.20666988841137 46.07556697642025 -1775.882630486089
302.2608293257654  -126.83732708816976 -12.017735902478819 -1788.0674709814555
302.3286370726609  -130.0965239896336 -11.769574074624074 -1777.121777692134
302.3323505024077  -129.15881018825866 -12.944520757935607 -1780.7947038863965
301.7443124156501  -125.45627466093264 11.068882985104722 -1781.6995658071503
301.4834607021046  -125.62413582040116 23.657497495915777 -1775.1677541824881
302.0215960433948  -126.54240953366124 -0.9603163998343689 -1783.7997875710937
302.1790902506844  -128.86544922680145 -5.97337157290923 -1778.4610551564804
302.19069113003445  -127.7904158934779 -7.66946694698612 -1782.8375131684852
301.8816644203295  -126.65226016604089 5.810098032368103 -1780.2218239981416
301.8390336713223  -127.19951161403432 8.420125352554464 -1777.1650773262543
302.0605054246216  -127.6138399583162 -1.6692234664599255 -1780.5766324444955
302.09286313643855  -127.2693795519767 -3.574230313813814 -1782.625074080113
302.0938295611256  -128.0836097183473 -2.753166307675997 -1779.5303343427177
301.9635139309561  -127.4237803412849 2.739671342766542 -1779.1157485363167
301.89577321373736  -126.64649739056577 5.133049460593895 -1780.562273901318
302.0192905457289  -127.05795278999788 -0.30174923022542544 -1781.7744811769064
302.0501328522641  -127.30407519772699 -1.5059571216360723 -1781.5282731501943
302.0663389587639  -127.81206935149496 -1.735466310659433 -1779.9494979872356
301.9905373701194  -127.69342313669551 1.7419394571637667 -1778.6934129394642
302.0154786517854  -127.17464023128336 0.0037288440959173386 -1781.2418446860445
302.0143498632765  -127.17427169113965 0.057002227427403795 -1781.2177873237097
302.02850623829283  -127.09621588036028 -0.6991397841131288 -1781.835949110436
302.0419482043615  -127.1486189525568 -1.2823879385339296 -1781.938641991261
302.0464804676296  -127.37656235800307 -1.2551365592577213 -1781.1684204299975
302.00246901442864  -127.25289636804186 0.7055783428431255 -1780.6487827585872
302.0152889156923  -127.17300952731225 0.01101303133697229 -1781.2438054912727
302.0243286327559  -127.14342287914936 -0.4502616112326905 -1781.5610056425694
302.0318836827471  -127.26098845993386 -0.68425668163718 -1781.281467500191
302.03484899544776  -127.19452713545917 -0.8960007847552447 -1781.6027564118747
301.9961493778852  -127.15486859981748 0.9016581163332376 -1780.8814043819714
302.0155389777807  -127.17383184891354 3.115019353572279e-11 -1781.2462999321997
302.0145911523339  -127.17103825534033 0.042087640752242805 -1781.2356076223896
302.0257613871243  -127.27959423568313 -0.3733803560485853 -1781.0721227144486
302.0331820851227  -127.22800013323365 -0.7811110863323165 -1781.437027381429
302.0348497500964  -127.20212086016447 -0.8879507486111038 -1781.5737077511233
301.99793503993857  -127.11981445835022 0.7794339797218299 -1781.0558670718133
302.01551904588786  -127.17294191372744 1.3765202311333269e-09 -1781.2492565343373
302.0145114538631  -127.16747862069644 0.042086381708202225 -1781.2474342785015
302.0298337358886  -127.29589009245501 -0.5496351735518488 -1781.1016281114212
302.0326504223957  -127.23726360004525 -0.7459712043686864 -1781.3895754633618
302.03550657303794  -127.18908492080786 -0.9330577941637443 -1781.638422911987
301.9984266606454  -127.10877406606431 0.7443043110608301 -1781.109217564806
302.01551905742764  -127.17340971531553 0.0004975749569098298 -1781.2474662406664
302.01573043499207  -127.14817255936791 -0.03642480870064446 -1781.3488329427519
302.01536053152034  -127.06835737986812 -0.10382697800906726 -1781.6459871190355
302.01428400714286  -126.82850961555464 -0.3080394775165587 -1782.539737925611
302.0113683064734  -126.10503783533558 -0.9397820202536309 -1785.2431084408236
302.00586274733257  -123.89078968185808 -3.0357943438069697 -1793.594129963156
302.0299971497537  -116.62072998840311 -11.924476200559809 -1821.965481928893
302.0145577427625  -127.16779069656661 0.04021797773918934 -1781.2472841604888
302.3007460994573  -126.14188515580497 -14.655174956300698 -1791.6295547729128
302.32960276901025  -123.77977556449746 -18.541631513415098 -1801.3214960071532
302.38546744227597  -128.09628388007292 -16.599808014017583 -1786.0593766158281
301.6612781567818  -126.30726918345735 15.92476076768753 -1776.5678984831413
301.92928481684373  -123.31643937187836 -0.006353641607688587 -1794.0646049503673
301.7060252024097  -121.6091393348294 8.793551645988998 -1795.5605741284646
302.08101649205275  -121.042158048728 -9.641914090560306 -1806.1930880213704
302.20833368816005  -130.51482216719543 -5.606998953734376 -1772.8075288938496
302.6109732727488  -126.173853697304 -29.359460066658187 -1798.5015045933285
301.8383885394205  -123.7976431214073 4.828444600726698 -1790.171485144998
301.1625067970102  -122.82893690976805 35.95769778680943 -1778.616892494473
301.9705490900674  -124.8532793569413 -0.3319349964077105 -1789.1133212943532
302.08636418702514  -126.13887099373416 -4.469072646761788 -1786.8055879566875
302.28254529505193  -124.31162546309588 -15.739141441401728 -1798.22458107085
301.9457177956659  -128.18723369049437 4.398771309149993 -1775.7919993628827
301.5559795191268  -120.83489358060389 15.10725927847966 -1795.1365529245227
302.01078557261985  -122.94092842907042 -4.281268630404782 -1797.3408832631205
302.0860126852265  -124.16325206440901 -6.556032175475934 -1794.3595232036869
302.16994272197746  -128.19342657080227 -6.254166860300586 -1780.826950183579
301.86507392838433  -126.16593424573817 6.081194816046036 -1781.7088754224883
301.69656174273644  -122.85826718150743 10.573795426444462 -1790.5657935707293
301.9716907544295  -123.76372501429033 -1.5463908603549044 -1793.3094521141452
302.004812174048  -123.38966840480101 -3.519447838398719 -1795.4885145519272
302.0833083133645  -127.45043153314145 -2.9272350258278834 -1781.7165288147885
301.9483531406953  -126.89791607115052 2.9005805067944834 -1780.7864482653074
301.9281111334495  -123.31124207746137 0.04392040779396211 -1794.0580133843287
301.93041982675254  -123.18154719560158 -0.20395806761212043 -1794.6065292453966
301.9630111878083  -123.43142069841288 -1.4875497908022908 -1794.3855319669224
302.045025821301  -127.39690545001497 -1.164320441039422 -1781.0577369685734
301.98617429559783  -126.94946325980557 1.1572017812976014 -1781.4425434683303
301.9289370547383  -123.31663959112238 0.010395501843447619 -1794.0559911897915
301.9398075369193  -123.2888908972227 -0.5360342396089095 -1794.4074969037115
301.9443593920723  -123.40899466698703 -0.6245801423985426 -1794.0505009482524
302.02002781002017  -127.25617400329118 -0.12573164189234376 -1781.0324052634348
302.0110198546718  -127.08968824256019 0.12525513777922015 -1781.4664056391912
301.9290290987435  -123.31578964923897 0.005113814841365638 -1794.0613214346638
301.9347734389379  -123.3640997531574 -0.21658463760093127 -1794.0060329544315
301.9365129601919  -123.31751603440554 -0.3489003215283333 -1794.22358909263
302.02246709942324  -127.19666362525197 -0.3050687215782091 -1781.3152219909236
302.00857724144373  -127.14924465539102 0.30480145960063965 -1781.1833366725468
301.929136073647  -123.31576410376994 1.6211743059102446e-10 -1794.063833147549
301.9286898629859  -123.31373837346503 0.019060114644048554 -1794.0615178779706
301.93136170586854  -123.35258609968396 -0.06661909040821001 -1793.9731157998824
301.93516383936833  -123.35271911153848 -0.24726611906027074 -1794.058402887089
301.93642756093186  -123.3312650452948 -0.3301995158809632 -1794.169036428374
301.9231143178379  -123.27882921461693 0.2470046313490002 -1794.0693206619899
301.9291059711859  -123.3144198749229 4.717719548352761e-09 -1794.0682990332446
301.92856948813437  -123.30836136977784 0.01905837959515111 -1794.0793825461487
301.931312041921  -123.2967008733995 -0.12376503371979197 -1794.1859010104915
301.93569776188605  -123.34575171569446 -0.28007264095862183 -1794.0971193091204
301.93586171977637  -123.33692252772238 -0.2972701390374368 -1794.1346135863446
301.92235611222463  -123.29194003019182 0.2970179761356917 -1794.0020283781269
301.92914319141204  -123.31608194682839 -2.5610233933548443e-09 -1794.062777189167
301.9287183298098  -123.31500972378547 0.019060280877340574 -1794.0572940331874
301.9333347994076  -123.36069211587782 -0.15180697559463852 -1793.9866127431237
301.9353351465643  -123.31149766455647 -0.29930484479706365 -1794.2200473865496
301.93666189916354  -123.32344182991557 -0.34967234470394715 -1794.2042683907566
301.9228810337328  -123.31734139629458 0.29910566236776504 -1793.9166474987064
301.92902614422115  -123.31556232293985 0.0050122407157005 -1794.0621248771017
301.93050935174347  -123.30762592326172 -0.07396439680758249 -1794.1259713690786
301.93226263187455  -123.3300448811681 -0.13345979548603282 -1794.079724103029
301.93228615119943  -123.33197998513911 -0.1325175959747753 -1794.0728480338144
301.9259507841027  -123.29880049963224 0.1333965157749617 -1794.056885290817
301.9290981090482  -123.31600753854254 0.002064414433903039 -1794.0620446907085
301.9294265410185  -123.32417620878826 -0.004854264769619476 -1794.0381895545954
301.93088636403485  -123.32061843543741 -0.07805650743534898 -1794.0847487453993
301.9309089544243  -123.31776856727251 -0.08216525087533455 -1794.0961666409662
301.9273033695688  -123.31107235287783 0.0821486164510361 -1794.040435436073
301.9291229285397  -123.31595564249898 0.0008289980026461308 -1794.0628033902276
301.92965742006925  -123.31535561681885 -0.025224761972140186 -1794.077161071986
301.929728799023  -123.32011202027633 -0.023554108558073494 -1794.0605661914242
301.92984536482453  -123.31539701757993 -0.034117365171368874 -1794.081243657191
301.92836664009496  -123.3134428908407 0.034114612378289166 -1794.0553551933308
301.9291321935077  -123.31604891001888 0.0004877651979882103 -1794.0626554681567
301.9292118969169  -123.31774905547587 -0.0014917585419880197 -1794.057946545316
301.9293275988716  -123.31391465865275 -0.011076261875700766 -1794.0752339194776
301.9294939381025  -123.3169466178589 -0.015757144788040023 -1794.0673823290267
301.9288843489903  -123.31492506935841 0.011075990860035745 -1794.061364352645
301.92913899698624  -123.31605662916152 0.0001724820332356103 -1794.062779445858
301.92924110801374  -123.31426461868482 -0.00659101512911775 -1794.0719427117665
301.9292781117116  -123.31731724942229 -0.00510003808011561 -1794.0610934883427
301.92933626745497  -123.31615860079198 -0.009099065780389992 -1794.0668406327657
301.92897083635404  -123.31457512815906 0.006590927877141439 -1794.0646554105806
301.9291399114915  -123.31606882732939 0.00014198647738794534 -1794.062753392443
301.9291543014652  -123.31433486311528 -0.0023886022448209587 -1794.0697150175308
301.92918739447765  -123.31598042635896 -0.0022099407340192556 -1794.064163229462
301.9292030333352  -123.3164594598219 -0.002443479879843835 -1794.0626825819436
301.9290576411637  -123.31450488600638 0.00238859884490239 -1794.0668830574552
301.9291421509668  -123.31607918691282 4.653138415733338e-05 -1794.0627642749039
301.9291109808821  -123.31430070454536 -0.0003650987339938183 -1794.0688682149075
301.92912601008163  -123.31394319124527 -0.001460416638622064 -1794.0705757706796
301.92910372870216  -123.31399323749581 -0.0003476560907529347 -1794.069881425014
301.9290819728898  -123.31307082881823 -0.0002953707335109357 -1794.0729211005494
301.92901671199775  -123.3103035350192 -0.00013889783156173507 -1794.0820405341333
301.9288209882455  -123.30200104338967 0.00032707131043707705 -1794.1094024992876
301.929082061904  -123.31153969383482 -0.001929979041108254 -1794.0787836705776
301.9292591170264  -123.3133184682923 -0.00845481144557425 -1794.0759705713806
301.92937440983565  -123.30895040235438 -0.018588118607453907 -1794.0952913809065
301.92912989042185  -123.31729992191458 0.001929372410245378 -1794.05781513378
301.92901071114045  -123.31028691635268 0.00012874473657120689 -1794.081968731652
301.9290963427367  -123.30922989553852 -0.005068535069369773 -1794.0879468913236
301.92917321167613  -123.31111029379686 -0.006721345248649868 -1794.0824840732146
301.9292167455632  -123.31613443159861 -0.003441585625012067 -1794.0642360799873
301.92899520197017  -123.31270530257083 0.0034413338835861396 -1794.0723621625286
301.92901435072304  -123.31030620372053 -2.3778489264714153e-05 -1794.0819770362357
301.9290072669032  -123.3103142098204 0.00032157934697352175 -1794.0817865426466
301.9291324154345  -123.30938638662553 -0.0066171431094517175 -1794.0881619032211
301.929157176051  -123.31138440345444 -0.005666981736339949 -1794.08107304223
301.9292119014492  -123.31623058941157 -0.0031088597100961124 -1794.0637587175077
301.9290000463714  -123.31260913902375 0.003108588127361145 -1794.0728395534745
301.9290117418536  -123.31030461976914 9.858560270004091e-05 -1794.0819242286743
301.9290626623559  -123.31091252431357 -0.0016753579467376767 -1794.0807464609316
301.9290824658593  -123.30988265209851 -0.0037136300861106974 -1794.0851352671805
301.92915930882754  -123.31393723870534 -0.0030500967628768194 -1794.071349955191
301.9290526340827  -123.31490250240704 0.0030500715023435987 -1794.0652481567786
301.9290131864615  -123.31030437598486 2.963548848811115e-05 -1794.08195775999
301.92903287418807  -123.31065880197656 -0.0005291098883617451 -1794.0810454237387
301.9290579071525  -123.31022425140628 -0.0021821333448883706 -1794.083273586181
301.92913553704875  -123.31425976340944 -0.0015763292152541908 -1794.0695790414563
301.92907640544007  -123.31457998516103 0.001576331777073392 -1794.0670190325318
301.9290137299255  -123.31030349724479 2.858292987184541e-06 -1794.0819733869535
301.92902640587437  -123.31045823430159 -0.0004351116616589934 -1794.0816671548248
301.92903241698434  -123.31023927716198 -0.0009540864072050681 -1794.082640876935
301.9291041144772  -123.31427322354031 -6.78661552910853e-05 -1794.0688184575995
301.9291078279205  -123.31456652597521 6.787399314589493e-05 -1794.067779610745
301.9290140495093  -123.31030535267422 -1.036209778249031e-05 -1794.0819734966722
301.9290131458673  -123.31030279953484 2.9887089624480723e-05 -1794.081962877977
301.9290259273807  -123.31046090232456 -0.00040951851764248204 -1794.0816461452955
301.92903261403774  -123.31024042030337 -0.0009622389894161643 -1794.0826409480542
301.9291264902192  -123.31440390679123 -0.0009926700965365853 -1794.0688231736428
301.9290854521981  -123.31443584301903 0.0009926773481652162 -1794.0677748940009
301.92901374508705  -123.31030444650334 3.148148493892222e-06 -1794.081970095707
301.92901883138603  -123.31025487490727 -0.00029148792464184226 -1794.0822746101562
301.9290197832836  -123.31034806686613 -0.00023751806253358154 -1794.0819393892598
301.92911066749605  -123.31448318849986 -0.00015588567737268022 -1794.068162668928
301.9291012748831  -123.31435656133189 0.00015589473309773894 -1794.068435397788
301.92901393925735  -123.31030539235397 -5.0774064561665e-06 -1794.0819708569093
301.9290136085012  -123.31030551139212 1.0776671047096897e-05 -1794.081962937622
301.929018376762  -123.31037383807949 -0.00014319694031428298 -1794.0818090087707
301.9290216358119  -123.31026657983149 -0.0004123736750329954 -1794.082293091567
301.9291053077468  -123.31434760954045 -4.539829888017266e-05 -1794.068560664919
301.929106634631  -123.31449214022156 4.540734590818829e-05 -1794.0680374020326
301.9290138179153  -123.31030509601337 3.768116130231647e-07 -1794.0819692530438
301.92901578836273  -123.31034063928604 -5.547016849050124e-05 -1794.0818776718766
301.92901829374136  -123.31029721996498 -0.0002208334688020841 -1794.0821003983233
301.9291085178192  -123.31440222312 -0.00013988257740038534 -1794.0684240630492
301.92910342455326  -123.31443752671211 0.00013989195116437259 -1794.0681740035143
301.92901387722225  -123.31030512161668 -2.4159502913789765e-06 -1794.0819704933335
301.9290136911171  -123.3103043094049 5.56841837351385e-06 -1794.081969402606
301.9290133024969  -123.31027497504428 -7.188522204160108e-06 -1794.082072913214
301.92901157832836  -123.31018453525087 -2.1506649432012637e-05 -1794.0823801733038
301.9290064058839  -123.30991321517706 -6.446470007404059e-05 -1794.0833019576185
301.92899088910417  -123.30909924871142 -0.00019337179708145413 -1794.0860673469429
301.9289443437447  -123.30665729310721 -0.0005803896285669907 -1794.0943638423796
301.9288047524983  -123.2993309201905 -0.0017441127403685641 -1794.119256277013
301.9283863825327  -123.27734724003552 -0.0052593292007827586 -1794.1939601470742
301.9271349143466  -123.21135497239584 -0.01602195764547787 -1794.4183116959102
301.92341349427943  -123.01300241071483 -0.05027763059200652 -1795.0935485591986
301.91255172516105  -122.41443550429778 -0.17115850399869714 -1797.1395139458627
301.8828392394454  -120.58371142269651 -0.7076510769431366 -1803.476270410681
301.8233678597112  -114.68564682318606 -4.159803530096667 -1824.7094940894558
301.9572072659963  -91.79815247479064 -34.89517170248908 -1915.3338428107481
301.7846112216915  -114.71709414398413 -2.2830735734152086 -1823.7143849245756
301.6692063224305  -114.80920218580209 3.3042990216993076 -1820.7567987465734
301.73222889489386  -114.28851738421116 -0.24796585196611431 -1824.1724380811647
301.9285806160498  -123.30814047548753 0.018294039677414276 -1794.0804791460287
301.5776593122471  -113.0046677035529 5.7380318308015035 -1825.5969775488222
301.79678199502905  -112.77572245755418 -4.929123535777421 -1831.419867134996
301.89150066951004  -114.81695709155676 -7.2600544337230986 -1825.7445207827407
302.0816005366829  -124.24511694775296 -6.259119061435115 -1793.9466412078696
301.7803618322449  -122.39626222470307 6.095926646662122 -1794.225743163474
301.7266047408735  -114.28675036712157 0.017667323998864504 -1824.052248036818
301.5776416036109  -113.00501943266966 5.739248886270786 -1825.5952314371116
301.73784778712644  -113.43591375626893 -1.423093045371786 -1827.5626911733837
301.81227413517837  -114.16785409121572 -4.183557719730629 -1826.4410130098386
302.00707235623713  -123.33918909209574 -3.680656048955882 -1795.7327243142934
301.85180599284513  -123.29043866864467 3.6502823701365514 -1792.4156700973938
301.7281821507131  -114.30292913726733 -0.04013554249877416 -1824.025929125276
301.7160531906336  -114.34605616446345 0.5827116936555967 -1823.5870673078111
301.7655710231956  -115.02876867241108 -1.0456131019077475 -1822.0916617462804
301.8061415256076  -113.74065821068407 -4.346781340055827 -1827.937732440699
301.98713067619167  -123.73499578825464 -2.311083041190159 -1793.7677954118178
301.87169961331745  -122.8954973548472 2.283703764272275 -1794.3763029259774
301.7270378835834  -114.30118174571177 0.012431411179136376 -1824.0067879239134
301.7387779390989  -113.99808002948714 -0.8687322247251359 -1825.431943463112
301.7607710852628  -114.3887489378543 -1.4988179512827173 -1824.4330542707319
301.96886346693117  -123.19421349732441 -2.018388137668694 -1795.4255157289804
301.8895294285354  -123.4336007178581 2.008815799330023 -1792.7190321514895
301.72723144999867  -114.303738489935 0.005946786528284065 -1824.0013711197769
301.7374379978098  -114.16675953767954 -0.6253859058932107 -1824.756061052317
301.74258637004516  -114.38307361639164 -0.6399311097188729 -1824.0443104746214
301.94185123056513  -123.22599007122966 -0.7001869091006938 -1794.6943715973225
301.91638560863487  -123.40251341721037 0.6986577947216119 -1793.4440692901164
301.7274166958038  -114.30054118966103 -0.006269054938741192 -1824.017790633103
301.72512067543454  -114.29337862746772 0.09531566884930953 -1823.9933778965853
301.73309384853866  -114.49568014256242 -0.06851739446847205 -1823.3990277880268
301.7488651029198  -114.24078440052745 -1.0900847274839975 -1824.7306610442834
301.94108631427395  -123.4683832657758 -0.40571225049211534 -1793.7493288135581
301.91717267778563  -123.16039109421527 0.40341669598899443 -1794.3885758927586
301.72714594690945  -114.299182447559 0.005162441066318024 -1824.0168797353556
301.73260834685027  -114.23481690515092 -0.3231956008163479 -1824.3865469413017
301.73262740427725  -114.34345757336344 -0.20841984184488638 -1823.9711448715411
301.9362702898124  -123.32881232334701 -0.3253331230843628 -1794.1748756009515
301.92194772400785  -123.30004681221303 0.32506911812953376 -1793.9617833533352
301.7273127392735  -114.3007684467544 -0.00108232501997918 -1824.0145741771228
301.7270008762835  -114.30145017645398 0.014477511587188019 -1824.0049251149167
301.72870302477514  -114.2198266974896 -0.15339986229611213 -1824.355769089756
301.73476829083756  -114.29910807850872 -0.35747510073775857 -1824.1892223580219
301.93387531336  -123.26384325641999 -0.28063413537950055 -1794.3695075904832
301.9243416838216  -123.36490786595853 0.28030120807733283 -1793.7675429207115
301.7272233516364  -114.30165198498186 0.0041102471313934075 -1824.0091746071107
301.7288904536827  -114.27250621161008 -0.1062210451439114 -1824.158364174566
301.73031904239775  -114.31425270021627 -0.12972002013606243 -1824.0308229919112
301.93179861002  -123.33925587779575 -0.10158784264075393 -1794.0339973539117
301.92641497901946  -123.28958597842545 0.10151236715699952 -1794.102629537232
301.72726691099115  -114.30091610945615 0.0012547533544875478 -1824.0129745035351
301.72750876952443  -114.28426796880288 -0.027976557430747562 -1824.0821562751219
301.72909573853065  -114.30195069895373 -0.08463255729719776 -1824.050296541852
301.9295545016012  -123.30229080845949 -0.03424264037340663 -1794.1248454416382
301.92865762586183  -123.32654533253731 0.03423002186394797 -1794.0117706072097
301.72728273225266  -114.3009148191862 0.0005008333153000422 -1824.0133365751847
301.7271786630264  -114.29159002758456 -0.004478241175320363 -1824.0466789284415
301.7267770974639  -114.26404523074261 -0.014707683215704037 -1824.1430446609763
301.72557837251304  -114.18132483060221 -0.045771566806820374 -1824.4326058324423
301.72203602571795  -113.93238536702899 -0.14235162487358366 -1825.3054829690836
301.71189549799175  -113.17845198005568 -0.462803834100157 -1827.962327196247
301.6858938854765  -110.84982026742867 -1.7055283476482828 -1836.2884198828356
301.6474198239063  -103.20657888250634 -8.013945628957913 -1864.675074708572
301.7352648244496  -75.25677734473351 -41.953955334990326 -1973.6385770622276
301.61532703810815  -100.80403891597408 -9.04545456710838 -1873.1464745979865
301.536329450963  -93.1423432191157 -13.445241045111402 -1900.6886677671164
301.22128022930144  -67.75246154431633 -25.486635735406225 -1990.7550872292409
299.719804723014  -3.181220180165636 -22.67537919635954 -2203.9438985180764
295.82080020942124  179.26088419276522 -30.255161315883527 -2813.662487788544
303.3333306261426  -86.31463870020676 -106.09078123074156 -1967.3385780830074
303.60223636616803  -5.187465652828328 -205.23010795477376 -2283.912932631333
300.41556889793185  35.79515909954543 -97.36377221394532 -2368.8784507571872
301.1795957339562  -147.8521310851676 61.78918094173656 -1683.224396039231
299.17299183295864  -3.4528602645744435 3.7221651886686073 -2190.514053075026
301.92844973330585  -123.31179345155483 0.028407211402509347 -1794.0635436119633
295.8139134727241  179.28872984461847 -29.953984743558124 -2813.6120702484664
301.84473687934985  1.242029772535595 -128.61758035542957 -2268.9157144098735
303.5038603223822  -112.34198981936474 -86.46515627962424 -1871.5550946488695
300.0652373119461  -24.960320960105623 -15.965525231862706 -2128.403628639743
300.6224159383012  -131.01956953850745 70.40451325564158 -1735.0581225901255
299.50160759651624  -1.3583451531209665 -14.201154059552453 -2205.9783955504863
298.8596265625407  3.910437421099279 10.85440683523723 -2211.5921765445883
301.61025939937656  -30.128397359212663 -84.06084891727033 -2143.5496405718395
302.8195639972725  -109.60884417603728 -56.90364912363316 -1866.6064412384324
303.6044062812253  2.5591155496464264 -213.5816762039657 -2313.612520529896
301.2247050193352  -133.43409982162166 44.28912697284568 -1739.4298887085201
299.18850409349733  0.1183109887127746 -0.8214532066278213 -2204.534687464162
301.92862484132473  -123.30831747582934 0.016379616681433617 -1794.080799624137
298.8572292396323  3.9200812500615134 10.958713797280856 -2211.574715357622
301.3734217096028  -4.395750952010729 -100.19165527378067 -2236.6955130534993
303.86960197335014  -128.52004272612334 -86.57898935909031 -1817.861296047011
299.69937572443337  -13.676849234335537 -10.524495712904262 -2163.3082112982684
300.30173967795366  -119.20359598041092 73.10789217761726 -1773.0310154548258
299.17227248449797  -0.04684763463237383 0.12975398966942886 -2203.5345754722257
300.0432729279698  -7.226837210130669 -33.80074850674558 -2195.7830015170466
300.2813988887334  0.12168059947981913 -52.98162736918533 -2229.299341969075
302.1447243248118  -126.8848110091698 -6.448928927841962 -1785.2669486887253
301.7347016644414  -119.65467447654699 5.348382122319265 -1803.688790555219
299.174201224715  0.0005918830788150021 -0.012892569708808685 -2203.759877488643
299.18201242771744  -0.011141026358464173 -0.3735224683078254 -2203.8920404135542
298.2792001956456  3.832263229727429 38.691537511879226 -2198.121897447505
299.54590489184784  -3.535384370267088 -13.997769230833711 -2198.649169256791
299.8849767380184  -1.4072549457231922 -32.4459936915063 -2214.4742897867463
302.073932188861  -122.47876043659221 -7.775425118496173 -1800.534537822265
301.7871082821004  -124.11777737688354 7.608153842796526 -1787.788757230071
299.17001556778905  0.042459256362868306 0.14246767430722185 -2203.825243370773
301.9286137134085  -123.30853837011965 0.01714395659917045 -1794.079703024257
299.4814213026766  -1.7606794754981572 -12.808994115385383 -2203.98106112899
302.2494778002821  -124.96183734295626 -13.475316551048422 -1794.9900682976927
298.95337593231517  -0.26736130255682966 10.822762499377134 -2197.727428814221
301.62341158473333  -121.72207292076757 12.843770137907995 -1793.263281424116
299.18167020708955  0.008901319819724945 -0.37851686440129917 -2203.960996621546
299.2068205141489  -0.520557619834689 -1.0160812358044233 -2202.5045589267697
299.36860627782823  -0.6612638622059736 -8.592975283461547 -2205.6328335592766
302.0552851114641  -123.5400462057729 -5.7588898963416 -1796.0516829499927
301.80475994480247  -123.09428678169849 5.678810984693769 -1792.104667867067
299.1742332068656  0.020009165167258938 -0.03509610574719544 -2203.8349239440076
299.21433333771915  0.07216861622516027 -2.0060758867676163 -2204.9435721352384
299.2411337321469  -0.3168065538277561 -2.8719766050284568 -2204.062219837781
301.9937812020071  -123.60299328852297 -2.767838983786703 -1794.4231039991632
301.8650177579595  -123.02814851611818 2.742704209915587 -1793.7177741460002
299.17045299311616  0.005877829045494736 0.1605250437025971 -2203.695140663833
299.20678367312587  -0.009203844024927119 -1.5588186480335073 -2204.460977848876
299.2142178942552  -0.20213541879844366 -1.7084787163377495 -2203.891031163343
301.91497964348287  -123.3274381411389 0.6855710630127305 -1793.6996999640182
301.94325412180757  -123.3013789171844 -0.6866171487621955 -1794.4374699312784
299.16924884707294  0.019923123008817187 0.20308949691536193 -2203.721603233807
299.179615267597  -0.04296958558585066 -0.2251246127823284 -2203.715872806479
299.1719684321065  -0.1434737511938083 0.2471669536613352 -2203.1578374287838
299.19501450903806  -0.15256872510779285 -0.8439969836155474 -2203.6454511015504
299.1934550045755  0.011061595892230006 -0.9437410454505757 -2204.236409972923
301.9146420256621  -123.21062676816325 0.577242514838872 -1794.1391876721102
301.9436084607387  -123.41831862882914 -0.5789462459529204 -1793.9978679441062
299.17431381555116  -0.0029566402297377028 -0.014492290033381386 -2203.7488475181813
299.1576604975543  0.11899656239817366 0.6511570877131158 -2203.838113935779
299.1833102868045  -0.2533367373880729 -0.177624141127123 -2202.994434725654
299.21220989236446  -0.04387049307768891 -1.7810895497092845 -2204.451288240905
301.96687671817773  -123.32614390667564 -1.7834436065489854 -1794.8757108613158
301.89149233075835  -123.30288037517309 1.7762816280319385 -1793.2636729784624
299.17382262464207  4.589703560799001e-05 0.005773786448412722 -2203.749205153756
299.19079685685597  -0.10535404033838786 -0.6928092837853619 -2203.7305623317925
301.9201988009194  -123.34832686376087 0.4596401380447901 -1793.737521237354
301.93802266378844  -123.28044176292974 -0.46016239073060206 -1794.3995609672756
299.16351803665947  -0.07560492575102394 0.5785622410097823 -2203.2260467958085
299.1742092697339  -0.0010986631680854392 -0.011476745445094545 -2203.753589139279
299.1740073881518  0.004286461249681039 -0.007567421154901354 -2203.76962472982
299.19001664686033  -0.11773286158819612 -0.642360051686985 -2203.6654950714924
299.1871200651703  0.05833107576338394 -0.6914749086240193 -2204.2737348294363
301.9263272959073  -123.23363432369273 0.04610351329711193 -1794.314811076841
301.93189359046204  -123.3951324634179 -0.046605869217671625 -1793.8222677970318
299.1739387337159  -0.00048149736347588996 0.0007890602055743415 -2203.74981859145
299.179365778474  -0.04824874909020492 -0.20758578422504448 -2203.6900106763555
301.9226591481884  -123.28592456511586 0.2762032231839271 -1794.031891342307
301.9355586646654  -123.34293824135317 -0.2764545260346267 -1794.104749388248
299.168882184582  -0.02057686336757987 0.2637293794341462 -2203.5582738005264
299.1741439231286  8.675968179441503e-05 -0.009617523235865458 -2203.7566451069624
299.1750038719036  -0.026276341281254105 -0.02262372531852648 -2203.6752321374497
299.17810684947466  -0.006686307458512768 -0.19170600149757278 -2203.8205562174435
301.925492995608  -123.30788785682023 0.1648406505947264 -1794.0117723330045
301.93272047621207  -123.32095651735861 -0.16490741342443016 -1794.1248420580785
299.17394281593124  -5.270695732342404e-06 8.696749913672763e-05 -2203.7517339333704
299.1756474957986  -0.014095504921245443 -0.06633864398502737 -2203.736445760913
299.17583566878886  0.00249734640544911 -0.0929955882091104 -2203.804222139005
301.9275511994059  -123.31515776119001 0.07471458005306886 -1794.0303905596627
301.930661007194  -123.31368194306253 -0.07472699273245098 -1794.1062135534164
299.17394714905237  -1.1304618674888235e-05 -0.0001135922021445671 -2203.7518090659355
299.1731607762703  0.003239343730065144 0.03398858131442935 -2203.7464248478236
299.1763206467379  -0.02072954334614957 -0.09142961336143028 -2203.726313038401
299.1777660784604  -0.005654227104086373 -0.17652712062758613 -2203.816781679486
301.9269766137084  -123.31285812392076 0.0995872917422389 -1794.026226819672
301.9312358361726  -123.31598253996708 -0.09961008376808422 -1794.1103790309296
299.1738823761237  0.000266355252199366 0.0026848275384306515 -2203.751403490667
299.17504743129194  8.432778742108616e-06 -0.05269288831549224 -2203.7768269997514
299.17556838916283  -0.009273101500205806 -0.06769485261136042 -2203.753110686118
301.92881565256926  -123.31047345927979 0.009602337396415805 -1794.0768531385256
301.9293963195287  -123.31836623504725 -0.009603793917221992 -1794.0597458081052
299.1739200794274  8.17618094403263e-05 0.00108037227435021 -2203.751551642229
299.17350063056296  -0.0004060755804779744 0.02163608755099888 -2203.7401758665987
299.1745577933135  -0.0036302799116094994 -0.025429318818995898 -2203.7517998519884
301.9290421341432  -123.31555656366538 0.0042457937498170395 -1794.062507740837
301.9291698100621  -123.31328315000933 -0.004245909703570305 -1794.0740905053276
299.1739458197028  2.9914551693819184e-05 -9.398256561462599e-05 -2203.751936700975
299.17403166121034  -0.0014328048360927076 -0.002636937527255437 -2203.748283956514
299.17430598715634  -0.0010310865940527363 -0.016168701447356493 -2203.7560402908375
301.92875591146196  -123.31354202332328 0.015710457788543408 -1794.0637598398612
301.92945604585674  -123.31529777939201 -0.015711093139771037 -1794.0728383569754
299.1739405038742  5.1708278186217944e-05 0.0001367378755708881 -2203.751899613423
299.1739640250068  -0.000523179958593775 -0.00037467097349346457 -2203.750232378293
299.17411884214926  -0.0006180000495640052 -0.007669015652999747 -2203.7533790105945
301.92909447472545  -123.31409542211081 0.00020117447797929344 -1794.069281483904
301.92911746779146  -123.31474432657636 -0.00020117317853873828 -1794.0673165902954
299.1739438993676  8.249130729819988e-06 2.081775707655436e-05 -2203.751810242288
299.17400689999414  -0.0004526799575578671 -0.0024977944732102976 -2203.751474160976
299.1740226253425  -0.00010121986543710267 -0.0036232034403956134 -2203.7531758865757
301.929040323167  -123.31429635569029 0.002990016408318752 -1794.0672904384592
301.92917161971104  -123.31454339571918 -0.0029900290552973274 -1794.0693076333146
299.1739430080094  4.7672544537766326e-06 6.710375028735037e-05 -2203.751776708792
299.17395692704395  5.803472591195077e-05 -0.0006545012777155557 -2203.752296126996
299.1739807516035  -0.00016087182857255005 -0.0015594588033555619 -2203.7519983231828
301.9290733540748  -123.31428465406134 0.0014069499409288255 -1794.0680805843638
301.92913858844315  -123.31455509636302 -0.0014069467722492845 -1794.068517483177
299.17394423207475  -4.523417944145274e-06 1.8525388119094026e-05 -2203.7517688963453
299.1739528155088  5.1434851691847394e-06 -0.00040178191667089287 -2203.752000476057
299.1739632367671  -8.48849095622488e-05 -0.0008037214176484238 -2203.7518921245774
301.9290977214273  -123.31441470142877 0.00038676857786867913 -1794.06813267589
301.9291142209519  -123.31442504842936 -0.00038675948547961525 -1794.0684653907206
299.1739437829812  -3.2941633423559257e-06 3.866877246495565e-05 -2203.751763420887
299.17395128866593  -4.838100740080456e-05 -0.00027185394258177886 -2203.751760993938
299.17395447481005  -2.531523624744159e-05 -0.00044861057427519023 -2203.751921507338
301.9290993863355  -123.31439404984589 0.00028561274285721083 -1794.068249291122
301.92911255604173  -123.31444570002314 -0.0002856035581544347 -1794.0683487754093
299.17394324097944  7.558788940361245e-06 5.3002753589175225e-05 -2203.7517926748737
299.17395084335953  -3.465032004642382e-05 -0.00026520316256665793 -2203.7518034547193
299.173950868516  -1.5726181152948085e-05 -0.00028655554555503357 -2203.751876458892
301.9291027759038  -123.31440503402948 0.0001361362652119169 -1794.068283735221
301.9291091664691  -123.31443471582207 -0.00013612689235742437 -1794.0683143312788
299.1739427151484  4.457716598410109e-06 8.142273990287837e-05 -2203.751768885115
299.17394567847526  -7.352813309135583e-06 -4.755355701209408e-05 -2203.7517908551763
299.17394050755735  7.076258720128802e-06 0.00018408678371573686 -2203.751728863719
299.1739489275308  -2.8646958210465174e-05 -0.00018008024576405125 -2203.751783003027
299.17394845359433  -7.756090127999187e-06 -0.00017968614178733 -2203.7518522210516
301.9291029731831  -123.31440111794652 0.00012258580846946643 -1794.0683031760861
301.9291089691898  -123.31443863190427 -0.00012257643822977116 -1794.0682948904173
299.1739439088195  -1.3565996285560752e-07 2.929450306098011e-05 -2203.7517783629924
299.17394681777955  -7.701098770162528e-06 -0.00010160502893460612 -2203.7518153490846
299.1739469401132  -1.5471206781193684e-05 -9.917494579127166e-05 -2203.7517883814717
301.9291043287167  -123.3144160857693 7.406871196735665e-05 -1794.0682764735525
301.9291076136552  -123.31442366407704 -7.405928380421756e-05 -1794.0683215929382
299.17394379577  -4.007626179048733e-07 3.497694823085866e-05 -2203.751774785553
299.17394506553404  -3.5827752335026557e-06 -2.2288938891725648e-05 -2203.7517913905153
299.1739432105637  8.02231110244851e-06 5.3962090996500675e-05 -2203.7517937595494
299.1739455731863  -1.2022127530099345e-06 -4.9073360270891796e-05 -2203.7518120103637
299.17394654846885  -1.0337033340870125e-05 -8.593380021223131e-05 -2203.7517991547675
301.92910427898255  -123.3144143315765 7.456565703023443e-05 -1794.068282065617
301.9291076633893  -123.31442541827047 -7.455623796204236e-05 -1794.0683160008764
299.17394421827396  -6.719343271901693e-07 1.5083502130109754e-05 -2203.7517833254074
299.17394469927984  -4.482094924753571e-06 -3.836085191205029e-06 -2203.7517796456323
299.1739438360258  -7.642528341427399e-06 4.0765146710644915e-05 -2203.7517479795865
299.17394567777455  -3.906205020380594e-06 -5.1190084406769405e-05 -2203.751804031504
299.17394627056717  -1.257054277834117e-05 -7.028070668625072e-05 -2203.751784306022
301.92910551292397  -123.31441525644563 1.6877054235919786e-05 -1794.0683063700196
301.9291064294476  -123.31442449340021 -1.6867620729499322e-05 -1794.0682916964702
299.17394445775744  -3.1910213447534925e-06 6.3262047876572715e-06 -2203.7517791122445
301.92910582259526  -123.31441788802603 4.954459086548013e-06 -1794.0683032852671
301.9291061197761  -123.31442186181893 -4.945018588387029e-06 -1794.0682947812224
299.173945323746  -8.654904585838413e-06 -2.922234830411429e-05 -2203.751777829907
299.17394538702183  -4.875358513443986e-06 -3.626942689571668e-05 -2203.751793730876
299.17394415651074  -9.7270970912504e-07 1.8354088847064126e-05 -2203.751780774041
301.92910572363616  -123.31441958027027 1.1461855763172935e-05 -1794.068294574988
301.9291062187356  -123.31442016957554 -1.1452420494606486e-05 -1794.0683034915014
299.1739450939573  -5.803596604503332e-06 -2.128190513197327e-05 -2203.7517835344484
299.17394468346316  -3.037149785179669e-06 -4.619155289009525e-06 -2203.751784817746
299.1739446289131  3.108763742077847e-07 -5.57843464786748e-06 -2203.751796396026
299.1739444235851  1.0496681990599245e-05 -6.6163198107553985e-06 -2203.7518307285427
299.1739448200632  -4.96771962510649e-06 -9.088567103267119e-06 -2203.751780524908
299.17394604340393  -4.47964221393723e-06 -6.804487583905624e-05 -2203.751810125108
299.1739462296511  -1.2266286189831064e-05 -6.865020598091432e-05 -2203.7517845430625
299.17394447040556  5.44530207127528e-06 -3.4740560830856998e-06 -2203.7518124552944
299.17394432153577  -1.0600390242412368e-06 1.0564156029837023e-05 -2203.751784180749
299.1739452895309  -7.574996726794383e-06 -2.8737850609737854e-05 -2203.7517811877237
299.1739453730344  -1.3126568189397166e-06 -3.939488758568561e-05 -2203.7518070503625
299.1739453585455  -3.7115788661840962e-06 -3.614836908326394e-05 -2203.7517975398137
299.17394393907887  1.6673134107244133e-06 2.592923874994871e-05 -2203.751785949993
299.1739443294349  -8.496984007766191e-07 9.962854508758827e-06 -2203.751785164914
299.17394455313683  -1.5226171605108782e-06 -6.417004939244248e-09 -2203.7517876603783
299.1739441013645  3.3285750259042976e-06 1.6408241533091223e-05 -2203.751795987493
299.1739449137762  -8.344524460037728e-07 -1.7966228981954546e-05 -2203.7517984697665
299.17394520464245  -4.94749534911992e-06 -2.7480699520923748e-05 -2203.7517893203844
299.17394534260603  -1.919449548084485e-06 -3.7295259279216635e-05 -2203.7518040380223
299.1739439763385  2.4103330694436395e-06 2.3358237100161955e-05 -2203.751789638614
299.1739445330766  -1.4396556188533206e-06 8.634764317485959e-07 -2203.7517875231765
299.173944690393  -3.065011939200659e-06 -4.920510347596913e-06 -2203.751784868193
299.1739449106338  -2.344910568169064e-06 -1.6207757125062253e-05 -2203.751792617109
299.17394495058215  -1.1061045764637355e-06 -1.9435104431272464e-05 -2203.751798264344
299.1739443120904  1.6516414332617953e-06 8.127901278597124e-06 -2203.751794345841
299.17394451925105  -1.2695994302049844e-06 1.3428252445708229e-06 -2203.751787860666
299.1739446001057  -1.3805054105223996e-06 -2.401352441210076e-06 -2203.751789269067
299.17394469997794  -2.154307357248713e-06 -6.348095002737704e-06 -2203.751788571281
299.173944764338  -6.560192265053661e-07 -1.1017849782382636e-05 -2203.751795765103
299.17394447996884  1.364429725764683e-06 4.145018021668477e-07 -2203.7517970521662
299.17394454931383  -1.5136967807304757e-06 1.6669598969339577e-07 -2203.7517876078605
299.1739445386614  -1.4902028665840955e-06 6.505243064883749e-07 -2203.751787456305
299.17394457241005  -1.2691517506787859e-06 -1.196959246742329e-06 -2203.7517890674494
299.1739447013893  -2.126161219885868e-06 -6.445486457655245e-06 -2203.751788711009
299.1739447116126  -1.8670132030346773e-06 -7.209779352447182e-06 -2203.7517899346753
299.1739443732981  -1.0756001179805866e-06 8.10813288391427e-06 -2203.7517852945966
299.17394454331776  -1.6142306418486807e-06 5.6017824616708e-07 -2203.7517870871266
299.17394462479666  -1.926426950078167e-06 -2.9994872129196402e-06 -2203.7517877392243
299.1739446339728  -1.8270087734569544e-06 -3.5436738287479216e-06 -2203.75178832777
299.1739445600887  -1.6803446391318073e-06 -1.7055026650963719e-07 -2203.751787214257
299.1739444886173  -1.1576054752249097e-06 2.6868798360912324e-06 -2203.7517875948965
299.1739445174655  -1.3239685872059868e-06 1.486008084719643e-06 -2203.751787612087
299.17394457006014  -1.660282441179215e-06 -6.682166907146324e-07 -2203.751787517085
299.1739445797998  -1.5654810165361217e-06 -1.2344217787176317e-06 -2203.751788100743
299.1739445923209  -1.7183195330300808e-06 -1.6697768263483543e-06 -2203.751787799577
299.17394453302023  -1.38427022540298e-06 8.071960174968538e-07 -2203.75178773389
299.17394452995745  -1.4456305087840208e-06 1.0188334883744214e-06 -2203.751787429599
299.17394455495287  -1.5549527233246555e-06 -5.8737389888074195e-08 -2203.7517875777803
299.1739445682758  -1.58525223261777e-06 -6.628816578452735e-07 -2203.751787763824
299.1739445727073  -1.5973264452839547e-06 -8.617051759597751e-07 -2203.7517878180647
299.17394453347515  -1.4546940948704881e-06 8.604600089805929e-07 -2203.7517874746463
299.1739445434448  -1.4743190431336408e-06 4.0512581401827684e-07 -2203.751787625533
299.173944553671  -1.5437261748056628e-06 -9.457936633058406e-09 -2203.7517875916915
299.1739445584067  -1.5312383472966904e-06 -2.489667526950305e-07 -2203.751787746842
299.17394456018735  -1.559116327218546e-06 -3.043413602760547e-07 -2203.7517876805027
299.17394454522446  -1.4847187015567346e-06 3.311871465908229e-07 -2203.7517876260717
299.1739445542659  -1.5334189481138344e-06 -4.8849543794295935e-08 -2203.7517876446286
299.17394455686474  -1.5351736698084093e-06 -1.7112914241019009e-07 -2203.7517876968286
299.17394454737405  -1.5121527254020023e-06 2.577194804568892e-07 -2203.7517875697936
299.1739445160784  -1.3359347045350513e-06 1.565006336425321e-06 -2203.7517875348426
299.1739445592266  -1.559619552782504e-06 -2.5790913058329694e-07 -2203.751787656796
299.1739445609983  -1.5429440009660657e-06 -3.603009529841242e-07 -2203.751787760788
299.17394454112696  -1.4775500247726027e-06 5.19279666578767e-07 -2203.751787560625
299.1739445458033  -1.4711670455098145e-06 2.8910663321099817e-07 -2203.751787691064
299.17394454115777  -1.4744160333039305e-06 5.144765268506956e-07 -2203.7517875733165
299.1739445535127  -1.51785370875156e-06 -2.9439330606681666e-08 -2203.7517876871293
299.1739445567549  -1.5373651495069314e-06 -1.6354616953153634e-07 -2203.7517876859497
299.1739445402161  -1.4643187323558878e-06 5.48696157153633e-07 -2203.751787590623
299.1739445467856  -1.484766670385713e-06 2.5666398650522384e-07 -2203.7517876612783
299.17394454928916  -1.5132092096657207e-06 1.6735689790356404e-07 -2203.7517876091665
299.173944553933  -1.5283240388455513e-06 -3.836993412794678e-08 -2203.751787656582
299.1739445549853  -1.5287832598221512e-06 -8.815412231542372e-08 -2203.7517876786824
299.17394454220425  -1.4718470099396443e-06 4.617445054942676e-07 -2203.7517876068764
299.17394455348733  -1.5252797771627399e-06 -2.032528766992299e-08 -2203.7517876581323
299.1739445538801  -1.5249041555033042e-06 -3.9493290930187245e-08 -2203.7517876684774
299.17394454283937  -1.4713187724950663e-06 4.308497377141937e-07 -2203.7517876232932
299.1739445530432  -1.522867699213409e-06 -1.6809324695105663e-09 -2203.7517876572983
299.17394455276235  -1.5236178550613732e-06 1.253181198025405e-08 -2203.751787648061
299.17394455362916  -1.526476348680711e-06 -2.582742088508397e-08 -2203.7517876567686
299.1739445538037  -1.5247973669741508e-06 -3.595371935357325e-08 -2203.751787667152
299.1739445433385  -1.475150235373128e-06 4.110827846890363e-07 -2203.751787619945
299.17394455310944  -1.5237605236880285e-06 -3.893151104464903e-09 -2203.7517876553816
299.1739445534059  -1.5241630357927017e-06 -1.7628580948036084e-08 -2203.7517876605634
299.17394454312546  -1.4736643314117623e-06 4.196818963285217e-07 -2203.7517876208003
299.1739445531211  -1.5229300628675716e-06 -5.334298087762231e-09 -2203.751787658825
299.1739445532169  -1.523666195089576e-06 -9.127252866943953e-09 -2203.751787658179
299.17394454335437  -1.4737041618691248e-06 4.0878837282677316e-07 -2203.7517876258376
