 Dim = 3
3320.909152964616  -2204.110752282628
3753.1126602611334  -2486.0644516310686
2266.346044785413  -1426.809663661327
475.32510409843013  576.2490256257304
919.266600659234  -85.75236317431522
492.94090222816936  3977.767981610054
506.3334434062842  4006.8069608383585
103.16995372530556  1486.8895424806753
2399.1479578408967  -1533.461014854748
1401.4729837512662  -634.7932077533823
45.879003866768976  1740.6445668053645
4271.809030025626  -2803.9102188137695
666.1589042496325  268.24104845009947
712.2214236666955  200.9421649279319
1348.2990687026295  -574.5846212532738
2382.3446906783197  -1520.0637587671686
5248.824301801139  -3352.9510633928376
5032.915582994233  -3234.9976664088986
515.97223381307  4028.2347625100188
247.37276926139435  1051.702805813126
3798.5949429846914  -2514.8390625327042
3658.898732221677  -2425.374388952795
18.619642696035093  2541.316453814425
125.91478659579859  3114.055344157555
324.2438464302223  877.6401114014999
121.12571943328606  3100.658088069976
2125.783731892732  -1308.5830966441513
2623.8547304646495  -1707.1949987360176
258.362482107479  1025.2919979390585
696.292425959439  226.8145060076955
67.99983476529172  1626.1672361850049
70.69865788582773  1634.25415169691
1389.3760854621319  -621.3959516658036
1572.8745014154788  -810.3468994585597
677.3034870563711  251.74681232140722
318.9838454133732  891.0373674890785
375.669858186423  763.3802655945775
1071.5395953388104  -269.6275653535105
1234.0869841401914  -458.9447894309304
467.43163841336957  596.2230427960834
654.6887773443048  287.0520621273083
680.5012738016167  242.865388536842
677.760107489553  251.81818092178003
900.0837944092341  -61.042719277587395
833.402409344464  26.997712010231012
890.767368957669  -44.832099928551415
1557.204682333524  -792.3213594068951
1578.611254689638  -813.1305870864247
695.793943025591  224.89798723528216
707.605470208022  207.58447774852436
321.06239322227816  884.5002526337755
379.3427636137253  762.9437549150468
809.2605516692714  60.27699427359402
886.2138401968053  -38.26661683920486
878.0525938828806  -26.586791695542974
816.2941419375679  50.83412429606183
854.3320712857768  8.344880294872944
1446.3876174791726  -684.0971406415676
1605.1665487840128  -841.491022410717
841.9819320549982  15.289108750017462
845.1309924477744  15.31635713823096
872.3493334951777  -17.859823185551804
848.8482014376939  17.24852123210588
887.8249312008327  -44.67985973965763
1531.8076513860922  -769.8134506608285
1548.0950254481825  -781.1856709919307
791.9279201248061  86.00438432341608
373.6975137831006  778.7228203722696
770.5729499212755  112.71402202949174
877.347544709304  -30.516121920107604
1543.5351214395093  -781.522053921042
1537.2199408715799  -769.577859613378
799.0975554500169  75.49769525012591
353.46055942092835  817.0741360989323
1000.037613725151  -179.70761134370105
1112.257303121076  -320.9878926745328
1174.5827618720364  -392.14679171210275
612.2246070462886  347.8419235658221
721.766006260678  188.88052015038963
841.1213008649967  16.437220160034727
855.8971181254132  3.9378966976791094
882.3058816515831  -31.09015497983863
807.8847498369327  61.637685295983815
739.0055489459734  157.43062334421109
836.5257895169029  22.64346255095917
846.1197794636323  9.702113225529743
863.0132054569513  -12.785893591041159
943.1744270852905  -116.01376650186926
922.2415344293053  -89.6879497263178
906.3764740403867  -69.15305332299558
1157.8889080415554  -373.5060490908194
843.985502888223  12.784026404194618
808.0086310144533  61.156718764272156
557.4946996403253  434.4803713761858
813.5436935226414  72.35118843565587
954.0469020966163  -122.48323516627205
925.1507976381015  -93.39187668490648
1090.013404195602  -287.74487574203965
1151.10448890341  -356.61002687478583
790.2068205898412  85.66068291028687
839.0135063362409  28.899537790263473
806.8724058142176  70.17540898532958
898.0785112718819  -58.614498423249145
929.1373890948996  -90.4115452500795
972.2212392477894  -145.2139844479525
1173.8134060639204  -385.70893215810264
827.9212314958941  34.063446312372875
707.2773917197422  209.99424194767514
933.3634140420229  -96.55971100947042
918.2493918470581  -84.53690284412272
970.0805038827217  -143.46138985823927
1010.8536090619385  -194.22437261523842
817.2521897148604  48.45030855253468
897.4261546025435  -50.753877146148106
935.5434147657264  -99.73086801001597
929.7816955017644  -99.29345364133884
811.2047796470888  56.67401259417993
811.4647789594022  63.87865863972596
823.1111150710077  48.015866251474236
860.3390213687607  -1.9678977544291296
876.7888429882737  -23.70618696856603
865.5330966751142  -8.946260041375297
871.6303885635192  -16.8083915330431
922.8895238342546  -83.76273001630122
934.8134719199791  -98.70492176888104
851.9666554466348  9.198342836786134
831.5747027261923  36.50897132982095
873.6649995740587  -19.59397696816994
897.04552001806  -50.20654002306187
861.2215208856819  -3.281386169440429
869.812256138644  -14.447269004294032
884.1258035298916  -33.34633489403984
834.9645060718408  31.954349861820315
855.2376863436183  4.816188137637496
858.8276648493361  0.020342034439345014
861.2171637526205  -3.128516371374971
850.6971333671512  10.89843395384004
841.4896533544768  23.15620122252358
838.8331267677572  26.788830522210667
868.6843732637055  -13.027345526292182
854.2984200617585  5.98849473210077
864.1226315005795  -6.962416480557648
876.7616160987087  -23.666507877580816
858.0303880878809  1.064517722059911
858.9918267425003  -0.19640575875165744
859.488123403975  -0.8525176280300979
862.1870400193496  -4.378205682795471
869.0036052099448  -13.581199305362224
869.0103929611255  -13.457666899876497
873.5419494566643  -19.39509154311336
854.8584829873474  5.220266587750743
839.9516655825934  25.170427349922186
860.8604044919269  -2.723680729604272
866.9852033725505  -10.786130465869904
867.4210221806644  -11.348401755624039
858.7121663378238  0.178674338738551
850.5684253814131  11.00293590520566
851.1036364501657  10.34419708828567
860.0972664779513  -1.6924431259756574
862.9005251470993  -5.380105028584056
862.8574770452254  -5.3204963218322785
854.7334856627392  5.461592171684433
855.1262398136486  4.9391566622236365
859.0180191784928  -0.2153296663794695
860.0362698414405  -1.5704062350012276
860.4004318569725  -2.0583539730742615
858.7798495777188  0.0840232511620691
858.7170362310313  0.16370424750819978
857.9479500686541  1.1776186501612624
858.8589299298216  -0.021448255633831792
858.9527269081392  -0.14681692345886965
860.5137089309915  -2.222655192107945
857.1045375951512  2.3090977286030565
860.4689635645243  -2.1592875604896395
859.0540015152334  -0.2780622986161596
859.1438132438899  -0.39001147724041374
858.17111794688  0.8866077318621031
859.3792071671121  -0.7174187648671833
859.2171003738592  -0.5025152877808274
859.6634687885263  -1.0877682216852929
858.7564890126567  0.11393807183122817
858.3951713207509  0.5995893332687334
858.7871152391658  0.07343075290746803
858.954208745923  -0.15026573964695267
859.0135100444332  -0.22662250896253333
859.2432114482599  -0.5323913909163753
858.7606572972244  0.11128658252803802
858.6101263991136  0.3087516013182441
858.7537802796785  0.11823536144225777
858.8613552129366  -0.024822950263040156
858.870068813303  -0.037110813978786794
858.8742730167588  -0.04074016460450203
859.0240629779237  -0.24105309906091854
858.7738549622417  0.09270026131292397
858.8566662370566  -0.018429088683211248
858.8498751637803  -0.00937157057144411
858.8295019891685  0.017801139051206505
858.8703077957387  -0.036855412725916636
859.0081702884024  -0.2188257034746286
858.8135965890119  0.03881842640275579
858.8213294262237  0.02872505726135799
858.8181541339951  0.032665064692091406
858.8482922260073  -0.007276950944278937
858.8435434142896  -0.0009930827601483116
858.8292969935635  0.017858605512005354
858.8562656738815  -0.01899965943398918
858.8784602364533  -0.04826266694309034
858.9530911253812  -0.14643902030199918
858.9977955336353  -0.2062590514082281
858.7685431897747  0.09982850762883899
858.8406725356892  0.002832304187688095
858.7865578612793  0.07441442379826846
858.856138694124  -0.017595509193661485
858.9179058185073  -0.09871881734235011
858.985084006529  -0.1894796692784979
859.0113871771451  -0.22458510731594217
858.6640890748574  0.23752725320398405
858.8352018741465  0.009985159670280908
858.7683828734523  0.09932066396187089
858.8468466021309  -0.005155261877748174
858.8811069182817  -0.04989161296506062
858.9252746970784  -0.11054324742555188
859.0102632061033  -0.22286701237594286
858.7178848168597  0.16685772080994
858.8194496332655  0.030358776462463766
858.8101774419732  0.04291992977690562
858.870208494469  -0.03731486404484485
858.8860999604907  -0.05724187571154182
858.9419488841359  -0.13286741414784053
859.0036402097567  -0.2131668918814924
858.7684583448107  0.09791987980845285
858.7825571528357  0.0805358691948257
858.8765770684572  -0.04445436405720393
858.880164381148  -0.04977374929293532
858.9192036834088  -0.10190140862529695
858.9275729838769  -0.11292003386252425
858.7483948351273  0.1255429634090568
858.8389770868296  0.005071383192975176
858.8252781106601  0.0232648702290561
858.8619168631744  -0.02554942522496617
858.872137246107  -0.038691871902509334
858.9040661735183  -0.08186489617072645
858.9203656426255  -0.10299575006828121
858.8096988638141  0.043975077780071814
858.8418422159639  0.0012673234642548437
858.832059905871  0.014308495677585853
858.8473792284193  -0.006547677882521086
858.8634452142531  -0.027526810484843622
858.9095670323313  -0.08828616871486794
858.9258728203305  -0.11041365615293763
858.7678336074623  0.09910869365537067
858.8423926756159  0.000540149024288894
858.8367386218991  0.008048554465862168
858.8740847587284  -0.04144008690467871
858.8779404156145  -0.04680135405751251
858.8943762886815  -0.06905418886209524
858.9220037402124  -0.10497541868625504
858.8032612216674  0.05225804858701544
858.8417534971636  0.0013880615151471432
858.8389404605356  0.005139849331122548
858.8471593015744  -0.006067622351606516
858.8724009239102  -0.039783430125352126
858.9218398217184  -0.10537448784313597
858.9230204801212  -0.1062087243275176
858.8312876529169  0.01543021859122895
858.7919028823171  0.06776369000310467
858.8436146910914  -0.0011663987396826059
858.8449989057158  -0.0031471662984650095
858.8838301805037  -0.05457301895303246
858.8846755525111  -0.05565602906924916
858.8007543538599  0.05591706623361503
858.8428195613938  -1.4921905453491036e-06
858.8406480199501  0.0029732572902982923
858.8627401723297  -0.02666359105138305
858.8434762829237  -0.0013432295670341432
858.8822876870163  -0.05242037142813594
858.8846024282294  -0.055900056168091794
858.7990583071504  0.058451269219958135
858.8408061268876  0.002677998365623324
858.8449483501327  -0.0027787993139902767
858.8522433128309  -0.012745226344584637
858.8582053567093  -0.02036133472936008
858.8575021214114  -0.019526985913604022
858.8261953558691  0.02202898051582558
858.8377316780717  0.006731509424765747
858.8505748702806  -0.010443707827409554
858.8341474971297  0.011606354081909132
858.8416708096596  0.0014086313481982415
858.8436691723874  -0.001020738299722268
858.8408038310558  0.002717729883544351
858.8439220688556  -0.0015268739645293294
858.847062306032  -0.005658813699303877
858.8439294701476  -0.0015123712329767613
858.8452020448776  -0.0031269958861042113
858.8465896702493  -0.005055693847319631
858.8381600726096  0.0061825345479871174
858.842507621917  0.0004177418826447621
858.8415718039895  0.0016754438526866977
858.8446477787497  -0.002452284999780119
858.8449412493965  -0.0027774086363745454
858.8457283031103  -0.003866920647324079
858.8471066110733  -0.005724131615144401
858.8389700073734  0.0051165446660572655
858.841247352189  0.0020976426408925164
858.8431112077976  -0.0003713464148304979
858.8445546656516  -0.0023204545998485315
858.8410484055005  0.0023645806078178566
858.843952786299  -0.0014941416492710857
858.8409408975779  0.002488467415682649
858.8432907447376  -0.000631427062756984
858.8427846223906  5.244388318459414e-05
858.843587644166  -0.0010181230799037877
858.8430859287296  -0.00035477546164131013
858.8421672345218  0.0008658665529619469
858.8432190915847  -0.0005435427185531694
858.8427329252959  0.00011328162722001878
858.8424730170051  0.00045760311053122393
858.8428243274926  -1.8813779540494124e-05
858.8435907709388  -0.0010318898556747058
858.8436477552219  -0.0011029485124041116
858.8427833324399  3.833454979940143e-05
858.8418220844044  0.001327701683660365
858.8427960523424  3.018944846999716e-05
858.8426746465035  0.00015781345041254724
858.8426957888322  0.0001455587494358923
858.8433867535182  -0.0007664271308769344
858.8428488103368  -4.141749946739992e-05
858.8428708762383  -6.888991807407763e-05
858.8435966708662  -0.0010276358197103264
858.8427398193237  0.00010582243197099217
858.8427255251913  0.00012523436190292614
858.8429233381247  -0.00012842228520426602
858.8429253152095  -0.0001525863004410155
858.8429758809518  -0.0002082520932162879
858.8436635310518  -0.0011262065163712975
858.8426231899575  0.00026993589390222894
858.8416521088543  0.001539739052558886
858.842859558265  -5.312572358384671e-05
858.8431414021643  -0.0004306013178787538
858.8432037705867  -0.0005081575095005064
858.843250708868  -0.000578722415685462
858.8424190090645  0.0005323936016168318
858.8426388303018  0.00023700673886395407
858.8428476916872  -3.66793903694429e-05
858.8429833988703  -0.00021984137874753173
858.8428599091292  -5.5472802133138543e-05
858.8427967541453  3.140442398041898e-05
858.8427931157636  3.189461241603908e-05
858.8428171956654  1.6386095005316292e-06
858.8428100984803  1.1031009432116434e-05
858.842821542253  -1.940435597092005e-06
858.84284931199  -4.322774588416678e-05
858.8429825144879  -0.0002178240623678107
858.8426541962339  0.00021799150649393084
858.8428083953332  1.1037282602543996e-05
858.8427580660915  8.238673146365727e-05
858.8428688861941  -6.814279183764427e-05
858.8428979328918  -0.00010508041178169947
858.8428261009832  -1.0282186579502195e-05
858.8428005163477  2.390903736859684e-05
858.8428275362867  -1.2349153506008292e-05
858.8428181556518  3.809191202464035e-07
858.8428139384266  6.000247578796802e-06
858.8428470298495  -3.8246763427451924e-05
858.8428501123093  -4.2819024367091174e-05
858.8428530137753  -4.485110754615107e-05
858.842905951124  -0.00011690154431853728
858.842779860299  5.186352632868818e-05
858.8427440527893  9.92448553187586e-05
858.842834266042  -2.07691622495787e-05
858.8428343149374  -2.1538907819973474e-05
858.8428451019489  -3.528769027560941e-05
858.8428579206688  -5.244254416858496e-05
858.8427988759138  2.5672332711224044e-05
858.8428187525021  -4.1504971726169515e-07
858.8428163258261  2.816372569824921e-06
858.8428226355389  -6.056448205171705e-06
858.8428239255687  -7.096011691132276e-06
858.8428425436721  -3.223235119165224e-05
858.8428600627936  -5.5341335691849736e-05
858.8427905982837  3.71355220973868e-05
858.8428177834394  8.616907454239708e-07
858.8428261149668  -1.0419395250593766e-05
858.842834288802  -2.0929244122669388e-05
858.8428026908355  2.0785632234066043e-05
858.8428327645427  -1.8916430976290144e-05
858.8428026492719  2.0851003103672383e-05
858.8428224086686  -5.2398382663909615e-06
858.8428230746068  -6.194534408976438e-06
858.8428185432099  -2.702922685671183e-08
858.8428179153348  1.1370317949399578e-06
858.8428178955924  9.001734593283572e-07
858.8428185569582  -1.2596580489798725e-07
858.8428202685163  -2.100183163378233e-06
858.8428219536945  -4.446867007956712e-06
858.842814333846  5.239756443842225e-06
858.8428185204234  3.3500370477668184e-08
858.8428193627022  -1.264565961278663e-06
858.8428224890152  -5.246585649487656e-06
858.8428144514386  5.383258690372372e-06
858.8428172068069  1.712267525988409e-06
858.842816631667  2.4405373793001672e-06
858.8428221113503  -4.746720771109381e-06
858.8428193958599  -1.1174030110083777e-06
858.8428176382712  1.1316696575391916e-06
858.8428203334297  -2.4272483027942826e-06
858.8428180268085  5.081998324385495e-07
858.8428182790371  2.607706690582745e-07
858.8428184872295  4.8103144578703905e-08
858.8428194548086  -1.2565774998307688e-06
858.842819110172  -7.730376427872443e-07
858.8428187263918  -2.494683961629107e-07
858.842817306314  1.5316498451767302e-06
858.842818944053  -6.901869351594314e-07
858.8428176956214  1.0809159860514228e-06
858.8428185633669  -1.606467812109713e-07
858.8428186937147  -2.3750792799148712e-07
858.8428188947058  -4.854659660935567e-07
858.8428183610121  2.2486251793907286e-07
858.8428177464665  9.244066827562847e-07
858.8428186439922  -1.6830330196171417e-07
858.842818540457  -2.3749430866359944e-08
858.842818532197  -1.3909939866607601e-08
858.8428185074164  1.56084372093801e-08
858.8428184715584  6.762164517226665e-08
858.8428180129278  5.71083830891439e-07
858.8428185769889  -7.473494711973672e-08
858.8428183179038  2.771050500172123e-07
858.8428182825297  2.1146076534250824e-07
858.8428185970962  -1.0181086551597218e-07
858.8428185599911  -5.2684056228713416e-08
858.8428186006583  -1.0288806784330973e-07
858.8428184980637  3.3146610789458464e-08
858.8428180543474  5.183171971623324e-07
858.8428182540182  2.473605906772036e-07
858.8428184839364  5.012504544765761e-08
858.8428185531568  -4.274594722630809e-08
858.8428181535552  3.8442336958155465e-07
858.8428185473681  -3.399921588709276e-08
858.8428185246645  -4.067860714940252e-09
858.8428185020679  2.5459071295586e-08
858.8428185459538  -3.0139338136336846e-08
858.8428185617993  -5.4336371846375187e-08
858.8428185716368  -6.860087253812708e-08
858.842818135699  4.0963401382043685e-07
858.842818531178  -1.3406749488353853e-08
858.8428185321764  -1.512968594852282e-08
858.842818541031  -2.57550762938763e-08
858.8428181474117  3.916048161300978e-07
858.8428185287215  -9.75484937271176e-09
858.8428185315584  -1.3680137911364909e-08
858.8428185317066  -1.323965115318515e-08
858.8428181490787  3.900854146365873e-07
858.8428185242612  -3.748935384351171e-09
858.842818523051  -2.7924134116119603e-09
858.8428185194215  7.680611702198803e-11
858.8428185288897  -1.0571861608354993e-08
858.8428185364269  -1.9998175559976517e-08
858.8428185378317  -2.3527977788262433e-08
858.842818143387  3.971544053626985e-07
858.8428185259631  -7.102006094328317e-09
858.8428185279101  -9.257814070906534e-09
858.8428185317863  -1.440371022454201e-08
858.8428181494752  3.888298945042834e-07
858.8428185212993  -5.217959397896266e-10
858.8428185160423  6.290639120720698e-09
858.842818526445  -7.791678413582304e-09
858.8428185276347  -8.585303135077993e-09
858.842818529741  -1.1856501558327182e-08
858.8428181544787  3.8257282319875685e-07
858.8428185227835  -2.5587247876046604e-09
858.8428185238561  -4.1374690340489906e-09
858.8428185250173  -5.39216138406573e-09
858.8428181524666  3.8501737620322274e-07
858.8428185220212  -1.3741736637484792e-09
858.842818522846  -2.5797497471558017e-09
858.8428185229714  -2.8559448139731103e-09
858.8428181543673  3.8257432422028614e-07
858.8428185211895  -3.325553166177997e-10
858.8428185208601  2.3527135795120557e-10
858.8428185215714  -7.776232990863718e-10
858.8428185225623  -2.1312640541282235e-09
858.8428185227365  -2.4970852052774717e-09
858.8428181532666  3.841986906394368e-07
858.8428185218218  -1.1406076083630978e-09
858.8428185218662  -1.2524363768307012e-09
858.8428185218677  -1.2767902290988786e-09
858.8428181550508  3.816857940819318e-07
858.8428185209958  -9.691802915767767e-11
858.8428185204143  6.100062677205642e-10
858.8428185211187  -2.438333979171148e-10
858.8428185213985  -6.7689676086502e-10
858.8428185218393  -1.2171721408549274e-09
858.8428181545495  3.824203069768828e-07
858.8428185209552  -4.972733336217061e-11
858.8428185208336  9.173284354346833e-11
858.8428185210232  -1.8450840855166462e-10
858.8428185214084  -6.415170616946853e-10
858.8428185219697  -1.4196963604717894e-09
858.8428181553908  3.813102669170121e-07
858.8428185209791  -1.042135266970945e-10
858.8428185213227  -5.345324183281264e-10
858.8428185213991  -6.61279031533013e-10
858.8428181555911  3.8102181143528924e-07
858.8428185209401  -2.4927615527303715e-11
858.8428185208957  4.8556714205005846e-11
858.8428185210186  -1.3529088960240188e-10
858.8428185210481  -1.5897860805580422e-10
858.8428185211527  -3.2929747817433963e-10
858.8428181555087  3.8113117817317743e-07
858.8428185209295  -1.5647927398276806e-11
858.8428185208971  1.3217871241977264e-11
858.8428185210081  -1.2964029849626968e-10
858.8428185210781  -2.0981794079943938e-10
858.8428185211079  -2.751114891452744e-10
858.8428181556601  3.808862345522357e-07
858.8428185208494  1.0046896647963877e-10
858.8428185209956  -1.1474021732738038e-10
858.8428185210042  -1.1587708570459654e-10
858.8428185210223  -1.396998072777933e-10
858.8428181556093  3.8098672305864056e-07
858.8428185209547  -4.921218987874454e-11
858.8428185209597  -6.02433658514201e-11
858.8428181556197  3.809609854243945e-07
858.8428185209284  -1.623234879843949e-11
858.8428185209254  -1.8886225916503463e-11
858.8428185209161  -2.6405544417684723e-11
858.8428185208887  -4.8968828991746705e-11
858.842818520807  -1.177937747343094e-10
858.8428185205609  -3.2288660634094413e-10
858.8428185198226  -9.386376120801287e-10
858.8428185176078  -2.785657926551721e-09
858.8428185092697  -6.114161621439962e-09
858.8428184830996  -1.458728604575299e-08
858.842818404588  -4.000692754857482e-08
858.8428181690531  -1.162659728493054e-07
858.8428174624531  -3.4504746970753786e-07
858.8428153426757  -1.0314276792655619e-06
858.8428089835687  -3.0908928607686903e-06
858.8427899082595  -9.272206844102016e-06
858.8427327004258  -2.784239509523445e-05
858.8425612393751  -8.378859184610121e-05
858.8420483076187  -0.0002537321318758501
858.840522286642  -0.0007820817832389082
858.8360513787551  -0.0025222691549036114
858.8233898672587  -0.008824503742758338
858.7862923293671  -0.028805716043454055
858.5293985614468  0.1275150139629293
858.7853586910634  -0.02752633110783087
858.7825577535788  -0.023688137702894352
858.7741547387317  -0.012173211233815096
858.7489438933906  0.022374654023144203
858.7681387944332  -0.0031943987934059948
858.7500797407799  0.023759262307034845
858.8428140396318  5.851042148563579e-06
858.8583054957625  -0.02278030070811532
858.7758530341681  -0.013371997896276966
858.7464665220647  0.027796706174685326
858.7571896314681  0.013545836385619126
858.8273457700919  0.022759639995650005
858.7661924864877  -0.0006734450234837652
858.7603534884154  0.0068895435551770134
858.7715894773513  -0.007136908342801007
858.7717189237671  -0.010204686115137918
858.7952914055998  -0.0411665216411663
858.8471168419902  -0.003946293579609517
858.8385288887417  0.0039333900226345975
858.7554190481821  0.013652971546809667
858.7693907935702  -0.004423745670017354
858.7701217174858  -0.006988947774074106
858.7805347062546  -0.020614828457873102
858.8519441363106  -0.012258509579510246
858.8336922217228  0.012259269180193044
858.7652181295384  0.0005174393965017288
858.7663415363241  -0.0009217182241734179
858.7660434141206  -0.00042514104340085623
858.7655961569754  0.000319831228996037
858.7683497069422  -0.003955334577288028
858.7685200889401  -0.0034803754372116913
858.7749762955411  -0.013390363065576949
858.8463094777705  -0.005253222491964138
858.839327965751  0.005252352494714785
858.7656921271478  5.151142271841991e-05
858.7668091153348  -0.0015953410340294738
858.7682030737122  -0.0033693094261071366
858.8449610191293  -0.0032869826022796644
858.7638837395931  0.0025190535245354084
858.8406758861369  0.003286888671347299
858.7656058820917  0.00023279396261166596
858.7658493246686  -0.0002578673386501862
858.7652669230232  0.0002441537039121755
858.7666306206871  -0.0013407553187683163
858.7683840051114  -0.00406391387621774
858.8428820535887  -0.0003328891944907042
858.7650680078057  0.0008250494307588951
858.8427544401941  0.00033338568974627947
858.7659789956639  -0.0004346626913616092
858.7658279503586  -0.0001659693871580714
858.7657637627798  0.00010982152424787728
858.7674990323751  -0.0024029836983903152
858.76775644461  -0.0027696041624913903
858.7687520864316  -0.004489604502790456
858.844781582094  -0.002655193026878777
858.8408547318587  0.0026559535813337476
858.7650728766125  0.0008578537309382739
858.7666914439054  -0.001532309657649833
858.7671528827059  -0.0019991227433209247
858.7676045200834  -0.0027383250028325534
858.8445518090439  -0.0025233734982137435
858.8410846524417  0.0025239208014866676
858.7657318198146  -2.9703690717752806e-05
858.7654434270653  0.00037909513535794304
858.7657999490007  -0.0002208440935689282
858.7662233613911  -0.0006351654469014534
858.7675546865582  -0.0026710260251565643
858.8429056754882  -9.113147964256996e-06
858.8427306594061  9.839174481385271e-06
858.7641367797623  0.0021757574403586943
858.7658304529866  -0.0001665883924193423
858.7661353844753  -0.0006754238093833465
858.7668084150642  -0.0015563464348034017
858.8432422231851  -0.0005650475525698084
858.8423940836977  0.0005658153068761607
858.7656867005713  3.425781555499441e-05
858.7658152193928  -0.00013783634893727026
858.7658860017808  -0.00023310516853314311
858.7660440073959  -0.0004883508545923121
858.8432006911154  -0.0005519527332769059
858.8424356245475  0.0005527081656637733
858.7651820461782  0.0007404846002039278
858.7657823868584  -0.0001021337647912901
858.7658403580698  -0.0001777302868450903
858.7658658002258  -0.00022963929037267405
858.8428642476781  -7.18012787856992e-05
858.8427720624088  7.256465729632566e-05
858.7657269290313  -2.2687783555852548e-05
858.7657122566751  -1.6400549043282808e-06
858.7656682395707  6.150318756859008e-05
858.7657823126755  -0.00011662173396054243
858.7658679482041  -0.00021912903679677243
858.7659049955486  -0.0002796642253688475
858.8428562727543  -5.585517414274932e-05
858.8427800354772  5.6621014971725e-05
858.7656710569319  5.7684898232324144e-05
858.7657277682812  -3.0423074942831363e-05
858.7657660135143  -7.700786710707064e-05
858.7658083965572  -0.00014034704142673604
858.8428326137384  -2.1445998971358904e-05
858.8428036960023  2.2209877355905405e-05
858.765646999724  9.187556024237153e-05
858.7657257680554  -2.2582589199515724e-05
858.7657398810186  -3.996141065343295e-05
858.7657389532794  -4.149500444583509e-05
858.8428265531958  -1.210070727175605e-05
858.84280975748  1.286336573436131e-05
858.7657044738788  9.491302840558546e-06
858.7657146358922  -5.251843123943445e-06
858.7657177772131  -1.0958976234931583e-05
858.7657351659842  -3.427385811427541e-05
858.8428273664445  -1.4057579225124073e-05
858.8428089446372  1.4819706038338154e-05
858.7656985508426  1.7976667228580823e-05
858.7657134311324  -3.963417086083609e-06
858.7657139423308  -4.0002487384782626e-06
858.7657225804659  -1.6454067159443753e-05
858.8428283867775  -1.4314831410899842e-05
858.8428079244566  1.5076760240262388e-05
858.7657119768735  -1.2368596422618339e-06
858.7657111374671  -2.727312953254568e-08
858.7657086192493  3.6014865205657998e-06
858.7657138819263  -4.023955966658832e-06
858.7657209301573  -1.4135464256881392e-05
858.8428171041394  2.143762010575756e-06
858.842819206848  -1.3815103141467944e-06
858.7657108581102  -2.0896801267156206e-07
858.7657100200345  -7.540454625143411e-07
858.7657075057635  -2.3892113443224616e-06
858.765699962551  -7.29411115862888e-06
858.7656773293254  -2.2003426758843148e-05
858.7656093940592  -6.607860486340655e-05
858.765405286563  -0.00019785333722488474
858.7647903015165  -0.0005891839216438655
858.7629205152222  -0.0017259557887072674
858.7570643047997  -0.0047669083082908514
858.7366460947183  -0.00964203373519723
858.6338204888627  0.03735707709096303
858.7562009083128  -0.03760368128334335
858.7585198268463  -0.04293867366568094
858.7622037809607  -0.044912941950148166
858.8511522518004  -0.00989567842855088
858.8344881696877  0.009890504261452548
858.7354463342705  -0.007937963996447195
858.7318466460258  -0.0028251413585813623
858.7210439374944  0.012518820507992245
858.7412312197587  -0.015578655655129836
858.7541093218348  -0.03664047210634713
858.7630492945951  -0.0464087078294213
858.8725112288943  -0.041384329184008806
858.8131364454516  0.041369382365905594
858.7302465817826  -0.0006031645808644015
858.7254523051208  0.006054072307344782
858.7426912759939  -0.018266261712957643
858.7524911333796  -0.030995589673212365
858.8456140246599  -0.006511906344233154
858.7079977466366  0.029795970699321828
858.8400454258539  0.006479036875937538
858.7031536634811  0.036683527932021676
858.7300495542997  9.100965512232051e-05
858.7408992423983  -0.016877003170788996
858.8588619138126  -0.02351976281561896
858.7195682197766  0.015708965630757632
858.8267893712981  0.023499092029476643
858.7377145350235  -0.012171139139475429
858.7254460848279  0.00606323231834871
858.7314537861776  -0.0020082341285156957
858.7357461853775  -0.008970883759509718
858.7394712778781  -0.01359617840821592
858.8475595079711  -0.0063920574598004265
858.8380766473981  0.006393037438421345
858.7224869642276  0.010648335149561206
858.7337597824885  -0.005650248390100643
858.8474467483994  -0.006590468788775894
858.7267324168898  0.004445336661802912
858.7290348069121  0.0009448282891941773
858.8381900517392  0.0065905266138557295
858.7303143250941  -0.0006962930175706816
858.7306494503858  -0.0010781968948734288
858.7307782140829  -0.0013803931483078458
858.7319698299535  -0.003105173568895836
858.8427934667586  -4.3721533829810255e-05
858.8428427991366  4.4540122644320945e-05
858.7287507325802  0.0015676444715122528
858.72994964307  -0.0002250094106841516
858.7290588174228  0.0009094705672314518
858.729941712158  -0.00019351406929679627
858.7299179043755  -9.90056864917932e-05
858.7298463457289  0.0001847205028138177
858.7313655852304  -0.0019989245347673545
858.7331289681657  -0.004236444611736445
858.7340377982457  -0.0059979302769193055
858.8457836987664  -0.0037739891101367107
858.8398525753057  0.0037747937284482447
858.7289700928733  0.0011490453253664157
858.7314959948814  -0.0021896299039401157
858.7316742016917  -0.0024488573561516347
858.8436458900383  -0.0009808711318353147
858.7281615436975  0.0022509314796099744
858.8419904163799  0.000981633612452626
858.730134721665  -0.00039021407254580254
858.7304475790473  -0.0009088719978898041
858.7312394833308  -0.001926924050293266
858.8433405415768  -0.0006502336360831862
858.7285962728529  0.0017289880804867153
858.8422957448682  0.0006510273121485
858.728809038674  0.0014777066387239302
858.7302064061737  -0.0005247948202011798
858.84305828273  -0.0003449475636490007
858.7295108481745  0.000441307622288889
858.729629387749  0.0003268047392861462
858.8425780148712  0.00034572705913582524
858.7299167718553  -9.667549624836624e-05
858.7299133742707  -8.968489098748478e-05
858.7299031813087  -6.871276397646398e-05
858.7298726005365  -5.793579864743492e-06
858.7297808412578  0.00018298918834602773
858.7309538737426  -0.0013894571036985326
858.7310093199976  -0.0017283442079598643
858.7323007674387  -0.0033450351174000303
858.8444185555127  -0.0021955922209055956
858.8412177396712  0.002196375165150144
858.7272621315117  0.0036033659940493123
858.7300049367473  -0.00019520373731118923
858.7300846221643  -0.00019978489017269396
858.7313004131545  -0.002009260412554781
858.8441558632932  -0.0018872870510051598
858.8414804759956  0.0018880086176036315
858.7282535843378  0.0022298336791788387
858.7301188960153  -0.00033532192194840604
858.7301864427158  -0.0004652605860471226
858.7302579855132  -0.0005141941451789478
858.8432964300464  -0.0006587730694231908
858.8423398767105  0.000659540798888969
858.7289270618782  0.0012916255504595853
858.7299115958738  -6.028552051873248e-05
858.7300163605087  -0.00021803657421415323
858.7300383552857  -0.0002262370990457896
858.8429886309565  -0.00023435471686106268
858.842647677395  0.000235120408083489
858.7296602274513  0.0002834445158335086
858.7299206130618  -6.467356960548898e-05
858.7299865958331  -0.00016788511144660845
858.8428938568794  -0.00010391538827292379
858.7297586044168  0.0001562991535184466
858.842742452884  0.00010467923814871938
858.7298700111555  -2.434149278585096e-06
858.7298622430135  7.644143410701076e-06
858.7299059178356  -5.145270962181314e-05
858.7299665095159  -0.00014127278335784865
858.8428894932572  -0.00010541310937917103
858.729773511827  0.00013640587409291527
858.84274681798  0.000106174987205776
858.7298416852963  3.696813958953271e-05
858.7298903136075  -3.3653590007176604e-05
858.7299042981917  -4.7013531231598904e-05
858.7299324499281  -8.896630112609216e-05
858.842826933618  -1.4341846974019745e-05
858.8428093770808  1.5104471671634201e-05
858.7298613880984  9.777071015903971e-06
858.7298733182205  -4.939557243233139e-06
858.7298667037579  7.169801818918131e-08
858.7298567814412  7.589421416653863e-06
858.729875785129  -9.42824352634375e-06
858.7298806726899  -2.084110079003665e-05
858.7299168836272  -6.791138530459762e-05
858.729926105825  -7.912733502024594e-05
858.7298165237958  6.80549054443702e-05
858.7297974804189  9.966084712509371e-05
858.7298740324687  -8.355913733382181e-06
858.7298847791326  -2.1816783293715503e-05
858.7298552430407  1.6948666125671252e-05
858.7298598284955  1.0568902714780393e-05
858.7298593749032  8.499499037029068e-06
858.7298801938147  -1.54371986660351e-05
858.7298577925587  1.2973938433802346e-05
858.7298756148987  -1.2830465736968222e-05
858.7298633607651  7.230958424031542e-06
858.7298763846674  -1.063744470286565e-05
858.7298766614794  -1.209916842981329e-05
858.7298636376378  5.769154489243533e-06
858.72986420592  5.523454911227077e-06
858.7298729424868  -6.675345415985134e-06
858.7298711044746  -3.4633273759965277e-06
858.7298652139541  1.6744224815568032e-06
858.7298681935407  -1.530999561794033e-06
858.7298726628857  -6.339085533824118e-06
858.7298677905424  -1.2372478241928775e-06
858.7298665814862  -3.559121051210923e-07
858.7298629542988  2.288122054494579e-06
858.7298736530691  -1.3485383671962836e-05
858.729886792987  -2.450367090744976e-05
858.7299173370517  -7.145651777129558e-05
858.7299350912044  -9.533143079032413e-05
858.7298160703047  7.160014203577703e-05
858.729770787878  0.00013189792619527907
858.7298695739836  -3.6393520925770417e-06
858.7298796949639  -1.9312272717897372e-05
858.729880082007  -1.7872111751415787e-05
858.7298862845292  -2.8659709730760596e-05
858.7298537124079  1.9455861176354006e-05
858.7298587716629  1.0424432343114631e-05
858.7298698966414  -4.055487794474288e-06
858.7298768673165  -1.4640662255871462e-05
858.7298770404233  -1.5315048369046735e-05
858.7298809819545  -1.996312211538509e-05
858.7298524254995  2.0106599700753236e-05
858.7298595746605  9.191236264527447e-06
858.7298643822226  3.2226787904932053e-06
858.7298644486468  2.6852851959802138e-06
858.7298685437758  -2.6544179778653643e-06
858.7298687142935  -3.3970676600603156e-06
858.7298690252616  -3.079241460923754e-06
858.7298674704343  -1.7921884527538623e-06
858.7298640432349  3.1454419779919363e-06
858.7298681278348  -2.601219904363461e-06
858.7298693969806  -3.7194196469414464e-06
858.7298640105224  3.86283208264615e-06
858.7298691197263  -3.857252179884085e-06
858.7298643897605  2.672279155291335e-06
858.7298668028545  -6.204337754667222e-07
858.7298668503814  -8.192179805632804e-07
858.7298681467286  -1.951919308851302e-06
858.7298663601113  -9.13821356363087e-08
858.7298656959864  7.022078243323904e-07
858.7298663586508  -6.36210195636977e-09
858.7298663542693  2.4869948234140793e-07
858.7298663411242  1.0138861465947002e-06
858.7298676406177  -1.6594628569066572e-06
858.7298728282624  -9.663804686255162e-06
858.7298738148442  -9.804012060854461e-06
858.7298744968435  -1.143762514566049e-05
858.7298650679217  2.156861711455349e-06
858.7298661380104  3.025023644909197e-07
858.7298654760893  1.2290942983383957e-06
858.7298672856879  -1.8921141631267346e-07
858.729871300372  -6.117261186489031e-06
858.7298777515235  -1.6147744345218484e-05
858.7298778982204  -1.5906222428085925e-05
858.7298609756476  6.722267555048234e-06
858.7298655807997  4.222688154698062e-07
858.7298661291056  -1.0947229789337598e-07
858.729866102385  -1.3453867140356124e-06
858.7298660221488  -5.0530218889122125e-06
858.7298657809137  -1.6175151385411368e-05
858.7298650527224  -4.9534875293133496e-05
858.7298628277541  -0.00014955403299410364
858.7298557887342  -0.0004490705587461008
858.7298313795342  -0.001342729406083265
858.7297281153564  -0.003979091024126191
858.7291370547094  -0.011470573543277851
858.7245422369393  -0.02976042585639327
858.6780241493524  -0.03620138403012163
858.7298658027668  7.480309633933757e-07
858.103250549401  0.5861643514981516
858.678300964931  -0.03626061182662177
858.6777457592533  -0.03613984285808236
858.676901502128  -0.035941806882631155
858.6742864857803  -0.03522630849289321
858.6654797419459  -0.03166153133247995
858.6320266720804  -0.010592497930895561
858.4616156691428  0.15586431532020129
858.7504577653468  -0.17637077003935708
859.3914129913231  -1.010427650050163
859.215165657924  -0.8558422522563802
859.9960858428607  -1.754789328180486
857.4319680774751  1.80340673517982
857.0259197001799  2.2159144167387694
858.4615712635695  0.15592333225404786
858.7759811883283  -0.23286285043398536
859.0113570043221  -0.5100320254235697
859.1616425622732  -0.6152072603156711
859.0412791472456  -0.5853680938180155
858.2880273625008  0.6303568982550818
858.1865419136517  0.5995160585235979
858.7384023033146  -0.14366543286937095
858.7607642603565  -0.18686569051808632
858.8945053019984  -0.21878965387373484
858.4633836833984  0.2303305674059004
858.5652286281919  0.21880920640420953
858.5574464607057  0.069814067914022
858.6373395064347  -0.01812571562001075
858.6556516921171  -0.03369764030796496
858.773286109178  -0.06174264941157226
858.7708503905833  -0.20309034686617444
858.6863539206101  0.061882208246192505
858.4628034451872  0.21471927063968188
858.6479756777464  -0.03504453730747059
858.6691494231499  -0.059349551401091105
858.6784596311487  -0.07449429764057491
858.7622176810607  -0.046349152209444355
858.6974509299573  0.046445433706351125
858.6007499048427  0.0332667841342964
858.6331366815627  -0.010426390986618017
858.6475084198538  -0.03215404419520773
858.6552776430291  -0.04245436343914477
858.7449144095157  -0.02132826453577863
858.7148078746368  0.021343935414636306
858.5921326325739  0.04274145574257382
858.6267763928528  -0.0027955619451027758
858.6109377009514  0.02072498790444044
858.6399642130494  -0.02102483139807454
858.7298187403367  -0.0011121564533915773
858.6197223451062  0.0071161282999394615
858.6192958489785  0.008791317848597657
858.7299056185375  0.0011245200573224423
858.6317653270223  -0.00984878465571093
858.6263261295616  -0.002105388986723966
858.6249714625944  -2.9161401222665972e-05
858.6208975371626  0.006214169862387209
858.6301940031168  -0.007793482040177935
858.6429076537876  -0.027134634456144724
858.6468967810675  -0.03111118015362102
858.7553327747165  -0.03807371917118019
858.7042978616456  0.03822612328191788
858.6242262638782  0.001059782543077148
858.6286964338592  -0.004923611283128793
858.6367072285047  -0.017264326656453832
858.7302489590581  -0.0011545765943825614
858.621246407883  0.004865419483037314
858.7294809191859  0.001158742012417946
858.6131771104435  0.017292549273669522
858.6287228813275  -0.005781537863173369
858.6316429225658  -0.009715747635839378
858.7378322315205  -0.011645385859170077
858.6205579608994  0.006258355624202849
858.7218936977413  0.011655490604219665
858.6249112106645  6.258669504255465e-05
858.6255710531133  -0.0007941615687290238
858.6255614333837  -0.0009340731594704721
858.6274514946582  -0.003653480758751826
858.7314693177942  -0.002327349231411091
858.7282627329467  0.0023282906753028243
858.6212986282811  0.005269858409434391
858.6259244580871  -0.0014599268603294746
858.731150630825  -0.0018988029165729614
858.624374670359  0.0007902257995766604
858.6237272414813  0.0017887171113617484
858.7285814336074  0.0018997236741586931
858.6249803367804  -4.1217561111750456e-05
858.6253931746774  -0.0006717471155539556
858.6257118989963  -0.0010953180138599805
858.7297908313175  0.0001323734609837146
858.6245496032963  0.0006136415097337533
858.7299414373201  -0.0001317577545680848
858.6242308795885  0.0010372119283950099
858.7300091431583  -0.00020094530207792616
858.6248827685174  9.416088650482379e-05
858.6247841147235  0.00025268130903199904
858.6251587869143  -0.0003109693588836393
858.7297231315498  0.0002015521685478916
858.6251016190338  -0.0002179908035238043
858.7297369332331  0.0001932024427393486
858.7299953401659  -0.00019259353710232574
858.6249642492453  -2.0452624884370607e-05
858.6249426090975  5.67385153971145e-06
858.624851321901  0.00013396447564240077
858.7296737618032  0.00027177166186298507
858.7300585127529  -0.0002711644548405445
858.6248763969035  0.00010342035521837545
858.6250464854563  -0.00014617239100722657
858.6249654346392  -2.1978268422984115e-05
858.7299367841285  -0.00010417924563377312
858.6249703175886  -3.168622590976611e-05
858.6249179530956  4.179935531212209e-05
858.62501054527  -8.270443832003593e-05
858.7297954910979  0.00010478540819924831
858.624964188564  -2.0340291614573403e-05
858.6249640065199  -2.000329150142477e-05
858.6249634603864  -1.8992288746133568e-05
858.6249618219753  -1.5959265299514414e-05
858.6249569066464  -6.860054039492525e-06
858.6249421597998  2.0438847750270384e-05
858.7296168538735  0.00034375093460070616
858.7301154211257  -0.0003431443917900623
858.6249766141486  -1.244872317762713e-05
858.6249371898722  -1.2577195072083214e-06
858.6248779841133  1.5631021327067174e-05
858.6252970800219  -0.00047215815129497685
858.6255343074042  -0.0008769451492351976
858.7300364195863  -0.0002575417398329449
858.6251479290985  -0.00029831111524636356
858.7296958492376  0.00025815719421906635
858.6248914251012  5.978057379429913e-05
858.6250658355875  -0.00016709625480793022
858.7302376138756  -0.0005230846725154947
858.6251956187562  -0.00035852202491248875
858.6251486721737  -0.00031516877158921375
858.7294946566403  0.0005236978926426161
858.6249310437453  7.327474859764038e-06
858.6250330987444  -0.0001431257744179959
858.7298109703537  9.336515975988391e-05
858.7299213034511  -9.275685697929248e-05
858.6250503500127  -0.00016807319805955956
858.6250253884622  -0.00011929849910252699
858.6249169347367  2.6139549740733514e-05
858.7299061737377  -5.748868115951211e-05
858.624881401831  7.876578229648601e-05
858.6249564031065  -3.500663475186627e-05
858.6248597299982  0.00010683658453558564
858.7298261020283  5.809404138545915e-05
858.6249383302048  -2.8013880761790233e-06
858.7298579286041  1.3034859492222495e-05
858.6249373201907  -1.7356873396323635e-06
858.6249370594884  -7.796660490555496e-07
858.6249366683236  6.54512650299921e-07
858.7298330241408  4.580372248419451e-05
858.6249390665837  -2.8528013515938255e-06
858.6249684116863  -4.573156879672524e-05
858.6249742583583  -4.964943301111191e-05
858.729899251731  -4.519852075901554e-05
858.624928840272  1.0050269690253799e-05
858.6249404585903  -5.714429184067171e-06
858.7298795657948  -1.7106576139624963e-05
858.7298527102212  1.771158724928057e-05
858.624948034369  -1.700790247305406e-05
858.6249538459944  -2.3132734728648074e-05
858.6249160182398  2.7852680977602517e-05
858.6249479129127  -1.5575153168967404e-05
858.7298642720917  1.8679372821850393e-06
858.7298680039248  -1.2629261743057896e-06
858.6249437323586  -1.016743476967008e-05
858.6249370896169  -1.6412510959185056e-06
858.6249366963415  -2.7174998784573745e-07
858.6249356069001  1.2519987571124602e-06
858.6249428774515  -8.194191400079376e-06
858.6249433487725  -9.934093135655075e-06
858.7298605991492  7.276692384650119e-06
858.7298716768712  -6.671686961112755e-06
858.6249446788153  -1.1286584038927572e-05
858.6249364615767  5.2887983770233404e-08
858.624935757283  1.0268017174297484e-06
858.6249395990533  -4.9508753718896514e-06
858.6249397959505  -4.439051750182443e-06
858.6249434827951  -1.009955695252529e-05
858.6249470766621  -1.4371292802906055e-05
858.6249294403436  1.0205354673331613e-05
858.6249361598524  4.5883916932609736e-07
858.6249370934539  -4.582310833001202e-07
858.6249374331385  -1.3148620450209592e-06
858.6249389417301  -2.9897173856596737e-06
858.624942435309  -8.227212184408472e-06
858.6249358296968  5.640106284232616e-07
858.6249279751842  1.1444795976700561e-05
858.624937636118  -1.420162055509877e-06
858.6249379547461  -1.9095735801499814e-06
858.6249380264425  -2.108499526087826e-06
858.6249385881305  -2.9501664204900635e-06
858.6249349684069  2.015349792827692e-06
858.6249365454757  -6.097630311785451e-08
858.6249360928795  5.713437651877484e-07
858.6249366664753  -1.6826512805323546e-07
858.6249375096124  -1.4289547127788182e-06
858.6249379130068  -2.0426760709568725e-06
858.6249379715543  -1.9247464795313363e-06
858.624936256677  2.7404175817480336e-07
858.6249356419798  9.375027705260663e-07
858.6249388803963  -3.045204064022755e-06
858.6249390398901  -3.145264710013862e-06
858.6249391380037  -3.744518297210675e-06
858.6249428593919  -8.780520218465426e-06
858.6249336329581  3.5932882447298198e-06
858.6249326773572  4.95621031681992e-06
858.6249379076705  -2.0344575979436286e-06
858.6249379320875  -1.866689840923641e-06
858.6249380937504  -2.1943072869845537e-06
858.6249381770209  -2.387984389784492e-06
858.6249344196038  2.7423910466950474e-06
858.6249338792734  3.588692115030767e-06
858.624936763072  -3.7315559886508254e-07
858.6249371161771  -9.015689563796059e-07
858.6249373639681  -1.1479840171801925e-06
858.6249361041405  4.2752742146490164e-07
858.6249366099464  -1.7951737518728805e-07
858.6249366620734  -2.28505546928659e-07
858.6249367196978  -3.4856454433906947e-07
858.6249357936568  8.966481708228002e-07
858.6249366220653  -1.7919176364955547e-07
858.624936701111  -2.6970313626861753e-07
858.624936129581  4.593781390838103e-07
858.6249363837738  8.870526535531553e-08
858.6249365151035  -1.3655160557846102e-08
858.6249364239862  1.2830907181182738e-07
858.6249365082817  -7.267067836380647e-08
858.6249372630947  -1.1128079506761424e-06
858.6249360878671  5.189040166442282e-07
858.6249362131157  3.4185820396714917e-07
858.6249364810739  -5.294349847417834e-08
858.62493639945  6.23853502190741e-09
858.6249365927076  -2.3416163585920913e-07
858.6249367852029  -4.6060162794958615e-07
858.6249368777261  -5.84167095141197e-07
858.6249356356284  1.1322508672861886e-06
858.6249364441894  -4.703879952216994e-09
858.6249363335379  1.4001405723718108e-07
858.6249364829913  -6.93671324825118e-08
858.6249367492813  -3.9499504644879835e-07
858.6249362303256  2.92631144205302e-07
858.6249356465294  8.879846689069382e-07
858.6249370531237  -8.46813389188128e-07
858.6249364154836  4.75343711059395e-08
858.624935704803  9.659386677185466e-07
858.6249353723153  1.4329533222223745e-06
858.6249368359655  -5.778987812732339e-07
858.6249365204076  -1.0460187738203786e-07
858.624936463009  -3.106047863354888e-08
858.6249365497226  -1.613835358682536e-07
858.6249361360958  3.6862891583666624e-07
858.6249360721852  4.8642537464616e-07
858.6249365185911  -9.566965886165235e-08
858.6249365409142  -1.414622037287927e-07
858.624935938211  6.493054147682642e-07
858.6249362700696  2.057491990115068e-07
858.624936498341  -7.995469886168394e-08
858.6249365087843  -8.802292406073775e-08
858.6249360101756  5.540500893630451e-07
858.6249361981054  3.0100453152215323e-07
858.6249364478348  -1.0841947784001604e-08
858.6249364668506  -3.646248103450489e-08
858.6249360718424  4.720927275769782e-07
858.624936443567  -4.230004790883868e-09
858.6249364416977  -2.807448495900644e-09
858.624936436091  1.4591812202979781e-09
858.6249364699454  -4.363366556958681e-08
858.6249364967717  -7.624038467213268e-08
858.62493600776  5.588990621419043e-07
858.6249362005212  2.961553313696186e-07
858.6249364540295  -1.976610697340675e-08
858.6249364552693  -1.920057357551741e-08
858.6249361512313  3.633025968952097e-07
858.6249360570496  4.917519103031509e-07
858.6249364437473  -5.835218530592101e-09
858.6249364469951  -1.0669097605386924e-08
858.6249360981514  4.363083423442049e-07
858.6249364464358  -8.941180240640278e-09
858.6249364493702  -1.2923944581189062e-08
858.6249361010999  4.312393055982966e-07
858.6249364447852  -6.764473425846518e-09
858.6249364459832  -8.630317793745235e-09
858.6249361037335  4.28232729277056e-07
858.6249364428977  -4.339060666325167e-09
858.6249364432186  -4.864793012870905e-09
858.6249361025588  4.296203872655724e-07
858.6249364407089  -1.4603500630983035e-09
858.6249364377417  2.5815101167836474e-09
858.6249364421949  -3.442538698550379e-09
858.6249361039506  4.277414387132694e-07
858.6249364409138  -1.6999806007333973e-09
858.6249364415909  -2.6655673224240672e-09
858.6249361033093  4.2864199301106964e-07
858.6249364409455  -1.7757582071453726e-09
858.6249364411243  -2.0129125033463424e-09
