 Dim = 2
2045.668837714455  -5602.830801241599
1348.957169326665  -3877.940814177506
24.366258829344137  2572.942467595077
1348.9567939049714  -3877.934292416688
1348.9567959882338  -3877.9337685069854
3205.398769476879  15062.13784144587
652.3932327627091  -1608.1968470328684
2097.3247133829373  -5717.982229636161
2097.322063571237  -5717.975614796284
2097.318766180011  -5717.958743833401
259.51769983442597  305.71779744292485
575.6301990954751  8442.539886772724
1108.1308147797397  10328.819938828748
2045.667976855911  -5602.820371974919
2097.326471325287  -5717.985819338611
2097.328892670781  -5717.990151580314
2097.318702088691  -5717.955501555786
22.715078819938682  4541.312946888401
2025.1328863826543  12705.433790910449
1348.9590050866852  -3877.9501689087333
1348.9613776171032  -3877.95716615976
22.71728791839021  4541.296546486653
652.3929334907556  -1608.1904835594323
22.715142911258916  4541.309704610786
259.5179991063794  305.71143396948867
171.9702319482496  6235.124468048223
1348.9575714154346  -3877.943692944396
2045.6682761278646  -5602.826735448355
24.36764002634083  2572.929393511938
652.3929975820759  -1608.193725837047
652.3937089179566  -1608.2004079968428
22.715378091892127  4541.306583414965
381.4490080616744  -388.4670437685803
914.7826836513924  -2562.538927602435
914.7832318065797  -2562.5473542277077
24.367034256545075  2572.9325431576663
24.36632292066437  2572.939225317462
103.72698580302188  1507.93711317036
931.4017035359808  -2618.0338023379854
447.80333714426416  -719.3375932958551
570.5952095150152  -1272.414297987876
281.1117428498604  172.43573087356285
206.69418774664257  657.2916563593121
111.05491482151962  1436.182919139334
357.5427598061287  -262.2770750136643
864.618422993199  -2391.9022557922513
281.11227665913736  172.43252739473502
357.542154036333  -262.27392536793616
357.54137860913204  -262.26400093052564
698.8619066362106  -1789.5932891898246
864.6128628550545  -2391.888338411174
281.11652583758416  172.41895780070004
92.51084459569114  1622.8660491094483
281.11503961934307  172.42268134626576
357.5435877075835  -262.2804013322734
698.8618940537576  -1789.5915033777226
698.8672251966688  -1789.6167030758581
281.1213852767629  172.40950747430807
698.8637809779365  -1789.6066990536826
864.6120349535996  -2391.885012092565
281.1113318005549  172.4396758505441
698.8686717806756  -1789.6198534318366
698.8679053480041  -1789.618231458097
36.389295224440914  2350.643078786723
478.9657212292948  -866.2089619269819
548.261874392314  -1176.6147349791727
315.65944672254636  -30.544641492711737
315.6537347002534  -30.52427688577351
315.65343542829993  -30.517913412337364
315.6636260103898  -30.552563436865043
698.8720846358475  -1789.62615340225
36.37910464235106  2350.6777288112507
323.4364904516391  -74.69129556390641
513.6976216491938  -1024.4104364593732
241.65416991238428  420.2554970112568
164.54485713149853  971.6706671288707
308.50715379902084  10.54774599501034
398.46761215176764  -475.8857774561884
466.2675168226438  -806.9611389543703
507.44910933834524  -996.343793429891
164.5474431868435  971.6604783257828
87.68099743389718  1674.5715102861302
334.69039423206357  -137.6384709101189
384.7155917856388  -405.3775345970144
315.6556445267515  -30.534313814085134
215.9311663480693  592.8600761344443
327.2556454714942  -96.17748961251262
342.5396994975088  -180.8897585521914
342.53552020966544  -180.88183660803813
305.0149208851503  30.752492452262047
286.3810508175824  140.73055830282797
327.2655367816306  -96.20577616360416
331.9723871703519  -122.53067930812469
289.8288407037283  120.1120724496415
299.0852014839704  65.36497019015808
312.5675402988683  -12.829240069932249
327.79565461701213  -99.17759034333722
323.444259688235  -74.72161334673119
271.9361506793437  228.45132944148145
299.49958012392796  62.95299738199195
326.3462646939003  -91.04667080093851
320.42442671914245  -57.6366933428767
327.26473469129576  -96.20440453560144
321.76574044295603  -65.23583414062776
304.31822461615127  34.826594226411764
279.2033258478658  184.0356277280386
319.7862147359423  -54.01764857990708
311.0882145891937  -4.33190437986952
319.0618410304068  -49.91331243723192
309.8264067535832  2.93558956959034
320.5098869057379  -58.12776343415069
327.26544268086843  -96.20561811002277
301.49309616657024  51.295385298257855
289.5176929011949  121.97693605281
313.478524035481  -18.05318079709653
321.3128828439735  -62.6687764959532
328.3093157923503  -102.05788125455537
329.23120545747895  -107.21317306218073
292.27900593876893  105.54715961487139
282.33820010945766  165.0544631555125
310.50164533218054  -0.9543007334389618
308.5453576063608  10.327079498587633
312.94949578682423  -15.020449357239697
314.6383093202397  -24.69777113991834
316.9155252257602  -37.694280985442724
307.8363493295209  14.419592335948028
299.0668541851994  65.50060494308147
309.9068271688102  2.4720842920867394
313.07659201999303  -15.74928082087092
306.2635007132289  23.530533834427878
311.02449393280136  -3.965351961317312
308.3555095822673  11.42378296050642
312.72858569687  -13.753291437716154
313.21400547920564  -16.53875352335768
313.8507948856399  -20.185743849797785
306.9357678781616  19.63541220561223
303.6975533647946  38.43815769588616
311.80550334917245  -8.45356851048678
310.8833947989831  -3.152563147586624
312.3348615623119  -11.494613027071475
308.61187130008005  9.942926727750283
309.30036398201213  5.968936475990318
310.5722741692032  -1.3614125471743355
310.6159644518828  -1.6124474071373356
311.15980995844484  -4.741824401326461
309.47107795188566  4.984257380990963
310.27069592098627  0.37566800439100345
310.84061217521577  -2.9054141869757113
309.911641811163  2.4441452323552633
310.13535485982686  1.1552648564311294
309.48776338271375  4.888030298493147
309.9310486314347  2.3317228603595286
310.38912064990086  -0.3063664805733001
310.0945347245116  1.390460586101851
310.62266393012976  -1.6513390687573417
310.419941307508  -0.4838481975260189
310.8679013371161  -3.062637182212472
309.8987975940804  2.5183602642290266
308.61627804118996  9.91722679580183
310.02444387281946  1.7917552084100388
310.6444107724758  -1.7770407998808793
311.06146157189863  -4.176087084682202
309.6795906949482  3.78095525981178
309.66611105567665  3.8596377299207236
309.86307696560664  2.723498038329641
310.23450280344565  0.5763050308644255
310.71938566269637  -2.210428171852292
310.3919999648165  -0.3231389132662521
310.38594580451667  -0.2880835339108561
310.3754886673733  -0.22786347376606061
310.34678499030076  -0.06256089960984806
310.2624522396703  0.42315005329602207
310.71940771484077  -2.210466363450196
310.9328510957701  -3.4363539753582013
310.1791679447976  0.9005372968500218
309.7852141224727  3.1730277320268576
309.2429122184153  6.2976687901345985
309.2796326155791  6.088533611645715
310.4780289203474  -0.8185149721982355
310.7920604366565  -2.626012773559686
311.02496744015434  -3.966155143721641
309.5918930608488  4.287559298306554
308.959863823147  7.933755131159213
309.09641105033796  7.145606227392996
310.1966014970684  0.8024605536108651
310.840602582476  -2.9053981083019744
310.8947655410753  -3.2170256262756225
309.84037373025376  2.8548945233693117
309.4249170960226  5.250459848865784
310.62484330518004  -1.6653110028392686
310.534423708344  -1.1451706853904393
310.8810963292101  -3.1408139833747524
310.68837806637396  -2.0292772137022843
309.977866871278  2.062503421872629
309.7470720947183  3.390602539506499
310.39613959890954  -0.3467860919714377
310.901614757277  -3.256564683744177
310.6603459437152  -1.8679234821125954
311.0249742239876  -3.966166513520608
309.5918637764581  4.2876084064831925
308.99332209912325  7.740639881632688
310.85718429700745  -3.018906251611013
310.3010339008974  0.20093239673682867
310.401098598297  -0.3833573991915521
310.3958162242173  -0.345115336312282
310.92856731473034  -3.419290662690065
309.42044547526694  5.26856970873404
309.9953686478252  1.9618425938580384
310.40386193047533  -0.39125570337063803
310.95323207707344  -3.5534465941083266
311.0249702480066  -3.9661598501801705
309.48136244743716  4.92494503062178
309.60231631493656  4.227458442482976
311.3264797173128  -5.700242416035742
310.1829203155167  0.8812713346728845
310.52828941196816  -1.1078955843564207
310.3990629336541  -0.3636203940819916
310.1541157920615  1.0470146406418874
310.1522238758222  1.0581052518037288
310.4431258280568  -0.6173511743247356
310.8391569303253  -2.8972312252791204
309.59186025473593  4.287614316964349
310.15101121266537  1.0648997173212025
310.35127983578843  -0.08844692173053653
310.4149607840433  -0.45516829491224337
310.63539324026493  -1.7243241748481988
310.6860423705749  -2.0158531973664786
309.9222913105113  2.3829631802467355
310.2370413151344  0.5695161532901939
310.16164878039086  1.0038099854220714
310.3796387959289  -0.2518109228195463
310.43083191255397  -0.5466077397737213
310.3159384277392  0.11509093243753221
310.3606765118403  -0.14256220617446053
310.2132070491857  0.706806199357589
310.25746623090066  0.45186882917298443
310.4385903546003  -0.5912827972254135
310.4086132044377  -0.41861598726904803
310.21105232743747  0.7191702946172551
310.36624650989677  -0.1746584351776032
310.27069465358073  0.37567012829287866
310.3860992163071  -0.28896698682591165
310.2503208533196  0.4930123630374279
310.4036347542767  -0.3899475005051597
310.3108663872495  0.14430272413658077
310.3210338574258  0.08574467393895302
310.38293816471787  -0.27076916222092584
310.30585875128565  0.17313427037142043
310.3391306953366  -0.018479031042542116
310.3938692587893  -0.3337120670293599
310.3596685872904  -0.13676717506018624
310.2645476707276  0.41108070599194246
310.28164269623306  0.3126176194667647
310.4056997714674  -0.4018418850049654
310.3647238696714  -0.16587538692556245
310.35727362943817  -0.12296696253604497
310.28564529362717  0.2895640479086237
310.31439611253444  0.1239736813944673
310.3253475186965  0.06090106566695077
310.28537666592905  0.2911112455447908
310.36206553137237  -0.1505631391975493
310.3021806854005  0.1943268381116791
310.3339002140844  0.011644158817772816
310.29387120347394  0.24218612949403834
310.3740894209693  -0.21980548368692035
310.3203344474293  0.08977279229630472
310.37276289460783  -0.2121710313642198
310.3012863961974  0.19947777686424092
310.30259962948935  0.19191460765053522
310.3690409905259  -0.1907323957760035
310.3173600291845  0.10690343706500413
310.33684775157354  -0.005333128475083444
310.34529462985023  -0.05398544268877714
310.36904035551726  -0.19073133165323847
310.3012864881822  0.19947762272165698
310.3236361865443  0.07075709603315647
310.37170364623927  -0.20606644099581825
310.33618513593547  -0.0015171419973672544
310.3332487958887  0.015393392235884016
310.32735889367444  0.04931704126871842
310.3707638380436  -0.20065487818669359
310.3690406851757  -0.1907318840862579
310.3341050497031  0.010462272831949782
310.32988189871  0.03478376475673452
310.3707632783149  -0.200653940207036
310.34429343691085  -0.04821184815929526
310.3601007244215  -0.13924628058917216
310.3078258325164  0.16180756398670135
310.33551666389417  0.002332691779737543
310.3339365363751  0.011432900923129655
310.37033457878647  -0.19818778236123533
310.30158895466104  0.19773557075182216
310.30165905141024  0.19733184950694208
310.35067291422394  -0.08495164344306155
310.33646851170795  -0.0031492131004476794
310.35382705274327  -0.10311846596731356
310.3366919071947  -0.004433810610757524
310.3380065467812  -0.012005032285047533
310.3332015428345  0.015663986026550454
310.33592082003616  5.07870991703005e-06
310.33505262325946  0.005005117365301348
310.3538270097877  -0.10311839398326446
310.33820144756555  -0.013127485394038126
310.3425013859831  -0.03789139364529227
310.32914979675184  0.03899884028413947
310.3358958763099  0.00014873556969567311
310.33828553774964  -0.01361465607236858
310.3392085480177  -0.0189284745689854
310.34297382437177  -0.04061454287353333
310.33342912892925  0.014356129294314242
310.33603903740845  -0.0006757415252150525
310.33555508420267  0.0021114111430007403
310.3400161510209  -0.023579586597154693
310.34166848717945  -0.033097488457658066
310.3428724231631  -0.0400293439107337
310.33156239332186  0.025105122353163284
310.33584294554544  0.00045358603114788523
310.33677209467277  -0.004897060533637566
310.33929439845406  -0.01942384157688444
310.3393395420607  -0.019683949408496975
310.3324116592246  0.020214950678156016
310.3359752042428  -0.0003081194220875029
310.33577580886816  0.0008402208086400603
310.3369611398005  -0.005986760055645041
310.3392943649186  -0.019423785378992035
310.33931370753885  -0.01953487312159433
310.33241169275993  0.020214894480454174
310.3358995521031  0.00012757676744297106
310.336656021265  -0.004229247301057847
310.33727422978933  -0.007789403091135662
310.33732926797177  -0.008106326444756777
310.3338000620225  0.012218877195492014
310.3359394939843  -0.00010245679597972734
310.33583006828974  0.0005277479792643765
310.3366710538368  -0.004315449985838916
310.3372926286074  -0.007895376331081738
310.3359528449282  -0.00017953808549378558
310.3348979729636  0.005895640420903948
310.3359068726582  8.549402216019228e-05
310.3360014763779  -0.0004593282828115365
310.3360278850708  -0.0006114312423815445
310.3367152732409  -0.004570302260381617
310.33581023122895  0.000641882769901455
310.3359280815021  -3.673129808762915e-05
310.33589361029897  0.00016179144763702608
310.3362416845686  -0.0018429189558155507
310.33671096623755  -0.0045454632786036155
310.3360231814453  -0.000584533246750972
310.3358152400452  0.000613227119410014
310.3359138976464  4.4956565258873205e-05
310.3364010963172  -0.002760929264372474
310.336406505953  -0.0027920469720784345
310.33603776128564  -0.000668443243451243
310.3353553020334  0.0032620106086555557
310.3359215556283  8.52682162631041e-07
310.3359019025826  0.00011403900631286323
310.3361630354553  -0.0013899179862399656
310.3361763848201  -0.0014667988071546609
310.3364065088559  -0.002792051836702076
310.3356454946896  0.001590782018413079
310.33592021144057  8.593966302709172e-06
310.3357282516303  0.0011141420929892988
310.33610427233674  -0.0010514624239345328
310.3359280221966  -3.637065037130974e-05
310.33592784427304  -3.528866839052833e-05
310.3359273104345  -3.204233315004176e-05
310.3359257083158  -2.2299858255962757e-05
310.3359208309256  7.068613552648623e-06
310.3359046948981  9.843387225488137e-05
310.33618266948343  -0.0015023694784597717
310.3359383309662  -9.623672228862082e-05
310.336030137364  -0.0006232467989717855
310.3355343662534  0.002231215472202574
310.3360318968209  -0.0006339563158304293
310.3359658352035  -0.00025396984055259253
310.33586909437173  0.0003035583887019931
310.33587668553685  0.0002590761051104763
310.3358845727282  0.00021471029320546328
310.3359430043658  -0.00012257870782348204
310.33597931378915  -0.00033101202310586303
310.3359317548232  -5.721818931221645e-05
310.33589996933017  0.00012507631161014915
310.33592510709406  -1.8836473234511847e-05
310.3359233027762  -8.442561947992477e-06
310.3359178839894  2.2772767974958696e-05
310.33597695927955  -0.000317410048606033
310.33595109396725  -0.0001685921690877494
310.33586703195783  0.00031494380042731973
310.33597520724413  -0.00030821609903656025
310.33592248243775  -3.7176333496542757e-06
310.33592002021874  1.0464084328854623e-05
310.33597613179114  -0.0003127307981706934
310.3359011079359  0.00011928622757640533
310.33588167462045  0.00023062958539132872
310.3359609679737  -0.00022622510065660809
310.3359107932981  6.36256140606542e-05
310.33594942508176  -0.0001588968165243121
310.3359292776475  -4.2804644820360754e-05
310.3359416845873  -0.00011502562427231217
310.335901305442  0.00011742916129571165
310.3359221438586  -1.7680571196172779e-06
310.3359211279168  4.081849853742464e-06
310.3359491019731  -0.00015698468179607336
310.3358995941836  0.00012814704618023878
310.33591142750475  5.9229986695285425e-05
310.335931653232  -5.7348852233189e-05
310.33591683468194  2.8758254899965974e-05
310.33593295015726  -6.40035414502492e-05
310.33592226113507  -2.4243756502131952e-06
310.3359155114593  3.5681162043593034e-05
310.33592758892325  -3.391317117646536e-05
310.3359220344452  -1.1381157889941984e-06
310.33592170618385  7.51829965880968e-07
310.33592136117  2.7584856517430534e-06
310.335932841443  -6.337623226028433e-05
310.3359107143581  6.329458111564365e-05
310.3359323620091  -6.1388280884523e-05
310.33592035034434  8.560525844011901e-06
310.3359207212072  6.422774288191574e-06
310.33593284559754  -6.338319423184607e-05
310.3359325184019  -6.149941051559679e-05
310.3359323077077  -6.032265266705389e-05
310.33591085907983  6.320398559957197e-05
310.3359218232585  7.815285953810536e-08
310.3359211896187  3.7274190282550468e-06
310.33592220258134  -2.087343893682203e-06
310.3359275717778  -3.3047629592837524e-05
310.33593284107957  -6.337562312436207e-05
310.33591606486544  3.326080127263528e-05
310.33592192451977  -5.052252256068646e-07
310.33592159472187  1.3935721111489607e-06
310.3359292294854  -4.2556649955293596e-05
310.3359323715557  -6.065216229594536e-05
310.3359327284262  -6.273962597028865e-05
310.3359112417509  6.099973408758147e-05
310.33592174317045  5.391343289376516e-07
310.3359252930432  -1.9895567942077724e-05
310.33592723113134  -3.106768740984353e-05
310.3359273310167  -3.164808866330804e-05
310.3359164066618  3.1274236762267316e-05
310.33592183670567  4.751771788547021e-10
310.3359232145401  -7.92989449878434e-06
310.335924527315  -1.5499450567932338e-05
310.33592462903675  -1.6083265802331603e-05
310.3359191170211  1.5668317215819516e-05
310.3359218845597  -2.751124857126863e-07
310.3359217646763  4.1524077913634994e-07
310.33592238194166  -3.141528619864803e-06
310.3359225086305  -3.870928809528856e-06
310.3359229670798  -6.508649602068872e-06
310.33592113774665  4.0280400455151855e-06
310.3359218687581  -1.8409821355563905e-07
310.3359218213524  8.894994202660045e-08
310.3359214050001  2.486451143594165e-06
310.33592352221126  -9.708522116604057e-06
310.3359243369671  -1.4400922925868892e-05
310.33592457416285  -1.576381083498099e-05
310.3359191904129  1.524276490597748e-05
310.33592182515156  6.704625403475273e-08
310.33592203077137  -1.116290567388517e-06
310.33592269877386  -4.965253225977517e-06
310.3359229512474  -6.417603448303361e-06
310.3359214985599  1.9468947245783463e-06
310.3359218496309  -7.393975096428584e-08
310.33592179224917  2.565380176032528e-07
310.33592199012554  -8.821173682997674e-07
310.33592284680634  -5.817799536178558e-06
310.335922931917  -6.307130585480464e-06
310.335920682197  6.650291944330228e-06
310.3359218374022  -3.520611680657426e-09
310.3359218007154  2.0773972881499292e-07
310.33592255989936  -4.165458053404653e-06
310.33592280128835  -5.5538270265845235e-06
310.33592291987867  -6.237046591386214e-06
310.3359207277496  6.386120507167331e-06
310.33592181935217  1.0043547065546887e-07
310.3359218607764  -1.3765957492320458e-07
310.33592237860097  -3.1203959176481777e-06
310.3359217814477  3.191286163245488e-07
310.3359217479047  5.113534175572865e-07
310.3359219839166  -8.475129308314899e-07
310.3359220352937  -1.1432955971286962e-06
310.33592210804034  -1.5620677636385416e-06
310.335921494037  1.9739027469871384e-06
310.3359218332294  2.0511632052577777e-08
310.33592183882956  -1.172502331336922e-08
310.3359218848979  -2.769612559364032e-07
310.33592194563965  -6.269203898165432e-07
310.3359216905211  8.422173893157803e-07
310.3359218358433  5.456704654099864e-09
310.33592186056285  -1.368589379185936e-07
310.3359218915214  -3.152232253382514e-07
310.3359218188033  1.035204895902253e-07
310.3359217105484  7.269660923236998e-07
310.3359218366281  9.369016326643553e-10
310.3359218407043  -2.2557771321013442e-08
310.335921864465  -1.5937769392085355e-07
310.335921738657  5.651092528334567e-07
310.33592179069507  2.653748510661469e-07
310.3359218370991  -1.77509579257773e-09
310.33592183618987  3.4614526037146653e-09
310.33592185367286  -9.724538552191575e-08
310.3359218641643  -1.5763603636309576e-07
310.33592173761184  5.711038129768697e-07
310.3359217917405  2.593790012564434e-07
310.3359218366607  7.498117196580445e-10
310.3359218420599  -3.0355279161814464e-08
310.33592184792514  -6.411949914422732e-08
310.33592177549974  3.528995847559835e-07
310.33592175385263  4.775821744774922e-07
310.33592184081084  -2.315619156145754e-08
310.3359218425124  -3.294776782652997e-08
310.33592176168736  4.324497926318227e-07
310.3359218381442  -7.791985827398928e-09
310.3359218398052  -1.7360463108739843e-08
310.3359217619697  4.308272648738398e-07
310.3359218375486  -4.362718183242853e-09
310.3359218381814  -8.008373148654657e-09
310.3359217640535  4.1882654947672515e-07
310.33592183755377  -4.392976513806213e-09
310.33592183764034  -4.892342985590714e-09
310.33592176464924  4.153970109624372e-07
310.3359218368284  -2.163257975529298e-10
310.3359218360163  4.459985041005421e-09
310.33592183696885  -1.0259373003917993e-09
310.33592183736977  -3.3337899454921605e-09
310.33592176443796  4.166128321804463e-07
310.33592183706105  -1.5562363793464318e-09
310.3359218370991  -1.7750991995746368e-09
310.33592176440567  4.1679950536430144e-07
310.3359218368228  -1.8444800894967806e-10
310.3359218368067  -9.158327221592266e-11
310.3359218367577  1.8977940399733662e-10
310.33592183690394  -6.520233138129772e-10
310.3359218370774  -1.6503592104033515e-09
310.3359217644976  4.1626952176909704e-07
310.33592183686625  -4.3480785638649877e-10
310.33592183691485  -7.145532707197866e-10
310.3359217645679  4.158651354148335e-07
310.3359218368338  -2.479684582668007e-10
310.3359218368608  -4.030661290843618e-10
310.33592176462196  4.15553660475243e-07
310.33592183682276  -1.843500525844366e-10
310.33592176466544  4.153030537523694e-07
310.33592183679593  -2.9285667640932544e-11
310.3359218367634  1.5760726057578722e-10
310.33592183681196  -1.2201321897276074e-10
310.33592176467073  4.152726380234062e-07
310.3359218368012  -5.97321879458601e-11
310.33592176466544  4.153030701697924e-07
310.3359218368012  -5.974212791137745e-11
310.33592176467073  4.1527262236232265e-07
310.33592183679593  -2.928370740340469e-11
310.3359217646763  4.152407811000569e-07
310.3359217646763  4.152407771761124e-07
310.33592169758964  7.996941865755225e-07
310.33592183679593  -2.92895846465413e-11
310.3359217478992  5.113852560890975e-07
310.33592183679593  -2.928707970584199e-11
310.3359217479047  5.113534170923806e-07
310.33592174791  5.113229629427618e-07
310.3359217213818  6.64607566182307e-07
310.33592183679593  -2.9284887015368355e-11
310.33592183679593  -2.9286056218991163e-11
310.33592175385263  4.775821748626008e-07
