 Dim = 2
2086.3275678082023  -7743.168473705721 -23087.898005736723 -13513.37494963685 -2771.3850799469033 -3504.054665089512 -912.4420397383992 -5392.173441438126 -1258.423463776516 -1417.7585778178739 -1320.1180684517326
2108.312554573209  -3385.9899188022728 -7707.523625298141 -17578.22620514895 -2984.8070323000616 -3717.4766174426704 -2144.96824302579 -13032.17478611545 -1476.5367577254005 -1635.8718717667582 -1538.231362400617
2075.639138287698  -11412.022268835823 -36170.15133733461 -9447.78382533342 -2494.0025801876864 -3226.6721653302943 221.5672691457446 1628.9796151693627 -1023.7366973891797 -1183.0718114305375 -1085.4313020643965
1851.7087004522268  -14367.315111302749 -48536.01035385486 2757.6437217021385 -913.7147067526721 -1646.3842918952803 2471.2525528915044 15453.829852459687 -125.8180844064151 -285.1531984477728 -187.51268908163186
1947.0631382876986  -8039.941328088016 -24911.72996240278 -9444.159231833637 -2180.661908062502 -2913.33149320511 -261.0638395597214 -1402.7383170778267 -942.5437870104735 -1101.8789010518312 -1004.2383916856902
1681.3351382876986  2076.3014941553974 8863.534162392687 -9433.285451334286 -1240.6398916869493 -1973.3094768295578 -1708.9571656761188 -10497.89211381939 -698.965055874355 -858.3001699157128 -760.6596605495718
1655.2676590092076  -2280.877060748053 -6516.840218045899 -5368.434195822205 -1027.2179393337938 -1759.8875244764022 -476.4309623887307 -2857.8907691420786 -480.85176192547203 -640.1868759668297 -542.5463666006888
1379.881221173735  14996.315741271836 48667.82901502474 6858.7409122120935 2433.11396685233 1700.4443817097217 -1122.5323308757584 -7223.348125334834 904.2243133295324 744.8891992881747 842.5297086543158
2324.9260968446797  -9441.827040524531 -27926.245326321085 -17584.73552335715 -3547.5278291443656 -4280.197414286974 -1278.2229200180998 -7587.587209690881 -1622.349106044358 -1781.6842200857159 -1684.0437107195746
1437.7441797307167  13594.430028835326 45653.31365110645 -1281.8353793114215 1066.248045770467 333.57846062785825 -2139.6914113341372 -13408.197017947892 224.41899429564802 65.08388025429025 162.72438962043134
1463.4721797307168  3478.187206591911 11878.049526310982 -1292.7091598107713 126.22602939491429 -606.4435557476942 -691.7980852177399 -4313.043221206331 -19.159736840470472 -178.49485088182823 -80.85434151568718
1718.8266175661893  9805.56098980665 35502.3299177631 -13494.512113346585 -1140.7211719149207 -1873.3907570575293 -3424.114477668973 -21169.611390743885 -835.8854394445318 -995.2205534858896 -897.5800441197487
2190.2826175661894  -10426.924654680177 -32048.198331827844 -13516.259674345285 -3020.765204666026 -3753.4347898086344 -528.3278254361778 -2979.30379726076 -1323.042901716769 -1482.3780157581266 -1384.7375063919856
1743.8436590092078  -5652.958001495857 -17775.26159297772 -5372.058789321988 -1340.5586114589778 -2073.228196601586 6.200146316735072 173.82716310510932 -562.0446723041782 -721.3797863455359 -623.7392769793948
1348.4572211737352  11624.234800524035 37409.407640092926 6855.11631871231 2119.773294727146 1387.1037095845377 -639.9012221702928 -4191.630193087648 823.0314029508263 663.6962889094685 761.3367982756097
1371.676700452226  9237.251473931876 30272.939270667866 2783.0158762006618 1279.6699981236225 547.0004129810139 -907.1652080467493 -5768.195673270582 442.53228824453106 283.1971742031733 380.8376835693143
1426.3201797307167  10222.349088087522 34394.89227617463 -1285.4599728112048 752.9073736452826 20.237788502674107 -1657.0603026286717 -10376.479085700705 143.22608391694183 -16.10903012441591 81.53147924172515
1721.6746175661892  16549.722871302263 58019.17266762674 -13487.262926347019 -514.0398276645524 -1246.709412807161 -4389.3766950799045 -27233.047255238263 -673.4996186871194 -832.8347327284773 -735.1942233623363
1669.2001797307169  -6638.055615651503 -21897.214598484483 -1303.582940310121 -813.7959869806381 -1546.4655721232466 756.0952408986575 4782.110575535233 -262.73846797658894 -422.0735820179467 -324.4330726518057
1906.352179730717  -13382.217497147112 -44414.057348348135 -1310.8321273096876 -1440.4773312310067 -2173.1469163736147 1721.3574583095892 10845.54644002961 -425.1242887340013 -584.459402775359 -486.81889340921805
1512.0481797307166  106.10626584410645 619.6281513791612 -1296.3337533105546 -187.11464273026982 -919.7842278728783 -209.16697651227406 -1281.3252889591429 -100.35264721917663 -259.6877612605344 -162.04725189439333
1615.4459193699622  -2773.4258678258752 -8577.816720799281 -3334.1962713162707 -763.8366270946239 -1496.5062122372324 -101.48341509776947 -553.7490629270169 -331.1986597616774 -490.53377380303505 -392.89326443689407
1506.1589608129805  -4743.621096137166 -16821.722731812806 4802.755426707462 289.68862186205564 -442.98096328055277 1398.3067740660754 8662.81776193323 267.41374889350095 108.07863485214325 205.71914421828427
1749.9111382876983  -1295.779446592407 -2394.8872125391354 -9436.91004483407 -1553.9805638121336 -2286.650148954742 -1226.326056970653 -7466.174181572202 -780.1579662530611 -939.493080294419 -841.8525709282779
1788.6653986484532  -5160.409194418035 -15714.285090224339 -7406.29671382792 -1603.9399236981476 -2336.6095088407565 -368.7474009742258 -2130.314543109951 -711.6977744679726 -871.0328885093304 -773.3923791431894
1631.513398648453  1583.7526870775741 6802.557659639304 -7399.0475268283535 -977.2585794477793 -1709.928164590388 -1334.0096183851574 -8193.750407604326 -549.3119537105604 -708.647067751918 -611.0065583857771
1777.776179730717  -10010.136556399306 -33155.635973416305 -1307.2075338099044 -1127.1366591058222 -1859.8062442484306 1238.7263496041232 7813.82850778242 -343.9313783552951 -503.2664923966529 -405.6259830305118
1525.980700452226  -4251.072289059343 -14760.746229059425 2768.517502201529 26.307309622885782 -706.3622755197226 1023.3592267751142 6358.676055718168 117.76064672970642 -41.574467311651325 56.06604205448967
1573.4818758204678  -1156.3422304428684 -3237.142743718842 -3047.5906651355485 -570.292907318548 -1302.9624924611562 -290.3063128297678 -1747.0281901805022 -269.6507702693931 -428.98588431075086 -331.34537494460983
1476.3298758204678  5587.8196510527405 19279.7000061448 -3040.3414781359825 56.38843693182025 -676.2811482107882 -1255.5685302406994 -7810.464054674877 -107.26494951198076 -266.6000635533385 -168.95955418719748
1838.4871382876986  -4667.860387340212 -13653.308587470956 -9440.534638333853 -1867.3212359373176 -2599.990821079926 -743.6949482651872 -4434.456249325014 -861.3508766317673 -1020.6859906731252 -923.045481306984
1652.0578758204679  -4528.423171190673 -14495.564118650662 -3051.215258635332 -883.6335794437322 -1616.3031645863405 192.324795875698 1284.6897420666855 -350.8436806480992 -510.178794689457 -412.53828532331596
1510.238396541977  -2141.439844598514 -7359.095749225606 1020.8851838763178 -43.53028284020823 -776.1998679828166 459.58878175215455 2861.255222249621 29.65543405819613 -129.6796799831616 -32.0391706170206
1478.1777451719847  3694.908681706153 12784.87918752247 -2187.773846593382 10.338252009679593 -722.3313331329288 -856.7750060257628 -5326.865571940958 -85.00710179254008 -244.34221583389788 -146.70170646775682
1515.3560161812225  -401.2210894440029 -1132.5033377474479 -1012.0116410346957 -190.97554639305997 -923.6451315356684 -93.93227575982901 -564.6221188969001 -89.95629126547718 -249.29140530683495 -151.65089594069394
1377.693057624241  1000.6646229925104 1882.012026170847 7128.564650488821 1175.8903746888036 443.22078954619525 923.22680469855 5620.226773716158 589.8490277684074 430.5139137270496 528.1544230931906
1462.1125369027318  -1386.3187035996482 -5254.45634325421 3056.46420797717 335.78707808527975 -396.88250705732867 655.9628188220933 4043.661293533222 209.34991306211197 50.014799020754225 147.65530838689523
1464.1800161812225  2970.859851303801 10125.918037184372 -1008.3870475349124 122.36512573212414 -610.3044594104844 -576.5633844652948 -3596.3400511440873 -8.763380886771031 -168.0984949281288 -70.45798556198778
1852.4196590092079  -9025.038942243662 -29033.682967909543 -5375.683382821771 -1653.899283584162 -2386.5688687267702 488.83125502220093 3205.545095352297 -643.2375826828843 -802.5726967242421 -704.932187358101
1387.4064372634862  1864.142333552592 5181.41488016673 5094.725431267862 946.976536383404 214.3069512407955 495.1898354499874 2982.5960949539053 449.12714574627034 289.79203170491263 387.43254107105366
1568.0597958204678  -886.5757551830436 -2336.4690337242955 -3047.300697655566 -545.2256535485333 -1277.8952386911415 -328.91680152620506 -1989.5656247602774 -263.15533743909657 -422.49045148045434 -324.8499421143133
1687.0424414957888  -4085.129244820633 -12640.685266172619 -4882.029390690672 -1120.676760458985 -1853.3463456015934 -145.12799668616708 -789.0377935268689 -485.53147259551434 -644.8665866368721 -547.2260772707311
1530.9444071904602  -2372.939867923042 -7957.08039681032 166.03405842885377 -194.88472135693354 -927.554306499542 364.85285602166135 2287.6390368314287 -43.75394719982941 -203.08906124118715 -105.44855187504615
1805.9328765226267  -7220.786758171082 -22909.837919782818 -5862.088187953303 -1560.4404624589706 -2293.110047601579 157.52828931963745 1136.6921197370884 -638.5578720128419 -797.8929860541996 -700.2524766880586
1488.9077063615996  -6.800114240831629 -23.891527887093226 5.795993983229887 0.24983743030997407 -732.4197477122984 1.8415872316131299 11.422327083665216 0.29691278837429236 -159.03820125298344 -61.39769188684244
1393.288227083109  2380.1832123513277 7112.576841537968 4077.896436494879 840.3531340338338 107.68354889122536 269.1055731080695 1587.9878072665997 380.7960274946696 221.46091345331183 319.10142281945286
1624.5271856400905  -2393.783440832991 -7160.359897312152 -4066.30444852842 -839.8534591732139 -1572.523044315822 -265.4223986448435 -1565.1431530992704 -380.20220191792106 -539.5373159592788 -441.89680659313785
1508.040227083109  -4363.978669144281 -15404.265908325677 4070.6472494953123 213.6717897834655 -518.9977953591429 1234.3677905190011 7651.423671760975 218.41020673725728 59.07509269589954 156.71560206204052
1586.5320161812224  -3773.3020301918077 -12390.92471267927 -1015.636234534479 -504.3162185182441 -1236.9858036608525 388.6988329456368 2467.0958133502872 -171.14920164418334 -330.4843156855411 -232.84380631940007
1421.3947769027318  1176.4628113686829 3301.943901693974 3059.218899037005 573.9259889004196 -158.74359624218877 289.16317620593924 1739.5556650253598 271.05652494992864 111.7214109085709 209.36192027471188
1543.672228487426  -1318.5034912355886 -4086.7600732604346 -1542.0371253911708 -356.5902959340512 -1089.2598810766594 -41.80299435678444 -223.86640351618757 -154.03590004546268 -313.3710140868204 -215.73050472067945
1485.5328467223544  -1780.7396788028204 -6363.068153114567 2038.6565729592448 144.5616942619098 -588.1078908806986 560.1889558306513 3467.6168475526574 119.09670900826049 -40.238405033097244 57.402104333043766
1498.218716541977  -1534.465275263909 -5332.579901737878 1021.5376107062788 12.871038142324878 -719.7985470002835 372.71518218517076 2315.5459944451277 44.27015792636323 -115.06495611499452 -17.424446748853498
1538.2153158204678  732.0230963759024 3067.573226242979 -3045.5608927756703 -394.8221309284449 -1127.4917160710534 -560.5797337048286 -3444.7902322389273 -224.18274045731764 -383.5178544986754 -285.87734513253434
1488.3349463615996  26.920695166646073 88.69268586222384 5.832239918227719 3.383244151561784 -729.2863409910466 -2.984723855441479 -18.894852238806347 1.1088418921613457 -158.2262721491964 -60.58576278305539
1499.244122217298  291.3818368127313 1138.2517144622134 -807.79043801415 -95.70246730160251 -828.3720524442109 -162.61636494593532 -1001.1858933697749 -57.12854076578238 -216.46365480714013 -118.82314544099911
1476.094201983245  638.0631454840599 2104.134156934068 128.57518815354217 78.72085058969694 -653.9487345529116 -72.1877816720224 -456.6727569928688 25.514680993943166 -133.82043304741455 -36.17992368127356
1513.8957728657808  430.81071697046065 1778.6934181199967 -1662.2428581766376 -212.5894318845575 -945.2590170271659 -310.44171263402967 -1908.2910513351567 -121.60670188215023 -280.94181592350793 -183.30130655736698
1518.1282594966638  -1233.2528958584678 -4043.700093614896 -361.7804238927536 -169.36166090156246 -902.0312460441709 122.57716111437182 779.0468135413576 -58.30588064880415 -217.64099469016188 -120.00048532402089
1500.068219496664  -255.3494230416043 -778.7578948846678 -360.72929177781646 -78.49286598525906 -811.1624511278675 -17.385860410213276 -100.15138681032693 -34.75993663897936 -194.09505068033707 -96.45454131419609
1535.7217589018564  -1000.9973494439216 -3043.3569958773896 -1460.3051490609553 -314.720976231966 -1047.3905613745744 -75.06820333569252 -434.8725284923037 -139.9304849210403 -299.26559896239803 -201.62508959625703
1512.8316022172978  -484.1967795592633 -1451.1852017721046 -808.6240945191003 -167.7708218903948 -900.4404070330032 -51.61120994367823 -303.89076895292226 -75.80291015288479 -235.13802419424255 -137.49751482810154
1519.6926370100828  -811.5538974924875 -2535.8078092102205 -849.671312359197 -204.37251534769663 -937.0421004903051 -10.847050018950796 -46.80180985250422 -86.91526323403129 -246.25037727538907 -148.609867909248
1481.5318019832448  300.8550514092795 978.2920194408862 128.21272880356386 47.38678337717853 -685.2828017654299 -23.924670801475834 -153.50096376815017 17.395389956072556 -141.93972408528518 -44.299214719144175
1489.5342105059015  -878.2358252215215 -3099.9664039748095 818.7662450856462 42.934227900941075 -689.7353572416673 248.3468278890907 1539.422596019127 43.91957157815088 -115.41554246320686 -17.77503309706585
1497.143094289449  -43.17359045517938 -62.03308233369012 -401.1965746579482 -64.96005190253139 -797.6296370451398 -53.84267787836048 -328.1372968694596 -32.88142405953288 -192.2165381008906 -94.57602873474961
1523.241258072996  -152.2940190982227 -176.4577456734812 -1622.174280581482 -260.58971990105545 -993.2593050436639 -220.89547320828126 -1346.8161687288334 -132.41643460325437 -291.7515486446121 -194.1110392784711
1509.185042217298  -281.8719231143956 -775.6799192761971 -808.4066189091133 -148.97038156288383 -881.6399667054923 -80.56907646600611 -485.793844887753 -70.93133553016243 -230.26644957152018 -132.62594020537918
1511.9348301451469  18.962694746037357 312.0206637703891 -1215.0367282003128 -182.8462036832067 -915.5157888258152 -184.5164524465263 -1128.5252620655965 -95.99038134019897 -255.32549538155672 -157.6849860154157
1483.1833584337505  -105.30987565639613 -436.0868284377694 412.6435788844164 52.92609987814394 -679.7434852644644 76.83109668980535 472.2506683266774 30.2275332211332 -129.10758082022454 -31.46707145408353
1486.1825934605884  805.5297398905195 2804.866167870218 -563.065706178475 -10.828795571620816 -743.4983807142293 -199.66994775094918 -1240.0809371059895 -25.367373741746984 -184.70248778310471 -87.06197841696373
1503.6641290822336  -370.5307083884037 -1146.6556897718058 -442.2437924980452 -101.56174535983324 -834.2313305024417 -13.078517953633082 -71.04833776904184 -43.9937771406794 -203.32889118203713 -105.68838181589614
1497.0910455327394  -304.60430374938653 -984.8555451600058 -157.30549932722323 -52.15473476134208 -784.8243199039505 20.108894318882836 130.26278381117916 -19.79462642259991 -179.12974046395763 -81.48923109781664
1485.4943984337506  -240.19311328630846 -886.4236834350427 412.4985951444251 40.39247299313656 -692.2771121494718 96.136341038024 593.519385616565 26.979816805984953 -132.3552972353728 -34.71478786923178
1490.824059496664  284.18352747804454 1022.5895251044242 -360.1493568178512 -28.35835844522958 -761.027943587838 -94.60683780308781 -585.226255969877 -21.769070978386374 -181.10418501974408 -83.4636756536031
1494.167555925524  -93.10288735111112 -270.38241688401433 -197.77350712605488 -38.68458881303944 -771.354173955648 -16.251396927523285 -97.11678266150415 -17.93235242522917 -177.2674664665869 -79.6269571004459
1510.404677817298  -349.9879581175012 -1003.1000310498198 -808.4798356978089 -155.29986313981254 -887.969448282421 -70.8199280701557 -424.5531426563598 -72.57143231981229 -231.90654636117006 -134.26603699502903
1484.9136384337507  -206.47230387883036 -773.8394696857243 412.5348410794229 43.5258797143884 -689.1437054282201 91.31002995096934 563.2022062940931 27.791745909772015 -131.54336813158574 -33.90285876544472
1496.5016107399542  -314.455279890943 -1026.0750752150734 -116.62074083710453 -46.887108516558676 -779.5566936591672 27.607845264702064 176.34561793548042 -16.801564379324013 -176.13667842068173 -78.49616905454074
1501.2744255110943  -410.609029142779 -1313.7854942670622 -279.5054834562706 -80.55390851512469 -813.2234936577332 17.013812051384875 113.88934231461235 -32.037767549651576 -191.37288159100933 -93.73237222486831
1487.2686863399545  224.40325444055634 773.0206604990324 -116.04153079583917 3.1847308890457686 -729.4848542535627 -49.516605906431394 -308.1229076376203 -3.8269373008067653 -163.1620513421645 -65.5215419760235
1510.4410294172978  -352.0112066819496 -1009.8550838747781 -808.4820104539087 -155.48786754308765 -888.1574526856961 -70.53034940493245 -422.7341118970117 -72.62014806603952 -231.95526210739726 -134.31475274125626
1494.5986355255243  -118.05628631264511 -353.6947350585107 -197.80032911795328 -41.003309786765826 -773.6728949293744 -12.679926723102803 -74.68206996287475 -18.5331799620316 -177.86829400338934 -80.22778463724833
1488.8589535752558  208.6945792303671 735.2345039216192 -187.68222675474593 -9.157029888599826 -741.8266150312082 -57.984974705759655 -359.5178599603679 -9.890417018683658 -169.2255310600414 -71.58502169390039
1493.7447080615996  -287.02004041697404 -959.4663441439271 5.494790263397901 -25.788772423292812 -758.4583575659012 41.94823236503731 263.3580872534063 -6.450218064096186 -165.78533210545393 -68.14482273931291
1494.6772119894488  100.81426571475176 418.70151037589824 -401.04180451550747 -51.58040520278604 -784.2499903453945 -74.45102622008385 -457.5916525764144 -29.414486786362133 -188.74960082771986 -91.10909146157887
1488.8494728823212  -7.785211854987275 -28.013480892599993 9.864469832241758 0.7766000547883142 -731.8929850878201 2.5914823261950533 16.030610496095342 0.5962189927018818 -158.73889504865585 -61.098385682514845
1493.251022290566  -21.622368318117204 -28.313982062801244 -214.38176623700787 -34.577502130896974 -767.2470872735054 -28.978588989418434 -176.64510329741108 -17.535649655398167 -176.8707636967559 -79.2302543306149
1490.5514385856916  192.81918878086572 697.891322400842 -264.20654356986694 -22.256242084469505 -754.925827227078 -67.16016517510408 -415.23006520513314 -16.345541345905147 -175.6806553872629 -78.04014602112187
1492.9790684255245  -23.975228065781245 -39.584778697912384 -197.69920295930933 -32.261105034473175 -764.9306901770817 -26.145334655985316 -159.26700027257138 -16.267897762465694 -175.60301180382342 -77.96250243768243
1505.592790317298  -78.53544238730288 -96.79711036780793 -808.1880559210763 -130.0759390337352 -862.7455241763437 -109.6717323209457 -668.6064362022585 -66.03540303432645 -225.3705170756842 -127.73000770954319
1497.7258542894488  -76.89439986265745 -174.6172960830084 -401.23282059294604 -68.09345862378323 -800.7630437663917 -49.01636679130582 -297.8201175469877 -33.69335316331995 -193.02846720467767 -95.38795783853668
1491.8581323976753  -393.2630890233946 -1355.8313156556144 208.8573270838446 -4.746098558291518 -737.4156837009 87.59945283125582 545.0082909298901 7.142931966883108 -152.19218207447463 -54.551672708333626
1499.449503218309  -351.3323459990055 -1124.207386136028 -238.74642079940637 -68.86279849177502 -801.5323836343835 14.618825268742079 97.8219588278464 -27.38025084361221 -186.71536488496994 -89.07485551882894
1486.7106336327392  303.3818898674427 1045.0378287402018 -156.6519851192123 4.340588422828631 -728.3289967197798 -66.90949458071266 -416.35595937298876 -5.155544681319188 -164.49065872267693 -66.85014935653592
1505.5397254172979  -75.50056954062947 -86.66453113036789 -808.1847937869264 -129.7939324288225 -862.4635175714309 -110.10610031878068 -671.3349823412813 -65.9623294149856 -225.29744345634336 -127.65693409020234
1491.5803255403416  -179.14753221201337 -602.4760180546101 21.074972534485468 -13.415498202931602 -746.08508334554 28.82274402629768 180.5197006632588 -2.625369154116206 -161.96048319547396 -64.31997382933294
1485.8026479976752  -43.24108737377246 -187.20717693769112 209.23355988912212 27.778663208302596 -704.8909219343059 37.502343747628466 230.315969562632 15.570756064192809 -143.76435797716493 -46.12384861102393
1493.3460746727656  -235.23400179611107 -780.9864125829469 -21.715428372084666 -25.11931700082029 -757.7889021434287 30.456678374685236 191.85756809801248 -7.367584634016394 -166.70269867537414 -69.06218930923313
1492.6995599782827  187.28354566454857 701.8168551871221 -373.682977546534 -39.40289306812607 -772.0724782107345 -82.74734768665587 -510.3915686431552 -25.168210890914995 -184.50332493227273 -86.86281556613173
1488.8974908332234  -0.025648113078678824 -0.10731960389816293 0.10592714417260009 0.013714827978141731 -732.6558703146303 0.01952433060271825 0.1199816481677269 0.007792758024395075 -159.32732128333336 -61.68681191719234
1488.8673866480897  20.297750270179954 71.24530524568611 -16.964273372998356 -0.6946529790172387 -733.3642381216257 -5.4466643724283506 -33.78705465832372 -0.8595673330252303 -160.19468137438298 -62.55417200824196
1496.7417950792064  -178.4923792207459 -543.5619194657575 -256.0596372751681 -55.460844170772646 -788.1304293133811 -12.73727907323348 -73.5795564579625 -24.607622003285528 -183.94273604464328 -86.30222667850225
1492.2839563971497  22.9270012568706 118.17464394697137 -203.34613713571898 -28.768473638515285 -761.4380587811236 -33.71070775059074 -206.64678910181019 -15.59082215930897 -174.9259362006667 -77.28542683452571
1486.5104167715845  176.2621603147254 594.9649825856451 -31.44695480313091 11.571999963306263 -721.0975851793022 -29.961212842409555 -187.41052558114654 1.7328498832044934 -157.60226415815325 -59.961754792012236
1489.270431571842  130.54192308918343 464.3923620699326 -139.33876864345055 -9.06136589817371 -741.7309510407822 -39.55339023873716 -244.9544440871802 -7.928173521645865 -167.26328756300362 -69.6227781968626
1488.8854707450223  -1.9655390206097958 -7.083859832769773 2.545562816220041 0.2044361372775046 -732.4651490053309 0.6625138255010262 4.097638835024451 0.15489931736665982 -159.18021472399107 -61.539705357850075
1491.0561956187967  -38.3234880108284 -111.31310714259158 -81.32593284426085 -15.910997222141832 -748.5805823647502 -6.677122491301638 -39.90013816578261 -7.374849387041131 -166.70996342839885 -69.06945406225786
1497.6158107755177  -153.21700770407597 -444.9304697586664 -325.62151280956164 -63.685133372501674 -796.3547185151101 -26.767062957015 -159.96049760763552 -29.52277582223771 -188.85788986359543 -91.21738049745444
1496.6916029135464  -161.51453503564352 -484.21214233532135 -269.06389915869715 -55.86178781685253 -788.5313729594609 -17.11573091625496 -100.75610686645192 -25.232510925478316 -184.56762496683604 -86.92711560069505
1484.408446421703  140.60162668229103 445.75028378630026 115.83187093109868 30.640806969422165 -702.0287781731862 -2.8150104185439595 -20.590666051176044 12.567734479863224 -146.76737956149452 -49.126870195353504
1485.5132925240473  84.86755901398675 261.5859280501384 106.41203347017525 24.039793372568838 -708.6297917700397 3.761485933651649 20.955830534886417 10.482812151396033 -148.85230188996172 -51.2117925238207
1487.645552069305  -145.04762753809894 -525.9441369273013 203.42678113937222 17.452970963539894 -715.2166141790685 51.221002546934145 316.6349415454945 12.667224319648605 -146.66788972170912 -49.02738035556813
1488.9613185160124  -0.2491942667170821 -0.18728348756696667 -3.1499409130468696 -0.5016974697796918 -733.171282612388 -0.4356024177842571 -2.657129735602718 -0.2560100776541156 -159.59112411901185 -61.95061475287085
1489.152889164379  -0.9198327276320271 -0.4271751385725846 -12.917545084704825 -2.047934363053099 -734.7175195056615 -1.8009826629451535 -10.988463886913877 -1.0474185846896054 -160.38253262604735 -62.74202325990634
1485.465158152088  -13.760017002572852 -86.9456671886286 200.31227222864433 29.157844878664253 -703.5117402639441 31.94326255903398 195.6208308040836 15.569944988739637 -143.76516905261812 -46.124659686477095
1486.7377893963644  178.79688748072272 606.4264871173948 -46.09455523758325 9.581652317009125 -723.0879328255993 -32.51604585562585 -203.09083051972092 0.6309896754087587 -158.70412436594899 -61.063614999807974
1487.7382368693054  -150.4429570432952 -543.9576111271915 203.42098178977258 16.951625888139617 -715.7179592544688 51.99321232086285 321.4856902370898 12.53731566304268 -146.79779837831506 -49.157289012174054
1490.1247447971411  150.39166081713742 543.7429719193937 -203.20912750142716 -16.92419623218334 -749.5937813747917 -51.954163659657326 -321.2457269407537 -12.521730146993882 -171.8568441883516 -74.21633482221061
1489.0190487077236  -1.8784037855037017 -5.293555110324042 -4.779506008751307 -0.9004069228461291 -733.5699920654546 -0.44598179039369185 -2.6814123412261153 -0.42444830561236546 -159.7595623469701 -62.119052980829096
1491.1716116187972  -45.067649892323644 -133.82994989245398 -81.3331820312604 -16.537678566392167 -749.2072637090005 -5.711860273890759 -33.83670230128856 -7.537235207798535 -166.87234924915626 -69.23183988301527
1488.3395425304425  -51.64870739285962 -188.45550452206226 78.18550488829257 7.088152701810357 -725.581432440798 19.099031895685616 118.00668707612361 4.966900651337829 -154.3682133900199 -56.7277040238789
1486.6387428476492  45.016353666166225 133.61531068465746 81.54503631960584 16.565108222348478 -716.1044769202599 5.750908935096238 34.07666559762427 7.552820723847342 -151.7822933175104 -54.14178395136939
1487.2712998107945  57.932506975175926 186.2347857593058 35.16622393766064 10.716684642820429 -721.952900499788 -3.039210702823455 -19.97362430370302 4.18132645059937 -155.15378759075836 -57.513278224617366
1488.984540759796  -0.2908730765451646 -0.07653972340813286 -4.370846127100274 -0.6910603243356912 -733.3606454669441 -0.6123078352882678 -3.7364429661069174 -0.3539212299902522 -159.689035271348 -62.048525905206986
1488.5228812232276  -18.53037276014325 -69.55286697996483 37.52575609332237 3.9825770946907313 -728.6870080479177 8.269926299798664 51.00499921931669 2.534069689675009 -156.80104435168272 -59.16053498554172
1488.243162317816  31.008871105371824 102.09204774798421 7.057494644480863 3.948615812668032 -728.7209693299405 -3.38717576838407 -21.453600526999047 1.304184536951937 -158.0309295044058 -60.390420138264794
1489.29720639539  -36.70175036302369 -125.05739236973677 12.275108756210377 -1.5394040198386818 -734.2089891624471 7.095520701403149 44.26201120793001 0.09378226722010108 -159.24133177413765 -61.60082240799663
1488.4999552710565  36.65045413686596 124.84275316193921 -12.063254467865177 1.5668336757949308 -731.1027514668135 -7.05647204019766 -44.02204791159422 -0.07819675117131997 -159.41331079252905 -61.77280142638806
1488.9728824639403  -0.48789259937627194 -0.9009303245093943 -3.5571509572979894 -0.5857077994400349 -733.2552929420484 -0.46232881637189993 -2.814786283620994 -0.29405998912474096 -159.6291740304825 -61.98866466434148
1489.2968271493648  2.1000239653298696 11.8210476095191 -23.495089347540052 -3.374902865675029 -736.0444880082833 -3.816347723642902 -23.38231429751654 -1.8145724828213932 -161.14968652417915 -63.50917715803813
1488.7193559871412  17.363825014236856 59.253995483299306 -6.240133494192965 0.6625592457447858 -732.0070258968636 -3.421677813572167 -21.33644792393522 -0.07871546586685868 -159.4138295072246 -61.77332014108359
1489.2428006039922  -15.899970105047885 -52.27335152004493 -3.9847401481873144 -2.080277919750614 -734.749863062359 1.6820348844535231 10.66567961356099 -0.6977773044010618 -160.0328913457588 -62.392381979617795
1488.5527011024742  15.84867387889053 52.0587123122486 4.196594436532515 2.1077075757068973 -730.5618775669016 -1.6429862232480863 -10.425716317225536 0.7133628204498519 -158.6217512209079 -60.98124185476688
1488.9237635731088  -0.7056834776940091 -2.214468308389457 -0.6925794287646959 -0.17068454038986053 -732.8402696829983 -0.002512037909019299 0.0016099667364678494 -0.07190574805642477 -159.40701978941416 -61.766510423273154
1488.8111513066  -2.076133290385122 -8.299392142032454 6.679944399362098 0.8223298979845113 -731.8472552446239 1.2969655760875258 7.979115001996278 0.48041855169444725 -158.8546954896633 -61.21418612352228
1489.3730995176684  -15.001490076163117 -47.65841093044199 -11.874602197430853 -3.1956728467892184 -735.8652579893976 0.3727776233378206 2.6397334230331406 -1.3024899068086635 -160.6376039481664 -62.9970945820254
1489.2551957194878  1.879580420204964 10.58195228494075 -21.037474141712895 -3.021956089236465 -735.6915412318448 -3.4170415213770005 -20.935794850434366 -1.6247846494972007 -160.95989869085494 -63.31938932471393
1488.5928410594493  -3.2909473755933565 -15.010888901720913 19.652315284183505 2.680587008456709 -729.9889981341518 3.4120174455590155 20.939014783907638 1.4809731533843422 -157.85414088797341 -60.21363152183239
1488.79290591562  -12.390935550695719 -44.89007025745525 17.184681701922944 1.4615666142641057 -731.2080185283444 4.346703627755069 26.87216370155699 1.066768115773398 -158.26834592558436 -60.62783655944333
1488.9589391645  0.018826848735772672 0.7317497685624792 -3.2678161386670674 -0.4947454013726321 -733.1643305439811 -0.4916432370556008 -3.006188173695982 -0.25893605855170465 -159.59405009990945 -61.95354073376844
1489.0728745723222  -0.6474581427866686 -0.354087216962089 -8.831586271302813 -1.4018739504415154 -734.07145909305 -1.2286503884368738 -7.495972790539678 -0.7165545368963288 -160.05166857825407 -62.41115921211306
1488.8219024994655  -0.873929199670246 -3.9390793699835216 4.988456997783283 0.6768507073549143 -731.9927344352535 0.871617959006143 5.349781634291128 0.3749983022421611 -158.96011573911557 -61.31960637297457
1488.7747390036748  -0.7639088126013494 -4.0748493998168245 7.446427413773421 1.0605048696617942 -731.6090802729466 1.2236263126188351 7.499192724012614 0.5727430407834793 -158.76237100057426 -61.12186163443325
1488.8699168122546  6.888021562826563 23.974218511493596 -4.766013589802741 -0.08519441269614214 -732.7547795553045 -1.7000727779333222 -10.559270681656383 -0.21304743242338942 -159.54816147378114 -61.90765210764012
1488.963627533374  -0.3143190756829457 -0.3913805487333071 -3.215164165387427 -0.5176479821218414 -733.1872331247303 -0.4360299179506487 -2.6581774398409874 -0.2627497879053699 -159.5978638292631 -61.9573544631221
1489.0762301869809  -2.592340541079759 -7.177392379118711 -7.221994235843026 -1.337727337645611 -734.0073124802541 -0.709140608073851 -4.273107548904655 -0.6354536845254938 -159.97056772588323 -62.33005835974223
1488.9611585156547  -4.593566552636582 -15.514072478934267 0.8620201564283487 -0.29512343154471743 -732.9647085741532 0.7871751492736198 4.922963924713331 -0.041787764361470026 -159.37690180571923 -61.7363924395782
1488.8658422685407  -1.7110135774943496 -6.4039718421465075 3.375874672686175 0.35419804005570926 -732.3153871025528 0.7502788433251661 4.628083686760264 0.22691329880888741 -159.10820074254886 -61.46769137640784
1488.9817048783962  0.29964662210595705 1.9750352253663421 -4.761033530215567 -0.6955671208354652 -733.3651522634439 -0.7553029191431512 -4.624863753286991 -0.370724794921746 -159.7058388362795 -62.06532947013848
1488.96017362276  -0.18171711005252977 0.038033641282472 -3.150015193314433 -0.4954496595411457 -733.1650348021495 -0.44528209276882946 -2.717930340191418 -0.25439701705552764 -159.58951105841325 -61.94900169227226
1488.8111427194467  -2.075151110624836 -8.296022770856807 6.679505024080469 0.8223542477794229 -731.8472308948291 1.2967591017164983 7.977829073752828 0.480407240736539 -158.85470680062122 -61.21419743448019
1488.968019417286  -1.1018803233597962 -3.1207613432134567 -2.7277726511336597 -0.5166499201743895 -733.1862350627829 -0.250257330189585 -1.5034921612556265 -0.24295805367965206 -159.5780720950374 -61.93756272889639
1489.017073293462  -1.3210549704804473 -3.349426413285947 -5.185860395214933 -0.9104469200378698 -733.5800320626463 -0.5866429148134495 -3.5547665415100846 -0.443331006729887 -159.77844504808763 -62.13793568194662
1488.962956858061  -2.392251073226403 -7.728791832878265 -1.2642652091646809 -0.41398682146806454 -733.0835719640766 0.1536119677978949 0.9966501540497579 -0.1577494054697744 -159.49286344682753 -61.85235408068651
1488.8795141182086  -0.30948663202848664 -1.3081752735662502 1.3426137936038158 0.1752808393945752 -732.4943043032139 0.24523325437151672 1.5067120947283872 0.0991465575667603 -159.235967483791 -61.59545811764997
1488.9593298917396  -0.18984406943527365 -5.5125643161346716e-08 -3.096772161921317 -0.4881140894285105 -733.1576992320369 -0.4361511437662715 -2.6619114912712236 -0.25036575967442243 -159.58547980103216 -61.944970434891154
1488.953364094376  -0.011793477589520207 0.5618502421996996 -2.9372659085460158 -0.44736394837514204 -733.1169490909837 -0.4377973217125643 -2.6762567582782757 -0.23343280573544256 -159.5685468470932 -61.92803748095218
1489.006921267077  -1.5562400659680706 -4.291719431365056 -4.41872350215887 -0.8157083618818894 -733.4852935044903 -0.43816154970350724 -2.641348326813115 -0.3880810920440176 -159.72319513340176 -62.08268576726075
1488.9487986245076  -1.7765657001671302 -5.714109125617479 -1.063710345514418 -0.32640555848057173 -732.995990701089 0.09540054567743234 0.6259620495993676 -0.1270581330703327 -159.46217217442808 -61.821662808287066
1488.904466345483  -1.7766790493479292 -6.206714413799329 1.34103673297206 0.038946312952900825 -732.6306388296556 0.4552260497692753 2.825812567049204 0.0638195222609835 -159.27129451909676 -61.63078515295575
1488.9430663892538  0.3653120939596462 1.7777777970196225 -2.726195590501904 -0.38031539373271517 -733.0499005363412 -0.4602501255873436 -2.822592633576443 -0.2076310183738753 -159.54274505973163 -61.90223569359061
1488.9589593624264  -0.1603128931628045 0.10005822934108544 -3.1038832666830514 -0.48645523201347873 -733.1560403746219 -0.4414465566013169 -2.694995858324388 -0.25022168261677485 -159.5853357239745 -61.944826357833506
1488.9578831092865  -0.9871951621478853 -2.828727413606594 -2.2837222784998 -0.43854560439131673 -733.1081307469997 -0.20024930856704473 -1.2005180653071787 -0.20495929264363638 -159.5400733340014 -61.89956396786037
1488.9535513652888  -3.3792484402849716 -11.314909489046947 0.1554273717647517 -0.28984014927966584 -732.959425291888 0.5074561970305282 3.1836622125842835 -0.0687398915512603 -159.40385393290902 -61.76334456676799
1488.9562552932643  -0.41019908079340905 -0.8114339507867814 -2.727029174514984 -0.4523774815080534 -733.1219626241166 -0.3492546232072784 -2.1253581435183473 -0.22630376390276713 -159.56141780526053 -61.9209084391195
1489.053742510327  0.4773331758090176 3.401271816859663 -8.830377251895026 -1.2973560358474532 -733.9669411784558 -1.3896368210566474 -8.507232624019913 -0.6894718297104112 -160.02458587106815 -62.38407650492715
1489.0071698318197  -1.197557315586068 -3.0237038651033865 -4.762642849729471 -0.834690379259047 -733.5042755218674 -0.5410147068779244 -3.2787809913692403 -0.4067744471298915 -159.74188848848763 -62.10137912234662
1488.8925317005014  -1.0749490055781614 -3.8638369256755176 1.3417910108793651 0.10415250682216555 -732.5654326357864 0.35479051604764644 2.1949120653484298 0.08071576691079585 -159.25439827444694 -61.61388890830594
1488.8403811512771  -0.21380963980232437 -1.4052327516767784 3.3774839922000788 0.493321298479291 -732.1762638441292 0.5359906310599394 3.282000924842513 0.26296295101703293 -159.0721510903407 -61.4316417241997
1488.9044521490123  3.0554661332991415 10.838572959668014 -3.10990978667115 -0.18907925870828823 -732.8586644013167 -0.9031257658979945 -5.594862999946198 -0.17354494293516876 -159.5086589842929 -61.868149618151904
1488.9574136319857  -0.4383768377338886 -0.8979729112124422 -2.763888751476856 -0.4605914306529652 -733.1301765732613 -0.3507322316174054 -2.133714211145627 -0.22990560706609173 -159.56501964842383 -61.924510282282824
1489.053760863559  0.4762541099077975 3.3976691220190807 -8.830378411764945 -1.29745630486255 -733.9670414474709 -1.3894823791018358 -8.506262474281431 -0.6894978114417367 -160.0246118527995 -62.38410248665847
1488.9720672030578  -2.0599726245488075 -6.455528882191085 -2.0645323371867095 -0.5047527254980918 -733.1743378681065 -0.013738654558686336 -0.034462671944309076 -0.2132995536772137 -159.54841359503496 -61.90790422889395
1489.005200171997  -1.0817600560807155 -2.637089675087984 -4.762518381188689 -0.8239302605782614 -733.4935154031866 -0.5575882591508805 -3.3828901851626743 -0.403986282587485 -159.73910032394522 -62.09859095780422
1488.9648128729955  -2.4363149495263463 -7.863625254814512 -1.3243222386688571 -0.4271988243482322 -733.0967839669567 0.15093971569707892 0.9813724222447042 -0.16357373123414395 -159.4986877725919 -61.858178406450875
1488.8754672114399  0.6486056691605245 2.026592265411378 0.6793734796568657 0.1633836447182775 -732.5062014978901 0.00871457874061804 0.037682605417070025 0.06948805756432193 -159.2656259837934 -61.62511661765241
1488.9363083953453  -0.11739606000098873 -9.016787316795671e-12 -1.9149867742495592 -0.30184074700174846 -732.9714258896101 -0.26970782244988445 -1.6460769672165183 -0.15482156667465072 -159.4899356080324 -61.84942624189138
1488.8765154412526  0.760370775959493 2.432485400794169 0.5195384816318915 0.14946649481077043 -732.5201186477976 -0.03121508817681777 -0.20912078711111448 0.059482459527987044 -159.27563158182974 -61.635122215688746
1489.0408220468853  -2.69253303089693 -7.92376139348609 -5.2100083295997335 -1.0413323823298826 -733.7109175249383 -0.39374184526115485 -2.3424603156250607 -0.4781531963543612 -159.81326723771213 -62.17275787157109
1488.9244376128268  -3.8305071552214356 -13.230015897835049 2.150556778620986 -0.028570726272666158 -732.6981558688811 0.8706358390747356 5.414866252401428 0.07879957315656959 -159.25631446820117 -61.615805102060165
1488.9612520032201  -4.413682704868817 -14.878475658198786 0.6911462422482608 -0.30439915756797076 -732.9739843001764 0.735833298048826 4.604752542621983 -0.05103524275944563 -159.3861492841172 -61.74563991797618
1488.8862974686167  3.0023157494809087 10.449539041420328 -2.0763050997781045 -0.03696992321180878 -732.7065550658203 -0.7408573738669478 -4.601532609149559 -0.09277625335343714 -159.42789029471118 -61.78738092857017
1488.9353927074283  -0.054728407839021886 0.21089549075137648 -1.923058483264369 -0.2972541401524006 -732.9668392827608 -0.27989497259574203 -1.7098644568218044 -0.15395870669646722 -159.48907274805418 -61.848563381913195
1488.876475002462  0.7610130023770212 2.4343018523267768 0.5211404265467158 0.14976945651723603 -732.5198156860913 -0.03106742017780971 -0.20823343831170527 0.059625025009716476 -159.27548901634802 -61.634979650207015
1488.9786712917032  -0.4021456305748673 -0.5342022083909637 -3.9500602038029027 -0.6374502175724535 -733.307035360181 -0.533404072873126 -3.2513773728691433 -0.32319044660982127 -159.65830448796754 -62.01779512182656
1488.978768565967  -1.7338420124653389 -5.230702093089418 -2.7284519362014543 -0.5753730955373699 -733.2449582381458 -0.1598074341070942 -0.9353179035731842 -0.25817441701372534 -159.5932884583715 -61.95277909223046
1488.8687676477286  0.322475057077056 0.8017654763097111 1.3432930786716102 0.23400401475755564 -732.4355811278509 0.15478335828902587 0.9385378370459448 0.11436292090083354 -159.22075112045692 -61.5802417543159
1488.9210721519435  1.7957192614120823 6.57936207475673 -2.850998845455236 -0.2665944635076207 -732.9361796061161 -0.6838816950546944 -4.224191342739372 -0.1832181846448342 -159.51833222600257 -61.87782285986157
1488.8990080000008  1.010811085950805e-11 4.1978891348052734e-11 -4.020014609735293e-11 -5.170145745575178e-12 -732.6695851426135 -7.463284937447473e-12 -4.587096720671015e-11 -2.9484258673192187e-12 -159.3351140413607 -61.69460467521968
1488.7871036983302  0.35240801517899545 0.0004062070645503013 5.746561813644919 0.905785953252268 -731.7637991893562 0.8093315903490429 4.939498007380111 0.4645970951764123 -158.87051694618134 -61.230007580040315
1489.0234481012146  -0.828455159041219 -1.5410329460920584 -5.98528579379182 -0.9862137295590312 -733.6557988721675 -0.7768394693529965 -4.729406259726551 -0.4949678049227229 -159.83008184628048 -62.18957248013946
1488.8339795472407  -0.5871920631370863 -2.7934592832221283 4.068903551004644 0.5637368237839614 -732.1058483188244 0.6929446237471846 4.2505406963788985 0.30888696774933344 -159.02622707360842 -61.3857177074674
1488.9082890295567  3.750188980667139 13.331763736692846 -3.957805532802871 -0.25346167498918537 -732.9230468175975 -1.129536163730081 -6.995761455916204 -0.22417967707273118 -159.55929371843047 -61.918784352289464
1488.9640567312406  0.587192063157677 2.7934592833073366 -4.068903551085044 -0.5637368237942669 -733.2333219664026 -0.6929446237621647 -4.250540696470976 -0.3088869677552213 -159.64400100911294 -62.00349164297195
1488.8989966045306  -0.0013791144594688378 -0.004991389113738551 0.001888780716989404 0.00015904473309991829 -732.6694260978753 0.00048021640083082057 0.002969035691364589 0.00011683614878594326 -159.33499720520894 -61.694487839067946
1488.787136943777  0.35218818004317987 1.9405099749292276e-10 5.74496032258878 0.9055222409846817 -731.7640629016238 0.8091234673199665 4.938230901467095 0.46446470001222495 -158.8706493413455 -61.23013997520451
1488.9824664440466  -1.5079663519848627 -4.392872103002616 -3.1370977171520638 -0.6165082646503557 -733.2860934072587 -0.25331580276607873 -1.5124265278173756 -0.285191924790016 -159.62030596614778 -61.97979660000675
1488.924371882423  -1.621366824446758 -5.437827409959663 0.11816398968227652 -0.1324428359597764 -732.8020279785682 0.2500000995862354 1.5673982155970179 -0.0295214660498284 -159.36463550740757 -61.72412614126656
1488.941326271529  -1.455399565961403 -4.664137830244246 -0.9543645473190101 -0.2800012693368289 -732.9495864119451 0.06574261585081992 0.4369215707255514 -0.1106730168114986 -159.44578705816923 -61.80527769202823
1488.856695824809  1.4553995659818841 4.664137830328997 0.9543645472390619 0.28000126932658187 -732.3895838732818 -0.06574261586571681 -0.43692157081711835 0.11067301680564398 -159.22444102455208 -61.58393165841109
1488.93596624866  -0.0884506494364608 0.09830699512119478 -1.9230971724598342 -0.30038805093565785 -732.9699731935441 -0.2750688218671141 -1.6795482234388364 -0.15477086409973828 -159.4898849054575 -61.849375539316476
1488.9257197526265  -0.3771700091395139 -1.0339098228980974 -1.1013590581323067 -0.20231949201435118 -732.8719046346226 -0.11074703860049329 -0.6680000140113841 -0.09647132587128965 -159.43158536722905 -61.79107600108802
1488.8939586660308  -1.1564918565548243 -4.135639291564547 1.339524090219903 0.09624427294793389 -732.5733408696605 0.3661353129477098 2.266230845604193 0.07857939653883586 -159.25653464481888 -61.616025278677895
1488.964059476306  -0.5974266442348495 -1.3852501037555403 -2.9777733975020957 -0.507840999202616 -733.177426141811 -0.3599449523144945 -2.1862133291945502 -0.25069904732816956 -159.5858130886859 -61.94530372254491
1488.9071593983977  -1.4915642625004 -5.171051811401904 0.9322104550865593 0.0032786668782703032 -732.6663064757302 0.35320251144684267 2.195220796089374 0.038208991689591576 -159.29690504966814 -61.656395683527144
1488.8890989658817  0.7007774003143048 2.3619877374550584 -0.10814749505940861 0.04857196658887023 -732.6210131760195 -0.11659341447948572 -0.7296612506114272 0.008229148045013606 -159.32688489331272 -61.68637552717172
1488.9089178484417  -0.700777400294198 -2.3619877373715585 0.10814749497946002 -0.048571966599152035 -732.7181571092076 0.11659341446464239 0.7296612505201968 -0.00822914805087723 -159.3433431894086 -61.70283382326761
1488.920474164931  -0.33482211230783543 -0.9427637115101352 -0.8558614571088449 -0.1610919686776312 -732.8306771112861 -0.08008244298936479 -0.48154558512051265 -0.07596854993591953 -159.41108259129365 -61.77057322515265
1488.9047346608754  -0.2078339850823829 -0.6695578712451549 -0.11913917645921052 -0.03737968724334924 -732.7069648298518 0.011953640792076167 0.07807762634097545 -0.014443340116578034 -159.34955738147434 -61.70904801533331
1488.7871140263894  0.35180057006965004 -0.0016218797825091613 5.746561160712314 0.9057295082077432 -731.7638556344007 0.8094185312949314 4.940044139653689 0.46458246912288936 -158.87053157223485 -61.23002220609384
1488.8665692739796  -1.5763664820073324 -5.920919662580401 3.212338741567366 0.34184109768559057 -732.3277440449228 0.7065167474096061 4.357299976056995 0.21716293355736976 -159.11795110780037 -61.47744174165936
1488.8829453058488  1.201483520714183 4.0599101191179585 -0.23564083130898308 0.07564628630567284 -732.5939388563029 -0.20741394296558818 -1.296945472554372 0.010122448311234902 -159.3249915930465 -61.6844822269055
1488.822703700447  0.07592765386066402 -0.5794907198428056 4.069616327316377 0.6253552669573504 -732.044229875651 0.5980352162202984 3.6543533650027635 0.32485355357529866 -159.01026048778246 -61.369751121641436
1488.9753342796466  -0.07592765384044775 0.5794907199267638 -4.069616327396776 -0.6253552669676907 -733.2949404095762 -0.598035216235225 -3.6543533650945053 -0.3248535535811955 -159.65996759493893 -62.01945822879793
1488.9214166045176  -0.3372968780864528 -0.941030352863685 -0.9046985337611787 -0.1687415279508706 -732.8383266705591 -0.08703506953897185 -0.5239920178957908 -0.07990444173140945 -159.41501848308914 -61.77450911694814
1488.9047379476715  -0.2077784218139229 -0.6693253773499983 -0.11936865403846089 -0.037409398667575644 -732.706994541276 0.011911343844181493 0.07781770155311149 -0.01446022212983624 -159.3495742634876 -61.70906489734657
1488.9203097192585  -0.5082006677029455 -1.5561871443251862 -0.6871988487437267 -0.15154879205840416 -732.8211339346667 -0.03000357757515125 -0.17121207377560588 -0.06674051793486713 -159.40185455929262 -61.7613451931516
1488.9842120191665  -2.032989839389017 -6.225531748498337 -2.7480223844436273 -0.606095083319572 -733.275680225928 -0.11987183021030756 -0.6839727211168287 -0.26690520355185654 -159.6020192449096 -61.96150987876859
1488.980574409932  -1.6603182312046347 -4.951299302806888 -2.8941250556582228 -0.5937244705882962 -733.2633096131967 -0.19513116448582501 -1.1530427171891646 -0.2695609358697908 -159.60467497722752 -61.96416561108652
1488.9674625668329  0.38692417608669016 2.12482163785022 -4.069118815692995 -0.5823461263117793 -733.2519312689202 -0.6642811622161507 -4.070486968474839 -0.31370901470261203 -159.64882305606034 -62.00831368991935
1488.8305740625128  -0.3869241760660994 -2.1248216377650118 4.069118815612597 0.5823461263014738 -732.087239016307 0.6642811622011706 4.0704869683827605 0.3137090146967242 -159.02140502666103 -61.38089566052001
1488.8775806517267  -2.4067950087070464 -8.728046500300565 3.380295097889052 0.2903298443412353 -732.3792552982671 0.8506362843550646 5.258363726500171 0.21057052697113382 -159.1245435143866 -61.4840341482456
1488.910714311495  -0.2969161525863823 -0.9174074328070617 -0.36140896542722195 -0.08245180878405144 -732.7520369513925 -0.011531608042037594 -0.06336108261418216 -0.0358111832949968 -159.37092522465272 -61.73041585851173
1488.8819360947468  0.33656393938454265 0.9976848468893735 0.6159602831039429 0.12480443898572446 -732.5447807036227 0.04393775129636858 0.26052764950890756 0.05696782862023332 -159.2781462127375 -61.6376368465965
1489.0112630976407  -2.4441189882030834 -7.3755416437024905 -3.836128843309155 -0.8095510643889497 -733.4791362069975 -0.2237700703981667 -1.3092850423078488 -0.3631393548582432 -159.698253396216 -62.05774403007498
1488.8539988937302  -1.3730599521422167 -5.343337815436978 3.706969019560154 0.435850617546909 -732.2337345250614 0.7513945264749327 4.626778713986616 0.26130281245236764 -159.07381122890536 -61.43330186276437
1488.9696439901456  -3.6423994577519885 -12.064536076590215 -0.4748824068503225 -0.4100150717701506 -733.0796002143786 0.45085233310971734 2.8439331974973983 -0.12508536119054772 -159.46019940254828 -61.81969003640728
1488.7867906496408  2.444118988223299 7.375541643786447 3.836128843228755 0.8095510643786095 -731.8600340782299 0.22377007038324004 1.309285042216107 0.36313935485234633 -158.9719746865054 -61.33146532036438
1488.9066517963774  -0.022734340698824435 0.004671766141908618 -0.39367052968756694 -0.06192067219533804 -732.7315058148038 -0.055645263701669834 -0.339649126901514 -0.031793641010808234 -159.36690768236855 -61.72639831622754
1488.8819297442958  0.33693739276244894 0.9989317017443549 0.6159606845227432 0.12483914103899565 -732.5447460015694 0.04388430055749375 0.26019189087127365 0.05697682062462935 -159.2781372207331 -61.637627854592104
1488.8928270611507  -1.450797473763793 -5.186385535612549 1.6721181038017612 0.11947713083794995 -732.5501080117706 0.45806955228829205 2.835361144473522 0.0979183652853409 -159.23719567607242 -61.59668630993139
1488.9508189885235  -1.7897592788722467 -5.738220696833527 -1.1611307456854099 -0.34243083075936454 -733.0120159733679 0.08271452036129937 0.5487213406636848 -0.13510757127708775 -159.47022161263482 -61.82971224649382
1488.8800090137945  1.849517419453299 6.313248788772245 -0.6733512704337066 0.06925407852527463 -732.6003310640831 -0.3657606453060709 -2.2806035984622763 -0.00907340942174533 -159.3441874507795 -61.703678084638476
1488.9180125369946  -1.8495174194328179 -6.313248788687495 0.6733512703537584 -0.06925407853552165 -732.738839221144 0.365760645291174 2.280603598370709 0.009073409415890722 -159.32604063194185 -61.68553126580084
1488.9036169952165  -0.014506811426003366 4.9702741922175164e-11 -0.23663785689434547 -0.03729892469840647 -732.7068840673069 -0.033328209862633774 -0.2034082590383103 -0.019131538781813354 -159.35424558013955 -61.71373621399855
1488.9210671375665  -0.023316671590955185 0.16266191771869187 -1.1750218207111256 -0.1806883670157507 -732.8502735096242 -0.1724711794370977 -1.0538680793413824 -0.09382853316580914 -159.42894257452355 -61.78843320838254
1488.9235073699629  -0.9489607739187869 -3.075482155039446 -0.45452897065816256 -0.15708272241100943 -732.8266678650193 0.06796449610115703 0.4383283875393229 -0.05884700927101923 -159.39396105062875 -61.75345168448775
1488.9116003770737  0.14188599945999456 0.6403154116631243 -0.8137544319462052 -0.11047564489007272 -732.7800607874984 -0.14208800029649768 -0.8720880943395576 -0.061188744953151374 -159.3963027863109 -61.75579342016989
1488.886416428274  -0.14188599943988772 -0.6403154115796241 0.8137544318662566 0.1104756448797909 -732.5591094977286 0.14208800028165436 0.8720880942483273 0.06118874494728776 -159.27392529641045 -61.63341593026944
1488.8990080000058  -1.1898876480119554e-10 -3.5574591027119366e-10 -2.0299019117683622e-10 -4.187832083057755e-11 -732.6695851426502 -1.3322846121713747e-11 -7.859023438718115e-11 -1.896750562203915e-11 -159.3351140413767 -61.6946046752357
1488.8638915690622  0.8907484572831919 2.7522222969982018 1.0842268954697052 0.24735542618464101 -732.4222297164238 0.03459482407282141 0.1900832475281855 0.10743354980912038 -159.22768049154863 -61.587171125407615
1488.8664212805904  -0.28948209294522187 -1.3829943679115915 2.034456197323727 0.2822506874726821 -732.3873344551357 0.345883501911464 2.1215716522569723 0.15454253920784497 -159.1805715021499 -61.540062136008885
1488.9241733964304  -1.745363048817587 -5.877434697814132 0.24319131867483726 -0.12494869085837322 -732.7945338334667 0.28647423693520185 1.7933697931419696 -0.02257223558370118 -159.35768627694145 -61.71717691080043
1488.931346326337  0.30438669059435386 1.4327565900746215 -2.034440176863197 -0.28086572174887725 -732.9504508643573 -0.3480167314326475 -2.1349718456414695 -0.15418366656585342 -159.4892977079236 -61.84878834178259
1488.866674735937  -0.3043866905738727 -1.4327565899898715 2.034440176783249 0.2808657217386302 -732.3887194208698 0.3480167314177506 2.1349718455499027 0.1541836665599988 -159.18093037479775 -61.54042100865673
1488.8990822644682  0.020348451296077368 0.07260429029379555 -0.02277647536707198 -0.0015730200088813965 -732.6711581626173 -0.006323577402035295 -0.039149414534020724 -0.0013197030555955492 -159.33643374441334 -61.69592437827233
1488.9183458504967  -0.5413984574290032 -1.6950969610081361 -0.5500912127951653 -0.1337968916502374 -732.8033820342587 -0.00473211289366425 -0.015912922809824592 -0.05665389886507208 -159.39176794022282 -61.7512585740818
1488.9193318612888  -0.524730605668526 -1.6253535157577939 -0.618929823997106 -0.14270971521963152 -732.8122948578281 -0.01742033788802945 -0.09388507811480018 -0.061718159826235346 -159.39683220118397 -61.756322835042965
1488.8950973426568  -0.6523516123793934 -2.3446152397144564 0.8132057407390175 0.06304213389670313 -732.6065430087117 0.2151486975115615 1.3310295547987796 0.048897762158104124 -159.28621627919964 -61.64570691305863
1488.8786854004888  0.5247306056886328 1.625353515841294 0.6189298239171575 0.14270971520934972 -732.5268754273991 0.017420337873186115 0.09388507802356982 0.061718159820371724 -159.27339588153737 -61.63288651539636
1488.8988537398377  0.0119375005766774 0.040397121644256635 -0.00263114548657892 0.0007075475348021929 -732.6688775950736 -0.0021041658597763533 -0.013151166400100058 7.756134771473561e-05 -159.33503648001002 -61.694527113869015
1488.9091694166493  -0.15635211620540718 -0.4387161873233069 -0.4071215318808459 -0.07635855048895142 -732.7459436930974 -0.0385122502755115 -0.23169110000208182 -0.036067180618151826 -159.3711812219759 -61.730671855834885
1488.8976779548893  0.41166177163360274 1.437379345293365 -0.3071329455211823 -0.008478651987417318 -732.6780637945958 -0.10494018213233881 -0.6514658536145783 -0.0145022719041662 -159.34961631326192 -61.7091069471209
1488.897994380347  0.41701085180753816 1.45976155051088 -0.32922476921841665 -0.011338973001612282 -732.6809241156101 -0.10901211249003881 -0.6764888325112302 -0.016127504577637838 -159.35124154593538 -61.71073217979437
1488.9000219509069  -0.41701085178743136 -1.45976155042738 0.3292247691384681 0.011338972991330472 -732.6582461696171 0.10901211247519549 0.6764888324199998 0.016127504571774212 -159.31898653678596 -61.67847717064495
1488.8989196894645  -0.002553096675708461 -0.009986631942803954 0.0071425445672096835 0.0008483719820787957 -732.6687367706263 0.0014345243105333254 0.008831569456275723 0.0005056945058939363 -159.33460834685184 -61.69409898071084
1488.9028228400455  -0.0037404062680661057 0.029161425432758487 -0.20348075640254448 -0.03126256193485906 -732.7008477045433 -0.029909772501088307 -0.18276799484852738 -0.016241329895569773 -159.3513553712533 -61.7108460051123
1488.8970566244006  0.18408574251262771 0.6277012696297597 -0.06375853012322286 0.007388484834374173 -732.662196657774 -0.035916831765484894 -0.2240092179720447 -0.0006442208766051991 -159.33575826223435 -61.69524889609334
1488.898892824085  0.215126661012629 0.7575860702077268 -0.19195823820093985 -0.009210068807570679 -732.678795211416 -0.059546401137489297 -0.36921853240695246 -0.010075509012066698 -159.3451895503698 -61.7046801842288
1488.8991232705232  -0.21512666099252215 -0.7575860701242266 0.19195823812099125 0.009210068797288869 -732.6603750738111 0.059546401122645976 0.3692185323157221 0.01007550900620308 -159.32503853235153 -61.68452916621053
1488.8989893659163  -0.0018034534839258382 -0.006568627313855185 0.002672392658189486 0.00023874072827583814 -732.6693464018801 0.0006582660290897094 0.004067772048127559 0.0001688554883707704 -159.33494518586937 -61.69443581972836
1488.9010922236098  -0.03432620308496353 -0.0979456191998219 -0.08142759114528139 -0.01555565944840374 -732.6851408020568 -0.007265089755038666 -0.04359087727300211 -0.007287013154201191 -159.34240105451195 -61.701891688370935
1488.8992212409346  -0.08322504992750285 -0.29121118329929563 0.06511344167491145 0.002173082637510389 -732.6674120599708 0.021667591345180696 0.1344691970568929 0.003171685640423908 -159.33194235571733 -61.691432989576306
1488.8981678331224  0.0726265816074343 0.24686391498984006 -0.0213415239537111 0.003494251039684123 -732.6660908915687 -0.013599620022371132 -0.0848895976036535 4.84899287829044e-05 -159.33506555142895 -61.69455618528795
1488.899848175433  -0.07262658158732746 -0.2468639149063399 0.0213415238737625 -0.0034942510499659323 -732.6730793936586 0.013599620007527817 0.0848895975124232 -4.848993464652671e-05 -159.33516253129238 -61.69465316515138
1488.8989850254934  0.0011755124087704679 0.0038915676621745386 0.0001631412876717921 0.00013382572539712498 -732.6694513168829 -0.0001440250294900723 -0.0009087832779973114 4.115325579269699e-05 -159.33507288810196 -61.69456352196094
1488.8997783829984  -0.030391475120153028 -0.09865324953320405 -0.013786473964781587 -0.004913706405085623 -732.6744988490135 0.0022918906226255657 0.01474256379521712 -0.001823494301517594 -159.33693753565927 -61.69642816951825
1488.8986190866367  -0.02124759821633659 -0.07926961713288044 0.04067250824874349 0.0042086287333319445 -732.665376513875 0.009130099290677655 0.056329131141881775 0.0027186543451143035 -159.3323953870126 -61.69188602087162
1488.899265956686  -0.03905412788034616 -0.13490046727902144 0.02199048227172836 -0.00028151387743332234 -732.669866656486 0.008886243121705226 0.05526642567178543 0.0008085146835254315 -159.3343055266742 -61.69379616053321
1488.8987500459018  0.03905412790082739 0.13490046736377154 -0.021990482351676558 0.00028151386718630123 -732.6693036287413 -0.008886243136602124 -0.05526642576335232 -0.0008085146893800393 -159.33592255604714 -61.69541318990611
1488.8990041853322  0.0005163906117047635 0.0017792283028015014 -0.00026886054976793896 7.050733993088323e-06 -732.6695780918744 -0.0001142199126623484 -0.0007107170291592782 -8.951619780160776e-06 -159.33512299297752 -61.694613626836514
1488.8995831864804  -0.01198384063996042 -0.03588705487726772 -0.020158445631020493 -0.004174355385928936 -732.6737594979944 -0.001299077152718871 -0.007653961692052879 -0.001887630849172658 -159.33700167220692 -61.696492306065906
1488.8990005125686  -0.021618421865727867 -0.07634273401901236 0.02032443608651503 0.001082671471042267 -732.6685024711375 0.00613866161176033 0.03804943940558791 0.0010945988154870178 -159.33401944254226 -61.693510076401246
1488.898553921576  0.014031177768466558 0.04445374659245839 0.011702895414510694 0.003079579835558925 -732.666505562773 -0.0002594365921992558 -0.0019234753230527209 0.00126558004904425 -159.3338484613087 -61.693339095167694
1488.8994620790904  -0.014031177748250337 -0.0444537465085006 -0.011702895494910987 -0.0030795798458992164 -732.6726647224544 0.00025943657727268586 0.0019234752313107874 -0.0012655800549411019 -159.33637962141268 -61.69587025527167
1488.8990023230256  0.0003360225036252459 0.0011222975258506182 -1.6601114062121715e-06 3.091679645732019e-05 -732.6695542258119 -4.839585814094209e-05 -0.000303954857058812 7.930301004261147e-06 -159.33510611105675 -61.69459674491573
1488.8988174392966  0.005461520339263658 0.017149874092295136 0.005304587620998791 0.0013125499437652787 -732.6682725926647 1.1134927747002803e-05 -6.32435670002247e-05 0.000552095948611266 -159.33456194540915 -61.69405257926812
1488.8989661205312  -0.006360796475987748 -0.022902877626570534 0.008132232111423953 0.0006455415516588679 -732.6689396010569 0.002128197597837865 0.013163999921749256 0.0004928955667075918 -159.33462114579103 -61.69411177965002
1488.899075545533  -0.007541113721874937 -0.02585153566450799 0.00328418028260264 -0.00020052617208103066 -732.6697856687806 0.0015719333406260356 0.00979157396554842 7.975529005981087e-05 -159.3350342860677 -61.69452491992667
1488.8989404545614  0.007541113742356167 0.02585153574925808 -0.003284180362550838 0.00020052616183400933 -732.6693846164467 -0.0015719333555229333 -0.009791574057115322 -7.975529591441874e-05 -159.33519379665367 -61.694684430512645
1488.899010963761  -9.331366058145075e-06 -1.0060192995602242e-08 -0.00015216586267643168 -2.3984705001264886e-05 -732.6696091273135 -2.143069460606077e-05 -0.00013079543523926348 -1.2302275924113268e-05 -159.33512634363368 -61.69461697749265
1488.8990553933147  -0.0035402992837920704 -0.011962298792384082 0.0006911203452140543 -0.0002233891479299664 -732.6698085317564 0.000610685431487761 0.003818642154439971 -3.0082503956934317e-05 -159.3351441238617 -61.69463475772069
1488.8989399357824  -0.00040927107561411036 -0.002199431552545368 0.004069094592598335 0.0005802695757975439 -732.6690048730327 0.000667479545282844 0.0040905780848216194 0.00031317093032064846 -159.33480087042744 -61.69429150428641
1488.898985609599  0.003962976978343481 0.01373091309830745 -0.002436789657606943 -2.6299918918131827e-06 -732.6695877726004 -0.0009324444402438771 -0.005795927658916952 -9.834142964130228e-05 -159.33521238278738 -61.69470301664637
1488.899030390429  -0.003962976958127259 -0.013730913014349668 0.0024367895772066505 2.62998155152168e-06 -732.6695825126269 0.0009324444253173071 0.005795927567175017 9.834142374445054e-05 -159.335015699934 -61.69450633379299
1488.8990082067153  3.9495582242642175e-05 0.00014161694062528064 -4.7602356328702475e-05 -3.5688469778702367e-06 -732.6695887114554 -1.2781663344587084e-05 -7.90922824791228e-05 -2.8309036021907853e-06 -159.33511687226135 -61.694607506120335
1488.899053607298  -0.0004760361459481236 -0.0011728537944894445 -0.0020352790803431554 -0.00035338421728208863 -732.6699385268257 -0.00023631825049631722 -0.0014333214919105288 -0.00017297467818325733 -159.33528701603592 -61.69477764989492
1488.8990566953805  -0.0006576288698210737 -0.0017791403361354847 -0.0020354744339812847 -0.0003702582100725495 -732.6699554008185 -0.00021032770722924818 -0.0012700580871205431 -0.0001773470777637533 -159.3352913884355 -61.69478202229449
1488.8989623927102  0.0004760361660549775 0.0011728538779895983 0.0020352790003945547 0.00035338420700027954 -732.6692317584013 0.00023631823565300244 0.0014333214006802169 0.00017297467231963524 -159.33494106668542 -61.69443170054441
1488.8989992039103  0.002022045680899479 0.00703516052190556 -0.0013858976612827537 -2.300230552164975e-05 -732.6696081449139 -0.0004970960556393168 -0.0030876908761537872 -6.149342615365292e-05 -159.3351755347839 -61.69466616864289
1488.8990076010134  -1.3644298261659621e-05 -5.256059103555902e-05 3.421349921392729e-05 3.9325593937034835e-06 -732.6695812100489 7.074223099978874e-06 4.357740393868248e-05 2.3883843156678696e-06 -159.3351116529734 -61.69460228683242
1488.8990304777517  -0.0004883083066817889 -0.001472951213024876 -0.0007693554526987427 -0.0001621859675964779 -732.6697473285761 -4.5146530010053496e-05 -0.00026426910877137876 -7.278454980757576e-05 -159.33518682590756 -61.69467745976654
1488.8990071792307  -0.0008340846720393171 -0.0029513703145460524 0.0008130101962716389 4.6155094742276254e-05 -732.6695389875136 0.00024115932043968936 0.001494419093923002 4.452198040095666e-05 -159.33506951937733 -61.69456015323634
1488.8989983627366  0.0007053786043313303 0.0023812405974017632 -0.00012715057206356164 4.611155857888435e-05 -732.6695390310499 -0.00012009603191797278 -0.0007511856664453886 6.8311456919650055e-06 -159.33510721021204 -61.69459784407104
1488.8990176372656  -0.0007053785842244763 -0.002381240513901609 0.00012715049211496098 -4.611156886069345e-05 -732.6696312541773 0.00012009601707465798 0.0007511855752150764 -6.831151555587078e-06 -159.3351208725093 -61.69461150636829
1488.8990077834367  1.3223798371951454e-05 4.424282224450448e-05 -4.367709740013983e-07 1.1602625756069326e-06 -732.6695839823459 -1.960142521092364e-06 -1.2301586053722649e-05 2.8260479738136016e-07 -159.33511375875295 -61.69460439261193
1488.899018869246  -0.0002504029088915047 -0.0007626222605958928 -0.00035887056989815613 -7.775163087646586e-05 -732.6696628942393 -1.78165182860899e-05 -0.0001029032147041311 -3.449371777724301e-05 -159.33514853507552 -61.69463916893451
1488.899007225872  -0.000395652527627788 -0.0014042706360645803 0.0004065279884784741 2.506511682902182e-05 -732.6695600774916 0.00011751821591192874 0.000727978639107238 2.2776005627836423e-05 -159.33509126535213 -61.6945818992111
1488.8990019860478  0.00033248221673953376 0.0011060676050188257 1.988044401700028e-05 3.3861142565778274e-05 -732.6695512814659 -4.466558659659216e-05 -0.00028106415237082313 9.555173707299906e-06 -159.33510448618404 -61.694595120043026
1488.8990140139538  -0.00033248219625830365 -0.001106067520268736 -1.988052396519851e-05 -3.386115281279956e-05 -732.6696190037612 4.466557169969455e-05 0.00028106406080392264 -9.555179561907753e-06 -159.3351235965373 -61.6946142303963
1488.8990078990555  6.460421453224492e-06 2.1668531524641165e-05 -4.7680059015418435e-07 5.268184132522975e-07 -732.66958461579 -9.970318074321221e-07 -6.250841720880869e-06 1.1715596139995603e-07 -159.33511392420178 -61.694604558060774
1488.8990133734333  -0.00012623598469249447 -0.00038563985365261286 -0.0001751629983965261 -3.832267238569475e-05 -732.6696234652808 -8.12078593289411e-06 -4.661239585595074e-05 -1.693256092717551e-05 -159.3351309739187 -61.69462160777766
1488.8990075527208  -0.00019428523370124828 -0.0006903128025527325 0.0002032676990022347 1.286158277913126e-05 -732.6695722810257 5.825228071902856e-05 0.00036080561265088484 1.1473255628478632e-05 -159.33510256810212 -61.694593201961105
1488.899008677602  -0.00020561955278634994 -0.0007178053900662658 0.0001526936632670726 4.12631970729801e-06 -732.6695810162886 5.230921616021834e-05 0.0003247443123080933 7.1869258430478485e-06 -159.3351068544319 -61.69459748829089
1488.899007322399  0.00020561957289320383 0.0007178054735664198 -0.00015269374321567327 -4.126329989107102e-06 -732.6695892689384 -5.230923100353314e-05 -0.00032474440353840546 -7.1869317066699186e-06 -159.33512122828947 -61.694611862148435
1488.8990079507446  3.2050879317277177e-06 1.075915504451722e-05 -2.812588031473908e-07 2.545671914485569e-07 -732.6695848880413 -5.013288342557904e-07 -3.1420140769658344e-06 5.457326013657198e-08 -159.33511398678448 -61.694604620643474
1488.8990066926956  -1.1359475609996437e-05 -5.458585628790588e-05 8.137828126398682e-05 1.1310421691865585e-05 -732.6695738321868 1.380384955070836e-05 8.46650588448489e-05 6.186977999127102e-06 -159.33510785437974 -61.69459848823874
1488.899006997292  6.987865097910613e-05 0.00023536586576303035 -9.993201694940047e-06 4.96355029853315e-06 -732.6695801790581 -1.1507890945428941e-05 -7.20354224800114e-05 8.833497069133195e-07 -159.33511315800806 -61.694603791867024
1488.8990070311452  7.045116118769833e-05 0.0002377612830369936 -1.2356986087373213e-05 4.657516854596392e-06 -732.6695804850916 -1.1943604127046714e-05 -7.471298672657633e-05 7.09456850857363e-07 -159.33511333190089 -61.69460396575988
1488.8990089688562  -7.045114108084442e-05 -0.00023776119953683965 1.2356906138772574e-05 -4.657527136405484e-06 -732.6695898001356 1.1943589283731917e-05 7.471289549626415e-05 -7.094627144794335e-07 -159.33511475082048 -61.69460538467945
1488.8990080231063  -5.853122380314208e-07 -1.808159812977453e-06 -7.140587754618312e-07 -1.6278249503844426e-07 -732.6695853053909 -2.2973441167060932e-08 -1.263781720246711e-07 -7.072267650421245e-08 -159.33511411208042 -61.69460474593941
1488.8990086923252  3.405933542184901e-06 1.9701403181137595e-05 -4.06918887737636e-05 -5.866543596355017e-06 -732.669591009152 -6.576530671384566e-06 -4.028851110067352e-05 -3.148261757658138e-06 -159.3351171896195 -61.69460782347849
1488.899007371951  -7.18536979721085e-06 -3.231981869422882e-05 4.0687583699343923e-05 5.5153137711406655e-06 -732.6695796272948 7.117428451819155e-06 4.3686245756054885e-05 3.0572412941656515e-06 -159.33511098411643 -61.69460161797544
1488.8990075379388  3.5603467808978754e-05 0.00012046198092411771 -7.739871914073248e-06 2.126584528101504e-06 -732.6695830160239 -6.259568825122315e-06 -3.9124885151960795e-05 2.398581767838869e-07 -159.33511380149955 -61.694604435358556
1488.8990086280505  7.185389904064764e-06 3.23199021943828e-05 -4.068766364794456e-05 -5.515324052949758e-06 -732.6695906579324 -7.11744329513395e-06 -4.368633698636706e-05 -3.0572471577877224e-06 -159.33511709860488 -61.694607732463886
1488.8990079977038  -3.902218914139733e-07 -1.402016316062792e-06 4.841001989397639e-07 3.7354697273223995e-08 -732.6695851052536 1.2834678856237337e-07 7.940501842682584e-07 2.9063710598896632e-08 -159.335114012294 -61.69460464615302
1488.8990085550809  -1.2323724530292858e-05 -3.7309234710482866e-05 -1.8754714666221595e-05 -3.992608393193247e-06 -732.6695891352169 -1.0403437529036845e-06 -6.063983528732911e-06 -1.784362336455507e-06 -159.33511582572007 -61.69460645957907
1488.8990082528949  -1.7432442122208204e-05 -5.868554593520979e-05 2.3437092141381895e-06 -1.2609226680978663e-06 -732.6695864035312 2.8485088820234338e-06 1.7833942584375972e-05 -2.3221531197790992e-07 -159.33511427357305 -61.694604907432044
1488.8990076753535  -2.967878249166651e-06 -1.4073819789657835e-05 2.0344280461215955e-05 2.8156873987257427e-06 -732.669582326921 3.4692610204665127e-06 2.128121407791807e-05 1.5436502069642917e-06 -159.3351124977075 -61.694603131566524
1488.8990074449205  1.232374463714677e-05 3.730931821063684e-05 1.8754634717620954e-05 3.992598111384156e-06 -732.6695811500103 1.0403289095888897e-06 6.0638922984207334e-06 1.7843564728334363e-06 -159.33511225700124 -61.69460289086026
1488.8990080007238  2.0387153820971636e-07 7.272000189759372e-07 -2.2710455126347162e-07 -1.5593993047935155e-08 -732.6695851582024 -6.319244698083685e-08 -3.91238564678532e-07 -1.3135340241735787e-08 -159.3351140544931 -61.69460468835207
1488.8990081965276  -2.7329651788907814e-06 -7.4585705089208775e-06 -8.142209678720593e-06 -1.4905833398319064e-06 -732.6695866331918 -8.266778515963935e-07 -4.988308087207174e-06 -7.118711131336178e-07 -159.33511475322888 -61.69460538708785
1488.8990082307928  -4.781393858286307e-06 -1.4304014939312735e-05 -8.11352402224305e-06 -1.6762346787430947e-06 -732.6695868188431 -5.288737414596505e-07 -3.118384383697852e-06 -7.587414062489904e-07 -159.33511480009915 -61.69460543395814
1488.899008033422  -8.118196718170888e-06 -2.826608705692725e-05 5.666851179301767e-06 1.0795260438683294e-07 -732.6695850346557 2.011127625863678e-06 1.2490530416702897e-05 2.550375771174333e-07 -159.33511378632016 -61.694604420179154
1488.8990077692085  4.781414339516411e-06 1.4304099689402579e-05 8.113444074044823e-06 1.6762244317218058e-06 -732.669583466384 5.288588445620385e-07 3.1182928167973693e-06 7.587355516411435e-07 -159.3351132826222 -61.694603916481185
1488.8990079977066  1.084031147397631e-07 3.569291223188769e-07 2.4534544258662817e-08 1.3782962945407396e-08 -732.6695851288255 -1.186172443612304e-08 -7.512493238573187e-08 4.548345370610839e-09 -159.3351140368094 -61.69460467066838
1488.8990080908286  -9.291495830563566e-07 -2.2691336850185103e-06 -4.070736188559921e-06 -7.046692014647341e-07 -732.6695858472776 -4.759476514350424e-07 -2.8874373655753467e-06 -3.454135107568753e-07 -159.33511438677124 -61.69460502063024
1488.8990079757396  3.931142602337431e-06 1.3597850446962478e-05 -2.3060077635049756e-06 1.4287282993522575e-08 -732.6695851283212 -9.083148206893404e-07 -5.647642133691426e-06 -8.872421380965759e-08 -159.33511413008193 -61.69460476394095
1488.8990080896576  -2.8258144225650296e-06 -8.972673756846872e-06 -2.259715962283739e-06 -6.054462362888503e-07 -732.6695857480546 6.679181480790473e-08 4.762867245653569e-07 -2.471671285876037e-07 -159.3351142885249 -61.69460492238386
1488.8990079103437  2.825834529418943e-06 8.972757257000854e-06 2.2596360136831008e-06 6.054359544797585e-07 -732.6695845371725 -6.68066581226996e-08 -4.7637795487753553e-07 2.47161264965533e-07 -159.33511379419647 -61.69460442805547
1488.899007995744  6.627831931578311e-09 -2.3877804680153958e-08 2.2476815222771087e-07 3.4764671047888396e-08 -732.6695851078439 3.2681161168747586e-08 1.99641873553481e-07 1.800032562255719e-08 -159.33511402335742 -61.6946046572164
1488.8990079829573  2.6869042773097024e-08 -9.444148111807599e-08 8.996815802891954e-07 1.3918438872965106e-07 -732.669585003424 1.3076450604772163e-07 7.98802591740475e-07 7.205822303554259e-08 -159.3351139692995 -61.69460460315851
1488.8990081056018  -1.7978651978048097e-06 -5.169528609599442e-06 -4.071669956469323e-06 -7.853920368278017e-07 -732.6695859280004 -3.516122076355179e-07 -2.1064060814710077e-06 -3.663304312852455e-07 -159.33511440768817 -61.69460504154716
1488.8990080092603  -4.185161837473944e-06 -1.4660460872096837e-05 3.353722679094599e-06 1.213335320769775e-07 -732.6695850212749 1.1014762301532443e-06 6.834671430330037e-06 1.6579354504218113e-07 -159.3351138755642 -61.694604509423186
1488.8990079722441  -3.0232320139825465e-06 -1.0972711641860027e-05 4.291046005363626e-06 3.7152378070551654e-07 -732.6695847710846 1.0752340603001112e-06 6.646298112469518e-06 2.6807276885344316e-07 -159.33511377328497 -61.69460440714396
1488.8990080192434  3.0364880522218933e-06 1.0924957282435583e-05 -3.8415097005057935e-06 -3.019944038219368e-07 -732.6695854446028 -1.009871791545433e-06 -6.247014701950861e-06 -2.3207210859410495e-07 -159.33511427342987 -61.694604907288834
1488.899007997812  7.749491192224974e-08 2.4907068003785583e-07 4.729057325255268e-08 1.4373367230032262e-08 -732.6695851282351 -4.0281372252691555e-09 -2.648994164439454e-08 5.613068901369902e-09 -159.33511403574465 -61.69460466960366
1488.8990080495737  -1.3329135086984257e-06 -4.151476036665834e-06 -1.4609297794648921e-06 -3.4560400289397587e-07 -732.6695854882124 -2.7602582141963733e-08 -1.367035504228908e-07 -1.4794361856539212e-07 -159.33511418930135 -61.69460482316035
1488.8990079914329  -1.701862498093433e-06 -6.0984902640525605e-06 2.0327353594765616e-06 1.5097860950871407e-07 -732.6695849916298 5.480009672030218e-07 3.391207181062831e-06 1.205191775286804e-07 -159.33511392083858 -61.694604554697555
1488.8990080016579  -2.0641423129856398e-06 -7.2629166057768244e-06 1.8118992480992799e-06 8.382151916138915e-08 -732.6695850587868 5.668682386566739e-07 3.5152658846142077e-06 9.429792518964478e-08 -159.3351139470598 -61.694604580918806
1488.89900798983  2.0773983512249866e-06 7.2151622463523806e-06 -1.3623629432414474e-06 -1.4292142277809488e-08 -732.6695851569006 -5.015059699019958e-07 -3.1159824740955505e-06 -5.8297264930306563e-08 -159.33511409965502 -61.694604733514
1488.8990079968971  1.0279511684574415e-07 3.281597135287716e-07 7.360718493078455e-08 2.071856539664798e-08 -732.6695851218898 -3.7157013751500244e-09 -2.5188144347160642e-08 8.309008382495316e-09 -159.33511403304874 -61.69460466690773
1488.899008016656  -3.407412832826388e-07 -1.0170463725465644e-06 -5.895122391750364e-07 -1.211735720561459e-07 -732.669585263782 -3.938191723922682e-08 -2.325744255767776e-07 -5.496870141474873e-08 -159.33511409632646 -61.69460473018544
1488.899008011351  -6.766236109575127e-07 -2.2607786274825522e-06 7.697141315870441e-09 -6.159329651411225e-08 -732.6695852042018 9.81026626342982e-08 6.160344729585625e-07 -1.562303049190519e-08 -159.33511405698076 -61.69460469083976
1488.8990079882299  -1.899898145468322e-07 -8.008788899153852e-07 8.134999309692555e-07 1.0597492838763274e-07 -732.6695850366334 1.4894254459033236e-07 9.151510148210094e-07 6.001440491732686e-08 -159.33511398134334 -61.69460461520233
1488.8990079748316  3.539973215219854e-07 9.692920131221196e-07 1.0390485440328687e-06 1.9070294893972557e-07 -732.6695849519056 1.0474418599390507e-07 6.318578360954343e-07 9.096936167408696e-08 -159.33511395038838 -61.69460458424737
1488.899007998662  8.891439318293295e-08 2.9879231095139985e-07 -9.344978838269025e-09 6.827768698048264e-09 -732.6695851357807 -1.4138464402713073e-08 -8.857553407992631e-08 1.3915215147448772e-09 -159.33511403996621 -61.69460467382521
1488.8990079924952  3.7539952544129136e-10 -8.200429162339737e-08 4.067510462889436e-07 6.183405774341868e-08 -732.6695850807744 6.080616329716697e-08 3.7173867522474836e-07 3.2295475915989054e-08 -159.33511400906227 -61.694604642921256
1488.8990080026738  -3.1036605733076227e-07 -1.0651374355015976e-06 1.4092044588539046e-07 -7.378583677366807e-09 -732.669585149987 6.555640610528414e-08 4.082515774402952e-07 3.739261585125546e-09 -159.3351140376185 -61.69460467147747
1488.8990080040294  -3.6624964558059537e-07 -1.2472188050492702e-06 1.1888528586768404e-07 -1.591016063431649e-08 -732.6695851585184 7.026676443543458e-08 4.383927513248515e-07 6.4939187449967e-10 -159.33511404070833 -61.69460467456734
1488.8990079888138  3.236217211939189e-07 1.0173818261412895e-06 3.086158585700313e-07 7.69079257731436e-08 -732.6695850657005 -1.9408376778897006e-10 -8.967830333333217e-09 3.226138965998884e-08 -159.33511400909634 -61.69460464295535
1488.899007999244  7.604616908911998e-08 2.598606560675972e-07 -2.9055428997880296e-08 2.6394446774877577e-09 -732.669585139969 -1.524379027569867e-08 -9.502370352416503e-08 -4.817677422791737e-10 -159.33511404183952 -61.6946046756985
1488.8990079984565  -1.2959595232177016e-07 -4.742921698631706e-07 2.0313458971776562e-07 1.884185510676166e-08 -732.6695851237664 4.896326816238091e-08 3.024604146783205e-07 1.3014758033136346e-08 -159.33511402834299 -61.694604662201975
1488.8990079998107  -1.1929540108603453e-08 -4.418601998588221e-08 2.127145268315516e-08 2.1252837588767612e-09 -732.6695851404832 4.892073298851643e-09 3.019526995147642e-08 1.40223174439432e-09 -159.3351140399555 -61.6946046738145
1488.8990079916769  2.518557834795018e-08 -3.568339438562566e-09 4.2826485217467733e-07 6.74040931247029e-08 -732.6695850752044 6.04701954558266e-08 3.690881405671803e-07 3.4598428514943914e-08 -159.3351140067593 -61.69460464061831
1488.8990079957523  1.450496295410559e-07 4.6450423109505637e-07 9.676715786799255e-08 2.815682361200956e-08 -732.6695851144516 -6.304898479319391e-09 -4.203357528359613e-08 1.1161163969172341e-08 -159.3351140301966 -61.69460466405557
1488.899008000064  -2.6684137993936004e-10 -2.3300032750524017e-10 -3.214456859615779e-09 -5.131365473021507e-10 -732.6695851431216 -4.4272699711398913e-10 -2.700262618740678e-09 -2.615545280863428e-10 -159.3351140416193 -61.69460467547829
1488.899008002244  -4.910971757117013e-08 -1.4831993995984803e-07 -7.647810606777434e-08 -1.617496547613589e-08 -732.6695851587833 -4.406248145734571e-09 -2.575745570253403e-08 -7.248836303525096e-09 -159.33511404860656 -61.69460468246557
1488.8990079944756  7.202045049487262e-08 1.927169675050705e-07 2.3330308541043114e-07 4.212715276205891e-08 -732.6695851004813 2.458832211988597e-08 1.4859275246150163e-07 2.0246741718513852e-08 -159.335114021111 -61.69460465496999
1488.899007995171  4.035848723160328e-08 8.874760496862208e-08 2.2476374592564336e-07 3.78928146124516e-08 -732.6695851047156 2.7847356725161637e-08 1.6927864572141815e-07 1.880926412376845e-08 -159.33511402254845 -61.69460465640747
1488.8990079906714  2.681983061847556e-07 8.425012840607439e-07 2.58907884958592e-07 6.421459790457046e-08 -732.6695850783939 3.0980497330113257e-10 -4.554610814436385e-09 2.698599000638384e-08 -159.33511401437175 -61.69460464823074
1488.8990080023166  -4.7888188554066054e-08 -1.4320868486084788e-07 -8.152304905975884e-08 -1.682815539526661e-08 -732.6695851594366 -5.336124134319698e-09 -3.147176444354922e-08 -7.619978420135347e-09 -159.33511404897772 -61.69460468283671
1488.899007994097  6.053835757506891e-09 -4.418667352098723e-08 3.146228800117708e-07 4.836339901969266e-08 -732.6695850942451 4.620788260284872e-08 2.823533379227256e-07 2.5118906544945394e-08 -159.33511401623883 -61.69460465009783
1488.899007993482  8.634743664933381e-08 2.3222079195267056e-07 2.74013835755672e-07 4.964144532792798e-08 -732.6695850929669 2.8626788203293662e-08 1.7293804446873656e-07 2.382196061436787e-08 -159.33511401753577 -61.69460465139477
1488.8990079941836  6.712865587366954e-08 1.7221969499995955e-07 2.536455025555909e-07 4.476409700463199e-08 -732.6695850978443 2.833297544950501e-08 1.7160387848263473e-07 2.174408414412218e-08 -159.33511401961366 -61.69460465347265
1488.8990080002195  -5.188735995671527e-09 -1.5866129626446075e-08 -7.126540729835542e-09 -1.5640630895455434e-09 -732.6695851441725 -3.228301842037546e-10 -1.8489115752083991e-09 -6.901713626871824e-10 -159.33511404204793 -61.6946046759069
1488.8990079944188  7.974007027972403e-08 2.1931523731612176e-07 2.2928260123221348e-07 4.223236747520773e-08 -732.669585100376 2.2880642124506736e-08 1.3796697867419527e-07 2.0112824047837052e-08 -159.33511402124492 -61.69460465510391
1488.8990080000945  -9.211848743884145e-10 -2.2010779000766153e-09 -4.273297147262054e-09 -7.34706263336384e-10 -732.6695851433432 -5.073969837174907e-10 -3.07989913437414e-09 -3.613009934599526e-10 -159.33511404171904 -61.694604675578034
1488.899007994366  7.450618641822432e-08 2.002663937813851e-07 2.3696857377284384e-07 4.2914638102456604e-08 -732.6695850996938 2.478059703860116e-08 1.49708486465676e-07 2.0597334732597892e-08 -159.3351140207604 -61.6946046546194
1488.8990079944479  7.371648395770082e-08 1.983878652168429e-07 2.3326424562823095e-07 4.227857361025775e-08 -732.6695851003299 2.433949215523941e-08 1.4703071273349692e-07 2.028435111299659e-08 -159.3351140210734 -61.694604654932384
1488.8990080000215  -1.5824872347607627e-10 -3.2026612723347655e-10 -1.0167406051815836e-09 -1.6915622580121063e-10 -732.6695851427776 -1.2945448773032078e-10 -7.876346587321962e-10 -8.450210564015828e-11 -159.33511404144224 -61.694604675301235
1488.8990079944729  7.131758747690103e-08 1.9020365721257973e-07 2.341164899379534e-07 4.218553972413172e-08 -732.6695851004229 2.4810738159726908e-08 1.499694265290969e-07 2.0294443356517536e-08 -159.3351140210633 -61.694604654922294
1488.8990079934524  1.415504531316782e-07 4.266238339149503e-07 2.2475052701944087e-07 4.727724530614122e-08 -732.6695850953313 1.334594339440378e-08 7.818896222522961e-08 2.1236079627402222e-08 -159.33511402012167 -61.694604653980655
1488.899008000014  -1.5559817688699522e-10 -3.9464928616846334e-10 -6.101095536449157e-10 -1.0712935954639377e-10 -732.6695851427155 -6.899227629577263e-11 -4.1805348978801093e-10 -5.216156764842298e-11 -159.3351140414099 -61.6946046752689
1488.899007995168  4.0091477553492205e-08 8.777281035951435e-08 2.251705389330209e-07 3.79298527430362e-08 -732.6695851046786 2.7946481819864718e-08 1.6989108209238075e-07 1.883514765024934e-08 -159.3351140225226 -61.694604656381586
1488.8990079905002  1.2932802073652725e-07 3.507310153596074e-07 3.9614608638898373e-07 7.218428823773231e-08 -732.6695850704241 4.074224003633366e-08 2.459742570787466e-07 3.454760828770606e-08 -159.33511400681013 -61.69460464066913
1488.8990080000272  -4.951872945946847e-10 -1.4452084040577954e-09 -1.0171027748258365e-09 -2.0046524838825175e-10 -732.669585142809 -8.122995249465503e-11 -4.847051840027144e-10 -9.261490710864726e-11 -159.33511404145037 -61.69460467530935
1488.899007993465  8.645397495442714e-08 2.3240984299628435e-07 2.748281102951618e-07 4.977504351981544e-08 -732.6695850928334 2.8733358192935145e-08 1.7358701462037056e-07 2.3889151004343633e-08 -159.33511401746858 -61.69460465132759
1488.8990079934715  8.651882148986706e-08 2.327096722392975e-07 2.744210999859977e-07 4.9719219975678614e-08 -732.6695850928893 2.866316781937346e-08 1.7315633593424562e-07 2.3858399796981647e-08 -159.33511401749934 -61.69460465135833
