 Dim = 3
4287.372427834544  -89883.78381398827
8001.097834616521  -125745.05826592701
1957.7588766149213  -58059.711946957505
160.02167345981505  17948.722523563316
2956.882293731853  -64825.96576983267
685.868552460222  -25690.04909941467
2942.266443400969  60452.575883749225
7902.531742091279  137967.51755594322
2512.1190549122985  -49990.135917335494
1877.2264835946335  -36035.744244645844
3728.127687546459  57043.70331103316
901.416263314422  1015.9318980146418
5204.304254184885  -54929.909694170405
576.8169604813953  -14096.917192939127
5578.021082594138  -46835.13509034047
3338.9936566024426  -8114.003621219403
3472.570750393956  -25004.35734535592
5564.798526892981  -91885.73049035425
7449.659316244081  -95567.9856460047
7201.921229350065  66770.86559406115
5282.519400942353  -3452.9935153653423
1221.3039507175213  -40691.385096350234
1546.433312176073  -2335.0837089253146
5084.960555930839  -69384.18369804643
1624.6700788601293  5018.3669167907865
6624.668952226128  70204.63009203713
39.23845144743894  7136.879786770862
2736.3508543800026  -30124.70217057226
3839.2013259584623  -55875.833654043505
3809.3453371367686  -78034.97580335177
40.436296760021854  3090.221445490519
2304.997222802156  16691.203902378846
45.25653740439782  -2050.3579401961942
589.7482558922817  20334.18992750544
529.4554856069461  -15871.608282838883
5989.3860861096355  -38685.14809880347
7356.362020988177  -120113.23227494003
10617.140615608314  -72324.5333495335
4345.0697440549575  32283.62227316536
961.021609195391  -38540.88191926957
1484.7684212592212  -30161.624203215877
2516.452749283291  -20643.679070605496
5627.760742384565  -26860.946551840876
1162.497299989166  21204.140714878864
17.36141658466982  5506.066605280699
213.00869597059872  -5459.230512912218
1007.9255578662011  -22202.892785356165
1079.7093416964449  -36270.153713464184
2871.803043619777  -13087.254525128643
171.3301498873679  11804.121755122222
99.00684900004185  -6197.909912957064
496.950402769726  -15904.837635514628
534.1289173044804  -26716.68037230708
1381.9731917181782  -13007.03216938725
723.7215488699647  13954.624932202893
92.11629321833335  -6403.296977389837
145.10833260297312  -10205.772960943861
134.826479225089  -5635.152155569605
1195.8352295824236  -1307.7442495626383
673.6563377645153  3056.538810792994
27.274922315696042  -33.03872506895277
88.20591354132773  -4180.59069782983
150.92922020368565  -5438.960093465179
360.6536965838489  -19293.439788783613
873.8697295719155  -18244.46916570002
1328.2590979134366  20276.332961729306
22.69369324536721  6018.918920312783
47.13780977904233  -943.4689615291536
52.03478281489834  -235.24084212582966
126.36480288693878  -9016.901766774296
1311.6934744451642  -4107.615514488971
600.481728452591  5856.41007571933
26.89260211210691  21.020488615013164
25.84713331622565  183.19812966689642
58.020445335823496  -955.8908938492386
67.84081939351411  -4288.862583148606
74.92724487593466  -4675.667229953549
86.73812401945399  -6133.818020836839
10.77549364074869  4609.5897798156475
26.527197210998818  75.07970229897182
33.541676694178726  -72.73443925488391
42.87787181508182  -2013.0138816910803
47.26890451138979  -2503.457487855234
48.678205301114986  -2654.585978764775
12.084171809408721  2588.508528626877
9.498416118834792  4673.287763261251
31.46284354561344  -580.3623056784782
31.939505596693888  -527.3064490112774
34.76345880148083  -1030.802854212383
37.575412180007675  -1387.119049715424
20.75560378271605  964.7254040744847
12.22122583501258  2578.869758865225
27.575994385850578  -55.55753434560029
30.08901005353857  -403.3473776972096
30.44272949117656  -439.70127310744283
33.1328945696346  -824.813243839897
24.626173209788746  373.6238229695409
18.728354571692197  1367.8001103427378
27.772775025273383  -102.09704829295515
27.812516457128545  -106.79523916546168
29.091183748199466  -288.93326048444214
29.362329416027887  -324.5578892476333
25.517563633570518  222.8558103465475
22.929015670816373  617.5321311660991
27.466087321424602  -61.13143410133125
27.53152846979077  -69.56987582123475
27.587966742291723  -77.9001385927877
28.39035274865143  -191.5342664351665
26.183671598871648  125.45681629726096
25.03999961267612  292.68340297538816
27.181225135889697  -20.31653744694995
26.924287779472024  17.967065184264357
27.113036878255226  -10.59176802386719
27.783164926354843  -105.42853794050461
27.497881810641335  -60.87205666375303
27.721173952904195  -97.43427427435017
28.543060999527885  -213.16360056602934
28.764596523143194  -243.23490887011576
25.516275275041338  222.05137282238866
24.003997840918007  455.55188596418157
26.3771348138925  132.96144514426487
27.771610475447552  -103.4519809392441
28.577919856808563  -215.08394390509056
28.903449919960103  -261.0268445030706
26.992923350179108  6.905310524340166
25.744773955710325  193.90040785734527
24.23495673841718  429.4417756550356
27.234939821908096  -26.279953455432405
27.123087063966217  -10.234534815848747
28.37558837228966  -188.48070054077107
28.891516672946636  -260.9074289809323
29.332373496252107  -322.2050940893823
25.39692257638941  239.7238929331943
26.273666172139738  112.98282137158094
27.055134723892543  -2.3415285938863235
27.28997825877121  -30.0367074013011
27.59631220254635  -79.43302521306032
28.04804984830921  -140.2731080512167
28.40436968121284  -193.39467101432092
28.484093918161346  -200.5067072122365
25.98037216717966  154.08372909990067
23.906271753617517  463.9682890640688
27.290281948657444  -30.082045948576706
27.392359892552168  -49.823159096766176
27.464333333604795  -60.92848078763927
27.84468989659949  -114.7766559199481
28.123698612174586  -153.37204465522882
26.16890432385197  128.5872769686357
25.296928017905774  254.7575701640817
27.271996749974097  -33.16706641457131
27.278531804771596  -34.353781892317784
27.297081369161504  -36.663993432201096
27.4698029197481  -61.709287588091684
26.71080231699329  48.164402940998116
26.892580361422176  21.020023164230224
27.123271623716732  -12.044211635042302
27.155993434599647  -16.724151268121204
27.22549311003808  -26.79533809663917
27.23625947598105  -28.06898537602683
26.750721734065134  41.87960642471444
26.975812006392587  9.02906266820355
27.08329786567043  -6.097285535572155
27.10045722623584  -8.867422592225921
27.10568511749818  -9.539934171916684
27.157457149985113  -17.020784797601664
26.902703202166382  19.907906584259763
27.00462734425693  4.903362214088702
26.85353645347478  26.638034637995588
27.042833474113078  -0.6033420433159336
27.158162082823246  -17.123454815537116
26.853552433018702  26.635730321519077
27.045077659184383  -0.7761384346340492
27.08748393964873  -7.018873354212701
27.108993516368162  -10.03627685250467
27.21335202445069  -25.064441190159414
26.9651043454114  10.582862862796901
26.7630415665078  39.706223223587585
27.067081087366777  -4.074777416375582
27.069085162422173  -4.319874444674497
27.130620450516595  -13.208223805228045
27.140455836400392  -14.5910008549763
26.9403926742023  14.126598872837349
26.833976785690652  29.460633903308917
27.060140914924165  -3.057160329710314
27.072329123612537  -4.8429372348873585
27.083188017297964  -6.394473998101603
27.086787451152603  -6.90882283650717
26.94920765349283  12.863884757887718
27.02031772237669  2.6303124937003304
26.9528632435947  12.331276104763674
27.04285650495453  -0.6088403981666488
27.053685763293537  -2.1635605245173792
27.060528288378066  -3.1369258316335618
27.08403170978312  -6.520277516370697
26.997846922108597  5.8694653855745855
27.038637910435018  -0.0015850758099986706
27.026046989122907  1.8058880453463644
26.952869236606627  12.330412725059432
27.042702698168917  -0.5875032441072108
27.055191162737028  -2.362384186082636
27.069817409905728  -4.461452528252266
27.087477972021887  -7.013938856085588
26.985618315473037  7.623009173490573
26.954778608398286  12.056554325208708
26.988379808109972  7.2275261738213885
27.04638519671258  -1.1106743923046452
27.05819650056307  -2.799713249467459
27.07207869710439  -4.806796579170623
27.087196267055216  -6.957196828989254
26.994064289969486  6.411489340160188
27.036983871163127  0.23571470515526016
27.032028943366814  0.9468328130315058
27.04936468614227  -1.5436956274825206
27.05822623827925  -2.8173754919625935
27.076567537525356  -5.450333062952268
27.09924002337454  -8.685280085010163
26.997429600838736  5.921762473251874
26.94793574981522  13.04001090123711
27.026062320260927  1.8036858267259959
27.03202350104282  0.9476140480255708
27.046103323881145  -1.0720638745333417
27.04711405501899  -1.2204652045547846
27.053954352506018  -2.19511927244821
27.060501572053944  -3.1401460791457794
27.027873487960175  1.5434932848329481
26.993050629917324  6.549390252908779
27.039496238562226  -0.12336065382987726
27.043933374658916  -0.7632759385851386
27.051840617542883  -1.89612307630523
27.038554447046327  0.01032806057628477
27.035413483313413  0.4611013497233216
27.019296092254596  2.776419365483889
27.043267302895927  -0.6658318731388135
27.040808736382427  -0.3111626341815281
27.040876951056518  -0.32347861981543247
27.045781232574786  -1.0279472247384547
27.051698246003117  -1.8766826432147354
27.031328628761102  1.0486033458983002
27.035300992202934  0.47730619575304445
27.039851358173202  -0.1749259791940858
27.03997249058881  -0.19237277670981712
27.04286343772046  -0.607724034533021
27.0448263081413  -0.8905068277308601
27.03725924459462  0.19558210034665535
27.035208805374836  0.490055371868948
27.039652583302825  -0.14759367914302857
27.040124723224675  -0.21467518110148376
27.040338003260644  -0.24585897002907586
27.040632439013663  -0.2878193723736331
27.037456369743293  0.16824980029923609
27.036538360038552  0.2997127691123751
27.03869810063891  -0.010107761190738529
27.03900239999465  -0.05397993466613116
27.039052588960786  -0.06124005773381214
27.039976571474003  -0.19375646215121378
27.038106503366297  0.07463605582961463
27.03829922652016  0.04707251653962885
27.038700189974826  -0.010474617603904335
27.038776157232142  -0.021585348942608107
27.038835547599554  -0.02989514858199982
27.03924567348884  -0.08887037427848554
27.038332743798787  0.04224147010609158
27.038623551011984  0.0004752680761157535
27.038580472850242  0.006656299745372962
27.038693871457394  -0.009529691556963371
27.038775860701538  -0.02140554479410639
27.038871071817535  -0.03512838294409448
27.039316492927185  -0.09901945331512252
27.038376034037828  0.036078919107239926
27.038620360100555  0.0009349228894279804
27.038695018757565  -0.009750195327796973
27.038831924625597  -0.029410896815534215
27.03891902511946  -0.04196407882045605
27.038921986772337  -0.042363149568700464
27.038325119863607  0.04331368573184591
27.03862411353445  0.0003903234319295734
27.038582723362616  0.006316521161352284
27.03866103504941  -0.004937107521982398
27.038760500843033  -0.0191941816083272
27.038805779009977  -0.025658112463133875
27.038980534153083  -0.050783172402589116
27.038487726825522  0.019974828464910388
27.03842934923922  0.02835615529693314
27.03865712828619  -0.004362099862191826
27.038691013265634  -0.00920254298398504
27.038703847019242  -0.01104487206612248
27.038795738129576  -0.024248496283689747
27.038557214535693  0.009983189844206208
27.038569121207463  0.008292306662042392
27.038659365872913  -0.004676006756199058
27.038665855226114  -0.005598349238425726
27.03866598284794  -0.0056093328894348815
27.038698641303068  -0.010309738467185525
27.038588861221438  0.005456653627334163
27.038559307700012  0.009697542780486401
27.03863164053575  -0.0006831933933426626
27.03861283085248  0.0020224538529873826
27.03864658707104  -0.002836153289536014
27.03865128629291  -0.0035178242142137606
27.03865432484008  -0.0039410364552168176
27.038678390146917  -0.007397906312689884
27.038596940815964  0.004298471081710886
27.038547260211654  0.01144232246952015
27.03862863496413  -0.00024937458510976285
27.03861961828945  0.0010520818541408516
27.038628297964625  -0.00020009758736705408
27.038627286974563  -5.226660141488537e-05
27.038624254079462  0.00039122637463151477
27.038656109182607  -0.004178590144874761
27.038662785947867  -0.0051700532021641266
27.038720744491403  -0.013515565191482892
27.038865913689936  -0.03433208356727846
27.03852748356421  0.014296212062617997
27.03854120720381  0.012303896648518275
27.03866428003378  -0.005369109487219248
27.038670628134902  -0.006283085618633777
27.038677361143172  -0.007255875600094441
27.038733098444226  -0.015246238388499478
27.03857759914318  0.0070637324861309025
27.038434408903647  0.02766215708470554
27.038637492465835  -0.0015135104440560099
27.038645405251092  -0.002651928563864203
27.038646671450408  -0.0028516080928966403
27.038671475497157  -0.006401478669431526
27.038601555629054  0.003632254960393766
27.0386096200677  0.002480338000168558
27.038635144033705  -0.0011793945377576165
27.03863546659787  -0.001228237961186096
27.038642555788346  -0.0022461038024630398
27.038622499306257  0.0006202017139003146
27.03862572776998  0.000160445153596811
27.03859598149484  0.004444669910299126
27.038630570519885  -0.0005291896777634975
27.038631830674074  -0.0007035915805317927
27.03863871897857  -0.001696158760751132
27.03864406927657  -0.0024762087596172933
27.038645982190687  -0.002737322727625724
27.03860738627238  0.0027970990631729364
27.03859261607658  0.004928006677801022
27.03863054614611  -0.0005215339733695146
27.038631527572424  -0.000660886311379727
27.03863444145772  -0.0010921364191744942
27.038636272509954  -0.0013430240214802325
27.038617014084142  0.001413026730006095
27.038610801674373  0.002316377929673763
27.038627941579886  -0.0001462937107135076
27.038629290934217  -0.00035113812555209734
27.038630207172528  -0.00047137287401710637
27.038631236847458  -0.0006199676099640783
27.038622164606178  0.0006720284363836981
27.038627146921307  -3.214949174434878e-05
27.038626726761603  2.820182271534577e-05
27.03862810954866  -0.0001699534768704325
27.038628458869866  -0.00022088482364779338
27.038629300645397  -0.0003524432468111627
27.038632496380167  -0.0008008248551050201
27.038622154895073  0.0006733335540047847
27.03862694079874  -2.5126464606728405e-06
27.038626322431085  8.639789666631259e-05
27.03862711865957  -2.7523394237505272e-05
27.03862822776654  -0.0001870327214419376
27.038632789301875  -0.000854441117553506
27.038634919686547  -0.0011494259524624795
27.03861866623905  0.001175331424747128
27.038617497084374  0.0013539314859372098
27.038624467327963  0.0003531295296852477
27.038629475810385  -0.0003661662085505668
27.03863066246378  -0.0005371478364395443
27.038633804855124  -0.0009886277657642495
27.038634609478837  -0.0011051447363570333
27.038618840007956  0.0011614235590968747
27.03861301544521  0.001998408195504453
27.038627656425483  -0.00010538099013501778
27.03862856715898  -0.00023663873798795976
27.0386290340044  -0.0003031735941476654
27.038631475424378  -0.0006541806033055764
27.038623610857737  0.0004759693874802906
27.038624765039305  0.00031045149808051065
27.03862719897402  -3.963974813814275e-05
27.038627208534106  -4.083257226739079e-05
27.038627797368658  -0.00012551414693007246
27.03862847182056  -0.00022259106117417105
27.038624847493402  0.0002983099293487612
27.03862488386626  0.00029301279937499203
27.038626995142305  -1.0302737791789696e-05
27.038627090121544  -2.4054210371105e-05
27.038627443997598  -7.482355431420729e-05
27.038627517193557  -8.535750021110289e-05
27.038625649718885  0.00018309865845367312
27.0386265159073  5.8632020227378234e-05
27.038625241233433  0.00024206600210163742
27.038627052276176  -1.845133738243021e-05
27.03862706360181  -2.0151244825683534e-05
27.03862781590142  -0.00012830507694161497
27.03862633908241  8.399259968427941e-05
27.038626692732425  3.327143713249825e-05
27.038626929594205  -9.031246008817106e-07
27.038626895980748  3.925433702534065e-06
27.038627050269994  -1.829497705330141e-05
27.038627441843175  -7.447645111824386e-05
27.038627460705264  -7.727031334070489e-05
27.038626373750805  7.899859701865353e-05
27.038626658063873  3.826544707408175e-05
27.038626917953447  7.702547009103e-07
27.03862708453351  -2.2834276023786515e-05
27.038627247535526  -4.654173244489357e-05
27.03862732500817  -5.773870725533925e-05
27.038627423859772  -7.197920785984024e-05
27.03862658107735  4.932673255098052e-05
27.03862673505007  2.720421616686508e-05
27.038626917517593  8.324350346811116e-07
27.038627223207342  -4.2810323066078126e-05
27.03862700686213  -1.1843647371279076e-05
27.038627037695807  -1.65239762281999e-05
27.038627376306245  -6.513597327284515e-05
27.038627741322486  -0.00011754444858524948
27.038626378602483  7.838651799829677e-05
27.038626305552828  8.887366857379675e-05
27.038625466282703  0.00020925576973240823
27.038627050688284  -1.8357128283241764e-05
27.038627265572707  -4.92144281452056e-05
27.038627428655722  -7.258334517246112e-05
27.038627463854905  -7.77213426772505e-05
27.038626187950594  0.00010561808085185476
27.038625775177895  0.00016504932500538416
27.038626966008668  -5.979476554784924e-06
27.03862704417211  -1.7441107047488913e-05
27.03862725886619  -4.828059536521323e-05
27.038627943397007  -0.0001465863679186441
27.038626790766408  1.9225051801186055e-05
27.038626679333674  3.5183380532544106e-05
27.0386262658418  9.455136023461819e-05
27.038626957915557  -4.71245584776625e-06
27.03862700509049  -1.1715197615558282e-05
27.038627280792806  -5.120792775414884e-05
27.038627328670177  -5.831548332935199e-05
27.038627588409256  -9.556323129800148e-05
27.03862630074007  8.965802044258453e-05
27.03862688492682  5.499525286722928e-06
27.038626750924795  2.4707464035600424e-05
27.038627123872295  -2.876786675187759e-05
27.038627150443453  -3.2652707886882126e-05
27.03862727103188  -5.0048813136527315e-05
27.038627765053757  -0.00012094331395928748
27.038626645982173  3.9766793634044006e-05
27.03862663608411  4.132843969273381e-05
27.038626795140225  1.8411112250760198e-05
27.038627014718934  -1.3230095646576956e-05
27.038627198203816  -3.946087963413447e-05
27.038627335411505  -5.921484626014717e-05
27.038627427092994  -7.245124288601801e-05
27.0386267772426  2.1080959413666278e-05
27.038625757668594  0.00016751448492868803
27.03862688303102  5.790418072137982e-06
27.038627061926213  -1.988733492908068e-05
27.038627180232602  -3.6859652027487755e-05
27.038627190294832  -3.837549593299627e-05
27.038627550014017  -9.010116627905518e-05
27.038626773980685  2.142785888281651e-05
27.038625797835437  0.00016172381583601236
27.038627019389125  -1.3831293472321704e-05
27.03862703291831  -1.5782898117322475e-05
27.038627167533782  -3.508633017190732e-05
27.03862740199011  -6.879412831040099e-05
27.03862666837309  3.6626846849685535e-05
27.038626918648614  6.714617484249175e-07
27.038626951401998  -4.030967829748988e-06
27.038626989690332  -9.554354619467631e-06
27.038627084404382  -2.3149586922954768e-05
27.03862708982991  -2.3929180315462872e-05
27.038626746076993  2.5469711545156315e-05
27.0386268610889  8.94739423529245e-06
27.03862695242927  -4.192377673462033e-06
27.038626961864118  -5.538309778785333e-06
27.0386269995155  -1.0952655429719016e-05
27.038627022013447  -1.4184846804710105e-05
27.03862681389344  1.5725370758445933e-05
27.038626913845658  1.363714545732364e-06
27.038626924106563  -1.1536394595168531e-07
27.03862690764355  2.2478998289443552e-06
27.038626941885077  -2.6652487576939166e-06
27.038626955045306  -4.566561983665451e-06
27.038626981230607  -8.322207577293739e-06
27.038626993011707  -1.0019135515904054e-05
27.038626854676224  9.86272789305076e-06
27.038626922648348  9.416908142156899e-08
27.038626932210615  -1.2760356185026467e-06
27.038626938568882  -2.1970954549033195e-06
27.03862694042878  -2.4599394237156957e-06
27.038626953434328  -4.331126547185704e-06
27.038626903696265  2.816563210217282e-06
27.038626896954742  3.788518370129168e-06
27.03862692881413  -7.934286259114742e-07
27.038626931405453  -1.1637821444310248e-06
27.038626932402458  -1.3071621651761234e-06
27.03862693640732  -1.8833998183254153e-06
27.038626904501424  2.704302460188046e-06
27.038626923852952  -7.889684638939798e-08
27.03862692309189  3.050445229746401e-08
27.038626926291073  -4.2799001676030457e-07
27.038626929272496  -8.555689419154078e-07
27.038626932113484  -1.267359039047733e-06
27.038626940100233  -2.413849870208651e-06
27.03862690663441  2.396092895651236e-06
27.038626915674577  1.095922925742343e-06
27.038626925208746  -2.7386704459786415e-07
27.0386269258482  -3.6429992178454995e-07
27.038626927563673  -6.131122063379735e-07
27.038626932694775  -1.3493990991264582e-06
27.038626910058724  1.9048165995627642e-06
27.038626917196577  8.780261850915849e-07
27.038626923661557  -5.178299034014344e-08
27.038626923087666  2.9580405680462718e-08
27.038626925822257  -3.608620318118483e-07
27.038626927710496  -6.345508154481649e-07
27.038626928696527  -7.751805242151022e-07
27.038626929200937  -8.477873052470386e-07
27.03862691008468  1.9013932615052909e-06
27.038626916294792  1.0072326404042542e-06
27.038626924756013  -2.0907828002236784e-07
27.038626924935777  -2.3466418497264385e-07
27.038626926435438  -4.506364348344505e-07
27.03862691402152  1.3352473615668714e-06
27.038626921885403  2.0528023014776409e-07
27.03862692093869  3.3950709621421993e-07
27.03862692416736  -1.2452801456674933e-07
27.03862692430098  -1.438202161807567e-07
27.038626925346133  -2.938213583547622e-07
27.038626917880453  7.806702342350036e-07
27.0386269234021  -1.4497345546260476e-08
27.03862692262347  9.737414075061679e-08
27.038626923988954  -9.898940334096551e-08
27.038626924186406  -1.272601366508752e-07
27.038626924727375  -2.0490551833063364e-07
27.038626916989145  9.08970832824707e-07
27.03862691891774  6.315531209111214e-07
27.038626922764404  7.727066986262798e-08
27.03862692358873  -4.131288733333349e-08
27.03862692389921  -8.601637091487646e-08
27.038626924033895  -1.0525764082558453e-07
27.038626917619673  8.182214514818043e-07
27.038626923346975  -6.592017598450184e-09
27.03862692318163  1.7080310499295592e-08
27.038626923409247  -1.5472323866561055e-08
27.03862692391634  -8.848655852489173e-08
27.03862692412716  -1.187036104965955e-07
27.038626917777673  7.954695320222527e-07
27.038626923320038  -2.750311978161335e-09
27.03862692323918  8.789356797933578e-09
27.03862692340099  -1.4340912457555532e-08
27.038626923557292  -3.6798155633732677e-08
27.03862692405388  -1.0824442142620683e-07
27.038626917440318  8.43956513563171e-07
27.03862691846654  6.965601642150432e-07
27.03862692226789  1.4838951756246388e-07
27.038626923401072  -1.442094799131155e-08
27.038626923470083  -2.429806045256555e-08
27.038626923692345  -5.62795321457088e-08
27.038626917943585  7.716917025391012e-07
27.038626923369534  -9.884388418868184e-09
27.038626923403566  -1.475928002037108e-08
27.038626923463962  -2.342858351767063e-08
27.03862691795236  7.704184099566191e-07
27.038626923344477  -6.257323548197746e-09
27.038626923361342  -8.68749339133501e-09
27.03862692338626  -1.227454049512744e-08
27.038626917924972  7.743547030258924e-07
27.03862692330918  -1.1896190699189901e-09
27.03862692327659  3.496097633615136e-09
27.038626923308478  -1.1059455573558807e-09
27.038626923306637  -8.549250196665525e-10
27.03862692330091  -1.0913936421275139e-10
27.03862692328376  2.142769517377019e-09
27.038626923595626  -4.241883289068937e-08
27.038626923677594  -5.428955773822963e-08
27.03862692383593  -7.69978214520961e-08
27.038626917380235  8.527313184458762e-07
27.03862691852668  6.877926352899522e-07
27.038626922845364  6.539994501508772e-08
27.038626923419134  -1.709850039333105e-08
27.03862692344322  -2.059823600575328e-08
27.038626923650337  -5.0324160838499665e-08
27.038626918217577  7.322851161006838e-07
27.038626917689353  8.082424756139517e-07
27.038626923343134  -6.170012056827545e-09
27.0386269233874  -1.2543750926852226e-08
27.0386269234231  -1.766966306604445e-08
27.03862691793382  7.730996003374457e-07
27.03862692330747  -1.0550138540565968e-09
27.038626923328582  -4.07817424274981e-09
27.03862692337638  -1.0961230145767331e-08
27.03862691792067  7.749695214442909e-07
27.0386269233034  -4.69299266114831e-10
27.038626923319583  -2.786691766232252e-09
27.038626923326685  -3.812601789832115e-09
27.038626917913383  7.760136213619262e-07
27.038626923309256  -1.306034391745925e-09
27.038626923314197  -2.0190782379359007e-09
27.038626923296473  5.238689482212067e-10
27.03862691794031  7.721464498899877e-07
27.038626917946967  7.711969374213368e-07
