 Dim = 8
0 1 0 1 -0.00235268 -0.00432504 -0.423 8.78315e+06 1 2.27754 1.09129 1e+20 
ERROR 13 *  
ERROR 13 *  
ERROR 13 *  
0 1 0 1 -0.00337164 -0.00443785 -0.441333 6.6969e+06 1 1.49903 0.918706 1e+20 *  
0 1 0 1 -0.00352667 -0.00524587 -0.424667 7.26282e+06 1 1.71021 1.01642 1e+20 *  
0 1 0 1 -0.00258747 -0.00547601 -0.423333 8.08793e+06 1 2.01811 0.970655 1e+20 *  
0 0 0 1 -3.04459e-05 -0.00444614 -0.423333 8.15918e+06 1 2.0447 0.988952 1e+20 *  
0 1 0 1 -0.00235268 -0.00455608 -0.423 8.7829e+06 1 2.27745 1.09127 1e+20 *  
0 1 0 1 -0.00235268 -0.00455608 -0.423 8.7829e+06 1 2.27745 1.09127 1e+20 *  
0 1 0 1 -0.00398631 -0.00439164 -0.423 6.54388e+06 1 1.44193 0.884086 1e+20 *  
0 1 0 1 -0.00258573 -0.00363784 -0.423 7.26509e+06 1 1.71106 1.01648 1e+20 *  
0 1 0 1 -0.00164632 -0.00363636 -0.421667 8.09117e+06 1 2.01932 0.970663 1e+20 *  
0 1 0 1 -0.00178449 -0.004641 -0.405333 7.94879e+06 1 1.96619 0.945965 1e+20 *  
0 0 0 1 -0.000460342 -0.00464576 -0.383667 4.65272e+06 1 0.73622 0.694284 1e+20 *  
ERROR 13 *  
ERROR 13 *  
0 0 0 1 -0.000460342 -0.00447273 -0.383667 4.65309e+06 1 0.73636 0.694566 1e+20 
0 0 0 1 0.00188239 -0.00479167 -0.332667 1.68656e+06 1 -0.37064 -0.0108531 1e+20 
0 0 0 1 -0.00861494 -0.00185155 -0.583667 -0.075 -1468 0.19143 -0.134823 -1.24986e+07 
ERROR 13 *  
ERROR 13 *  
0 0 0 1 -0.0047006 -0.00476284 -0.488333 -0.3 -2053 -0.497768 -0.180673 -9.04591e+06 *  
0 0 0 1 -0.0040242 -0.00417666 -0.487 -0.3 -2047.5 -0.49928 -0.180543 -8.98521e+06 *  
ERROR 13 *  
ERROR 13 *  
ERROR 13 *  
ERROR 13 *  
ERROR 13 *  
ERROR 13 *  
ERROR 13 *  
ERROR 13 *  
ERROR 13 *  
ERROR 13 *  
ERROR 13 *  
ERROR 13 *  
0 0 0 1 -0.0047006 -0.0047597 -0.488333 -0.3 -2051 -0.497729 -0.180571 -9.03618e+06 
0 0 0 1 -0.00402555 -0.00417319 -0.487333 -0.3 -2048 -0.499239 -0.180429 -8.98893e+06 
ERROR 20 
ERROR 13 
ERROR 13 *  
0 0 0 1 -0.00518459 -0.00497847 -0.499333 -0.5 -3078 -0.498294 -0.181112 -1.56511e+07 *  
ERROR 13 *  
0 0 0 0 -0.0047006 -0.00564861 -0.488333 -0.325 -2116 -0.497676 -0.180651 -9.45729e+06 *  
ERROR 13 *  
ERROR 13 *  
0 0 0 1 -0.00558861 -0.00467036 -0.485667 8.65843e+06 -75.5 2.231 0.302508 1e+20 *  
0 1 0 1 -0.00755025 -0.00482633 -0.58 -0.65 -4360 -0.455838 -0.30927 -2.59489e+07 *  
ERROR 13 *  
0 0 0 1 -0.00492447 -0.00387862 -0.488333 -0.3 -2053.5 -0.497853 -0.180693 -9.0475e+06 *  
0 0 0 0 -0.00492447 -0.00387862 -0.488333 -0.3 -2053 -0.497754 -0.180675 -9.04604e+06 *  
ERROR 13 *  
0 0 0 1 -0.0040242 -0.00417666 -0.487 -0.3 -2047.5 -0.499234 -0.180535 -8.98453e+06 *  
ERROR 13 *  
ERROR 13 *  
0 0 0 0 -0.00492562 -0.00564599 -0.488667 -0.325 -2116.5 -0.497635 -0.180538 -9.46084e+06 
0 0 0 0 -0.0047006 -0.00387497 -0.488333 -0.3 -2051.5 -0.497713 -0.180586 -9.03724e+06 
0 0 0 1 -0.00518459 -0.00497522 -0.499333 -0.5 -3076.5 -0.498264 -0.181045 -1.56439e+07 
0 0 0 1 -0.00272167 -0.00574337 -0.54 2.525 -305.5 0.50241 0.0316033 1e+20 *  
0 0 0 1 -0.00470181 -0.00831585 -0.488667 -0.325 -2116.5 -0.497343 -0.180572 -9.4667e+06 *  
0 0 0 0 -0.00470181 -0.0083148 -0.488667 -0.325 -2114.5 -0.497303 -0.180431 -9.45397e+06 
0 0 0 1 -0.00271215 -0.00531586 -0.538 2.55 -300.5 0.50532 0.0319337 1e+20 
ERROR 13 *  
ERROR 13 *  
ERROR 13 
ERROR 13 
ERROR 13 *  
0 0 0 1 -0.00567074 -0.00660101 -0.513333 -0.5 -3120.5 -0.345801 -0.248312 -2.07698e+07 *  
ERROR 13 *  
0 0 0 1 -0.00350766 -0.00571447 -0.522 1.05 -637.5 0.68645 -0.0709686 1e+20 *  
0 0 0 1 -0.00610939 -0.00521117 -0.512333 1.575 -508.5 0.59041 0.0616708 1e+20 *  
0 0 0 1 -0.00566588 -0.00556045 -0.511667 1.575 -508 0.58755 0.0613571 1e+20 *  
0 0 0 0 -0.00544412 -0.00451841 -0.511333 1.65 -488.5 0.5897 0.0617322 1e+20 *  
0 0 0 1 -0.00302345 -0.00280786 -0.511667 2.05 -399 1.10701 0.00354053 1e+20 *  
ERROR 13 *  
ERROR 13 *  
ERROR 13 *  
ERROR 13 *  
ERROR 13 *  
ERROR 13 *  
ERROR 13 *  
ERROR 13 *  
ERROR 13 *  
ERROR 13 *  
0 0 0 1 -0.00567171 -0.00625101 -0.513667 -0.5 -3120 -0.345707 -0.248048 -2.07653e+07 
ERROR 13 *  
ERROR 13 
0 1 0 1 -0.00815195 -0.00710664 -0.379333 4.30973e+07 1 15.0823 3.80035 1e+20 *  
0 1 0 1 -0.00815195 -0.00710664 -0.379333 4.30973e+07 1 15.0823 3.80035 1e+20 *  
0 1 0 1 -0.00815195 -0.00611246 -0.379333 4.29272e+07 1 15.0188 3.78863 1e+20 *  
0 1 0 1 -0.00815195 -0.00610852 -0.379333 4.31196e+07 1 15.0906 3.80289 1e+20 
0 1 0 1 -0.00815195 -0.00710368 -0.379333 4.32814e+07 1 15.151 3.81389 1e+20 
0 1 0 1 -0.00815195 -0.00710368 -0.379333 4.32814e+07 1 15.151 3.81389 1e+20 
0 0 0 0 -0.008403 -0.00276149 -0.583667 -0.675 -4859.5 -0.56232 -0.272532 -2.36838e+07 
0 0 0 0 -0.008403 -0.00367309 -0.583667 -0.675 -4858.5 -0.562269 -0.272522 -2.3683e+07 
ERROR 13 *  
0 0 0 0 -0.008403 -0.00276149 -0.583667 -0.675 -4858 -0.562193 -0.272509 -2.36819e+07 
ERROR 13 *  
ERROR 13 *  
ERROR 13 *  
ERROR 13 
ERROR 13 
ERROR 13 
0 0 0 1 0.000367619 -0.00465972 -0.368667 1.6888e+07 1 5.30197 1.0789 1e+20 
ERROR 13 *  
0 0 0 0 -0.00637935 -0.00471491 -0.532333 2.65 -268.5 -0.134985 0.101348 1e+20 *  
0 0 0 0 0.000138109 -0.0041296 -0.399667 1.08008e+07 1 3.03046 0.65335 1e+20 *  
0 1 0 0 -0.0073619 -0.00514776 -0.593667 -0.7 -5296 -0.492783 -0.364787 -3.02956e+07 *  
ERROR 13 *  
ERROR 13 *  
ERROR 13 *  
ERROR 13 *  
ERROR 13 *  
ERROR 13 *  
ERROR 13 *  
ERROR 13 *  
ERROR 13 *  
ERROR 13 *  
ERROR 13 *  
ERROR 13 *  
ERROR 13 *  
0 1 0 0 -0.00736361 -0.00489239 -0.594667 -0.7 -5243 -0.490204 -0.363241 -3.01008e+07 
ERROR 20 *  
ERROR 20 
ERROR 13 *  
ERROR 13 *  
ERROR 13 
ERROR 13 
0 0 0 0 -0.007554 -0.00458635 -0.582333 -0.75 -6271 -0.555141 -0.39387 -3.21507e+07 
ERROR 20 
ERROR 13 *  
ERROR 20 
ERROR 13 *  
ERROR 13 *  
ERROR 13 
ERROR 13 
0 0 0 0 -0.0079785 -0.00367309 -0.583 -0.75 -6245 -0.558468 -0.387795 -3.17609e+07 
ERROR 13 *  
ERROR 13 *  
ERROR 13 *  
ERROR 13 *  
ERROR 13 *  
ERROR 13 *  
ERROR 13 *  
ERROR 13 *  
ERROR 13 *  
ERROR 13 *  
ERROR 13 *  
ERROR 13 *  
ERROR 13 *  
ERROR 13 *  
ERROR 13 *  
ERROR 20 *  
ERROR 13 *  
ERROR 13 
ERROR 20 
0 0 0 1 -0.00692393 -0.00213177 -0.584667 -0.65 -4460 -0.560403 -0.242824 -2.15291e+07 
ERROR 13 *  
ERROR 13 *  
ERROR 13 
ERROR 13 
ERROR 20 
ERROR 13 *  
0 1 0 1 -0.00670143 0.0626754 -0.579333 -0.625 -4066.5 -0.439029 -0.302055 -2.46344e+07 *  
0 1 0 1 -0.00904816 -0.0012339 -0.597333 -0.6 -4001 -0.512873 -0.231459 -2.09812e+07 *  
0 0 0 1 -0.00883443 0.0437254 -0.593 -0.6 -3936 -0.519344 -0.230898 -2.03007e+07 *  
ERROR 13 *  
ERROR 13 *  
ERROR 13 *  
ERROR 13 *  
ERROR 13 *  
ERROR 13 *  
ERROR 13 *  
ERROR 13 *  
ERROR 13 *  
ERROR 13 *  
ERROR 13 *  
ERROR 13 *  
ERROR 13 *  
0 1 0 0 -0.0088368 -0.00901319 -0.596 -0.6 -4008 -0.513411 -0.230624 -2.10029e+07 
0 1 0 0 -0.0090486 -0.000950623 -0.598 -0.6 -3978.5 -0.511114 -0.230354 -2.09141e+07 
0 1 0 0 -0.00670856 -0.010101 -0.582667 -0.625 -4160 -0.432335 -0.303029 -2.56111e+07 
0 0 0 0 -0.00840122 -0.00120928 -0.582 -0.675 -4841 -0.561703 -0.272101 -2.36141e+07 
ERROR 13 
0 0 0 0 -0.00798029 -0.00254179 -0.584333 -0.675 -4723.5 -0.560596 -0.263104 -2.30088e+07 
ERROR 13 *  
ERROR 13 *  
ERROR 13 *  
0 1 0 1 -0.00735387 -0.00581274 -0.589 -0.5 -3062 -0.156409 -0.316352 -2.6144e+07 
0 0 0 0 -0.00819875 -0.0047492 -0.59 -0.5 -3116.5 -0.177413 -0.315699 -2.60727e+07 
0 0 0 0 -0.00734175 -0.00458133 -0.582 -0.75 -6263 -0.552149 -0.396616 -3.23213e+07 
ERROR 13 *  
ERROR 20 
ERROR 20 *  
0 1 0 0 -0.00862579 -0.00697637 -0.595333 -0.7 -5292 -0.496125 -0.36026 -3.00697e+07 *  
ERROR 13 *  
0 1 0 0 -0.00883733 -0.00613643 -0.596667 -0.7 -5271.5 -0.491934 -0.361636 -3.01864e+07 
0 1 0 1 -0.00889994 0.640759 -0.4 7.81845e+06 1 1.91755 1.8867 1e+20 *  
0 1 0 1 -0.00916443 -0.010101 -0.436667 4.30534e+07 1 15.0659 4.42715 1e+20 
0 0 0 1 -0.00331422 -0.00406072 -0.478333 0.45 -958 -0.08253 -0.116423 -3.60252e+06 *  
0 0 0 1 0.00197827 -0.00696891 -0.459667 7.82397e+06 1 1.91961 0.208706 1e+20 *  
0 0 0 0 -0.00245214 -0.00682822 -0.485333 -0.575 -3647 -0.485462 -0.330032 -1.98181e+07 *  
0 0 0 0 -0.00245214 -0.00682726 -0.485333 -0.575 -3645.5 -0.485438 -0.329935 -1.98098e+07 
0 0 0 1 -0.00331422 -0.00405744 -0.478333 0.45 -956.5 -0.082529 -0.116201 -3.58444e+06 
0 0 0 1 0.00197827 -0.00670703 -0.459667 7.81582e+06 1 1.91657 0.208292 1e+20 
0 0 0 0 -0.00840122 0.000550319 -0.582 -0.025 -1371 0.23946 -0.125835 -1.14582e+07 
0 0 0 0 -0.00840122 -0.00208434 -0.582 -0.675 -4841.5 -0.561739 -0.272144 -2.3616e+07 
ERROR 13 *  
0 1 0 1 -0.00762527 0.85777 0.321667 4.37697e+09 1 1632.32 298.279 1e+20 *  
0 1 0 0 -0.00306045 -0.00818576 -0.519667 0.275 -1123 -0.103308 -0.129847 -5.426e+06 *  
ERROR 20 *  
0 0 0 1 -0.00200401 -0.00801464 -0.485 -0.575 -3604 -0.47851 -0.330195 -1.97989e+07 *  
0 1 0 1 -0.0088368 -0.00683872 -0.596 -0.6 -4002.5 -0.514753 -0.229296 -2.09101e+07 *  
ERROR 13 *  
ERROR 13 *  
ERROR 13 *  
ERROR 13 *  
ERROR 13 *  
ERROR 13 *  
ERROR 13 *  
ERROR 13 *  
ERROR 13 *  
ERROR 13 *  
ERROR 13 *  
ERROR 13 *  
0 0 0 0 -0.00222892 -0.00801341 -0.485333 -0.575 -3604.5 -0.47848 -0.3301 -1.98037e+07 
0 1 0 0 -0.00328046 -0.00856765 -0.52 0.275 -1123.5 -0.103227 -0.129784 -5.43434e+06 
0 1 0 0 -0.00904794 -0.00613253 -0.597 -0.6 -4002 -0.512294 -0.230553 -2.10113e+07 
0 1 0 1 -0.00714173 -0.00897818 0.319333 2.61047e+10 1 9740.31 1767.37 1e+20 
ERROR 13 
ERROR 20 
ERROR 14 
ERROR 13 *  
ERROR 13 
ERROR 13 *  
ERROR 13 *  
ERROR 13 *  
0 0 0 0 -0.00497685 -0.00701438 -0.569 -0.1 -1527.5 0.10137 -0.2299 -1.2395e+07 
ERROR 20 *  
ERROR 20 
ERROR 13 *  
ERROR 13 *  
ERROR 13 
ERROR 13 
0 0 0 0 -0.00882724 -0.00186649 -0.584 -0.2 -1718 0.06999 -0.161897 -1.46629e+07 
0 0 0 1 -0.00882724 -0.00097634 -0.584 -0.3 -2048.5 -0.062339 -0.189052 -1.68388e+07 
ERROR 13 *  
ERROR 20 
0 1 0 1 -0.00822829 -0.00328176 -0.435667 4.16577e+07 1 14.5451 3.67297 1e+20 
ERROR 13 
ERROR 13 *  
ERROR 13 *  
ERROR 20 *  
ERROR 13 *  
ERROR 13 *  
ERROR 13 *  
ERROR 13 *  
ERROR 13 *  
ERROR 13 *  
ERROR 13 *  
ERROR 13 *  
ERROR 13 *  
ERROR 13 *  
ERROR 13 *  
ERROR 13 *  
ERROR 13 *  
ERROR 20 *  
ERROR 13 *  
ERROR 13 
ERROR 20 
ERROR 20 
ERROR 13 *  
ERROR 13 *  
ERROR 20 
ERROR 13 
0 0 0 0 -0.00882697 -0.00192573 -0.583667 -0.175 -1706.5 0.07535 -0.160927 -1.45781e+07 
0 0 0 1 -0.00903909 -0.00108225 -0.583667 -0.275 -2000 -0.043932 -0.185752 -1.65703e+07 
ERROR 13 *  
ERROR 20 *  
ERROR 20 *  
ERROR 13 *  
ERROR 13 *  
ERROR 13 *  
ERROR 13 *  
ERROR 13 *  
ERROR 13 *  
ERROR 13 *  
ERROR 13 *  
ERROR 13 *  
ERROR 13 *  
ERROR 13 *  
ERROR 13 *  
ERROR 13 *  
ERROR 20 *  
ERROR 13 *  
ERROR 20 
ERROR 20 
0 1 0 1 -0.00881807 -0.00761384 -0.572667 1.12101e+07 -194 3.18319 0.28335 1e+20 
ERROR 13 *  
ERROR 20 *  
ERROR 20 
ERROR 20 
ERROR 13 
ERROR 20 *  
0 0 0 0 0.00021988 -0.0032781 -0.485333 -0.1 -1494 -0.4813 -0.317135 -5.61338e+06 *  
ERROR 13 *  
ERROR 13 *  
ERROR 13 *  
ERROR 13 *  
ERROR 13 *  
ERROR 13 *  
ERROR 13 *  
ERROR 13 *  
ERROR 13 *  
ERROR 13 *  
ERROR 13 *  
ERROR 13 *  
ERROR 13 *  
ERROR 13 *  
0 0 0 0 -0.00581997 -0.00458768 -0.488 8.13793e+06 -113 2.03677 0.267428 1e+20 *  
ERROR 13 *  
0 0 0 0 -4.48734e-06 -0.003276 -0.485667 -0.1 -1494.5 -0.481273 -0.317049 -5.61751e+06 
0 0 0 0 -0.00581997 -0.00458292 -0.488 8.10323e+06 -115 2.02382 0.265215 1e+20 
0 0 0 1 -0.00882697 -0.002821 -0.583667 -0.175 -1708.5 0.07422 -0.161134 -1.45937e+07 
ERROR 20 
0 1 0 1 0.00437496 -0.00214139 -0.444333 6.75068e+06 1 1.5191 0.729335 1e+20 *  
ERROR 14 *  
ERROR 13 *  
ERROR 13 *  
0 1 0 1 0.00437496 -0.0023962 -0.444333 6.75081e+06 1 1.51915 0.729371 1e+20 
ERROR 14 
ERROR 14 
ERROR 14 
0 0 0 1 -0.00882724 -0.00188138 -0.584 -0.2 -1716 0.071 -0.161713 -1.46504e+07 
0 0 0 0 -0.00690718 -0.00592704 -0.576333 -0.35 -2262 0.06018 -0.266204 -2.19476e+07 
0 1 0 0 -0.00672698 -0.00683094 -0.591333 -0.7 -5307 -0.502028 -0.358675 -2.98142e+07 
0 0 0 0 -0.00818955 -0.00286663 -0.582333 -0.75 -6241.5 -0.558802 -0.387336 -3.17174e+07 
0 0 0 0 -0.00862147 -0.00284867 -0.590667 -0.375 -2376 -0.20382 -0.194848 -1.76486e+07 
0 0 0 0 -0.00841011 -0.00390538 -0.590333 -0.525 -3137 -0.190956 -0.312009 -2.58566e+07 
ERROR 20 
ERROR 13 *  
0 0 0 0 0.00567062 -0.00696577 -0.387 0.95 -683.5 -0.390331 -0.243169 -243064 
ERROR 13 *  
ERROR 13 *  
ERROR 13 
ERROR 13 
0 0 0 0 -0.00755079 -0.00392572 -0.580333 -0.35 -2237.5 0.11093 -0.27814 -2.26472e+07 
0 0 0 0 -0.00819116 -0.00359622 -0.583667 -0.75 -6252 -0.558714 -0.387887 -3.17833e+07 
ERROR 20 *  
ERROR 20 *  
ERROR 20 *  
ERROR 13 *  
ERROR 13 *  
ERROR 13 *  
ERROR 13 *  
ERROR 13 *  
ERROR 13 *  
ERROR 13 *  
ERROR 13 *  
ERROR 13 *  
ERROR 13 *  
ERROR 13 *  
ERROR 13 *  
ERROR 13 *  
ERROR 20 *  
ERROR 13 *  
ERROR 20 
ERROR 13 
0 0 0 0 -0.0079785 -0.00550546 -0.583 -0.75 -6270 -0.558587 -0.387799 -3.18961e+07 
ERROR 13 *  
0 0 0 0 0.00429193 -0.00691269 -0.406667 0.775 -766 -0.397502 -0.250207 -879138 
ERROR 13 *  
ERROR 13 *  
ERROR 13 *  
ERROR 13 *  
ERROR 14 
ERROR 13 
ERROR 13 
ERROR 13 
ERROR 20 
0 1 0 1 -0.007994 -0.00611186 -0.594667 -0.7 -5340.5 -0.500231 -0.361635 -3.01358e+07 *  
ERROR 13 *  
ERROR 13 *  
ERROR 13 *  
ERROR 13 *  
ERROR 13 *  
ERROR 13 *  
ERROR 13 *  
ERROR 13 *  
ERROR 13 *  
ERROR 13 *  
ERROR 13 *  
ERROR 13 *  
ERROR 13 *  
ERROR 13 *  
ERROR 13 *  
ERROR 13 *  
ERROR 13 *  
0 1 0 0 -0.00799532 -0.00551021 -0.595667 -0.7 -5333.5 -0.497737 -0.36297 -3.02425e+07 
ERROR 20 
0 0 0 0 -0.00689434 -0.005615 -0.57 -0.325 -2169 0.0885 -0.258361 -2.12296e+07 
0 0 0 0 -0.00755347 -0.00459637 -0.582 -0.3 -2086 0.17233 -0.264841 -2.16154e+07 
ERROR 20 *  
ERROR 20 *  
ERROR 13 *  
ERROR 13 *  
ERROR 20 
ERROR 20 
ERROR 13 
ERROR 13 
ERROR 20 
ERROR 13 *  
ERROR 13 *  
ERROR 13 *  
ERROR 13 *  
ERROR 13 *  
ERROR 13 *  
ERROR 13 *  
ERROR 13 *  
ERROR 13 *  
ERROR 13 *  
ERROR 13 *  
ERROR 13 *  
ERROR 13 *  
ERROR 13 *  
ERROR 13 *  
ERROR 13 *  
ERROR 13 *  
ERROR 13 *  
0 0 0 0 -0.00646909 -0.00631218 -0.570333 -0.325 -2102 0.11506 -0.252961 -2.07897e+07 
0 0 0 0 -0.00734175 -0.00549709 -0.582 -0.45 -2661.5 -0.065185 -0.292469 -2.41594e+07 
0 0 0 0 -0.0071295 -0.00458133 -0.581667 -0.75 -6239.5 -0.552766 -0.39427 -3.21416e+07 
ERROR 13 *  
ERROR 13 *  
ERROR 13 *  
ERROR 13 *  
ERROR 13 
ERROR 13 
ERROR 13 
ERROR 13 
0 1 0 0 -0.00755988 -0.00513004 -0.586 -0.7 -5480.5 -0.517646 -0.360956 -2.99547e+07 
0 0 0 0 -0.00755507 -0.00448934 -0.583 -0.375 -2302 0.0708 -0.277345 -2.27178e+07 
ERROR 20 
ERROR 13 *  
ERROR 13 *  
ERROR 13 *  
ERROR 13 *  
ERROR 13 *  
ERROR 13 *  
ERROR 13 *  
ERROR 13 *  
ERROR 13 *  
ERROR 13 *  
ERROR 13 *  
ERROR 13 *  
ERROR 13 *  
ERROR 13 *  
ERROR 13 *  
ERROR 13 *  
ERROR 13 *  
ERROR 13 *  
0 0 0 0 -0.00690651 -0.00511696 -0.576 -0.35 -2212.5 0.08647 -0.264992 -2.18014e+07 
0 0 0 0 -0.00690786 -0.00674519 -0.576667 -0.4 -2434 -0.009064 -0.274885 -2.27046e+07 
0 0 0 0 -0.00734175 -0.0045763 -0.582 -0.75 -6259 -0.551989 -0.396469 -3.23094e+07 
ERROR 20 *  
ERROR 13 *  
ERROR 20 
ERROR 20 
ERROR 13 *  
ERROR 13 *  
ERROR 13 *  
ERROR 13 *  
ERROR 13 *  
ERROR 13 *  
ERROR 13 *  
ERROR 13 *  
ERROR 13 *  
ERROR 13 *  
ERROR 13 *  
ERROR 13 *  
ERROR 13 *  
ERROR 13 *  
ERROR 13 *  
ERROR 13 *  
ERROR 13 *  
ERROR 13 *  
0 0 0 0 -0.00690449 -0.00604112 -0.575 -0.325 -2192 0.09306 -0.263114 -2.16481e+07 
0 0 0 0 -0.00712262 -0.00581365 -0.578 -0.4 -2478.5 -0.02208 -0.277931 -2.29712e+07 
0 0 0 0 -0.00734175 -0.0045763 -0.582 -0.75 -6262.5 -0.552081 -0.396643 -3.23218e+07 
ERROR 13 *  
0 0 0 0 -0.0071295 -0.00458133 -0.581667 -0.75 -6258 -0.551887 -0.396674 -3.23092e+07 
ERROR 14 *  
ERROR 14 *  
ERROR 14 
ERROR 14 
ERROR 20 
ERROR 13 *  
ERROR 13 *  
ERROR 13 *  
ERROR 13 *  
ERROR 13 *  
ERROR 13 *  
ERROR 13 *  
ERROR 13 *  
ERROR 13 *  
ERROR 13 *  
ERROR 13 *  
ERROR 13 *  
ERROR 13 *  
ERROR 13 *  
ERROR 13 *  
ERROR 13 *  
ERROR 13 *  
ERROR 13 *  
0 0 0 0 -0.00690246 -0.00608949 -0.574 -0.35 -2198 0.08123 -0.260965 -2.14932e+07 
0 0 0 0 -0.00712387 -0.00575462 -0.578667 -0.4 -2426 0.00459 -0.277729 -2.29142e+07 
ERROR 13 *  
ERROR 13 *  
ERROR 20 
0 0 0 0 -0.0071295 -0.00458133 -0.581667 -0.75 -6257.5 -0.551884 -0.396674 -3.23092e+07 
ERROR 14 *  
ERROR 14 *  
ERROR 13 *  
ERROR 13 *  
ERROR 14 
ERROR 14 
0 0 0 0 -0.00797761 -0.00374246 -0.582333 -0.75 -6166 -0.559002 -0.381106 -3.12743e+07 
ERROR 13 
0 0 0 0 -0.00712888 -0.00460635 -0.581333 -0.75 -6241 -0.551545 -0.395812 -3.22382e+07 
ERROR 13 *  
ERROR 13 *  
ERROR 13 *  
ERROR 13 *  
ERROR 13 *  
ERROR 13 *  
ERROR 13 *  
ERROR 13 *  
ERROR 13 *  
ERROR 13 *  
ERROR 13 *  
ERROR 13 *  
ERROR 13 *  
ERROR 13 *  
ERROR 13 *  
ERROR 13 *  
ERROR 13 *  
ERROR 13 *  
ERROR 20 
0 0 0 0 -0.0071201 -0.00592704 -0.576667 -0.35 -2281 0.05283 -0.267259 -2.20521e+07 
0 0 0 0 -0.00734175 -0.00458133 -0.582 -0.75 -6263.5 -0.552555 -0.396212 -3.22936e+07 
ERROR 13 *  
ERROR 20 
ERROR 13 *  
ERROR 13 *  
ERROR 13 
ERROR 13 
ERROR 20 
ERROR 13 *  
ERROR 13 *  
ERROR 13 *  
ERROR 13 *  
ERROR 13 *  
ERROR 13 *  
ERROR 13 *  
ERROR 13 *  
ERROR 13 *  
ERROR 13 *  
ERROR 13 *  
ERROR 13 *  
ERROR 13 *  
ERROR 13 *  
ERROR 13 *  
ERROR 13 *  
ERROR 13 *  
ERROR 13 *  
0 0 0 0 -0.00690651 -0.00597141 -0.576 -0.35 -2254.5 0.06264 -0.265487 -2.1894e+07 
0 0 0 0 -0.00734117 -0.00552628 -0.581667 -0.425 -2626 -0.055247 -0.290347 -2.39841e+07 
0 0 0 0 -0.00734175 -0.00458133 -0.582 -0.75 -6262.5 -0.552118 -0.396611 -3.23209e+07 
ERROR 13 *  
0 0 0 0 -0.0071295 -0.0045763 -0.581667 -0.75 -6258 -0.551895 -0.396709 -3.23104e+07 
0 0 0 0 -0.00521378 -0.00635611 -0.508333 2.1 -387 0.49602 0.0938597 1e+20 *  
0 0 0 0 -0.00499051 -0.0063712 -0.507667 2 -406 0.49662 0.0884075 1e+20 *  
ERROR 13 *  
ERROR 13 *  
0 0 0 0 -0.00499051 -0.00636995 -0.507667 2 -406 0.49582 0.0883315 1e+20 
0 0 0 0 -0.00521378 -0.00635485 -0.508333 2.1 -387 0.49524 0.0937834 1e+20 
0 0 0 0 -0.00642556 -0.00606982 -0.551667 0.55 -890.5 0.19843 -0.0165992 -3.66665e+06 
0 0 0 0 -0.00642556 -0.00606752 -0.551667 0.55 -890.5 0.1983 -0.0166391 -3.66838e+06 
ERROR 13 *  
ERROR 13 *  
ERROR 13 *  
ERROR 13 *  
ERROR 13 *  
ERROR 13 *  
ERROR 13 *  
ERROR 13 *  
ERROR 13 *  
ERROR 13 *  
ERROR 13 *  
ERROR 13 *  
ERROR 13 *  
ERROR 13 *  
ERROR 13 *  
ERROR 13 *  
ERROR 13 *  
ERROR 13 *  
0 0 0 0 -0.00690987 -0.00583898 -0.577667 -0.375 -2325.5 0.03896 -0.271053 -2.23601e+07 
0 0 0 0 -0.00712638 -0.00567074 -0.58 -0.4 -2520.5 -0.025475 -0.283576 -2.34185e+07 
0 0 0 0 -0.0071295 -0.00366139 -0.581667 -0.75 -6256.5 -0.552074 -0.396392 -3.22885e+07 
ERROR 13 *  
ERROR 13 *  
ERROR 13 *  
ERROR 13 *  
ERROR 13 
ERROR 13 
0 0 0 0 -0.00519139 -0.00544974 -0.569667 -0.725 -5906 -0.542837 -0.379041 -3.08938e+07 
ERROR 13 
ERROR 13 *  
ERROR 13 *  
ERROR 13 *  
ERROR 13 *  
ERROR 13 *  
ERROR 13 *  
ERROR 13 *  
ERROR 13 *  
ERROR 13 *  
ERROR 13 *  
ERROR 13 *  
ERROR 13 *  
ERROR 13 *  
ERROR 13 *  
ERROR 13 *  
ERROR 13 *  
ERROR 13 *  
ERROR 13 *  
0 0 0 0 -0.0071245 -0.00572828 -0.579 -0.4 -2452.5 -0.00439 -0.279333 -2.30512e+07 
0 0 0 0 -0.00712387 -0.00578065 -0.578667 -0.375 -2401 0.01346 -0.276131 -2.27935e+07 
0 0 0 0 -0.00734175 -0.00458133 -0.582 -0.75 -6262.5 -0.552078 -0.39663 -3.23221e+07 
ERROR 13 *  
0 0 0 0 -0.00734175 -0.00458133 -0.582 -0.75 -6261.5 -0.552022 -0.396596 -3.23197e+07 
ERROR 13 *  
ERROR 13 *  
0 1 0 0 -0.00606909 -0.00732346 -0.580333 -0.625 -4287 -0.451372 -0.303965 -2.56479e+07 *  
ERROR 13 *  
0 1 0 0 -0.0062829 -0.0072795 -0.581333 -0.625 -4278.5 -0.449696 -0.303945 -2.56674e+07 
ERROR 14 
0 1 0 1 -0.00408467 -0.00747225 -0.557667 -0.475 -2868 -0.424944 -0.274399 -1.63893e+07 
ERROR 14 
ERROR 13 *  
ERROR 13 *  
ERROR 13 *  
ERROR 13 *  
ERROR 13 *  
ERROR 13 *  
ERROR 13 *  
ERROR 13 *  
ERROR 13 *  
ERROR 13 *  
ERROR 13 *  
ERROR 13 *  
ERROR 13 *  
ERROR 13 *  
ERROR 13 *  
ERROR 13 *  
ERROR 13 *  
ERROR 13 *  
0 0 0 0 -0.0071245 -0.00572828 -0.579 -0.4 -2467 -0.010707 -0.279677 -2.30879e+07 
0 0 0 0 -0.00733594 -0.00664176 -0.578667 -0.375 -2385.5 0.02047 -0.275643 -2.27454e+07 
0 0 0 0 -0.0071295 -0.00366139 -0.581667 -0.75 -6257 -0.552031 -0.396484 -3.22949e+07 
ERROR 13 *  
0 0 0 0 -0.00734175 -0.00458133 -0.582 -0.75 -6261.5 -0.552022 -0.396606 -3.23204e+07 
ERROR 13 *  
ERROR 13 *  
ERROR 13 *  
ERROR 13 *  
0 0 0 0 -0.00861401 -0.00560768 -0.582667 -0.65 -4489.5 -0.537431 -0.259375 -2.28294e+07 
0 0 0 0 -0.00861401 -0.00561566 -0.582667 -0.625 -4299 -0.537637 -0.243127 -2.16883e+07 
ERROR 13 
ERROR 13 
ERROR 13 *  
ERROR 13 *  
ERROR 13 *  
ERROR 13 *  
ERROR 13 *  
ERROR 13 *  
ERROR 13 *  
ERROR 13 *  
ERROR 13 *  
ERROR 13 *  
ERROR 13 *  
ERROR 13 *  
ERROR 13 *  
ERROR 13 *  
ERROR 13 *  
ERROR 13 *  
ERROR 13 *  
ERROR 13 *  
0 0 0 0 -0.00712387 -0.00576953 -0.578667 -0.4 -2406 0.01122 -0.276368 -2.28107e+07 
0 0 0 0 -0.0071245 -0.00573961 -0.579 -0.4 -2447 -0.002156 -0.279108 -2.3035e+07 
0 0 0 0 -0.00734175 -0.00458133 -0.582 -0.75 -6262.5 -0.552197 -0.396497 -3.2313e+07 
ERROR 13 *  
ERROR 13 *  
ERROR 13 *  
ERROR 13 *  
ERROR 14 
0 0 0 0 -0.00732542 -0.00700965 -0.572667 -0.025 -1355 0.07772 -0.093835 -9.73500e+06 
ERROR 13 
ERROR 13 
ERROR 13 *  
ERROR 13 *  
ERROR 13 *  
ERROR 13 *  
ERROR 13 *  
ERROR 13 *  
ERROR 13 *  
ERROR 13 *  
ERROR 13 *  
ERROR 13 *  
ERROR 13 *  
ERROR 13 *  
ERROR 13 *  
ERROR 13 *  
ERROR 13 *  
ERROR 13 *  
ERROR 13 *  
ERROR 13 *  
0 0 0 0 -0.00712387 -0.00576209 -0.578667 -0.4 -2423 0.00562 -0.277558 -2.29028e+07 
0 0 0 0 -0.0071245 -0.00574337 -0.579 -0.4 -2429.5 0.00356 -0.277901 -2.294e+07 
ERROR 13 *  
0 0 0 0 -0.00712512 -0.00572069 -0.579333 -0.4 -2435.5 0.00161 -0.278175 -2.29708e+07 
ERROR 13 *  
0 0 0 0 -0.007127 -0.00563549 -0.580333 -0.4 -2462.5 -0.007424 -0.279672 -2.31115e+07 
ERROR 13 *  
ERROR 13 *  
ERROR 13 *  
ERROR 13 *  
0 0 0 0 -0.00714008 -0.00448761 -0.587333 -0.35 -2238 0.08297 -0.267716 -2.20881e+07 
0 0 0 0 -0.00714008 -0.00448761 -0.587333 -0.35 -2238 0.08297 -0.267716 -2.20881e+07 
0 0 0 0 -0.00629011 -0.00510051 -0.584333 -0.725 -6034 -0.542042 -0.388044 -3.17014e+07 
0 0 0 0 -0.00650031 -0.00418822 -0.584 -0.725 -6078 -0.543703 -0.390003 -3.18439e+07 
ERROR 13 *  
ERROR 13 *  
ERROR 13 *  
ERROR 13 *  
ERROR 13 *  
ERROR 13 *  
ERROR 13 *  
ERROR 13 *  
ERROR 13 *  
ERROR 13 *  
ERROR 13 *  
ERROR 13 *  
ERROR 13 *  
ERROR 13 *  
ERROR 13 *  
ERROR 13 *  
ERROR 13 *  
ERROR 13 *  
0 0 0 0 -0.0071245 -0.00574337 -0.579 -0.4 -2437.5 0.00017 -0.278181 -2.29664e+07 
0 0 0 0 -0.00712575 -0.00569009 -0.579667 -0.4 -2439 0.00114 -0.278564 -2.3004e+07 
ERROR 13 *  
ERROR 13 *  
0 0 0 0 -0.00712763 -0.00559967 -0.580667 -0.4 -2448.5 -3e-06 -0.279644 -2.30985e+07 
0 0 0 0 -0.00734175 -0.00458133 -0.582 -0.75 -6261.5 -0.552023 -0.3966 -3.232e+07 
ERROR 13 *  
ERROR 13 *  
ERROR 13 *  
ERROR 13 *  
ERROR 13 
ERROR 13 
ERROR 13 
ERROR 13 
ERROR 20 
ERROR 13 *  
ERROR 13 *  
ERROR 13 *  
ERROR 13 *  
ERROR 13 *  
ERROR 13 *  
ERROR 13 *  
ERROR 13 *  
ERROR 13 *  
ERROR 13 *  
ERROR 13 *  
ERROR 13 *  
ERROR 13 *  
ERROR 13 *  
ERROR 13 *  
ERROR 13 *  
ERROR 13 *  
ERROR 13 *  
0 1 0 0 -0.00734175 -0.00640777 -0.582 -0.45 -2686.5 -0.07459 -0.292987 -2.42118e+07 
0 0 0 0 -0.00690584 -0.00598487 -0.575667 -0.35 -2242 0.06748 -0.264798 -2.18257e+07 
0 0 0 0 -0.00734175 -0.00366139 -0.582 -0.75 -6266.5 -0.552618 -0.396417 -3.2307e+07 
ERROR 13 *  
0 0 0 0 -0.00690987 -0.00583178 -0.577667 -0.4 -2424.5 0.00222 -0.276916 -2.28428e+07 
0 1 0 0 -0.00715795 -0.00592815 -0.597 -0.675 -4869.5 -0.471042 -0.342011 -2.86921e+07 *  
0 1 0 0 -0.00757681 -0.00552628 -0.596667 -0.675 -5007.5 -0.481295 -0.346721 -2.90578e+07 *  
ERROR 13 *  
0 1 0 0 -0.0073676 -0.00533326 -0.597 -0.675 -4989.5 -0.479995 -0.346041 -2.90093e+07 
0 1 0 0 -0.00715856 -0.0056165 -0.597333 -0.675 -4865.5 -0.469977 -0.342376 -2.87215e+07 
0 0 0 0 -0.00839584 -0.00523696 -0.577 -0.2 -1724 -0.003448 -0.14671 -1.37376e+07 
0 0 0 0 -0.00712324 -0.00578065 -0.578333 -0.325 -2131 0.13358 -0.262125 -2.15545e+07 
ERROR 13 *  
ERROR 13 *  
ERROR 13 *  
ERROR 13 *  
ERROR 13 *  
ERROR 13 *  
ERROR 13 *  
ERROR 13 *  
ERROR 13 *  
ERROR 13 *  
ERROR 13 *  
ERROR 13 *  
ERROR 13 *  
ERROR 13 *  
ERROR 13 *  
ERROR 13 *  
ERROR 13 *  
ERROR 13 *  
0 0 0 0 -0.00712199 -0.00584257 -0.577667 -0.375 -2357.5 0.02782 -0.273248 -2.2538e+07 
0 0 0 0 -0.00712638 -0.0056473 -0.58 -0.4 -2512 -0.024447 -0.282539 -2.33354e+07 
0 0 0 0 -0.00734175 -0.0045763 -0.582 -0.75 -6261.5 -0.552271 -0.396368 -3.23029e+07 
ERROR 13 *  
0 0 0 0 -0.00712262 -0.00582455 -0.578 -0.4 -2432 0.00012 -0.277336 -2.28895e+07 
ERROR 13 *  
ERROR 13 *  
ERROR 13 *  
ERROR 13 *  
0 0 0 0 -0.00795277 -0.00613205 -0.564 -0.5 -3043.5 -0.491892 -0.163169 -1.5627e+07 
0 0 0 0 -0.00795277 -0.00613205 -0.564 -0.5 -3044 -0.49192 -0.163208 -1.56298e+07 
0 0 0 0 -0.00841329 -0.00517313 -0.593333 -0.4 -2445 -0.229941 -0.193405 -1.77538e+07 
0 0 0 0 -0.00776084 -0.00583178 -0.579 -0.425 -2533 -0.057854 -0.273579 -2.27892e+07 
ERROR 20 
ERROR 13 *  
ERROR 13 *  
ERROR 13 *  
ERROR 13 *  
ERROR 13 *  
ERROR 13 *  
ERROR 13 *  
ERROR 13 *  
ERROR 13 *  
ERROR 13 *  
ERROR 13 *  
ERROR 13 *  
ERROR 13 *  
ERROR 13 *  
ERROR 13 *  
ERROR 13 *  
ERROR 13 *  
ERROR 13 *  
0 0 0 0 -0.00712199 -0.00583898 -0.577667 -0.375 -2395.5 0.01242 -0.275065 -2.2695e+07 
0 0 0 0 -0.00691055 -0.00580271 -0.578 -0.4 -2469 -0.012657 -0.279679 -2.30716e+07 
0 0 0 0 -0.00734175 -0.00458133 -0.582 -0.75 -6262.5 -0.552245 -0.396474 -3.23115e+07 
ERROR 13 *  
0 1 0 0 -0.00690381 -0.00604764 -0.574667 -0.4 -2411 0.00035 -0.274624 -2.26286e+07 
ERROR 13 *  
ERROR 13 *  
ERROR 13 *  
ERROR 13 *  
0 1 0 0 -0.00537086 -0.00621102 -0.558667 -0.65 -4493.5 -0.472883 -0.314596 -2.60428e+07 
0 1 0 0 -0.00537086 -0.00620602 -0.558667 -0.65 -4497 -0.473166 -0.314775 -2.60534e+07 
0 0 0 0 -0.00650258 -0.00533829 -0.585 -0.325 -2134 0.13895 -0.263195 -2.1702e+07 
0 0 0 0 -0.00628771 -0.00520711 -0.583333 -0.725 -6084.5 -0.543414 -0.389356 -3.19015e+07 
0 0 0 0 -0.00712638 -0.00475656 -0.58 -0.3 -2089 0.16468 -0.262135 -2.15238e+07 
ERROR 13 *  
ERROR 13 *  
ERROR 13 *  
ERROR 13 *  
ERROR 13 *  
ERROR 13 *  
ERROR 13 *  
ERROR 13 *  
ERROR 13 *  
ERROR 13 *  
ERROR 13 *  
ERROR 13 *  
ERROR 13 *  
ERROR 13 *  
ERROR 13 *  
ERROR 13 *  
ERROR 13 *  
ERROR 13 *  
0 0 0 0 -0.00712324 -0.00578803 -0.578333 -0.4 -2469 -0.011067 -0.280064 -2.31059e+07 
0 0 0 0 -0.0069092 -0.00585332 -0.577333 -0.375 -2395 0.01099 -0.274653 -2.26585e+07 
0 0 0 0 -0.0071295 -0.00366139 -0.581667 -0.75 -6257.5 -0.552054 -0.396479 -3.22945e+07 
ERROR 13 *  
ERROR 13 *  
ERROR 13 *  
ERROR 13 *  
0 0 0 0 -0.00734175 -0.00548868 -0.582 -0.375 -2366.5 0.02554 -0.273085 -2.26127e+07 
0 0 0 0 -0.00712387 -0.00488983 -0.578667 -0.325 -2109.5 0.13429 -0.257882 -2.12606e+07 
ERROR 13 
ERROR 13 
ERROR 13 *  
ERROR 13 *  
ERROR 13 *  
ERROR 13 *  
ERROR 13 *  
ERROR 13 *  
ERROR 13 *  
ERROR 13 *  
ERROR 13 *  
ERROR 13 *  
ERROR 13 *  
ERROR 13 *  
ERROR 13 *  
ERROR 13 *  
ERROR 13 *  
ERROR 13 *  
ERROR 13 *  
ERROR 13 *  
0 0 0 0 -0.00690987 -0.00583898 -0.577667 -0.4 -2408.5 0.00759 -0.27581 -2.2757e+07 
0 0 0 0 -0.00712324 -0.00581001 -0.578333 -0.4 -2453 -0.00653 -0.278674 -2.30072e+07 
0 0 0 0 -0.00734175 -0.00458133 -0.582 -0.75 -6260.5 -0.551965 -0.396597 -3.23196e+07 
ERROR 13 *  
ERROR 13 *  
ERROR 13 *  
ERROR 13 *  
0 0 0 0 -0.00672275 -0.00556397 -0.589333 -0.45 -2664.5 -0.061302 -0.293081 -2.42936e+07 
0 0 0 0 -0.00672275 -0.00556397 -0.589333 -0.45 -2664.5 -0.061302 -0.293081 -2.42936e+07 
ERROR 13 
ERROR 13 
ERROR 13 *  
ERROR 13 *  
ERROR 13 *  
ERROR 13 *  
ERROR 13 *  
ERROR 13 *  
ERROR 13 *  
ERROR 13 *  
ERROR 13 *  
ERROR 13 *  
ERROR 13 *  
ERROR 13 *  
ERROR 13 *  
ERROR 13 *  
ERROR 13 *  
ERROR 13 *  
ERROR 13 *  
ERROR 13 *  
0 0 0 0 -0.00712262 -0.00582092 -0.578 -0.4 -2425 0.0025 -0.276947 -2.28561e+07 
0 0 0 0 -0.00712262 -0.00582092 -0.578 -0.4 -2440.5 -0.00296 -0.27785 -2.29304e+07 
0 0 0 0 -0.00734175 -0.00458133 -0.582 -0.75 -6262 -0.552067 -0.396597 -3.23198e+07 
ERROR 13 *  
ERROR 13 *  
ERROR 13 *  
ERROR 13 *  
ERROR 13 
ERROR 13 
ERROR 13 
ERROR 13 
ERROR 13 *  
ERROR 13 *  
ERROR 13 *  
ERROR 13 *  
ERROR 13 *  
ERROR 13 *  
ERROR 13 *  
ERROR 13 *  
ERROR 13 *  
ERROR 13 *  
ERROR 13 *  
ERROR 13 *  
ERROR 13 *  
ERROR 13 *  
ERROR 13 *  
ERROR 13 *  
ERROR 13 *  
ERROR 13 *  
0 0 0 0 -0.00690987 -0.00582455 -0.577667 -0.4 -2428.5 0.00092 -0.277242 -2.28656e+07 
0 0 0 0 -0.00712262 -0.00581729 -0.578 -0.4 -2436 -0.001572 -0.277588 -2.29079e+07 
0 0 0 0 -0.00734175 -0.00458133 -0.582 -0.75 -6262.5 -0.552079 -0.396638 -3.23227e+07 
ERROR 13 *  
0 0 0 0 -0.00734175 -0.00458133 -0.582 -0.75 -6262.5 -0.552061 -0.396668 -3.23248e+07 
ERROR 13 *  
0 0 0 0 -0.00734175 -0.00458133 -0.582 -0.75 -6263.5 -0.552036 -0.396751 -3.23306e+07 
ERROR 13 *  
0 0 0 0 -0.00734175 -0.00458133 -0.582 -0.75 -6265.5 -0.551962 -0.396998 -3.23478e+07 
ERROR 13 *  
ERROR 13 *  
0 1 0 0 -0.00690381 -0.00604764 -0.574667 -0.4 -2412 8e-05 -0.274677 -2.26328e+07 
0 0 0 0 -0.00734175 -0.00366725 -0.582 -0.75 -6271 -0.551722 -0.397711 -3.23976e+07 
ERROR 13 *  
0 0 0 0 -0.00734175 -0.0045763 -0.582 -0.325 -2181.5 0.1354 -0.273984 -2.23273e+07 
ERROR 13 *  
ERROR 13 *  
0 0 0 0 -0.00691725 -0.00550546 -0.581333 -0.375 -2302.5 0.05282 -0.270404 -2.2344e+07 
0 1 0 0 -0.00797672 -0.00113031 -0.581667 -0.475 -2880 -0.100943 -0.315908 -2.57609e+07 
ERROR 13 *  
ERROR 13 *  
ERROR 13 *  
ERROR 13 *  
ERROR 13 *  
ERROR 13 *  
ERROR 13 *  
ERROR 13 *  
ERROR 13 *  
ERROR 13 *  
ERROR 13 *  
ERROR 13 *  
ERROR 13 *  
ERROR 13 *  
ERROR 13 *  
ERROR 13 *  
ERROR 13 *  
ERROR 13 *  
0 0 0 0 -0.00712262 -0.00497359 -0.578 -0.4 -2483.5 -0.017221 -0.280456 -2.31434e+07 
0 0 0 0 -0.00690987 -0.00581729 -0.577667 -0.375 -2379.5 0.0178 -0.274143 -2.26114e+07 
0 0 0 0 -0.0071295 -0.0045763 -0.581667 -0.75 -6253.5 -0.551261 -0.396981 -3.23283e+07 
ERROR 13 *  
0 0 0 0 -0.00734175 -0.0045763 -0.582 -0.325 -2181.5 0.1354 -0.273984 -2.23273e+07 
ERROR 13 *  
ERROR 13 *  
ERROR 13 *  
0 0 0 0 -0.00861775 -0.00621227 -0.586667 -0.65 -4343.5 -0.539638 -0.244426 -2.18564e+07 
0 0 0 0 -0.00840585 -0.0052354 -0.586333 -0.325 -2147.5 -0.16727 -0.172178 -1.60154e+07 
0 1 0 1 -0.00797582 -0.00301258 -0.581 -0.45 -2730 -0.059534 -0.30834 -2.51344e+07 
ERROR 13 *  
ERROR 13 *  
ERROR 13 *  
ERROR 13 *  
ERROR 13 *  
ERROR 13 *  
ERROR 13 *  
ERROR 13 *  
ERROR 13 *  
ERROR 13 *  
ERROR 13 *  
ERROR 13 *  
ERROR 13 *  
ERROR 13 *  
ERROR 13 *  
ERROR 13 *  
ERROR 13 *  
ERROR 13 *  
0 0 0 0 -0.00733478 -0.00583178 -0.578 -0.4 -2466.5 -0.012008 -0.279292 -2.30539e+07 
0 0 0 0 -0.00690987 -0.00581001 -0.577667 -0.375 -2399 0.01139 -0.275508 -2.27175e+07 
0 0 0 0 -0.00734175 -0.00366139 -0.582 -0.75 -6271 -0.551529 -0.397918 -3.24105e+07 
ERROR 13 *  
0 0 0 0 -0.0071295 -0.00549709 -0.581667 -0.3 -2091 0.17248 -0.266222 -2.1693e+07 
ERROR 13 *  
ERROR 13 *  
0 0 0 0 -0.00754918 -0.00575836 -0.579333 -0.4 -2411 0.00258 -0.273886 -2.26802e+07 
0 0 0 0 -0.00840265 -0.00368476 -0.583333 -0.25 -1866.5 0.16736 -0.215689 -1.8227e+07 
ERROR 13 *  
ERROR 13 *  
ERROR 13 *  
ERROR 13 *  
ERROR 13 *  
ERROR 13 *  
ERROR 13 *  
ERROR 13 *  
ERROR 13 *  
ERROR 13 *  
ERROR 13 *  
ERROR 13 *  
ERROR 13 *  
ERROR 13 *  
ERROR 13 *  
ERROR 13 *  
ERROR 13 *  
ERROR 13 *  
0 0 0 0 -0.00712262 -0.00582092 -0.578 -0.4 -2489.5 -0.018865 -0.280988 -2.31828e+07 
0 0 0 0 -0.00690987 -0.00582455 -0.577667 -0.375 -2372 0.02007 -0.273492 -2.25638e+07 
0 0 0 0 -0.00691725 -0.0045763 -0.581333 -0.75 -6253.5 -0.550139 -0.398389 -3.24096e+07 
ERROR 13 *  
ERROR 13 *  
0 1 0 0 -0.00690381 -0.00604764 -0.574667 -0.4 -2411 0.00035 -0.274624 -2.26286e+07 
0 0 0 0 -0.0071295 -0.00549709 -0.581667 -0.3 -2091 0.17248 -0.266222 -2.1693e+07 
ERROR 13 *  
ERROR 13 *  
ERROR 13 *  
ERROR 13 *  
0 0 0 0 -0.0077559 -0.00526413 -0.575667 -0.35 -2213.5 0.05484 -0.25482 -2.11816e+07 
0 0 0 0 -0.0077559 -0.00526413 -0.575667 -0.35 -2213.5 0.05484 -0.25482 -2.11816e+07 
0 0 0 0 -0.00734175 -0.00274814 -0.582 -0.75 -6266.5 -0.553012 -0.395995 -3.22781e+07 
0 0 0 0 -0.00734175 -0.00366139 -0.582 -0.75 -6266 -0.552962 -0.396028 -3.22803e+07 
ERROR 13 *  
ERROR 13 *  
ERROR 13 *  
ERROR 13 *  
ERROR 13 *  
ERROR 13 *  
ERROR 13 *  
ERROR 13 *  
ERROR 13 *  
ERROR 13 *  
ERROR 13 *  
ERROR 13 *  
ERROR 13 *  
ERROR 13 *  
ERROR 13 *  
ERROR 13 *  
ERROR 13 *  
ERROR 13 *  
0 0 0 0 -0.00712262 -0.00581365 -0.578 -0.4 -2470 -0.012701 -0.279799 -2.30842e+07 
0 0 0 0 -0.00690987 -0.00583178 -0.577667 -0.375 -2392.5 0.01305 -0.274846 -2.26756e+07 
0 0 0 0 -0.00734175 -0.00458133 -0.582 -0.3 -2096.5 0.16909 -0.266196 -2.17136e+07 
ERROR 13 *  
ERROR 13 *  
ERROR 13 *  
0 0 0 0 -0.00776134 -0.00578434 -0.579333 -0.4 -2405.5 0.00405 -0.273185 -2.26374e+07 
0 0 0 0 -0.00776134 -0.00578434 -0.579333 -0.4 -2405.5 0.00405 -0.273185 -2.26374e+07 
0 0 0 0 -0.00776576 -0.00368476 -0.582333 -0.75 -6272 -0.555479 -0.393538 -3.21305e+07 
ERROR 13 *  
ERROR 13 *  
ERROR 13 *  
ERROR 13 *  
ERROR 13 *  
ERROR 13 *  
ERROR 13 *  
ERROR 13 *  
ERROR 13 *  
ERROR 13 *  
ERROR 13 *  
ERROR 13 *  
ERROR 13 *  
ERROR 13 *  
ERROR 13 *  
ERROR 13 *  
ERROR 13 *  
ERROR 13 *  
0 0 0 0 -0.00712262 -0.00582092 -0.578 -0.4 -2437 -0.00148 -0.277696 -2.29167e+07 
0 0 0 0 -0.00712262 -0.00582092 -0.578 -0.4 -2429 0.00084 -0.277132 -2.28724e+07 
0 0 0 0 -0.0071295 -0.00458133 -0.581667 -0.75 -6266.5 -0.551412 -0.397899 -3.23945e+07 
ERROR 13 *  
ERROR 13 *  
ERROR 13 *  
0 0 0 0 -0.00754703 -0.00586756 -0.578 -0.35 -2254.5 0.06071 -0.264118 -2.18552e+07 
0 0 0 0 -0.00840265 -0.00372526 -0.583333 -0.1 -1500 0.17271 -0.138377 -1.27812e+07 
0 0 0 0 -0.00861494 -0.00278144 -0.583667 -0.15 -1596.5 0.12507 -0.14942 -1.36612e+07 
ERROR 13 *  
ERROR 13 *  
ERROR 13 *  
ERROR 13 *  
ERROR 13 *  
ERROR 13 *  
ERROR 13 *  
ERROR 13 *  
ERROR 13 *  
ERROR 13 *  
ERROR 13 *  
ERROR 13 *  
ERROR 13 *  
ERROR 13 *  
ERROR 13 *  
ERROR 13 *  
ERROR 13 *  
ERROR 13 *  
0 0 0 0 -0.00712262 -0.00582455 -0.578 -0.4 -2435.5 -0.001176 -0.277534 -2.2906e+07 
0 0 0 0 -0.00712262 -0.00582092 -0.578 -0.4 -2430.5 0.00052 -0.277298 -2.28847e+07 
0 0 0 0 -0.00734175 -0.00458133 -0.582 -0.75 -6270 -0.551483 -0.397871 -3.24083e+07 
ERROR 13 *  
ERROR 13 *  
ERROR 13 *  
ERROR 13 *  
0 0 0 0 -0.007127 -0.00561964 -0.580333 -0.4 -2435 0.00495 -0.279127 -2.30433e+07 
0 0 0 0 -0.007127 -0.00561964 -0.580333 -0.4 -2424.5 0.00834 -0.278354 -2.29822e+07 
0 0 0 0 -0.00712825 -0.00375388 -0.581 -0.325 -2157 0.14436 -0.272059 -2.21465e+07 
0 0 0 0 -0.00734175 -0.00458133 -0.582 -0.325 -2179 0.13674 -0.273888 -2.23191e+07 
ERROR 13 *  
ERROR 13 *  
ERROR 13 *  
ERROR 13 *  
ERROR 13 *  
ERROR 13 *  
ERROR 13 *  
ERROR 13 *  
ERROR 13 *  
ERROR 13 *  
ERROR 13 *  
ERROR 13 *  
ERROR 13 *  
ERROR 13 *  
ERROR 13 *  
ERROR 13 *  
ERROR 13 *  
ERROR 13 *  
0 0 0 0 -0.00712262 -0.00582092 -0.578 -0.4 -2433 -0.000385 -0.277431 -2.28959e+07 
0 0 0 0 -0.00712262 -0.00582092 -0.578 -0.4 -2433 -0.000274 -0.277401 -2.28935e+07 
0 0 0 0 -0.00734175 -0.00458133 -0.582 -0.75 -6271 -0.551552 -0.397906 -3.2411e+07 
ERROR 13 *  
0 0 0 0 -0.00734175 -0.00458133 -0.582 -0.75 -6272 -0.551626 -0.397877 -3.24091e+07 
ERROR 13 *  
ERROR 13 *  
ERROR 13 *  
ERROR 13 *  
0 0 0 0 -0.00797806 -0.00644784 -0.582667 -0.45 -2791 -0.113794 -0.293591 -2.43792e+07 
0 0 0 0 -0.00797806 -0.00553867 -0.582667 -0.45 -2791 -0.113793 -0.293591 -2.43792e+07 
0 0 0 0 -0.00734117 -0.00367893 -0.581667 -0.325 -2168 0.14107 -0.2731 -2.22418e+07 
0 0 0 0 -0.006705 -0.00458635 -0.581 -0.75 -6229.5 -0.550614 -0.396115 -3.22372e+07 
ERROR 13 *  
ERROR 13 *  
ERROR 13 *  
ERROR 13 *  
ERROR 13 *  
ERROR 13 *  
ERROR 13 *  
ERROR 13 *  
ERROR 13 *  
ERROR 13 *  
ERROR 13 *  
ERROR 13 *  
ERROR 13 *  
ERROR 13 *  
ERROR 13 *  
ERROR 13 *  
ERROR 13 *  
ERROR 13 *  
0 0 0 0 -0.00690987 -0.00582455 -0.577667 -0.4 -2431.5 -4.8e-05 -0.277407 -2.28792e+07 
0 0 0 0 -0.00712262 -0.00582455 -0.578 -0.4 -2431.5 0.00019 -0.277271 -2.28848e+07 
0 0 0 0 -0.00734175 -0.00458133 -0.582 -0.75 -6271.5 -0.551682 -0.397806 -3.24041e+07 
ERROR 13 *  
0 0 0 0 -0.00734175 -0.00458133 -0.582 -0.75 -6272 -0.551626 -0.397877 -3.24091e+07 
ERROR 13 *  
ERROR 13 *  
ERROR 13 *  
ERROR 13 *  
0 0 0 0 -0.00733011 -0.00605413 -0.575333 -0.375 -2354.5 0.02056 -0.270675 -2.23447e+07 
0 0 0 0 -0.00733011 -0.00605413 -0.575333 -0.375 -2355 0.0204 -0.270656 -2.23437e+07 
0 0 0 0 -0.00734175 -0.00366139 -0.582 -0.325 -2181.5 0.1355 -0.274075 -2.23335e+07 
0 0 0 0 -0.00734175 -0.00366139 -0.582 -0.325 -2181.5 0.1355 -0.274075 -2.23335e+07 
ERROR 13 *  
ERROR 13 *  
ERROR 13 *  
ERROR 13 *  
ERROR 13 *  
ERROR 13 *  
ERROR 13 *  
ERROR 13 *  
ERROR 13 *  
ERROR 13 *  
ERROR 13 *  
ERROR 13 *  
ERROR 13 *  
ERROR 13 *  
ERROR 13 *  
ERROR 13 *  
ERROR 13 *  
ERROR 13 *  
0 0 0 0 -0.00712262 -0.00582455 -0.578 -0.4 -2429 0.00106 -0.277155 -2.28749e+07 
0 0 0 0 -0.00712262 -0.00582092 -0.578 -0.4 -2437 -0.001707 -0.277676 -2.29157e+07 
0 0 0 0 -0.00734175 -0.00366139 -0.582 -0.75 -6270.5 -0.551527 -0.397896 -3.2409e+07 
ERROR 13 *  
ERROR 13 *  
ERROR 13 *  
ERROR 13 *  
0 0 0 0 -0.00712324 -0.00580636 -0.578333 -0.375 -2400.5 0.01051 -0.27506 -2.27177e+07 
0 0 0 0 -0.00755132 -0.00564337 -0.580667 -0.425 -2538 -0.032332 -0.283815 -2.34708e+07 
0 0 0 0 -0.00819035 -0.00371374 -0.583 -0.675 -4800 -0.561669 -0.268635 -2.33853e+07 
0 0 0 0 -0.00819075 -0.00458635 -0.583333 -0.675 -4850 -0.561476 -0.272697 -2.36781e+07 
ERROR 13 *  
ERROR 13 *  
ERROR 13 *  
ERROR 13 *  
ERROR 13 *  
ERROR 13 *  
ERROR 13 *  
ERROR 13 *  
ERROR 13 *  
ERROR 13 *  
ERROR 13 *  
ERROR 13 *  
ERROR 13 *  
ERROR 13 *  
ERROR 13 *  
ERROR 13 *  
ERROR 13 *  
ERROR 13 *  
0 0 0 0 -0.00712262 -0.00582092 -0.578 -0.4 -2432.5 -0.000176 -0.277399 -2.28932e+07 
0 0 0 0 -0.00712262 -0.00582092 -0.578 -0.4 -2433.5 -0.000483 -0.277434 -2.28962e+07 
0 0 0 0 -0.00734175 -0.00458133 -0.582 -0.75 -6271 -0.551531 -0.397919 -3.24119e+07 
ERROR 13 *  
0 0 0 0 -0.00734175 -0.00458133 -0.582 -0.75 -6270.5 -0.551468 -0.397947 -3.24137e+07 
ERROR 13 *  
0 0 0 0 -0.0071295 -0.00366139 -0.581667 -0.75 -6267 -0.551319 -0.398055 -3.24041e+07 
ERROR 13 *  
ERROR 13 *  
ERROR 13 *  
ERROR 13 *  
0 0 0 0 -0.00712324 -0.00579905 -0.578333 -0.4 -2421 0.00287 -0.276212 -2.28113e+07 
0 0 0 0 -0.00712324 -0.00579905 -0.578333 -0.4 -2421 0.00286 -0.276214 -2.28114e+07 
0 0 0 0 -0.00755347 -0.00459637 -0.582 -0.75 -6271 -0.55401 -0.395256 -3.22329e+07 
0 0 0 0 -0.00755347 -0.00367893 -0.582 -0.75 -6264 -0.55389 -0.394833 -3.22016e+07 
ERROR 13 *  
ERROR 13 *  
ERROR 13 *  
ERROR 13 *  
ERROR 13 *  
ERROR 13 *  
ERROR 13 *  
ERROR 13 *  
ERROR 13 *  
ERROR 13 *  
ERROR 13 *  
ERROR 13 *  
ERROR 13 *  
ERROR 13 *  
ERROR 13 *  
ERROR 13 *  
ERROR 13 *  
ERROR 13 *  
0 0 0 0 -0.00712262 -0.00582455 -0.578 -0.4 -2435 -0.001127 -0.277482 -2.29023e+07 
0 0 0 0 -0.00712262 -0.00582092 -0.578 -0.4 -2431 0.00048 -0.277347 -2.28882e+07 
0 0 0 0 -0.0071295 -0.00458133 -0.581667 -0.75 -6267.5 -0.551426 -0.397935 -3.23971e+07 
ERROR 13 *  
0 0 0 0 -0.0071295 -0.00366139 -0.581667 -0.75 -6267 -0.551319 -0.398053 -3.2404e+07 
ERROR 13 *  
ERROR 13 *  
ERROR 13 *  
ERROR 13 *  
0 0 0 0 -0.00712324 -0.00579538 -0.578333 -0.4 -2420.5 0.00437 -0.276701 -2.28414e+07 
0 0 0 0 -0.00712324 -0.00579538 -0.578333 -0.4 -2420.5 0.00437 -0.276701 -2.28414e+07 
0 0 0 0 -0.0079785 -0.0045763 -0.583 -0.75 -6219 -0.55792 -0.386322 -3.16537e+07 
0 0 0 0 -0.00819075 -0.00458635 -0.583333 -0.3 -2072 0.15953 -0.25737 -2.11749e+07 
ERROR 13 *  
ERROR 13 *  
ERROR 13 *  
ERROR 13 *  
ERROR 13 *  
ERROR 13 *  
ERROR 13 *  
ERROR 13 *  
ERROR 13 *  
ERROR 13 *  
ERROR 13 *  
ERROR 13 *  
ERROR 13 *  
ERROR 13 *  
ERROR 13 *  
ERROR 13 *  
ERROR 13 *  
ERROR 13 *  
0 0 0 0 -0.00712262 -0.00582455 -0.578 -0.4 -2433.5 -0.000378 -0.277469 -2.28999e+07 
0 0 0 0 -0.00712262 -0.00582092 -0.578 -0.4 -2432.5 -0.000279 -0.277362 -2.28908e+07 
0 0 0 0 -0.0071295 -0.00366139 -0.581667 -0.75 -6267.5 -0.551466 -0.397946 -3.23967e+07 
ERROR 13 *  
ERROR 13 *  
ERROR 13 *  
ERROR 13 *  
0 0 0 0 -0.00733594 -0.00580271 -0.578667 -0.4 -2422.5 0.00198 -0.275937 -2.28106e+07 
0 0 0 0 -0.00691055 -0.00580271 -0.578 -0.4 -2423.5 0.00396 -0.277303 -2.28716e+07 
0 0 0 0 -0.00691658 -0.00460137 -0.581 -0.75 -6231 -0.549769 -0.397077 -3.2307e+07 
0 0 0 0 -0.00691658 -0.00460137 -0.581 -0.75 -6229 -0.549726 -0.39696 -3.22986e+07 
ERROR 13 *  
ERROR 13 *  
ERROR 13 *  
ERROR 13 *  
ERROR 13 *  
ERROR 13 *  
ERROR 13 *  
ERROR 13 *  
ERROR 13 *  
ERROR 13 *  
ERROR 13 *  
ERROR 13 *  
ERROR 13 *  
ERROR 13 *  
ERROR 13 *  
ERROR 13 *  
ERROR 13 *  
ERROR 13 *  
0 0 0 0 -0.00712262 -0.00582092 -0.578 -0.4 -2434 -0.000751 -0.27748 -2.29e+07 
0 0 0 0 -0.00712262 -0.00582092 -0.578 -0.4 -2433.5 -0.000391 -0.277443 -2.28967e+07 
0 0 0 0 -0.00734175 -0.00458133 -0.582 -0.75 -6271 -0.551494 -0.397948 -3.24138e+07 
ERROR 13 *  
0 0 0 0 -0.00734175 -0.00458133 -0.582 -0.75 -6271 -0.551534 -0.397922 -3.24121e+07 
ERROR 13 *  
ERROR 13 *  
ERROR 13 *  
ERROR 13 *  
0 0 0 0 -0.00733478 -0.00583898 -0.578 -0.4 -2408.5 0.00568 -0.274934 -2.27148e+07 
0 0 0 0 -0.00733478 -0.00584257 -0.578 -0.375 -2402 0.00872 -0.274813 -2.27016e+07 
0 0 0 0 -0.00755347 -0.00459137 -0.582 -0.75 -6251.5 -0.554493 -0.393182 -3.20866e+07 
0 0 0 0 -0.00734175 -0.00459637 -0.582 -0.75 -6251.5 -0.554492 -0.393152 -3.20857e+07 
ERROR 13 *  
ERROR 13 *  
ERROR 13 *  
ERROR 13 *  
ERROR 13 *  
ERROR 13 *  
ERROR 13 *  
ERROR 13 *  
ERROR 13 *  
ERROR 13 *  
ERROR 13 *  
ERROR 13 *  
ERROR 13 *  
ERROR 13 *  
ERROR 13 *  
ERROR 13 *  
ERROR 13 *  
ERROR 13 *  
0 0 0 0 -0.00712262 -0.00582092 -0.578 -0.4 -2431.5 6e-05 -0.277312 -2.28866e+07 
0 0 0 0 -0.00712262 -0.00582092 -0.578 -0.4 -2434.5 -0.000719 -0.27752 -2.29028e+07 
0 0 0 0 -0.00734175 -0.00458133 -0.582 -0.75 -6270.5 -0.551448 -0.39796 -3.24146e+07 
ERROR 13 *  
0 0 0 0 -0.0071295 -0.00366139 -0.581667 -0.75 -6267.5 -0.551361 -0.398028 -3.24023e+07 
ERROR 13 *  
ERROR 13 *  
ERROR 13 *  
ERROR 13 *  
0 0 0 0 -0.00691122 -0.00577324 -0.578333 -0.4 -2427 0.00317 -0.277558 -2.2896e+07 
0 0 0 0 -0.00691122 -0.00577324 -0.578333 -0.4 -2427 0.00317 -0.277558 -2.2896e+07 
0 0 0 0 -0.00755347 -0.00459637 -0.582 -0.75 -6264 -0.553872 -0.394807 -3.2201e+07 
0 0 0 0 -0.00755347 -0.00459637 -0.582 -0.75 -6264 -0.553872 -0.394807 -3.2201e+07 
ERROR 13 *  
ERROR 13 *  
ERROR 13 *  
ERROR 13 *  
ERROR 13 *  
ERROR 13 *  
ERROR 13 *  
ERROR 13 *  
ERROR 13 *  
ERROR 13 *  
ERROR 13 *  
ERROR 13 *  
ERROR 13 *  
ERROR 13 *  
ERROR 13 *  
ERROR 13 *  
ERROR 13 *  
ERROR 13 *  
0 0 0 0 -0.00712262 -0.00582455 -0.578 -0.4 -2437 -0.001689 -0.277648 -2.2915e+07 
0 0 0 0 -0.00712262 -0.00582092 -0.578 -0.4 -2425 0.00224 -0.276897 -2.28531e+07 
0 0 0 0 -0.0071295 -0.00366139 -0.581667 -0.75 -6267 -0.551447 -0.397913 -3.23943e+07 
ERROR 13 *  
0 0 0 0 -0.00712262 -0.00582455 -0.578 -0.4 -2428 0.0012 -0.277004 -2.2864e+07 
ERROR 13 *  
ERROR 13 *  
ERROR 13 *  
0 0 0 0 -0.00776183 -0.00575462 -0.579667 -0.425 -2580.5 -0.052511 -0.28376 -2.34986e+07 
0 0 0 0 -0.00712262 -0.00582455 -0.578 -0.4 -2407.5 0.00638 -0.275118 -2.2721e+07 
0 0 0 0 -0.00734175 -0.00366139 -0.582 -0.75 -6255.5 -0.554059 -0.394011 -3.21404e+07 
ERROR 13 *  
ERROR 13 *  
ERROR 13 *  
ERROR 13 *  
ERROR 13 *  
ERROR 13 *  
ERROR 13 *  
ERROR 13 *  
ERROR 13 *  
ERROR 13 *  
ERROR 13 *  
ERROR 13 *  
ERROR 13 *  
ERROR 13 *  
ERROR 13 *  
ERROR 13 *  
ERROR 13 *  
ERROR 13 *  
0 0 0 0 -0.00712262 -0.00582092 -0.578 -0.4 -2434 -0.000829 -0.277376 -2.28929e+07 
0 0 0 0 -0.00712262 -0.00582092 -0.578 -0.4 -2429.5 0.00095 -0.277247 -2.28803e+07 
0 0 0 0 -0.00734175 -0.00458133 -0.582 -0.75 -6270 -0.551443 -0.397903 -3.24105e+07 
ERROR 13 *  
ERROR 13 *  
0 0 0 0 -0.00712262 -0.00582455 -0.578 -0.4 -2428 0.00121 -0.277002 -2.28639e+07 
0 0 0 0 -0.0071295 -0.00366139 -0.581667 -0.75 -6267.5 -0.551361 -0.398028 -3.24023e+07 
ERROR 13 *  
ERROR 13 *  
ERROR 13 *  
ERROR 13 *  
0 0 0 0 -0.00733536 -0.00580636 -0.578333 -0.375 -2383.5 0.01511 -0.273568 -2.26036e+07 
0 0 0 0 -0.00733536 -0.00580636 -0.578333 -0.375 -2383.5 0.01511 -0.273565 -2.26034e+07 
0 0 0 0 -0.00755347 -0.00459137 -0.582 -0.75 -6256.5 -0.554336 -0.393743 -3.21258e+07 
0 0 0 0 -0.00755347 -0.00459637 -0.582 -0.75 -6250.5 -0.553928 -0.393677 -3.21215e+07 
ERROR 13 *  
ERROR 13 *  
ERROR 13 *  
ERROR 13 *  
ERROR 13 *  
ERROR 13 *  
ERROR 13 *  
ERROR 13 *  
ERROR 13 *  
ERROR 13 *  
ERROR 13 *  
ERROR 13 *  
ERROR 13 *  
ERROR 13 *  
ERROR 13 *  
ERROR 13 *  
ERROR 13 *  
ERROR 13 *  
0 0 0 0 -0.00712262 -0.00582092 -0.578 -0.4 -2433.5 -0.000567 -0.277388 -2.28932e+07 
0 0 0 0 -0.00712262 -0.00582455 -0.578 -0.4 -2429 0.00113 -0.27715 -2.28744e+07 
0 0 0 0 -0.0071295 -0.00366139 -0.581667 -0.75 -6267.5 -0.551445 -0.397971 -3.23984e+07 
ERROR 13 *  
ERROR 13 *  
ERROR 13 *  
ERROR 13 *  
0 0 0 0 -0.00690987 -0.00582092 -0.577667 -0.4 -2429 0.00117 -0.277478 -2.28805e+07 
0 0 0 0 -0.00712262 -0.00582092 -0.578 -0.375 -2375 0.01876 -0.273357 -2.25712e+07 
0 0 0 0 -0.00755347 -0.00369638 -0.582 -0.75 -6277 -0.553669 -0.396038 -3.22897e+07 
0 0 0 0 -0.00755347 -0.00461133 -0.582 -0.75 -6278.5 -0.553781 -0.396024 -3.22902e+07 
ERROR 13 *  
ERROR 13 *  
ERROR 13 *  
ERROR 13 *  
ERROR 13 *  
ERROR 13 *  
ERROR 13 *  
ERROR 13 *  
ERROR 13 *  
ERROR 13 *  
ERROR 13 *  
ERROR 13 *  
ERROR 13 *  
ERROR 13 *  
ERROR 13 *  
ERROR 13 *  
ERROR 13 *  
ERROR 13 *  
0 0 0 0 -0.00712262 -0.00582092 -0.578 -0.4 -2431.5 0.0001 -0.27731 -2.28864e+07 
0 0 0 0 -0.00712262 -0.00582092 -0.578 -0.4 -2432 2e-05 -0.277315 -2.28869e+07 
ERROR 13 *  
0 0 0 0 -0.00712262 -0.00582455 -0.578 -0.4 -2432.5 -0.000143 -0.277329 -2.28895e+07 
ERROR 13 *  
ERROR 13 *  
ERROR 13 *  
ERROR 13 *  
0 0 0 0 -0.00733478 -0.00583898 -0.578 -0.375 -2359 0.02282 -0.271633 -2.24485e+07 
0 0 0 0 -0.00733478 -0.00583898 -0.578 -0.375 -2359 0.02282 -0.271633 -2.24485e+07 
0 0 0 0 -0.00734175 -0.00459137 -0.582 -0.75 -6262 -0.553319 -0.395265 -3.22309e+07 
0 0 0 0 -0.00734175 -0.00459137 -0.582 -0.75 -6262 -0.553319 -0.395265 -3.22309e+07 
ERROR 13 *  
ERROR 13 *  
ERROR 13 *  
ERROR 13 *  
ERROR 13 *  
ERROR 13 *  
ERROR 13 *  
ERROR 13 *  
ERROR 13 *  
ERROR 13 *  
ERROR 13 *  
ERROR 13 *  
ERROR 13 *  
ERROR 13 *  
ERROR 13 *  
ERROR 13 *  
ERROR 13 *  
ERROR 13 *  
0 0 0 0 -0.00712262 -0.00582092 -0.578 -0.4 -2431.5 0.00019 -0.277325 -2.28873e+07 
0 0 0 0 -0.00712262 -0.00582092 -0.578 -0.4 -2432 -0.000195 -0.27731 -2.28869e+07 
0 0 0 0 -0.00734175 -0.00458133 -0.582 -0.75 -6271 -0.551471 -0.39796 -3.24146e+07 
ERROR 13 *  
0 0 0 0 -0.00712262 -0.00582455 -0.578 -0.4 -2432.5 -0.000143 -0.277329 -2.28895e+07 
ERROR 13 *  
ERROR 13 *  
ERROR 13 *  
ERROR 13 *  
0 0 0 0 -0.00690987 -0.00582816 -0.577667 -0.4 -2409 0.00776 -0.276072 -2.27711e+07 
0 0 0 0 -0.00690987 -0.00582816 -0.577667 -0.4 -2409 0.00775 -0.276074 -2.27712e+07 
0 0 0 0 -0.0071295 -0.00366725 -0.581667 -0.75 -6245 -0.55226 -0.395247 -3.22094e+07 
0 0 0 0 -0.0071295 -0.00366725 -0.581667 -0.75 -6245 -0.552302 -0.395187 -3.22053e+07 
ERROR 13 *  
ERROR 13 *  
ERROR 13 *  
ERROR 13 *  
ERROR 13 *  
ERROR 13 *  
ERROR 13 *  
ERROR 13 *  
ERROR 13 *  
ERROR 13 *  
ERROR 13 *  
ERROR 13 *  
ERROR 13 *  
ERROR 13 *  
ERROR 13 *  
ERROR 13 *  
ERROR 13 *  
ERROR 13 *  
0 0 0 0 -0.00712262 -0.00582092 -0.578 -0.4 -2432 -7.5e-05 -0.277334 -2.28885e+07 
0 0 0 0 -0.00712262 -0.00582455 -0.578 -0.4 -2430.5 0.00056 -0.27721 -2.28798e+07 
0 0 0 0 -0.00734175 -0.00458133 -0.582 -0.75 -6270.5 -0.551468 -0.397945 -3.24135e+07 
ERROR 13 *  
ERROR 13 *  
ERROR 13 *  
ERROR 13 *  
0 0 0 0 -0.00733536 -0.00581365 -0.578333 -0.4 -2446.5 -0.006458 -0.277539 -2.29284e+07 
0 0 0 0 -0.00733536 -0.00581365 -0.578333 -0.4 -2477 -0.016463 -0.279479 -2.30848e+07 
0 0 0 0 -0.0071295 -0.00368476 -0.581667 -0.3 -2091 0.1731 -0.266355 -2.17049e+07 
0 0 0 0 -0.0071295 -0.00368476 -0.581667 -0.3 -2091 0.1731 -0.266355 -2.17049e+07 
ERROR 13 *  
ERROR 13 *  
ERROR 13 *  
ERROR 13 *  
ERROR 13 *  
ERROR 13 *  
ERROR 13 *  
ERROR 13 *  
ERROR 13 *  
ERROR 13 *  
ERROR 13 *  
ERROR 13 *  
ERROR 13 *  
ERROR 13 *  
ERROR 13 *  
ERROR 13 *  
ERROR 13 *  
ERROR 13 *  
0 0 0 0 -0.00712262 -0.00582092 -0.578 -0.4 -2432 -0.000124 -0.277343 -2.28891e+07 
0 0 0 0 -0.00712262 -0.00582455 -0.578 -0.4 -2429 0.00093 -0.277135 -2.28738e+07 
0 0 0 0 -0.0071295 -0.00458133 -0.581667 -0.75 -6268 -0.551448 -0.397962 -3.23991e+07 
ERROR 13 *  
ERROR 13 *  
ERROR 13 *  
ERROR 13 *  
0 0 0 0 -0.00690987 -0.00583178 -0.577667 -0.4 -2453 -0.00731 -0.278753 -2.2991e+07 
0 0 0 0 -0.00712199 -0.00583898 -0.577667 -0.4 -2444.5 -0.00445 -0.27814 -2.29449e+07 
0 0 0 0 -0.00755347 -0.00459137 -0.582 -0.75 -6244.5 -0.553925 -0.393181 -3.20854e+07 
0 0 0 0 -0.00755347 -0.00459137 -0.582 -0.75 -6244.5 -0.553925 -0.393181 -3.20854e+07 
ERROR 13 *  
ERROR 13 *  
ERROR 13 *  
ERROR 13 *  
ERROR 13 *  
ERROR 13 *  
ERROR 13 *  
ERROR 13 *  
ERROR 13 *  
ERROR 13 *  
ERROR 13 *  
ERROR 13 *  
ERROR 13 *  
ERROR 13 *  
ERROR 13 *  
ERROR 13 *  
ERROR 13 *  
ERROR 13 *  
0 0 0 0 -0.00712262 -0.00582092 -0.578 -0.4 -2432 2e-05 -0.277316 -2.2887e+07 
ERROR 13 *  
0 0 0 0 -0.00712262 -0.00582455 -0.578 -0.4 -2429.5 0.00086 -0.27717 -2.28763e+07 
ERROR 13 *  
ERROR 13 *  
ERROR 13 *  
ERROR 13 *  
0 0 0 0 -0.00712262 -0.00581729 -0.578 -0.4 -2432 -3e-06 -0.277387 -2.28906e+07 
0 0 0 0 -0.00712262 -0.00581729 -0.578 -0.4 -2432 -3e-06 -0.277387 -2.28906e+07 
0 0 0 0 -0.00776625 -0.00365552 -0.582667 -0.75 -6269.5 -0.555732 -0.392957 -3.20997e+07 
0 0 0 0 -0.00776625 -0.0045763 -0.582667 -0.75 -6278 -0.555548 -0.393795 -3.21595e+07 
ERROR 13 *  
ERROR 13 *  
ERROR 13 *  
ERROR 13 *  
ERROR 13 *  
ERROR 13 *  
ERROR 13 *  
ERROR 13 *  
ERROR 13 *  
ERROR 13 *  
ERROR 13 *  
ERROR 13 *  
ERROR 13 *  
ERROR 13 *  
ERROR 13 *  
ERROR 13 *  
ERROR 13 *  
ERROR 13 *  
0 0 0 0 -0.00712262 -0.00582092 -0.578 -0.4 -2432 -0.000112 -0.277339 -2.28888e+07 
0 0 0 0 -0.00712262 -0.00582092 -0.578 -0.4 -2431.5 0.00017 -0.277289 -2.28848e+07 
0 0 0 0 -0.00734175 -0.00458133 -0.582 -0.75 -6270.5 -0.551448 -0.39796 -3.24146e+07 
ERROR 13 *  
0 0 0 0 -0.00712262 -0.00582455 -0.578 -0.4 -2429.5 0.00086 -0.27717 -2.28763e+07 
ERROR 13 *  
ERROR 13 *  
ERROR 13 *  
ERROR 13 *  
0 0 0 0 -0.00712262 -0.00582092 -0.578 -0.4 -2436.5 -0.001615 -0.277626 -2.2912e+07 
0 0 0 0 -0.00712262 -0.00582092 -0.578 -0.4 -2436.5 -0.001615 -0.277626 -2.2912e+07 
0 0 0 0 -0.00776625 -0.0045763 -0.582667 -0.3 -2093.5 0.16098 -0.262752 -2.15172e+07 
0 0 0 0 -0.00776625 -0.0045763 -0.582667 -0.3 -2093.5 0.16098 -0.262752 -2.15172e+07 
ERROR 13 *  
ERROR 13 *  
ERROR 13 *  
ERROR 13 *  
ERROR 13 *  
ERROR 13 *  
ERROR 13 *  
ERROR 13 *  
ERROR 13 *  
ERROR 13 *  
ERROR 13 *  
ERROR 13 *  
ERROR 13 *  
ERROR 13 *  
ERROR 13 *  
ERROR 13 *  
ERROR 13 *  
ERROR 13 *  
0 0 0 0 -0.00712262 -0.00582455 -0.578 -0.4 -2430.5 0.00044 -0.277232 -2.28815e+07 
0 0 0 0 -0.00712262 -0.00582092 -0.578 -0.4 -2431.5 5e-05 -0.277313 -2.28867e+07 
0 0 0 0 -0.0071295 -0.00366139 -0.581667 -0.75 -6268 -0.551449 -0.397972 -3.23985e+07 
ERROR 13 *  
ERROR 13 *  
0 0 0 0 -0.00690987 -0.00582455 -0.577667 -0.4 -2434 -0.000905 -0.277601 -2.28946e+07 
0 0 0 0 -0.00690987 -0.00582455 -0.577667 -0.4 -2421.5 0.00335 -0.276806 -2.28301e+07 
ERROR 13 *  
ERROR 13 *  
ERROR 13 *  
ERROR 13 *  
ERROR 13 *  
ERROR 13 *  
ERROR 13 *  
ERROR 13 *  
ERROR 13 *  
ERROR 13 *  
ERROR 13 *  
ERROR 13 *  
ERROR 13 *  
ERROR 13 *  
ERROR 13 *  
ERROR 13 *  
ERROR 13 *  
ERROR 13 *  
0 0 0 0 -0.00712262 -0.00582092 -0.578 -0.4 -2432 2e-05 -0.277317 -2.2887e+07 
0 0 0 0 -0.00712262 -0.00582092 -0.578 -0.4 -2432 3e-05 -0.277314 -2.28868e+07 
0 0 0 0 -0.00734175 -0.00458133 -0.582 -0.75 -6270.5 -0.551448 -0.39796 -3.24146e+07 
ERROR 13 *  
ERROR 13 *  
0 0 0 0 -0.00712262 -0.00582092 -0.578 -0.4 -2430 0.0008 -0.27723 -2.28793e+07 
0 0 0 0 -0.00712262 -0.00582092 -0.578 -0.4 -2430 0.0008 -0.27723 -2.28793e+07 
ERROR 13 *  
ERROR 13 *  
ERROR 13 *  
ERROR 13 *  
ERROR 13 *  
ERROR 13 *  
ERROR 13 *  
ERROR 13 *  
ERROR 13 *  
ERROR 13 *  
ERROR 13 *  
ERROR 13 *  
ERROR 13 *  
ERROR 13 *  
ERROR 13 *  
ERROR 13 *  
ERROR 13 *  
ERROR 13 *  
0 0 0 0 -0.00712262 -0.00582092 -0.578 -0.4 -2431.5 4e-05 -0.277313 -2.28867e+07 
0 0 0 0 -0.00712262 -0.00582092 -0.578 -0.4 -2432 2e-05 -0.277316 -2.2887e+07 
0 0 0 0 -0.00734175 -0.00458133 -0.582 -0.75 -6270.5 -0.551448 -0.39796 -3.24145e+07 
ERROR 13 *  
ERROR 13 *  
ERROR 13 *  
0 0 0 0 -0.00712262 -0.00582092 -0.578 -0.4 -2429 0.0009 -0.277118 -2.28713e+07 
0 0 0 0 -0.00712262 -0.00582092 -0.578 -0.4 -2434.5 -0.000828 -0.277468 -2.28993e+07 
0 0 0 0 -0.00734175 -0.00458133 -0.582 -0.75 -6270 -0.551624 -0.397738 -3.23993e+07 
ERROR 13 *  
ERROR 13 *  
ERROR 13 *  
ERROR 13 *  
ERROR 13 *  
ERROR 13 *  
ERROR 13 *  
ERROR 13 *  
ERROR 13 *  
ERROR 13 *  
ERROR 13 *  
ERROR 13 *  
ERROR 13 *  
ERROR 13 *  
ERROR 13 *  
ERROR 13 *  
ERROR 13 *  
ERROR 13 *  
0 0 0 0 -0.00712262 -0.00582092 -0.578 -0.4 -2432 3e-05 -0.277314 -2.28868e+07 
0 0 0 0 -0.00712262 -0.00582092 -0.578 -0.4 -2432 2e-05 -0.277317 -2.2887e+07 
0 0 0 0 -0.00734175 -0.00458133 -0.582 -0.75 -6270.5 -0.551447 -0.39796 -3.24145e+07 
ERROR 13 *  
ERROR 13 *  
ERROR 13 *  
0 0 0 0 -0.00712262 -0.00582092 -0.578 -0.4 -2438 -0.002102 -0.277683 -2.2917e+07 
0 0 0 0 -0.00712262 -0.00582092 -0.578 -0.4 -2425.5 0.00201 -0.276885 -2.28527e+07 
0 0 0 0 -0.00734175 -0.00458133 -0.582 -0.75 -6271 -0.551677 -0.397746 -3.23999e+07 
ERROR 13 *  
ERROR 13 *  
ERROR 13 *  
ERROR 13 *  
ERROR 13 *  
ERROR 13 *  
ERROR 13 *  
ERROR 13 *  
ERROR 13 *  
ERROR 13 *  
ERROR 13 *  
ERROR 13 *  
ERROR 13 *  
ERROR 13 *  
ERROR 13 *  
ERROR 13 *  
ERROR 13 *  
ERROR 13 *  
0 0 0 0 -0.00712262 -0.00582092 -0.578 -0.4 -2432 2e-05 -0.277316 -2.2887e+07 
0 0 0 0 -0.00712262 -0.00582092 -0.578 -0.4 -2432 3e-05 -0.277315 -2.28868e+07 
0 0 0 0 -0.00734175 -0.00458133 -0.582 -0.75 -6270.5 -0.551448 -0.39796 -3.24145e+07 
ERROR 13 *  
ERROR 13 *  
ERROR 13 *  
0 0 0 0 -0.00712262 -0.00582092 -0.578 -0.4 -2434 -0.000747 -0.277453 -2.28982e+07 
0 0 0 0 -0.00712262 -0.00496925 -0.578 -0.4 -2434.5 -0.000986 -0.277443 -2.28979e+07 
0 0 0 0 -0.00734175 -0.0045763 -0.582 -0.75 -6270.5 -0.55145 -0.397967 -3.24138e+07 
ERROR 13 *  
ERROR 13 *  
ERROR 13 *  
ERROR 13 *  
ERROR 13 *  
ERROR 13 *  
ERROR 13 *  
ERROR 13 *  
ERROR 13 *  
ERROR 13 *  
ERROR 13 *  
ERROR 13 *  
ERROR 13 *  
ERROR 13 *  
ERROR 13 *  
ERROR 13 *  
ERROR 13 *  
ERROR 13 *  
0 0 0 0 -0.00712262 -0.00582092 -0.578 -0.4 -2432 3e-05 -0.277315 -2.28868e+07 
0 0 0 0 -0.00712262 -0.00582092 -0.578 -0.4 -2432 2e-05 -0.277316 -2.2887e+07 
0 0 0 0 -0.00734175 -0.00458133 -0.582 -0.75 -6270.5 -0.551448 -0.39796 -3.24146e+07 
ERROR 13 *  
ERROR 13 *  
ERROR 13 *  
ERROR 13 *  
0 0 0 0 -0.00712262 -0.00582092 -0.578 -0.4 -2431.5 8e-05 -0.277307 -2.28862e+07 
0 0 0 0 -0.00712262 -0.00582092 -0.578 -0.4 -2432 -0.000111 -0.277344 -2.28892e+07 
0 0 0 0 -0.00734175 -0.00458133 -0.582 -0.75 -6271 -0.551468 -0.397957 -3.24144e+07 
0 0 0 0 -0.00734175 -0.00458133 -0.582 -0.75 -6271 -0.551468 -0.397957 -3.24144e+07 
ERROR 13 *  
ERROR 13 *  
ERROR 13 *  
ERROR 13 *  
ERROR 13 *  
ERROR 13 *  
ERROR 13 *  
ERROR 13 *  
ERROR 13 *  
ERROR 13 *  
ERROR 13 *  
ERROR 13 *  
ERROR 13 *  
ERROR 13 *  
ERROR 13 *  
ERROR 13 *  
ERROR 13 *  
ERROR 13 *  
0 0 0 0 -0.00712262 -0.00582092 -0.578 -0.4 -2432 3e-05 -0.277315 -2.28868e+07 
0 0 0 0 -0.00712262 -0.00582092 -0.578 -0.4 -2432 2e-05 -0.277316 -2.2887e+07 
0 0 0 0 -0.00734175 -0.00458133 -0.582 -0.75 -6270.5 -0.551448 -0.39796 -3.24146e+07 
ERROR 13 *  
ERROR 13 *  
ERROR 13 *  
0 0 0 0 -0.00712262 -0.00582092 -0.578 -0.4 -2432 -1e-06 -0.277323 -2.28875e+07 
0 0 0 0 -0.00712262 -0.00496925 -0.578 -0.4 -2431.5 0.0001 -0.277304 -2.28859e+07 
0 0 0 0 -0.0071295 -0.00366139 -0.581667 -0.75 -6268 -0.551448 -0.39797 -3.23984e+07 
ERROR 13 *  
ERROR 13 *  
ERROR 13 *  
ERROR 13 *  
ERROR 13 *  
ERROR 13 *  
ERROR 13 *  
ERROR 13 *  
ERROR 13 *  
ERROR 13 *  
ERROR 13 *  
ERROR 13 *  
ERROR 13 *  
ERROR 13 *  
ERROR 13 *  
ERROR 13 *  
ERROR 13 *  
ERROR 13 *  
0 0 0 0 -0.00712262 -0.00582092 -0.578 -0.4 -2432 3e-05 -0.277315 -2.28868e+07 
0 0 0 0 -0.00712262 -0.00582092 -0.578 -0.4 -2432 2e-05 -0.277316 -2.2887e+07 
0 0 0 0 -0.00734175 -0.00458133 -0.582 -0.75 -6270.5 -0.551448 -0.39796 -3.24146e+07 
ERROR 13 *  
ERROR 13 *  
0 0 0 0 -0.00712262 -0.00582092 -0.578 -0.4 -2432 -3.1e-05 -0.277328 -2.28879e+07 
0 0 0 0 -0.00712262 -0.00496925 -0.578 -0.4 -2432 -1.5e-05 -0.277327 -2.28878e+07 
ERROR 13 *  
ERROR 13 *  
ERROR 13 *  
ERROR 13 *  
ERROR 13 *  
ERROR 13 *  
ERROR 13 *  
ERROR 13 *  
ERROR 13 *  
ERROR 13 *  
ERROR 13 *  
ERROR 13 *  
ERROR 13 *  
ERROR 13 *  
ERROR 13 *  
ERROR 13 *  
ERROR 13 *  
ERROR 13 *  
0 0 0 0 -0.00712262 -0.00582092 -0.578 -0.4 -2432 2e-05 -0.277316 -2.2887e+07 
0 0 0 0 -0.00712262 -0.00582092 -0.578 -0.4 -2432 2e-05 -0.277316 -2.2887e+07 
0 0 0 0 -0.00734175 -0.00458133 -0.582 -0.75 -6270.5 -0.551448 -0.39796 -3.24146e+07 
ERROR 13 *  
ERROR 13 *  
0 0 0 0 -0.00712262 -0.00582092 -0.578 -0.4 -2432 3e-05 -0.277316 -2.2887e+07 
0 0 0 0 -0.00712262 -0.00582455 -0.578 -0.4 -2430.5 0.00045 -0.277232 -2.28815e+07 
ERROR 13 *  
ERROR 13 *  
ERROR 13 *  
ERROR 13 *  
ERROR 13 *  
ERROR 13 *  
ERROR 13 *  
ERROR 13 *  
ERROR 13 *  
ERROR 13 *  
ERROR 13 *  
ERROR 13 *  
ERROR 13 *  
ERROR 13 *  
ERROR 13 *  
ERROR 13 *  
ERROR 13 *  
ERROR 13 *  
0 0 0 0 -0.00712262 -0.00582092 -0.578 -0.4 -2432 2e-05 -0.277316 -2.2887e+07 
0 0 0 0 -0.00712262 -0.00582092 -0.578 -0.4 -2432 2e-05 -0.277316 -2.2887e+07 
0 0 0 0 -0.00734175 -0.00458133 -0.582 -0.75 -6270.5 -0.551448 -0.39796 -3.24146e+07 
ERROR 13 *  
ERROR 13 *  
0 0 0 0 -0.00712262 -0.00582092 -0.578 -0.4 -2432 1e-05 -0.277319 -2.28872e+07 
ERROR 13 *  
0 0 0 0 -0.00712262 -0.00582092 -0.578 -0.4 -2432 -6.8e-05 -0.277334 -2.28884e+07 
ERROR 13 *  
ERROR 13 *  
0 0 0 0 -0.00712262 -0.00582455 -0.578 -0.4 -2430.5 0.00044 -0.277234 -2.28817e+07 
0 0 0 0 -0.00712262 -0.00582092 -0.578 -0.4 -2432 0 -0.277321 -2.28873e+07 
ERROR 13 *  
ERROR 13 *  
ERROR 13 *  
ERROR 13 *  
ERROR 13 *  
ERROR 13 *  
ERROR 13 *  
ERROR 13 *  
ERROR 13 *  
ERROR 13 *  
ERROR 13 *  
ERROR 13 *  
ERROR 13 *  
ERROR 13 *  
ERROR 13 *  
ERROR 13 *  
ERROR 13 *  
ERROR 13 *  
0 0 0 0 -0.00712262 -0.00582092 -0.578 -0.4 -2432 1e-05 -0.277319 -2.28872e+07 
0 0 0 0 -0.00712262 -0.00582092 -0.578 -0.4 -2432 1e-05 -0.277319 -2.28872e+07 
0 0 0 0 -0.00734175 -0.00458133 -0.582 -0.75 -6270.5 -0.551448 -0.39796 -3.24146e+07 
ERROR 13 *  
ERROR 13 *  
0 0 0 0 -0.00712262 -0.00582092 -0.578 -0.4 -2432 2e-05 -0.277317 -2.2887e+07 
0 0 0 0 -0.00712262 -0.00582092 -0.578 -0.4 -2432 1e-05 -0.277318 -2.28872e+07 
ERROR 13 *  
ERROR 13 *  
ERROR 13 *  
ERROR 13 *  
ERROR 13 *  
ERROR 13 *  
ERROR 13 *  
ERROR 13 *  
ERROR 13 *  
ERROR 13 *  
ERROR 13 *  
ERROR 13 *  
ERROR 13 *  
ERROR 13 *  
ERROR 13 *  
ERROR 13 *  
ERROR 13 *  
ERROR 13 *  
0 0 0 0 -0.00712262 -0.00582092 -0.578 -0.4 -2432 1e-05 -0.277319 -2.28872e+07 
0 0 0 0 -0.00712262 -0.00582092 -0.578 -0.4 -2432 1e-05 -0.277319 -2.28872e+07 
0 0 0 0 -0.00734175 -0.00458133 -0.582 -0.75 -6270.5 -0.551448 -0.39796 -3.24146e+07 
0 0 0 0 -0.00734175 -0.00458133 -0.582 -0.75 -6270.5 -0.551448 -0.39796 -3.24146e+07 
ERROR 13 *  
ERROR 13 *  
ERROR 13 *  
ERROR 13 *  
ERROR 13 *  
ERROR 13 *  
ERROR 13 *  
ERROR 13 *  
ERROR 13 *  
ERROR 13 *  
ERROR 13 *  
ERROR 13 *  
ERROR 13 *  
ERROR 13 *  
ERROR 13 *  
ERROR 13 *  
ERROR 13 *  
ERROR 13 *  
0 0 0 0 -0.00712262 -0.00582092 -0.578 -0.4 -2432 1e-05 -0.277319 -2.28872e+07 
0 0 0 0 -0.00712262 -0.00582092 -0.578 -0.4 -2432 1e-05 -0.277319 -2.28872e+07 
0 0 0 0 -0.00734175 -0.00458133 -0.582 -0.75 -6270.5 -0.551448 -0.39796 -3.24146e+07 
ERROR 13 *  
ERROR 13 *  
ERROR 13 *  
ERROR 13 *  
ERROR 13 *  
ERROR 13 *  
ERROR 13 *  
ERROR 13 *  
ERROR 13 *  
ERROR 13 *  
ERROR 13 *  
ERROR 13 *  
ERROR 13 *  
ERROR 13 *  
ERROR 13 *  
ERROR 13 *  
ERROR 13 *  
ERROR 13 *  
0 0 0 0 -0.00712262 -0.00582092 -0.578 -0.4 -2432 1e-05 -0.277319 -2.28872e+07 
0 0 0 0 -0.00712262 -0.00582092 -0.578 -0.4 -2432 1e-05 -0.277319 -2.28872e+07 
0 0 0 0 -0.00734175 -0.00458133 -0.582 -0.75 -6270.5 -0.551448 -0.39796 -3.24146e+07 
ERROR 13 *  
ERROR 13 *  
ERROR 13 *  
ERROR 13 *  
ERROR 13 *  
ERROR 13 *  
ERROR 13 *  
ERROR 13 *  
ERROR 13 *  
ERROR 13 *  
ERROR 13 *  
ERROR 13 *  
ERROR 13 *  
ERROR 13 *  
ERROR 13 *  
ERROR 13 *  
ERROR 13 *  
ERROR 13 *  
0 0 0 0 -0.00712262 -0.00582092 -0.578 -0.4 -2432 1e-05 -0.277319 -2.28872e+07 
0 0 0 0 -0.00712262 -0.00582092 -0.578 -0.4 -2432 1e-05 -0.277319 -2.28872e+07 
0 0 0 0 -0.00734175 -0.00458133 -0.582 -0.75 -6270.5 -0.551448 -0.39796 -3.24146e+07 
ERROR 13 *  
ERROR 13 *  
ERROR 13 *  
ERROR 13 *  
ERROR 13 *  
ERROR 13 *  
ERROR 13 *  
ERROR 13 *  
ERROR 13 *  
ERROR 13 *  
ERROR 13 *  
ERROR 13 *  
ERROR 13 *  
ERROR 13 *  
ERROR 13 *  
ERROR 13 *  
ERROR 13 *  
ERROR 13 *  
0 0 0 0 -0.00712262 -0.00582092 -0.578 -0.4 -2432 1e-05 -0.277319 -2.28872e+07 
0 0 0 0 -0.00712262 -0.00582092 -0.578 -0.4 -2432 1e-05 -0.277319 -2.28872e+07 
0 0 0 0 -0.00734175 -0.00458133 -0.582 -0.75 -6270.5 -0.551448 -0.39796 -3.24146e+07 
ERROR 13 *  
ERROR 13 *  
ERROR 13 *  
ERROR 13 *  
ERROR 13 *  
ERROR 13 *  
ERROR 13 *  
ERROR 13 *  
ERROR 13 *  
ERROR 13 *  
ERROR 13 *  
ERROR 13 *  
ERROR 13 *  
ERROR 13 *  
ERROR 13 *  
ERROR 13 *  
ERROR 13 *  
ERROR 13 *  
0 0 0 0 -0.00712262 -0.00582092 -0.578 -0.4 -2432 1e-05 -0.277319 -2.28872e+07 
0 0 0 0 -0.00712262 -0.00582092 -0.578 -0.4 -2432 1e-05 -0.277319 -2.28872e+07 
0 0 0 0 -0.00734175 -0.00458133 -0.582 -0.75 -6270.5 -0.551448 -0.39796 -3.24146e+07 
ERROR 13 *  
ERROR 13 *  
ERROR 13 *  
ERROR 13 *  
ERROR 13 *  
ERROR 13 *  
ERROR 13 *  
ERROR 13 *  
ERROR 13 *  
ERROR 13 *  
ERROR 13 *  
ERROR 13 *  
ERROR 13 *  
ERROR 13 *  
ERROR 13 *  
ERROR 13 *  
ERROR 13 *  
ERROR 13 *  
0 0 0 0 -0.00712262 -0.00582092 -0.578 -0.4 -2432 1e-05 -0.277319 -2.28872e+07 
0 0 0 0 -0.00712262 -0.00582092 -0.578 -0.4 -2432 1e-05 -0.277319 -2.28872e+07 
0 0 0 0 -0.00734175 -0.00458133 -0.582 -0.75 -6270.5 -0.551448 -0.39796 -3.24146e+07 
ERROR 13 *  
ERROR 13 *  
ERROR 13 *  
ERROR 13 *  
ERROR 13 *  
ERROR 13 *  
ERROR 13 *  
ERROR 13 *  
ERROR 13 *  
ERROR 13 *  
ERROR 13 *  
ERROR 13 *  
ERROR 13 *  
ERROR 13 *  
ERROR 13 *  
ERROR 13 *  
ERROR 13 *  
ERROR 13 *  
0 0 0 0 -0.00712262 -0.00582092 -0.578 -0.4 -2432 1e-05 -0.277319 -2.28872e+07 
0 0 0 0 -0.00712262 -0.00582092 -0.578 -0.4 -2432 1e-05 -0.277319 -2.28872e+07 
0 0 0 0 -0.00734175 -0.00458133 -0.582 -0.75 -6270.5 -0.551448 -0.39796 -3.24146e+07 
ERROR 13 *  
ERROR 13 *  
ERROR 13 *  
ERROR 13 *  
ERROR 13 *  
ERROR 13 *  
ERROR 13 *  
ERROR 13 *  
ERROR 13 *  
ERROR 13 *  
ERROR 13 *  
ERROR 13 *  
ERROR 13 *  
ERROR 13 *  
ERROR 13 *  
ERROR 13 *  
ERROR 13 *  
ERROR 13 *  
0 0 0 0 -0.00712262 -0.00582092 -0.578 -0.4 -2432 1e-05 -0.277319 -2.28872e+07 
0 0 0 0 -0.00712262 -0.00582092 -0.578 -0.4 -2432 1e-05 -0.277319 -2.28872e+07 
0 0 0 0 -0.00734175 -0.00458133 -0.582 -0.75 -6270.5 -0.551448 -0.39796 -3.24146e+07 
ERROR 13 *  
ERROR 13 *  
ERROR 13 *  
ERROR 13 *  
ERROR 13 *  
ERROR 13 *  
ERROR 13 *  
ERROR 13 *  
ERROR 13 *  
ERROR 13 *  
ERROR 13 *  
ERROR 13 *  
ERROR 13 *  
ERROR 13 *  
ERROR 13 *  
ERROR 13 *  
ERROR 13 *  
ERROR 13 *  
0 0 0 0 -0.00712262 -0.00582092 -0.578 -0.4 -2432 1e-05 -0.277319 -2.28872e+07 
0 0 0 0 -0.00712262 -0.00582092 -0.578 -0.4 -2432 1e-05 -0.277319 -2.28872e+07 
0 0 0 0 -0.00734175 -0.00458133 -0.582 -0.75 -6270.5 -0.551448 -0.39796 -3.24146e+07 
ERROR 13 *  
ERROR 13 *  
ERROR 13 *  
ERROR 13 *  
ERROR 13 *  
ERROR 13 *  
ERROR 13 *  
ERROR 13 *  
ERROR 13 *  
ERROR 13 *  
ERROR 13 *  
ERROR 13 *  
ERROR 13 *  
ERROR 13 *  
ERROR 13 *  
ERROR 13 *  
ERROR 13 *  
ERROR 13 *  
0 0 0 0 -0.00712262 -0.00582092 -0.578 -0.4 -2432 1e-05 -0.277319 -2.28872e+07 
0 0 0 0 -0.00712262 -0.00582092 -0.578 -0.4 -2432 1e-05 -0.277319 -2.28872e+07 
0 0 0 0 -0.00734175 -0.00458133 -0.582 -0.75 -6270.5 -0.551448 -0.39796 -3.24146e+07 
ERROR 13 *  
ERROR 13 *  
ERROR 13 *  
ERROR 13 *  
ERROR 13 *  
ERROR 13 *  
ERROR 13 *  
ERROR 13 *  
ERROR 13 *  
ERROR 13 *  
ERROR 13 *  
ERROR 13 *  
ERROR 13 *  
ERROR 13 *  
ERROR 13 *  
ERROR 13 *  
ERROR 13 *  
ERROR 13 *  
0 0 0 0 -0.00712262 -0.00582092 -0.578 -0.4 -2432 1e-05 -0.277319 -2.28872e+07 
0 0 0 0 -0.00712262 -0.00582092 -0.578 -0.4 -2432 1e-05 -0.277319 -2.28872e+07 
0 0 0 0 -0.00734175 -0.00458133 -0.582 -0.75 -6270.5 -0.551448 -0.39796 -3.24146e+07 
ERROR 13 *  
ERROR 13 *  
ERROR 13 *  
ERROR 13 *  
ERROR 13 *  
ERROR 13 *  
ERROR 13 *  
ERROR 13 *  
ERROR 13 *  
ERROR 13 *  
ERROR 13 *  
ERROR 13 *  
ERROR 13 *  
ERROR 13 *  
ERROR 13 *  
ERROR 13 *  
ERROR 13 *  
ERROR 13 *  
0 0 0 0 -0.00712262 -0.00582092 -0.578 -0.4 -2432 1e-05 -0.277319 -2.28872e+07 
0 0 0 0 -0.00712262 -0.00582092 -0.578 -0.4 -2432 1e-05 -0.277319 -2.28872e+07 
0 0 0 0 -0.00734175 -0.00458133 -0.582 -0.75 -6270.5 -0.551448 -0.39796 -3.24146e+07 
ERROR 13 *  
ERROR 13 *  
ERROR 13 *  
ERROR 13 *  
ERROR 13 *  
ERROR 13 *  
ERROR 13 *  
ERROR 13 *  
ERROR 13 *  
ERROR 13 *  
ERROR 13 *  
ERROR 13 *  
ERROR 13 *  
ERROR 13 *  
ERROR 13 *  
ERROR 13 *  
ERROR 13 *  
ERROR 13 *  
0 0 0 0 -0.00712262 -0.00582092 -0.578 -0.4 -2432 1e-05 -0.277319 -2.28872e+07 
0 0 0 0 -0.00712262 -0.00582092 -0.578 -0.4 -2432 1e-05 -0.277319 -2.28872e+07 
0 0 0 0 -0.00734175 -0.00458133 -0.582 -0.75 -6270.5 -0.551448 -0.39796 -3.24146e+07 
ERROR 13 *  
ERROR 13 *  
ERROR 13 *  
ERROR 13 *  
ERROR 13 *  
ERROR 13 *  
ERROR 13 *  
ERROR 13 *  
ERROR 13 *  
ERROR 13 *  
ERROR 13 *  
ERROR 13 *  
ERROR 13 *  
ERROR 13 *  
ERROR 13 *  
ERROR 13 *  
ERROR 13 *  
ERROR 13 *  
0 0 0 0 -0.00712262 -0.00582092 -0.578 -0.4 -2432 1e-05 -0.277319 -2.28872e+07 
0 0 0 0 -0.00712262 -0.00582092 -0.578 -0.4 -2432 1e-05 -0.277319 -2.28872e+07 
0 0 0 0 -0.00734175 -0.00458133 -0.582 -0.75 -6270.5 -0.551448 -0.39796 -3.24146e+07 
ERROR 13 *  
ERROR 13 *  
ERROR 13 *  
ERROR 13 *  
ERROR 13 *  
ERROR 13 *  
ERROR 13 *  
ERROR 13 *  
ERROR 13 *  
ERROR 13 *  
ERROR 13 *  
ERROR 13 *  
ERROR 13 *  
ERROR 13 *  
ERROR 13 *  
ERROR 13 *  
ERROR 13 *  
ERROR 13 *  
0 0 0 0 -0.00712262 -0.00582092 -0.578 -0.4 -2432 1e-05 -0.277319 -2.28872e+07 
0 0 0 0 -0.00712262 -0.00582092 -0.578 -0.4 -2432 1e-05 -0.277319 -2.28872e+07 
0 0 0 0 -0.00734175 -0.00458133 -0.582 -0.75 -6270.5 -0.551448 -0.39796 -3.24146e+07 
ERROR 13 *  
ERROR 13 *  
ERROR 13 *  
ERROR 13 *  
ERROR 13 *  
ERROR 13 *  
ERROR 13 *  
ERROR 13 *  
ERROR 13 *  
ERROR 13 *  
ERROR 13 *  
ERROR 13 *  
ERROR 13 *  
ERROR 13 *  
ERROR 13 *  
ERROR 13 *  
ERROR 13 *  
ERROR 13 *  
0 0 0 0 -0.00712262 -0.00582092 -0.578 -0.4 -2432 1e-05 -0.277319 -2.28872e+07 
0 0 0 0 -0.00712262 -0.00582092 -0.578 -0.4 -2432 1e-05 -0.277319 -2.28872e+07 
0 0 0 0 -0.00734175 -0.00458133 -0.582 -0.75 -6270.5 -0.551448 -0.39796 -3.24146e+07 
ERROR 13 *  
ERROR 13 *  
ERROR 13 *  
ERROR 13 *  
ERROR 13 *  
ERROR 13 *  
ERROR 13 *  
ERROR 13 *  
ERROR 13 *  
ERROR 13 *  
ERROR 13 *  
ERROR 13 *  
ERROR 13 *  
ERROR 13 *  
ERROR 13 *  
ERROR 13 *  
ERROR 13 *  
ERROR 13 *  
0 0 0 0 -0.00712262 -0.00582092 -0.578 -0.4 -2432 1e-05 -0.277319 -2.28872e+07 
0 0 0 0 -0.00712262 -0.00582092 -0.578 -0.4 -2432 1e-05 -0.277319 -2.28872e+07 
ERROR 13 *  
ERROR 13 *  
ERROR 13 *  
ERROR 13 *  
ERROR 13 *  
ERROR 13 *  
ERROR 13 *  
ERROR 13 *  
ERROR 13 *  
ERROR 13 *  
ERROR 13 *  
ERROR 13 *  
ERROR 13 *  
ERROR 13 *  
ERROR 13 *  
ERROR 13 *  
ERROR 13 *  
ERROR 13 *  
0 0 0 0 -0.00712262 -0.00582092 -0.578 -0.4 -2432 1e-05 -0.277319 -2.28872e+07 
0 0 0 0 -0.00712262 -0.00582092 -0.578 -0.4 -2432 1e-05 -0.277319 -2.28872e+07 
ERROR 13 *  
ERROR 13 *  
ERROR 13 *  
ERROR 13 *  
ERROR 13 *  
ERROR 13 *  
ERROR 13 *  
ERROR 13 *  
ERROR 13 *  
ERROR 13 *  
ERROR 13 *  
ERROR 13 *  
ERROR 13 *  
ERROR 13 *  
ERROR 13 *  
ERROR 13 *  
ERROR 13 *  
ERROR 13 *  
0 0 0 0 -0.00712262 -0.00582092 -0.578 -0.4 -2432 1e-05 -0.277319 -2.28872e+07 
0 0 0 0 -0.00712262 -0.00582092 -0.578 -0.4 -2432 1e-05 -0.277319 -2.28872e+07 
ERROR 13 *  
ERROR 13 *  
ERROR 13 *  
ERROR 13 *  
ERROR 13 *  
ERROR 13 *  
ERROR 13 *  
ERROR 13 *  
ERROR 13 *  
ERROR 13 *  
ERROR 13 *  
ERROR 13 *  
ERROR 13 *  
ERROR 13 *  
0 0 0 0 -0.00712262 -0.00582092 -0.578 -0.4 -2432 1e-05 -0.277319 -2.28872e+07 
0 0 0 0 -0.00712262 -0.00582092 -0.578 -0.4 -2432 1e-05 -0.277319 -2.28872e+07 
ERROR 13 *  
ERROR 13 *  
ERROR 13 *  
ERROR 13 *  
ERROR 13 *  
ERROR 13 *  
ERROR 13 *  
ERROR 13 *  
ERROR 13 *  
ERROR 13 *  
ERROR 13 *  
ERROR 13 *  
ERROR 13 *  
ERROR 13 *  
ERROR 13 *  
ERROR 13 *  
0 0 0 0 -0.00712262 -0.00582092 -0.578 -0.4 -2432 1e-05 -0.277319 -2.28872e+07 
0 0 0 0 -0.00712262 -0.00582092 -0.578 -0.4 -2432 1e-05 -0.277319 -2.28872e+07 
ERROR 13 *  
ERROR 13 *  
ERROR 13 *  
ERROR 13 *  
ERROR 13 *  
ERROR 13 *  
ERROR 13 *  
ERROR 13 *  
ERROR 13 *  
ERROR 13 *  
0 0 0 0 -0.00712262 -0.00582092 -0.578 -0.4 -2432 1e-05 -0.277319 -2.28872e+07 
0 0 0 0 -0.00712262 -0.00582092 -0.578 -0.4 -2432 1e-05 -0.277319 -2.28872e+07 
ERROR 13 *  
ERROR 13 *  
