 Dim = 8
0 1 0 0 -0.00783722 -0.00676334 -0.484 -0.575 -3683.5 -0.422945 -0.281873 -2.24993e+07 
ERROR 13 *  
ERROR 13 *  
ERROR 13 *  
ERROR 13 *  
ERROR 13 *  
ERROR 13 *  
ERROR 13 *  
ERROR 13 *  
ERROR 13 *  
ERROR 13 *  
ERROR 13 *  
ERROR 13 *  
ERROR 13 *  
ERROR 13 *  
ERROR 13 *  
ERROR 13 *  
0 1 0 0 -0.00988845 -0.00745446 -0.583667 -0.425 -2552.5 -0.246563 -0.203747 -1.84158e+07 
ERROR 13 *  
ERROR 13 *  
ERROR 13 *  
ERROR 13 *  
ERROR 13 *  
ERROR 13 *  
ERROR 13 *  
ERROR 13 *  
ERROR 13 *  
ERROR 13 *  
ERROR 13 *  
ERROR 13 *  
ERROR 13 *  
ERROR 13 *  
ERROR 13 *  
ERROR 13 *  
0 1 0 0 -0.0083148 -0.00727456 -0.505333 -0.6 -3894 -0.438692 -0.288936 -2.34041e+07 
0 1 0 0 -0.00901791 -0.00731836 -0.552667 -0.675 -5003.5 -0.508886 -0.333185 -2.74869e+07 
0 1 0 1 -0.00988978 0.0057024 -0.593667 -0.725 -5571 -0.538585 -0.351106 -2.91906e+07 
0 1 0 0 -0.00946144 0.127322 -0.578333 -0.5 -2970.5 -0.343325 -0.237027 -1.95789e+07 *  
0 1 0 0 -0.00901999 0.0400337 -0.555667 -0.675 -4843 -0.509059 -0.333622 -2.6464e+07 *  
ERROR 13 *  
0 1 0 0 -0.0094609 0.0427757 -0.577 -0.7 -5083.5 -0.516184 -0.341815 -2.75755e+07 *  
ERROR 13 *  
0 1 0 0 -0.0092419 0.0347045 -0.566333 -0.675 -4945.5 -0.511579 -0.335896 -2.69695e+07 *  
0 1 0 0 -0.00945585 0.0674524 -0.564667 -0.675 -4952 -0.51157 -0.340135 -2.70123e+07 *  
0 1 0 0 -0.0092349 0.0381046 -0.553667 -0.675 -4808 -0.515045 -0.326568 -2.59224e+07 *  
0 1 0 0 -0.00880184 0.038131 -0.553 -0.675 -4795 -0.50393 -0.334579 -2.64326e+07 *  
ERROR 13 *  
ERROR 13 *  
0 1 0 1 -0.00902621 0.056725 -0.564667 -0.675 -4903 -0.510624 -0.336523 -2.67567e+07 *  
ERROR 13 *  
0 1 0 0 -0.00859692 0.045799 -0.564667 -0.675 -4976 -0.51605 -0.338622 -2.69152e+07 *  
ERROR 13 *  
ERROR 13 *  
0 1 0 0 -0.0092419 -0.0054431 -0.566333 -0.7 -5088.5 -0.511257 -0.335394 -2.78885e+07 
0 1 0 1 -0.010101 -0.00529901 -0.596667 -0.675 -5019.5 -0.50016 -0.330987 -2.80785e+07 
0 1 0 0 -0.00967499 0.101629 -0.58 -0.55 -3401 -0.391794 -0.261515 -2.15014e+07 *  
0 1 0 1 -0.00768029 -0.00754487 -0.526333 1.025 -652 1.02923 0.00731853 1e+20 *  
0 1 0 1 -0.00903707 0.0228646 -0.580667 -0.65 -4477 -0.480294 -0.310483 -2.5566e+07 *  
0 1 0 1 -0.00989031 0.140331 -0.597667 8.32576e+08 1 309.686 55.8512 1e+20 *  
0 1 0 0 -0.00967436 0.057864 -0.577667 -0.7 -5062 -0.520408 -0.336149 -2.72009e+07 *  
0 1 0 0 -0.00967499 -0.00183504 -0.58 -0.7 -5197 -0.512877 -0.342369 -2.84763e+07 *  
0 0 0 0 -0.00430939 -0.00804098 -0.560667 -0.625 -4077.5 -0.520257 -0.338552 -2.11357e+07 *  
ERROR 20 *  
ERROR 20 *  
0 1 0 0 -0.00774096 -0.00736731 -0.565667 -0.7 -5150 -0.517683 -0.336556 -2.79021e+07 *  
ERROR 13 *  
ERROR 13 *  
ERROR 13 *  
ERROR 13 *  
0 1 0 0 -0.00988987 0.0672871 -0.594333 -0.725 -6011 -0.546547 -0.384919 -3.12535e+07 *  
ERROR 13 *  
0 1 0 0 -0.010101 -0.00743584 -0.567667 -0.675 -4813 -0.484978 -0.330598 -2.75629e+07 
0 1 0 0 -0.00967917 0.00179612 -0.595667 -0.725 -6034.5 -0.543978 -0.384004 -3.1571e+07 
0 1 0 0 -0.00946171 -0.00196815 -0.579 -0.7 -5199.5 -0.513425 -0.342426 -2.84588e+07 
0 1 0 1 -0.00989075 0.0167076 -0.601 -0.625 -4132.5 -0.403149 -0.319729 -2.67167e+07 
ERROR 20 
ERROR 20 
0 1 0 1 -0.00967996 -0.00545311 -0.598667 -0.45 -2710 -0.228577 -0.229137 -2.04149e+07 *  
ERROR 13 *  
0 1 0 1 -0.00989075 0.00437073 -0.601 -0.675 -4893.5 -0.491147 -0.329353 -2.77576e+07 *  
0 1 0 1 -0.010101 0.00729653 -0.596333 -0.65 -4580.5 -0.438567 -0.341099 -2.83649e+07 *  
ERROR 20 *  
ERROR 20 *  
0 1 0 0 -0.00947049 0.0109625 -0.601 -0.625 -4104 -0.408922 -0.31293 -2.62432e+07 *  
0 1 0 0 -0.00879456 -0.00807371 -0.544333 -0.675 -4902.5 -0.500222 -0.333225 -2.73211e+07 *  
0 0 0 1 -0.00154265 -0.00638484 -0.560333 -0.35 -2226 -0.465622 -0.213446 -1.08165e+07 *  
ERROR 13 *  
0 1 0 1 -0.00717075 0.00134588 -0.604 -0.675 -4679.5 -0.489423 -0.315197 -2.64478e+07 *  
0 1 0 1 -0.0098907 -0.00260612 -0.600667 -0.7 -5450 -0.520585 -0.351869 -2.95838e+07 *  
ERROR 13 *  
0 0 0 1 -0.0029699 0.000286442 -0.594 -0.575 -3633.5 -0.506838 -0.310649 -1.89096e+07 *  
ERROR 13 *  
0 1 0 0 -0.00945626 -0.000255971 -0.565667 -0.725 -5897 -0.551862 -0.370375 -3.02321e+07 *  
0 1 0 0 -0.00945365 0.00191685 -0.559333 -0.725 -5803.5 -0.551866 -0.370323 -2.96927e+07 
0 1 0 1 -0.0098907 -0.00272031 -0.600667 -0.7 -5447 -0.520448 -0.351753 -2.95733e+07 
0 1 0 1 -0.00989075 0.00413889 -0.601 -0.675 -4889.5 -0.490942 -0.329184 -2.77438e+07 
0 1 0 0 -0.00879118 -0.0047796 -0.540333 -0.675 -4863.5 -0.500999 -0.333649 -2.70292e+07 
0 0 0 1 -0.00255512 0.0014529 -0.594333 -0.575 -3545 -0.504772 -0.303221 -1.84241e+07 
0 1 0 1 -0.010101 -0.0077776 -0.606667 -0.65 -4366.5 -0.46791 -0.296797 -2.54196e+07 
0 1 0 0 -0.00947049 0.0105989 -0.601 -0.625 -4096.5 -0.40799 -0.312698 -2.62242e+07 
0 1 0 1 -0.010101 0.00730852 -0.596333 -0.65 -4576 -0.438283 -0.340906 -2.83502e+07 
0 0 0 0 -0.00677027 -0.00330661 -0.511333 7.55073e+06 1 1.81765 0.336671 1e+20 
0 1 0 0 -0.010101 -0.00832329 -0.508667 -0.525 -3307 -0.362051 -0.266131 -2.17835e+07 
0 1 0 0 -0.00875301 -0.00515922 -0.496667 -0.7 -5179.5 -0.524247 -0.354836 -2.77022e+07 
0 0 0 1 -0.00372277 -0.00112233 -0.573667 -0.625 -4307.5 -0.539521 -0.346087 -2.16504e+07 
0 1 0 0 -0.00988195 -0.00735119 -0.536667 -0.6 -3829.5 -0.42544 -0.281911 -2.34801e+07 
0 1 0 0 -0.010101 -0.00303737 -0.565 -0.725 -5719 -0.541015 -0.365924 -2.99123e+07 
0 1 0 1 -0.010101 0.00154022 -0.585 -0.725 -5942 -0.546956 -0.376975 -3.08252e+07 
0 1 0 1 -0.010101 -0.00367952 -0.565 -0.725 -5602 -0.531629 -0.364846 -2.9819e+07 
0 1 0 0 -0.00853739 -0.00693895 -0.505 0 -1323 0.4511 -0.159124 -1.25108e+07 
0 1 0 0 -0.010101 -0.00527665 -0.560667 -0.725 -5731 -0.535114 -0.370765 -3.03691e+07 
ERROR 20 
0 1 0 1 -0.00893676 0.00235839 -0.444333 -0.55 -3479.5 -0.419215 -0.350508 -2.1119e+07 
0 1 0 1 -0.00903842 0.00587598 -0.582667 -0.725 -5847.5 -0.54854 -0.369089 -3.01682e+07 
0 1 0 0 -0.00966879 -0.00660988 -0.557333 -0.625 -4251 -0.453716 -0.301874 -2.52853e+07 
0 1 0 0 -0.00923786 -0.0016835 -0.559 -0.725 -5692 -0.544791 -0.362285 -2.95083e+07 
0 1 0 1 0.0133402 0.158249 -0.543333 2.30511e+06 1 -0.139819 -0.115291 1e+20 *  
0 1 0 0 -0.00454396 0.0714417 -0.566667 -0.625 -4181 -0.526816 -0.35657 -2.14753e+07 *  
0 1 0 1 -0.00432534 0.103241 -0.565 -0.625 -4101 -0.522972 -0.357608 -2.11591e+07 *  
0 0 0 1 -0.00671992 0.0889471 -0.588 -0.725 -5740.5 -0.543132 -0.369904 -2.98997e+07 *  
0 0 0 0 -0.00687522 0.0258137 -0.560667 -0.725 -5777 -0.559265 -0.367329 -2.90502e+07 *  
0 1 0 1 -0.00687522 0.0258137 -0.560667 -0.725 -5717 -0.544933 -0.376197 -2.96463e+07 *  
0 0 0 0 -0.00665944 0.0333167 -0.56 -0.725 -5807 -0.552779 -0.376547 -2.96515e+07 *  
ERROR 13 *  
0 1 0 1 -0.00752038 0.0105792 -0.561667 -0.7 -5518 -0.537604 -0.365567 -2.89391e+07 *  
0 0 0 1 -0.00666237 0.0108066 -0.561333 -0.45 -2664.5 -0.104317 -0.29635 -2.31815e+07 *  
0 1 0 0 -0.00945585 0.0105002 -0.564667 -0.725 -5555.5 -0.539755 -0.364694 -2.90273e+07 *  
0 1 0 1 -0.00887218 0.00580609 -0.642 -0.7 -5517 -0.524945 -0.336616 -2.97265e+07 *  
0 1 0 1 -0.00859596 -0.00163466 -0.563667 -0.725 -5721 -0.543192 -0.365335 -2.97832e+07 *  
0 1 0 0 -0.00902529 0.0413246 -0.563333 -0.725 -5783 -0.550691 -0.37705 -2.96523e+07 *  
ERROR 13 *  
0 1 0 0 -0.010101 -0.00527377 -0.560667 -0.725 -5740 -0.536751 -0.372865 -3.03157e+07 
0 1 0 0 -0.00859082 -0.00106612 -0.558333 -0.725 -5932.5 -0.550786 -0.376861 -3.05102e+07 
ERROR 20 
ERROR 13 *  
ERROR 13 *  
0 1 0 1 -0.00831638 -0.00354463 -0.506667 -0.075 -1466 0.30951 -0.224317 -1.37026e+07 
ERROR 13 
0 1 0 0 -0.00880656 0.00193116 -0.558667 -0.3 -2065 0.11365 -0.255085 -2.02308e+07 
0 1 0 0 -0.00988587 -0.00561167 -0.564667 -0.7 -5231.5 -0.515774 -0.344282 -2.85214e+07 
0 1 0 1 -0.00989066 0.00826209 -0.600333 -0.675 -4811 -0.478397 -0.332026 -2.79007e+07 
0 1 0 0 -0.00922036 -0.00416423 -0.528 -0.725 -5561.5 -0.541278 -0.363203 -2.89649e+07 
0 1 0 0 -0.00966953 -0.00106073 -0.56 -0.725 -5862 -0.546079 -0.374554 -3.04156e+07 
0 1 0 0 -0.00902414 0.257427 -0.561667 0.35 -1057.5 0.06682 -0.0629375 -5.55827e+06 *  
ERROR 20 *  
0 1 0 1 -0.00947049 0.113117 -0.601 -0.65 -4593.5 -0.460821 -0.331075 -2.73339e+07 *  
ERROR 20 *  
ERROR 13 *  
0 1 0 1 -0.00925219 0.00752242 -0.585333 -0.7 -5447 -0.524189 -0.356972 -2.93435e+07 *  
0 0 0 0 -0.00644434 0.0407217 -0.559667 -0.725 -5798.5 -0.553565 -0.377993 -2.95521e+07 *  
0 1 0 1 -0.00903235 0.0456851 -0.573667 -0.725 -5940.5 -0.557035 -0.37871 -3.01291e+07 *  
0 1 0 1 -0.00924007 0.0623614 -0.563 -0.725 -5803 -0.550446 -0.379231 -2.97843e+07 *  
ERROR 13 *  
0 1 0 1 -0.00966421 0.127907 -0.541 1.51296e+09 1 563.58 101.819 1e+20 *  
0 1 0 0 -0.0090453 0.0320279 -0.593 -0.725 -5600 -0.524539 -0.370537 -3.02581e+07 *  
ERROR 13 *  
0 1 0 0 -0.00751928 0.0412601 -0.561 -0.725 -5798 -0.553039 -0.377521 -2.95817e+07 *  
ERROR 13 *  
ERROR 13 *  
0 1 0 0 -0.00925644 0.031114 -0.593333 -0.725 -5596 -0.524134 -0.370393 -3.02604e+07 
0 1 0 0 -0.00903121 0.00233325 -0.572 -0.725 -6015.5 -0.556914 -0.378235 -3.05654e+07 
0 0 0 0 -0.00708063 0.000132433 -0.556 -0.725 -5879.5 -0.553265 -0.37739 -3.00364e+07 
0 1 0 0 -0.0090346 -0.010101 -0.577 0.4 -995.5 0.21436 -0.0321319 -5.35764e+06 
0 1 0 1 -0.00925201 0.00734619 -0.585 -0.7 -5452.5 -0.524746 -0.357009 -2.93423e+07 
0 1 0 0 -0.0090223 0.000138535 -0.559 -0.725 -5962.5 -0.550666 -0.37903 -3.06917e+07 
0 1 0 1 -0.00947153 -0.00536153 -0.603667 -0.65 -4389 -0.426458 -0.324128 -2.75663e+07 
0 0 0 1 -0.00521102 -0.00176226 -0.576 -0.3 -2040.5 0.02242 -0.23278 -1.82564e+07 
ERROR 14 
0 1 0 1 -0.0075099 0.126943 -0.555333 -0.5 -3103 -0.364376 -0.255522 -2.00341e+07 *  
0 1 0 1 -0.00881916 -0.00554416 -0.574 -0.65 -4426.5 -0.453548 -0.318405 -2.65263e+07 *  
0 1 0 0 -0.00903235 -0.00483223 -0.573667 -0.65 -4391 -0.451967 -0.316043 -2.63546e+07 
0 1 0 0 -0.00752367 -0.010101 -0.563667 -0.55 -3417.5 -0.350265 -0.271095 -2.31082e+07 
0 1 0 0 -0.00923804 -0.0022661 -0.559333 -0.725 -5893.5 -0.546057 -0.377624 -3.06028e+07 
0 1 0 0 -0.00945913 0.00234226 -0.572667 -0.725 -5976.5 -0.547917 -0.383636 -3.09583e+07 
0 1 0 0 -0.00883018 -0.00818613 -0.587667 1.075 -627 0.62052 0.0419356 1e+20 *  
0 0 0 1 0.0125574 -0.00496557 -0.554333 1.67517e+06 1 -0.374888 -0.149073 1e+20 *  
0 0 0 1 0.0125499 -0.00648289 -0.540333 1.49975e+06 1 -0.440348 -0.183913 1e+20 *  
0 1 0 1 -0.00736418 0.0690501 -0.595 -0.675 -5037 -0.508748 -0.335992 -2.77067e+07 *  
0 1 0 1 -0.00814724 0.0765537 -0.548 -0.675 -4998 -0.517056 -0.348227 -2.69936e+07 *  
ERROR 13 *  
0 0 0 0 -0.0066631 -0.00548265 -0.561667 -0.725 -6010 -0.553072 -0.378427 -3.07993e+07 *  
ERROR 13 *  
0 0 0 0 -0.00708964 0.0332346 -0.560667 -0.725 -5808.5 -0.55287 -0.37612 -2.96551e+07 *  
0 1 0 1 -0.00644434 0.0332619 -0.559667 -0.725 -5760 -0.54705 -0.378418 -2.97577e+07 *  
0 0 0 0 -0.00838205 -0.00549168 -0.564333 -0.725 -6012 -0.559349 -0.370427 -3.03777e+07 *  
0 1 0 1 -0.00817945 0.0122089 -0.574 -0.725 -5970.5 -0.552941 -0.382796 -3.05816e+07 *  
0 1 0 1 -0.00771204 0.0695673 -0.546667 1.53778e+07 1 4.73843 0.565401 1e+20 *  
ERROR 13 *  
ERROR 20 *  
ERROR 20 *  
0 1 0 0 -0.010101 -0.00226142 -0.560667 -0.725 -5781.5 -0.537867 -0.375341 -3.04874e+07 
0 0 0 0 -0.00837471 0.00432042 -0.557667 -0.725 -5902 -0.560507 -0.370996 -2.96749e+07 
0 1 0 0 -0.00796142 0.0160787 -0.570333 -0.725 -5970.5 -0.554296 -0.383169 -3.04887e+07 
0 0 0 0 -0.00664915 0.000126338 -0.555333 -0.3 -2091 0.11014 -0.255826 -2.05414e+07 
0 0 0 0 -0.00578618 0.000132433 -0.554 -0.3 -2087 0.1171 -0.257937 -2.06124e+07 
0 1 0 1 -0.00736646 0.0044947 -0.596333 -0.675 -5048.5 -0.505302 -0.334916 -2.79716e+07 
0 1 0 1 -0.00814724 -0.00475373 -0.548 -0.7 -5175 -0.516179 -0.347368 -2.81441e+07 
ERROR 20 
0 0 0 1 0.00214134 -0.00457394 -0.548667 1.61873e+06 1 -0.39595 -0.151835 1e+20 *  
0 0 0 1 -0.00326735 -0.00613915 -0.566 -0.35 -2249.5 -0.433059 -0.219813 -1.1645e+07 *  
0 0 0 1 -8.58929e-06 -0.00536542 -0.552333 1.5886e+06 1 -0.407195 -0.162299 1e+20 
0 0 0 1 0.000838712 -0.00475656 -0.552667 1.58849e+06 1 -0.407235 -0.177182 1e+20 
0 1 0 0 -0.00772786 0.000740861 -0.557 -0.725 -5876 -0.549581 -0.380086 -3.0264e+07 
0 1 0 0 -0.0090246 -0.00503467 -0.562333 -0.7 -5263.5 -0.522189 -0.34547 -2.834e+07 
0 1 0 0 -0.00840015 0.119443 -0.581 -0.65 -4395.5 -0.465108 -0.319931 -2.57516e+07 *  
0 1 0 0 -0.00797761 -9.10001e-05 -0.582333 -0.5 -2985 -0.151566 -0.310007 -2.54559e+07 *  
ERROR 13 *  
0 1 0 0 -0.00860425 0.0786192 -0.572333 -0.725 -5948.5 -0.55355 -0.383868 -3.0413e+07 *  
0 1 0 0 -0.00753622 0.0449413 -0.571333 -0.725 -5935.5 -0.555725 -0.381188 -3.01919e+07 *  
0 1 0 1 -0.00751928 0.0412601 -0.561 -0.725 -5799 -0.553132 -0.377537 -2.9583e+07 *  
ERROR 13 *  
0 1 0 1 -0.00751928 0.0398977 -0.561 -0.725 -5829.5 -0.552947 -0.377535 -2.97705e+07 *  
0 1 0 0 -0.00752148 0.00490695 -0.562333 -0.725 -5897 -0.552577 -0.377146 -3.01829e+07 *  
ERROR 13 *  
ERROR 13 *  
0 1 0 0 -0.00796187 0.0627706 -0.570667 -0.725 -5932 -0.551759 -0.385119 -3.04387e+07 *  
ERROR 13 *  
ERROR 13 *  
0 0 0 0 -0.00731954 0.00379611 -0.569333 -0.725 -6009 -0.555692 -0.380765 -3.06138e+07 
0 0 0 0 -0.00707934 0.00893505 -0.555333 -0.325 -2182.5 0.06337 -0.265691 -2.0927e+07 
0 1 0 0 -0.00774546 0.00275742 -0.568667 -0.725 -6007 -0.5516 -0.384683 -3.08835e+07 
0 1 0 0 -0.0086033 0.00599039 -0.571333 -0.725 -6025 -0.553076 -0.38338 -3.08839e+07 
0 1 0 0 -0.00840479 -0.00532286 -0.585333 -0.65 -4401 -0.447269 -0.315651 -2.66493e+07 
0 0 0 0 -0.00707999 8.992e-05 -0.555667 -0.725 -5947.5 -0.553169 -0.377367 -3.04325e+07 
ERROR 20 
0 1 0 1 -0.00406927 0.0869658 -0.553667 -0.625 -4023.5 -0.519234 -0.353663 -2.08471e+07 *  
ERROR 13 *  
0 1 0 1 -0.010101 -0.00693057 -0.564333 -0.375 -2306 0.00286 -0.256561 -2.13315e+07 
0 1 0 1 -0.00966525 -0.00458955 -0.544667 -0.725 -5783 -0.542531 -0.375714 -3.01891e+07 
0 1 0 0 -0.00751156 0.00427765 -0.556333 -0.725 -5877.5 -0.55004 -0.380171 -3.02425e+07 
0 1 0 0 -0.0085905 0.00128885 -0.558 -0.3 -2058.5 0.11577 -0.254707 -2.01754e+07 
0 1 0 1 -0.00839584 -0.00686351 -0.577 -0.65 -4450 -0.462134 -0.311787 -2.62725e+07 *  
0 1 0 1 -0.0081766 0.0716413 -0.571667 -0.7 -5259.5 -0.522979 -0.354655 -2.82673e+07 *  
0 1 0 1 -0.00862054 0.105756 -0.589667 -0.7 -5377 -0.518283 -0.36351 -2.92751e+07 *  
0 1 0 0 -0.00818754 0.0987314 -0.580667 -0.7 -5275 -0.517031 -0.360717 -2.87177e+07 *  
0 1 0 1 -0.00773745 -0.0074585 -0.563333 -0.7 -5348.5 -0.525855 -0.347415 -2.86415e+07 *  
0 1 0 1 -0.00751928 0.0412601 -0.561 -0.725 -5796.5 -0.552949 -0.377504 -2.95803e+07 *  
0 1 0 1 -0.00903212 0.0612089 -0.573333 -0.725 -5915 -0.55002 -0.383865 -3.04589e+07 *  
ERROR 13 *  
0 1 0 1 -0.00837912 0.0609363 -0.561667 -0.725 -5817 -0.552074 -0.379614 -2.97554e+07 *  
0 1 0 0 -0.00796323 0.061157 -0.571667 -0.725 -5953.5 -0.555096 -0.383067 -3.0335e+07 *  
0 0 0 1 -0.0019238 0.00323156 -0.552 -0.65 -4343 -0.547445 -0.354192 -2.14828e+07 *  
0 1 0 1 -0.00751928 0.0398977 -0.561 -0.725 -5833 -0.553173 -0.377576 -2.97738e+07 *  
ERROR 20 *  
ERROR 13 *  
0 1 0 1 -0.00752203 0.00492637 -0.562667 -0.725 -5898 -0.55248 -0.377113 -3.01941e+07 *  
ERROR 13 *  
0 1 0 0 -0.00819075 1.83989e-05 -0.583333 -0.7 -5361.5 -0.510678 -0.358876 -2.96386e+07 
0 0 0 0 -0.00708063 0.000132433 -0.556 -0.725 -5878 -0.553172 -0.377373 -3.0035e+07 
0 1 0 0 -0.00751818 -0.00312167 -0.560333 -0.7 -5351.5 -0.526704 -0.350572 -2.86068e+07 
0 1 0 0 -0.00881726 0.0023063 -0.571667 -0.725 -5989.5 -0.549807 -0.383453 -3.09061e+07 
0 1 0 0 -0.00796142 0.00448529 -0.570333 -0.725 -6032.5 -0.554958 -0.382691 -3.0798e+07 
0 0 0 0 -0.00729517 0.00898 -0.555667 -0.325 -2185.5 0.06243 -0.265864 -2.09528e+07 
0 0 0 1 -0.00707999 8.992e-05 -0.555667 -0.725 -5950.5 -0.553401 -0.377409 -3.04359e+07 
0 1 0 0 -0.00815892 0.000695794 -0.557333 -0.725 -5905 -0.552352 -0.379401 -3.02437e+07 
ERROR 20 
ERROR 20 
ERROR 14 
ERROR 20 
0 1 0 1 -0.00796323 0.0726701 -0.571667 -0.7 -5264.5 -0.523398 -0.354778 -2.82731e+07 *  
0 1 0 0 -0.00773745 0.00172841 -0.563333 -0.725 -5893 -0.551563 -0.377223 -3.02274e+07 *  
ERROR 20 *  
0 1 0 1 -0.00773443 0.0412601 -0.561333 -0.725 -5808.5 -0.554612 -0.376658 -2.95397e+07 *  
0 1 0 1 -0.00751928 0.0412601 -0.561 -0.725 -5796 -0.552849 -0.377548 -2.95832e+07 *  
0 1 0 1 -0.00794911 0.0551883 -0.561333 -0.725 -5815 -0.552658 -0.379112 -2.97044e+07 *  
ERROR 13 *  
ERROR 13 *  
ERROR 13 *  
ERROR 13 *  
ERROR 13 *  
ERROR 13 *  
ERROR 20 *  
0 1 0 0 -0.00796142 0.0448508 -0.570333 -0.725 -5951 -0.555948 -0.382555 -3.02641e+07 *  
ERROR 13 *  
ERROR 13 *  
0 1 0 0 -0.00729637 0.00432042 -0.556333 -0.725 -5871.5 -0.552307 -0.377523 -3.00556e+07 
0 1 0 0 -0.00774396 0.0004649 -0.567667 -0.725 -6023 -0.555895 -0.382018 -3.06798e+07 
0 0 0 0 -0.00708063 0.000132433 -0.556 -0.725 -5877.5 -0.553071 -0.377417 -3.00379e+07 
0 1 0 0 -0.00772786 0.00133637 -0.557 -0.725 -5904 -0.55299 -0.379021 -3.01957e+07 
0 0 0 0 -0.00729637 0.000126338 -0.556333 -0.725 -5890.5 -0.55483 -0.376522 -2.9995e+07 
0 1 0 0 -0.00796504 -0.00320874 -0.573 -0.7 -5379 -0.521475 -0.353844 -2.90918e+07 
ERROR 20 
ERROR 13 *  
ERROR 13 *  
0 0 0 1 0.0108453 -0.00752704 -0.479667 1.39758e+06 1 -0.478474 -0.223338 1e+20 
0 0 0 1 -0.001221 -0.00555101 -0.503333 -0.575 -3643 -0.521312 -0.31211 -1.84142e+07 
0 1 0 0 -0.00773291 0.00374461 -0.560333 -0.725 -5907.5 -0.552718 -0.378399 -3.0234e+07 
0 1 0 0 -0.0075275 -0.00116206 -0.566 -0.725 -5714 -0.540375 -0.367298 -2.99254e+07 
0 1 0 0 -0.00794682 0.00359106 -0.559667 -0.725 -5899.5 -0.552574 -0.378099 -3.01988e+07 
0 1 0 0 -0.00730652 -0.000338436 -0.562 -0.725 -5848.5 -0.547434 -0.372952 -3.02483e+07 
0 1 0 0 -0.00794636 0.00350721 -0.559333 -0.725 -5896 -0.552514 -0.377955 -3.01826e+07 
0 1 0 0 -0.00730295 2.53158e-05 -0.56 -0.725 -5846 -0.55064 -0.375659 -3.00183e+07 
0 1 0 1 -0.00796413 -0.00632916 -0.572333 -0.725 -5768 -0.539495 -0.368228 -3.03008e+07 *  
0 1 0 1 -0.00774346 0.0512635 -0.567333 -0.725 -5673 -0.545149 -0.371731 -2.93732e+07 *  
0 1 0 1 -0.00730354 -0.00691859 -0.560333 -0.725 -5761 -0.542679 -0.36788 -3.00512e+07 *  
0 1 0 1 -0.00773291 0.0448026 -0.560333 -0.725 -5610.5 -0.544862 -0.370158 -2.90274e+07 *  
0 1 0 1 -0.00752093 0.0426559 -0.562 -0.725 -5777 -0.551762 -0.376588 -2.95459e+07 *  
0 1 0 0 -0.00752038 0.0416499 -0.561667 -0.725 -5784.5 -0.552227 -0.376878 -2.95588e+07 *  
0 0 0 1 -0.00709028 0.0333717 -0.561 -0.725 -5801.5 -0.552385 -0.375836 -2.96461e+07 *  
0 1 0 1 -0.00795688 0.0467001 -0.567 -0.725 -5870.5 -0.553885 -0.379642 -2.99422e+07 *  
ERROR 13 *  
ERROR 13 *  
0 1 0 1 -0.00751928 0.0404989 -0.561 -0.725 -5833.5 -0.553608 -0.377223 -2.97499e+07 *  
0 1 0 1 -0.00730414 0.0398977 -0.560667 -0.725 -5823 -0.55232 -0.377817 -2.97735e+07 *  
0 1 0 1 -0.00794865 0.0469917 -0.561 -0.725 -5808 -0.552886 -0.378422 -2.96491e+07 *  
ERROR 20 *  
0 1 0 1 -0.00752805 -0.00594991 -0.566333 -0.725 -6035 -0.553209 -0.378546 -3.09334e+07 *  
ERROR 13 *  
0 1 0 0 -0.00751873 0.00454737 -0.560667 -0.725 -5930 -0.554105 -0.378901 -3.02682e+07 
0 1 0 0 -0.00796006 0.00141832 -0.569333 -0.725 -5688 -0.540643 -0.368634 -2.97544e+07 
0 1 0 0 -0.00729337 -7.66568e-05 -0.554667 -0.725 -5651.5 -0.543628 -0.368254 -2.93455e+07 
0 1 0 0 -0.00729936 -0.000252371 -0.558 -0.725 -5862.5 -0.551977 -0.376423 -3.00246e+07 
0 1 0 0 -0.00773795 0.00182149 -0.563667 -0.725 -5950.5 -0.553999 -0.379462 -3.03939e+07 
0 0 0 0 -0.00686558 -0.000423396 -0.556 -0.325 -2105.5 0.10414 -0.25671 -2.06372e+07 
0 0 0 0 -0.00729757 -0.000359228 -0.557 -0.725 -5936.5 -0.552435 -0.376761 -3.04206e+07 
0 0 0 0 -0.00707999 8.992e-05 -0.555667 -0.725 -5943 -0.552518 -0.377651 -3.04513e+07 
0 1 0 1 -0.00752038 0.0416499 -0.561667 -0.725 -5786.5 -0.552368 -0.376903 -2.95609e+07 *  
0 1 0 1 -0.00708899 0.0405306 -0.560333 -0.725 -5807 -0.550474 -0.378551 -2.98051e+07 *  
0 1 0 0 -0.0068642 -0.000503851 -0.555333 -0.725 -5927 -0.550678 -0.378389 -3.04839e+07 
0 0 0 1 -0.00729757 -0.000359228 -0.557 -0.725 -5938.5 -0.552577 -0.376787 -3.04227e+07 
0 1 0 0 -0.00988991 -0.0047006 -0.594667 -0.65 -4534.5 -0.449096 -0.326166 -2.75099e+07 *  
ERROR 20 *  
0 1 0 0 -0.00988991 -0.00436691 -0.594667 -0.65 -4532 -0.448984 -0.325985 -2.74973e+07 
ERROR 20 
ERROR 20 
0 1 0 1 -0.0081766 0.0834403 -0.571667 -0.7 -5227 -0.519314 -0.35509 -2.82858e+07 *  
ERROR 20 *  
0 1 0 1 -0.00817579 0.081988 -0.571 -0.7 -5252.5 -0.522239 -0.355101 -2.82684e+07 *  
0 1 0 1 -0.00730473 0.0332619 -0.561 -0.725 -5793 -0.550753 -0.376658 -2.97037e+07 *  
0 1 0 1 -0.00794957 0.0406578 -0.561667 -0.725 -5802 -0.553525 -0.376949 -2.95737e+07 *  
0 1 0 1 -0.00751928 0.0406578 -0.561 -0.725 -5792.5 -0.552348 -0.377773 -2.95981e+07 *  
0 1 0 0 -0.00751928 0.0405941 -0.561 -0.725 -5825 -0.55222 -0.377899 -2.97925e+07 *  
0 1 0 1 -0.00774945 0.052707 -0.571333 -0.725 -5941 -0.554749 -0.382603 -3.02884e+07 *  
ERROR 13 *  
0 1 0 1 -0.00752203 -0.00616043 -0.562667 -0.725 -5988 -0.551671 -0.377218 -3.07691e+07 *  
ERROR 20 *  
ERROR 13 *  
ERROR 13 *  
ERROR 13 *  
ERROR 13 *  
0 0 0 1 -0.00730592 0.0343203 -0.561667 -0.725 -5801.5 -0.552814 -0.3751 -2.96177e+07 *  
ERROR 13 *  
0 0 0 0 -0.00707999 0.00307162 -0.555667 -0.725 -5872 -0.552542 -0.377634 -3.00404e+07 
0 0 0 0 -0.00707999 -0.000486723 -0.555667 -0.725 -5872 -0.552439 -0.377751 -3.00484e+07 
0 0 0 0 -0.00686489 -0.000469534 -0.555667 -0.3 -2091.5 0.11235 -0.256338 -2.05888e+07 
0 0 0 0 -0.00708063 0.000132433 -0.556 -0.725 -5874.5 -0.552569 -0.377642 -3.00528e+07 
0 1 0 0 -0.0075335 0.00375597 -0.569667 -0.725 -6019.5 -0.554718 -0.382324 -3.07413e+07 
0 0 0 0 -0.00686696 -0.000323868 -0.556667 -0.325 -2128.5 0.09315 -0.257941 -2.07561e+07 
0 1 0 0 -0.00751211 -0.000469534 -0.556667 -0.725 -5954 -0.553716 -0.376803 -3.04336e+07 
0 1 0 0 -0.00796459 -0.00252336 -0.572667 -0.7 -5361.5 -0.519592 -0.353976 -2.90976e+07 
0 1 0 0 -0.00839223 -0.00320874 -0.573667 -0.7 -5335 -0.516507 -0.353938 -2.912e+07 
0 1 0 0 -0.00794314 -0.00108225 -0.557 -0.725 -5941 -0.551271 -0.377908 -3.05259e+07 
0 0 0 0 -0.00617659 -0.00368297 -0.538333 -0.175 -1652.5 0.3153 -0.215076 -1.69202e+07 
0 1 0 1 -0.00773845 0.0452109 -0.564 -0.725 -5749.5 -0.549906 -0.375105 -2.95086e+07 *  
0 1 0 1 -0.00751873 0.00010203 -0.560667 -0.725 -5898.5 -0.550049 -0.37486 -3.03629e+07 
0 1 0 1 -0.00861681 0.155022 -0.585667 -0.65 -4411.5 -0.451762 -0.328552 -2.65096e+07 *  
ERROR 13 *  
0 1 0 0 -0.00883284 -0.00187317 -0.591 -0.625 -4177 -0.408157 -0.319373 -2.68328e+07 
0 1 0 0 -0.00744634 -0.00652754 -0.518 -0.7 -5506 -0.53497 -0.363746 -2.90334e+07 
0 1 0 0 -0.00773342 0.00318979 -0.560667 -0.725 -5929.5 -0.555104 -0.377705 -3.01977e+07 
0 1 0 0 -0.00643497 0.000858495 -0.555667 -0.325 -2140.5 0.08504 -0.264147 -2.07668e+07 
0 1 0 1 -0.00774196 0.0539243 -0.566333 -0.725 -5559.5 -0.540027 -0.367584 -2.9032e+07 *  
ERROR 20 *  
ERROR 20 *  
0 1 0 0 -0.00752038 0.0435666 -0.561667 -0.725 -5707.5 -0.54806 -0.374576 -2.93867e+07 *  
ERROR 20 *  
0 1 0 1 -0.00708964 0.0369692 -0.560667 -0.725 -5798.5 -0.551528 -0.376626 -2.96859e+07 *  
0 1 0 1 -0.00730473 0.0413246 -0.561 -0.725 -5781 -0.551794 -0.377376 -2.95678e+07 *  
0 1 0 1 -0.00752805 0.0460157 -0.566333 -0.725 -5862 -0.553412 -0.379872 -2.99267e+07 *  
0 1 0 0 -0.00773543 0.0405001 -0.562 -0.725 -5803.5 -0.552789 -0.377672 -2.96303e+07 *  
ERROR 20 *  
0 1 0 0 -0.00730533 0.0409787 -0.561333 -0.725 -5791 -0.551708 -0.378122 -2.96309e+07 *  
0 1 0 0 -0.00752038 0.0405001 -0.561667 -0.725 -5803.5 -0.552992 -0.377712 -2.96179e+07 *  
0 1 0 1 -0.00751928 0.0436278 -0.561 -0.725 -5800 -0.552392 -0.378333 -2.96382e+07 *  
ERROR 13 *  
0 1 0 1 -0.00730354 0.0402781 -0.560333 -0.725 -5819 -0.552149 -0.377836 -2.97639e+07 *  
ERROR 13 *  
0 1 0 0 -0.00773996 0.0479815 -0.565 -0.725 -5561 -0.541035 -0.367364 -2.89784e+07 *  
0 1 0 0 -0.00773594 0.045159 -0.562333 -0.725 -5819 -0.553385 -0.378242 -2.968e+07 *  
0 0 0 0 -0.00707934 0.00122834 -0.555333 -0.725 -5868 -0.552349 -0.377616 -3.00328e+07 
0 1 0 0 -0.00729757 0.00206888 -0.557 -0.725 -5882 -0.552985 -0.377505 -3.00704e+07 
0 0 0 0 -0.00729757 0.000249633 -0.557 -0.725 -5886 -0.553186 -0.377579 -3.0078e+07 
0 0 0 0 -0.00686489 0.000150761 -0.555667 -0.725 -5844.5 -0.551687 -0.376344 -2.9941e+07 
0 1 0 0 -0.00729697 -0.000394334 -0.556667 -0.725 -5874 -0.55193 -0.377986 -3.00954e+07 
0 1 0 0 -0.00729877 0.00338335 -0.557667 -0.725 -5900.5 -0.553641 -0.378095 -3.01309e+07 
0 0 0 0 -0.00729637 0.0013637 -0.556333 -0.725 -5864.5 -0.552029 -0.377247 -3.00337e+07 
0 1 0 0 -0.0073083 0.00312887 -0.563 -0.725 -5941.5 -0.553529 -0.37966 -3.03756e+07 
0 1 0 0 -0.00751156 0.00011417 -0.556333 -0.725 -5884.5 -0.552637 -0.378163 -3.01082e+07 
0 1 0 0 -0.00752313 -0.00216828 -0.563333 -0.725 -5707.5 -0.54092 -0.366963 -2.98508e+07 
ERROR 20 
0 1 0 1 -0.00731008 0.0534857 -0.564 -0.7 -5158 -0.521664 -0.350688 -2.77207e+07 *  
0 1 0 1 -0.00731008 0.0534857 -0.564 -0.7 -5151 -0.520895 -0.350728 -2.7722e+07 *  
0 1 0 1 -0.00751488 -0.00763133 -0.558333 -0.7 -5297.5 -0.519098 -0.350224 -2.87345e+07 *  
0 1 0 1 -0.00709795 -0.0073543 -0.565 -0.725 -5660.5 -0.536464 -0.364392 -2.98585e+07 *  
0 1 0 1 -0.00709092 -0.00230602 -0.561333 -0.725 -5669.5 -0.53717 -0.36819 -2.98687e+07 
0 1 0 1 -0.00729337 -0.00361845 -0.554667 -0.7 -5320 -0.519961 -0.355443 -2.88189e+07 
0 1 0 1 -0.00709603 -0.00267876 -0.564 -0.7 -5292 -0.520315 -0.350231 -2.86267e+07 
0 1 0 1 -0.00731068 -0.00267876 -0.564333 -0.7 -5302 -0.521117 -0.350199 -2.86417e+07 
0 1 0 0 -0.00751211 0.00134319 -0.556667 -0.725 -5892 -0.554016 -0.377245 -3.00561e+07 
0 0 0 0 -0.00707999 -0.000486723 -0.555667 -0.725 -5926.5 -0.551956 -0.376905 -3.0394e+07 
0 0 0 0 -0.00708257 -0.00034747 -0.557 -0.725 -5872 -0.553143 -0.376517 -3.00022e+07 
0 0 0 0 -0.00729517 0.000670209 -0.555667 -0.725 -5871.5 -0.552658 -0.377437 -3.00316e+07 
0 0 0 0 -0.00708192 0.000218531 -0.556667 -0.725 -5940.5 -0.552851 -0.376819 -3.04147e+07 
0 0 0 0 -0.00729457 2.38231e-05 -0.555333 -0.725 -5925.5 -0.552298 -0.376478 -3.0366e+07 
0 0 0 0 -0.00707869 0.000606774 -0.555 -0.725 -5863 -0.552533 -0.377176 -2.99914e+07 
0 0 0 0 -0.00708128 0.000181455 -0.556333 -0.725 -5866.5 -0.552667 -0.376814 -3.00025e+07 
0 0 0 0 -0.00707934 5.37606e-05 -0.555333 -0.725 -5867 -0.552712 -0.377158 -3.00003e+07 
0 1 0 0 -0.00751156 0.00011417 -0.556333 -0.725 -5887.5 -0.553563 -0.377475 -3.00615e+07 
0 0 0 0 -0.00686489 0.000721501 -0.555667 -0.725 -5855.5 -0.552193 -0.376665 -2.99685e+07 
0 1 0 0 -0.00752367 0.0463439 -0.563667 -0.725 -5695.5 -0.547422 -0.373217 -2.93569e+07 *  
0 1 0 1 -0.00752313 0.0468153 -0.563333 -0.725 -5708.5 -0.548368 -0.373597 -2.93723e+07 *  
0 1 0 0 -0.00752203 0.0442542 -0.562667 -0.725 -5747.5 -0.550556 -0.374976 -2.94546e+07 *  
0 1 0 0 -0.00752148 0.0433673 -0.562333 -0.725 -5764 -0.551195 -0.375876 -2.95084e+07 *  
0 1 0 0 -0.00773543 0.0424217 -0.562 -0.725 -5778.5 -0.551862 -0.376559 -2.95483e+07 *  
ERROR 13 *  
0 1 0 0 -0.00752038 0.0405001 -0.561667 -0.725 -5809 -0.552035 -0.376476 -2.97116e+07 *  
0 1 0 0 -0.00773845 0.0439292 -0.564 -0.725 -5816 -0.552772 -0.377771 -2.97026e+07 *  
ERROR 13 *  
0 1 0 0 -0.00773493 0.0434312 -0.561667 -0.725 -5791.5 -0.552402 -0.377275 -2.95877e+07 *  
0 1 0 0 -0.00752038 0.0416499 -0.561667 -0.725 -5793.5 -0.552584 -0.377267 -2.95869e+07 *  
0 1 0 0 -0.00751983 0.040882 -0.561333 -0.725 -5792 -0.552593 -0.377296 -2.95764e+07 *  
0 1 0 0 -0.00751983 0.0407217 -0.561333 -0.725 -5803.5 -0.553268 -0.377545 -2.95983e+07 *  
0 1 0 0 -0.00751928 0.0400549 -0.561 -0.725 -5831.5 -0.552936 -0.377759 -2.97827e+07 *  
0 1 0 1 -0.00730473 0.0394511 -0.561 -0.725 -5830.5 -0.552749 -0.377871 -2.97902e+07 *  
ERROR 13 *  
0 1 0 1 -0.00751983 0.0396388 -0.561333 -0.725 -5795 -0.55139 -0.376113 -2.9675e+07 *  
ERROR 13 *  
0 0 0 0 -0.00708063 0.000132433 -0.556 -0.725 -5879.5 -0.553142 -0.37752 -3.00453e+07 
0 0 0 0 -0.00708257 -0.000335683 -0.557 -0.725 -5928 -0.55223 -0.376337 -3.03855e+07 
0 0 0 0 -0.00729637 0.000150761 -0.556333 -0.725 -5884.5 -0.553492 -0.377374 -3.00485e+07 
0 0 0 0 -0.00729757 0.000845298 -0.557 -0.725 -5876 -0.552811 -0.377113 -3.00454e+07 
0 0 0 0 -0.00729697 -0.000405979 -0.556667 -0.725 -5944.5 -0.552785 -0.37715 -3.04428e+07 
0 1 0 0 -0.00751983 0.040118 -0.561333 -0.725 -5832 -0.552789 -0.377738 -2.97951e+07 *  
ERROR 13 *  
0 0 0 0 -0.00729637 0.000150761 -0.556333 -0.725 -5951 -0.553002 -0.377564 -3.04652e+07 
ERROR 20 
0 1 0 1 -0.00752203 0.043676 -0.562667 -0.725 -5673 -0.546758 -0.37246 -2.92694e+07 *  
0 0 0 0 -0.00730533 0.0360165 -0.561333 -0.725 -5825.5 -0.552874 -0.377176 -2.9752e+07 *  
0 0 0 0 -0.00730533 0.0365682 -0.561333 -0.725 -5824.5 -0.55281 -0.377123 -2.97496e+07 *  
0 0 0 0 -0.00708128 0.00262372 -0.556333 -0.325 -2133.5 0.08299 -0.261625 -2.06295e+07 
0 0 0 0 -0.00686558 0.00259326 -0.556 -0.325 -2128 0.08485 -0.26127 -2.0589e+07 
0 1 0 1 -0.00730175 -4.39994e-05 -0.559333 -0.725 -5756 -0.546886 -0.372176 -2.97451e+07 
0 0 0 0 -0.00708192 0.000224737 -0.556667 -0.725 -5856 -0.552444 -0.376048 -2.9957e+07 
0 0 0 0 -0.00729577 0.00011417 -0.556 -0.725 -5939.5 -0.552469 -0.377278 -3.04357e+07 
0 1 0 0 -0.00752313 0.0468153 -0.563333 -0.725 -5702 -0.548017 -0.373388 -2.93569e+07 *  
0 1 0 1 -0.00752148 0.0427906 -0.562333 -0.725 -5741.5 -0.549726 -0.375446 -2.94747e+07 *  
0 1 0 1 -0.0073083 0.0428215 -0.563 -0.725 -5752.5 -0.55035 -0.375467 -2.94971e+07 *  
0 1 0 0 -0.00752093 0.0407257 -0.562 -0.725 -5786 -0.55067 -0.375764 -2.96693e+07 *  
0 1 0 0 -0.00752038 0.0405001 -0.561667 -0.725 -5803 -0.551572 -0.376453 -2.97091e+07 *  
ERROR 13 *  
0 1 0 0 -0.00752038 0.0403402 -0.561667 -0.725 -5815 -0.552072 -0.376896 -2.97449e+07 *  
0 1 0 0 -0.00752038 0.0403402 -0.561667 -0.725 -5794 -0.55306 -0.376812 -2.95577e+07 *  
0 1 0 0 -0.00751983 0.0414218 -0.561333 -0.725 -5792 -0.552124 -0.377757 -2.96091e+07 *  
0 1 0 0 -0.00751873 0.039203 -0.560667 -0.725 -5822.5 -0.552987 -0.377105 -2.97268e+07 *  
0 1 0 0 -0.00751928 0.0417964 -0.561 -0.725 -5798 -0.552986 -0.377562 -2.95857e+07 *  
0 1 0 1 -0.00751983 0.0419595 -0.561333 -0.725 -5799.5 -0.55296 -0.377555 -2.95978e+07 *  
0 1 0 0 -0.00751983 0.0414218 -0.561333 -0.725 -5800.5 -0.553016 -0.377573 -2.95979e+07 *  
0 1 0 0 -0.00773795 0.0430277 -0.563667 -0.725 -5832 -0.55358 -0.378475 -2.9743e+07 *  
0 1 0 0 -0.00730473 0.0388466 -0.561 -0.725 -5832.5 -0.553016 -0.377755 -2.97825e+07 *  
ERROR 13 *  
0 1 0 1 -0.00752093 0.0419462 -0.562 -0.725 -5756 -0.551233 -0.375349 -2.94594e+07 *  
ERROR 13 *  
0 0 0 0 -0.00708063 -0.000469534 -0.556 -0.725 -5951 -0.553192 -0.37753 -3.04524e+07 
ERROR 13 *  
0 0 0 0 -0.00707999 -0.00111435 -0.555667 -0.725 -5947.5 -0.553043 -0.37746 -3.04425e+07 
0 1 0 0 -0.0066609 -0.00750435 -0.560667 -0.7 -5276.5 -0.518639 -0.348739 -2.86314e+07 *  
0 1 0 1 -0.00773996 -0.00739478 -0.565 -0.7 -5325.5 -0.517639 -0.352204 -2.89925e+07 *  
0 1 0 0 -0.00774046 0.0501436 -0.565333 -0.725 -5573.5 -0.540608 -0.368632 -2.90783e+07 *  
0 1 0 1 -0.00753241 0.044788 -0.569 -0.725 -5628 -0.542621 -0.369574 -2.92727e+07 *  
0 1 0 0 -0.0066543 -0.0032634 -0.557667 -0.7 -5278 -0.519456 -0.351749 -2.85903e+07 
0 1 0 0 -0.00773845 -0.0014563 -0.564 -0.725 -5715 -0.540308 -0.36791 -2.99354e+07 
0 1 0 1 -0.00752093 -0.00296019 -0.562 -0.7 -5362.5 -0.518819 -0.358033 -2.9151e+07 
0 1 0 0 -0.00753023 -0.00018417 -0.567667 -0.725 -5764.5 -0.542485 -0.369125 -3.00829e+07 
0 0 0 0 -0.00708321 0.000312402 -0.557333 -0.725 -5955.5 -0.553081 -0.377637 -3.04858e+07 
0 0 0 0 -0.00707999 -0.000498148 -0.555667 -0.725 -5929.5 -0.552394 -0.376677 -3.03812e+07 
0 1 0 0 -0.00774146 0.0522676 -0.566 -0.725 -5566 -0.54078 -0.36758 -2.9023e+07 *  
0 1 0 1 -0.00774196 0.0451815 -0.566333 -0.725 -5860 -0.552382 -0.380647 -2.99823e+07 *  
0 1 0 0 -0.00773996 0.0452014 -0.565 -0.725 -5853 -0.555159 -0.377983 -2.97583e+07 *  
0 1 0 0 -0.00752367 0.0438237 -0.563667 -0.725 -5824 -0.55275 -0.378666 -2.97518e+07 *  
0 1 0 0 -0.00730771 0.0382167 -0.562667 -0.725 -5834 -0.552672 -0.377506 -2.98141e+07 *  
ERROR 13 *  
0 1 0 0 -0.00752313 0.0428557 -0.563333 -0.725 -5818.5 -0.552758 -0.378345 -2.97196e+07 *  
ERROR 13 *  
0 1 0 0 -0.00773493 0.0396074 -0.561667 -0.725 -5835 -0.552808 -0.377775 -2.98112e+07 *  
0 1 0 0 -0.00751983 0.0396074 -0.561333 -0.725 -5835 -0.553011 -0.377801 -2.97978e+07 *  
ERROR 13 *  
ERROR 13 *  
ERROR 13 *  
ERROR 13 *  
ERROR 13 *  
ERROR 13 *  
ERROR 20 *  
ERROR 13 *  
0 0 0 0 -0.00708514 0.000472707 -0.558333 -0.725 -5883 -0.552843 -0.377278 -3.00847e+07 
0 1 0 0 -0.00729697 0.000169156 -0.556667 -0.725 -5952.5 -0.552968 -0.377556 -3.04766e+07 
0 0 0 0 -0.00708128 0.000169156 -0.556333 -0.725 -5953 -0.553182 -0.377591 -3.04638e+07 
0 1 0 0 -0.00730116 0.0030253 -0.559 -0.725 -5899.5 -0.552982 -0.378197 -3.01693e+07 
0 1 0 0 -0.00730235 0.00124136 -0.559667 -0.725 -5906.5 -0.552935 -0.378505 -3.02124e+07 
0 0 0 0 -0.00773443 0.001443 -0.561333 -0.725 -5936 -0.555327 -0.377831 -3.02207e+07 
0 1 0 0 -0.00752532 -0.00131752 -0.564667 -0.725 -5709.5 -0.540597 -0.367115 -2.98821e+07 
0 1 0 0 -0.00730771 0.000448348 -0.562667 -0.725 -5935.5 -0.552467 -0.380317 -3.04128e+07 
ERROR 20 
0 0 0 0 -0.00685935 -0.00195034 -0.553 -0.3 -2076.5 0.11671 -0.255299 -2.04536e+07 
0 0 0 0 -0.00707027 -0.00222717 -0.550667 -0.725 -5957 -0.553078 -0.379597 -3.04934e+07 
ERROR 13 *  
ERROR 13 *  
ERROR 20 
ERROR 20 
0 1 0 0 -0.00730354 -0.00818915 -0.560333 -0.7 -5242 -0.515228 -0.348309 -2.8619e+07 *  
ERROR 13 *  
ERROR 13 *  
0 1 0 1 -0.00731895 -0.00647277 -0.569 -0.725 -6064.5 -0.552003 -0.381665 -3.11861e+07 *  
0 1 0 0 -0.00708257 -0.00339545 -0.557 -0.7 -5257 -0.516166 -0.352687 -2.86575e+07 
0 1 0 0 -0.00709603 0.00335803 -0.564 -0.725 -5961 -0.552741 -0.381726 -3.05411e+07 
0 0 0 0 -0.00663731 0.000596827 -0.55 -0.3 -2061 0.11006 -0.257424 -2.01084e+07 
0 1 0 0 -0.00682713 -0.000896253 -0.537667 -0.275 -1970.5 0.1545 -0.248135 -1.95745e+07 
ERROR 20 
0 1 0 1 -0.00795733 0.061951 -0.567333 -0.7 -5242.5 -0.52509 -0.353441 -2.80402e+07 *  
0 1 0 0 -0.00774646 0.0485177 -0.569333 -0.725 -5889.5 -0.552274 -0.381771 -3.01608e+07 *  
ERROR 20 *  
ERROR 13 *  
0 0 0 0 -0.00817456 0.0484763 -0.57 -0.725 -5933.5 -0.559159 -0.378083 -2.99466e+07 *  
ERROR 13 *  
ERROR 13 *  
ERROR 13 *  
ERROR 13 *  
ERROR 13 *  
ERROR 13 *  
ERROR 13 *  
ERROR 13 *  
ERROR 13 *  
ERROR 13 *  
ERROR 13 *  
ERROR 20 *  
0 0 0 0 -0.0073219 0.0423622 -0.570667 -0.725 -5921.5 -0.5554 -0.380715 -3.01339e+07 *  
0 0 0 0 -0.00731836 0.00437035 -0.568667 -0.725 -5996.5 -0.555399 -0.380301 -3.05629e+07 
0 0 0 0 -0.00774346 0.00316224 -0.567333 -0.725 -6010.5 -0.559196 -0.37778 -3.0381e+07 
0 1 0 0 -0.00752914 0.00317141 -0.567 -0.725 -5969.5 -0.552302 -0.381574 -3.06179e+07 
0 1 0 0 -0.00774446 -0.005153 -0.568 -0.7 -5375.5 -0.523992 -0.352727 -2.89197e+07 
ERROR 20 
ERROR 20 
ERROR 13 *  
ERROR 20 
0 1 0 0 -0.0075481 0.0705726 -0.578667 -0.7 -5348.5 -0.523273 -0.358944 -2.87977e+07 *  
0 1 0 1 -0.00839799 0.0748993 -0.579 -0.7 -5429.5 -0.528586 -0.360837 -2.89663e+07 *  
0 1 0 0 -0.0077559 -0.00688156 -0.575667 -0.7 -5494 -0.52802 -0.355023 -2.93937e+07 *  
0 1 0 0 -0.00817985 0.0625957 -0.574333 -0.725 -5682 -0.541965 -0.372133 -2.96322e+07 *  
0 1 0 0 -0.00775392 0.000109964 -0.574333 -0.7 -5475 -0.528923 -0.355233 -2.92219e+07 
0 1 0 0 -0.00796684 -0.000726523 -0.574333 -0.725 -5801.5 -0.541029 -0.371467 -3.03986e+07 
0 1 0 0 -0.00755079 0.00139751 -0.580333 -0.7 -5394.5 -0.520848 -0.357935 -2.92273e+07 
0 1 0 0 -0.00818754 -0.0031348 -0.580667 -0.7 -5517 -0.525639 -0.359735 -2.96825e+07 
ERROR 20 
ERROR 13 *  
0 1 0 1 -0.00774496 0.0542545 -0.568333 -0.725 -5644.5 -0.543543 -0.370414 -2.93097e+07 *  
0 1 0 1 -0.00708257 0.0377108 -0.557 -0.725 -5566.5 -0.54314 -0.367033 -2.88771e+07 *  
ERROR 13 *  
ERROR 13 *  
ERROR 13 *  
ERROR 13 *  
ERROR 13 *  
ERROR 13 *  
0 0 0 1 -0.00730652 0.0356954 -0.562 -0.725 -5836.5 -0.553462 -0.377148 -2.97752e+07 *  
ERROR 13 *  
ERROR 13 *  
ERROR 13 *  
ERROR 13 *  
ERROR 13 *  
ERROR 13 *  
ERROR 13 *  
0 1 0 0 -0.00774146 0.0449583 -0.566 -0.725 -5864 -0.554021 -0.379537 -2.98954e+07 *  
0 0 0 0 -0.00708257 0.000898275 -0.557 -0.325 -2139.5 0.08097 -0.261886 -2.06724e+07 
0 1 0 0 -0.00752203 0.00431964 -0.562667 -0.725 -5944.5 -0.554187 -0.379296 -3.03473e+07 
0 1 0 0 -0.00599491 -0.00195034 -0.551667 -0.725 -5546 -0.5306 -0.367147 -2.95449e+07 
0 1 0 0 -0.00752914 0.000384468 -0.567 -0.725 -5723.5 -0.543328 -0.369992 -2.97875e+07 
ERROR 20 
0 0 0 0 -0.00729697 -0.000423396 -0.556667 -0.725 -5971.5 -0.554614 -0.377478 -3.04731e+07 
ERROR 13 *  
ERROR 20 
0 1 0 1 -0.00686212 0.0373298 -0.554333 -0.7 -5417 -0.535916 -0.362273 -2.84418e+07 *  
0 1 0 0 -0.00730711 0.04296 -0.562333 -0.725 -5673 -0.546811 -0.372601 -2.92655e+07 *  
ERROR 13 *  
0 1 0 0 -0.00708643 -6.89703e-05 -0.559 -0.725 -5822 -0.546921 -0.372262 -3.01284e+07 
0 1 0 0 -0.0066388 -0.00387281 -0.550667 -0.725 -5588.5 -0.536001 -0.365551 -2.94596e+07 
0 1 0 0 -0.00707869 -0.00119883 -0.555 -0.725 -5797 -0.54691 -0.371269 -2.99826e+07 
0 0 0 0 -0.00729517 -0.00113031 -0.555667 -0.725 -5947 -0.55341 -0.376975 -3.04127e+07 
ERROR 13 *  
ERROR 13 *  
ERROR 13 *  
ERROR 13 *  
ERROR 13 *  
ERROR 13 *  
ERROR 13 *  
ERROR 13 *  
ERROR 13 *  
ERROR 13 *  
ERROR 13 *  
ERROR 13 *  
ERROR 13 *  
ERROR 13 *  
ERROR 13 *  
ERROR 13 *  
0 1 0 1 -0.00752313 0.0417159 -0.563333 -0.725 -5784.5 -0.551769 -0.376549 -2.95893e+07 *  
ERROR 13 *  
0 0 0 0 -0.00708707 -1.89039e-05 -0.559333 -0.725 -5866.5 -0.551935 -0.376427 -3.00505e+07 
0 0 0 0 -0.00707157 9.6308e-05 -0.551333 -0.325 -2120.5 0.09653 -0.258691 -2.07077e+07 
0 0 0 0 -0.00706897 -0.002301 -0.55 -0.725 -5952 -0.552982 -0.379453 -3.04724e+07 
0 1 0 0 -0.00775094 0.0512988 -0.572333 -0.725 -5646.5 -0.543225 -0.368969 -2.93435e+07 *  
0 1 0 0 -0.00775094 0.0512988 -0.572333 -0.725 -5646.5 -0.543225 -0.368969 -2.93435e+07 *  
0 1 0 1 -0.0073219 0.0482308 -0.570667 -0.725 -5613.5 -0.539959 -0.370175 -2.9357e+07 *  
0 1 0 0 -0.00775045 -0.000279534 -0.572 -0.725 -5778 -0.542845 -0.368541 -3.01389e+07 
0 1 0 0 -0.00710748 0.000266596 -0.57 -0.725 -5689 -0.539672 -0.369696 -2.98225e+07 
0 1 0 0 -0.00775045 -0.000279534 -0.572 -0.725 -5778 -0.542845 -0.368541 -3.01389e+07 
0 0 0 0 -0.00750768 -0.00193622 -0.554 -0.725 -5945.5 -0.554209 -0.376421 -3.03506e+07 
0 0 0 0 -0.00707869 1.18975e-05 -0.555 -0.725 -5933 -0.552667 -0.376899 -3.03831e+07 
0 1 0 0 -0.00753078 0.042655 -0.568 -0.725 -5861 -0.55131 -0.380997 -3.006e+07 *  
0 1 0 0 -0.00731186 0.0028665 -0.565 -0.725 -5938 -0.551379 -0.38081 -3.05014e+07 
ERROR 13 *  
ERROR 13 *  
ERROR 13 *  
0 1 0 0 -0.00795915 0.0467172 -0.568667 -0.725 -5927.5 -0.556603 -0.380766 -3.00843e+07 *  
0 1 0 0 -0.00774096 0.000789567 -0.565667 -0.725 -6004 -0.556651 -0.380367 -3.05188e+07 
0 1 0 0 -0.00684192 -0.00433499 -0.544667 -0.725 -5680.5 -0.539963 -0.371142 -2.97535e+07 
0 1 0 0 -0.00665283 -0.00333419 -0.557 -0.725 -5769.5 -0.541707 -0.373626 -3.0164e+07 
0 0 0 0 -0.00662539 -0.00273185 -0.544667 -0.725 -5653.5 -0.539103 -0.36986 -2.96481e+07 
0 0 0 0 -0.00750768 -0.00194093 -0.554 -0.725 -5945.5 -0.554208 -0.376419 -3.03517e+07 
0 0 0 0 -0.00707869 -0.000582979 -0.555 -0.725 -5933 -0.552667 -0.376899 -3.03843e+07 
ERROR 13 *  
ERROR 13 *  
ERROR 13 *  
ERROR 13 *  
ERROR 13 *  
ERROR 13 *  
ERROR 13 *  
ERROR 13 *  
ERROR 13 *  
ERROR 13 *  
ERROR 13 *  
ERROR 13 *  
ERROR 13 *  
ERROR 13 *  
ERROR 13 *  
ERROR 13 *  
ERROR 13 *  
0 1 0 0 -0.00730533 0.0371776 -0.561333 -0.725 -5817.5 -0.552081 -0.377259 -2.97577e+07 *  
0 0 0 0 -0.00708128 0.000187616 -0.556333 -0.725 -5935 -0.552258 -0.377081 -3.04224e+07 
0 0 0 0 -0.00707869 -0.000605348 -0.555 -0.725 -5909.5 -0.551837 -0.375712 -3.0304e+07 
0 0 0 0 -0.00707027 -0.002214 -0.550667 -0.725 -5951.5 -0.55323 -0.379053 -3.04517e+07 
ERROR 13 *  
ERROR 13 *  
0 1 0 1 -0.00751653 0.0381463 -0.559333 -0.725 -5739.5 -0.550478 -0.37325 -2.94134e+07 *  
0 0 0 0 -0.00729277 -0.000105831 -0.554333 -0.725 -5860.5 -0.550655 -0.373054 -3.01015e+07 
0 0 0 0 -0.00662315 -0.00125873 -0.543667 -0.25 -1864.5 0.1938 -0.233955 -1.86085e+07 
0 0 0 0 -0.00683981 -0.00126782 -0.543667 -0.25 -1861.5 0.19537 -0.233717 -1.85911e+07 
0 0 0 0 -0.00728977 -0.00206612 -0.552667 -0.725 -5936.5 -0.554262 -0.376052 -3.02962e+07 
0 0 0 0 -0.00707869 -0.000588582 -0.555 -0.725 -5930.5 -0.552578 -0.376743 -3.03744e+07 
ERROR 13 *  
ERROR 13 *  
ERROR 13 *  
ERROR 13 *  
ERROR 13 *  
ERROR 13 *  
ERROR 13 *  
ERROR 13 *  
ERROR 13 *  
ERROR 13 *  
ERROR 13 *  
ERROR 13 *  
ERROR 13 *  
ERROR 13 *  
ERROR 13 *  
ERROR 13 *  
ERROR 13 *  
0 1 0 1 -0.00751983 0.037756 -0.561333 -0.725 -5822.5 -0.55246 -0.377288 -2.97613e+07 *  
0 0 0 0 -0.00708128 0.000169156 -0.556333 -0.725 -5939.5 -0.552628 -0.377058 -3.04252e+07 
0 0 0 0 -0.00707805 -0.000633162 -0.554667 -0.725 -5912 -0.551874 -0.376023 -3.03164e+07 
0 0 0 0 -0.00706962 -0.00224903 -0.550333 -0.725 -5953 -0.552994 -0.3795 -3.04768e+07 
0 1 0 0 -0.00731659 0.0398413 -0.567667 -0.725 -5769.5 -0.547369 -0.375106 -2.97906e+07 *  
0 1 0 0 -0.00753023 0.0472196 -0.567667 -0.725 -5758.5 -0.547541 -0.376449 -2.97179e+07 *  
ERROR 13 *  
ERROR 13 *  
0 1 0 0 -0.00688413 0.00021316 -0.565 -0.725 -5814 -0.547339 -0.374645 -3.00525e+07 
0 1 0 0 -0.00752696 0.000893287 -0.565667 -0.725 -5837 -0.547478 -0.375962 -3.01768e+07 
0 0 0 0 -0.00707287 0.00017701 -0.552 -0.3 -2086.5 0.10861 -0.255154 -2.0449e+07 
0 0 0 0 -0.00707287 -0.000959824 -0.552 -0.725 -5909 -0.553188 -0.375223 -3.02117e+07 
0 0 0 0 -0.00685588 -0.00157455 -0.551333 -0.725 -5905.5 -0.552692 -0.37567 -3.02231e+07 
0 0 0 0 -0.00707676 -0.000731957 -0.554 -0.725 -5913 -0.552289 -0.375829 -3.02942e+07 
ERROR 13 *  
ERROR 13 *  
ERROR 13 *  
ERROR 13 *  
ERROR 13 *  
ERROR 13 *  
ERROR 13 *  
ERROR 13 *  
ERROR 13 *  
ERROR 13 *  
ERROR 13 *  
ERROR 13 *  
ERROR 13 *  
ERROR 13 *  
ERROR 13 *  
ERROR 13 *  
ERROR 13 *  
ERROR 13 *  
0 0 0 0 -0.00707934 5.37606e-05 -0.555333 -0.725 -5935 -0.552617 -0.377007 -3.03978e+07 
0 0 0 0 -0.00707869 -0.00119359 -0.555 -0.725 -5931 -0.552608 -0.376727 -3.0377e+07 
0 0 0 0 -0.00707027 -0.00222717 -0.550667 -0.725 -5957 -0.55308 -0.3796 -3.04936e+07 
ERROR 13 *  
0 0 0 0 -0.00707027 -0.00222717 -0.550667 -0.725 -5957 -0.55308 -0.3796 -3.04936e+07 
0 1 0 1 -0.00817823 0.0632792 -0.573 -0.725 -5755.5 -0.547482 -0.373632 -2.97018e+07 *  
0 1 0 1 -0.00774496 0.0405095 -0.568333 -0.725 -5790.5 -0.55159 -0.374695 -2.96349e+07 *  
ERROR 13 *  
ERROR 13 *  
0 1 0 0 -0.00796459 0.00204145 -0.572667 -0.725 -5829.5 -0.546916 -0.373166 -3.01723e+07 
0 0 0 0 -0.00752696 -0.000500593 -0.565667 -0.725 -5929.5 -0.551593 -0.374422 -3.04373e+07 
0 0 0 0 -0.00683348 -0.0020684 -0.540667 -0.725 -5811.5 -0.548678 -0.374949 -2.99483e+07 
0 1 0 0 -0.00706376 -0.000932982 -0.547333 -0.325 -2102 0.1048 -0.258425 -2.05955e+07 
0 0 0 0 -0.00707092 -0.00274865 -0.551 -0.725 -5935.5 -0.552904 -0.377978 -3.03838e+07 
0 0 0 0 -0.00729277 -0.00128173 -0.554333 -0.725 -5924.5 -0.552723 -0.376219 -3.03308e+07 
ERROR 13 *  
ERROR 13 *  
ERROR 13 *  
ERROR 13 *  
ERROR 13 *  
ERROR 13 *  
ERROR 13 *  
ERROR 13 *  
ERROR 13 *  
ERROR 13 *  
ERROR 13 *  
ERROR 13 *  
ERROR 13 *  
ERROR 13 *  
ERROR 13 *  
ERROR 13 *  
0 1 0 1 -0.00751983 0.0383634 -0.561333 -0.725 -5820.5 -0.552225 -0.37738 -2.97673e+07 *  
ERROR 13 *  
0 0 0 0 -0.00708128 0.000175302 -0.556333 -0.725 -5938 -0.552424 -0.377139 -3.04293e+07 
0 0 0 0 -0.00707676 -0.000715635 -0.554 -0.725 -5929 -0.552866 -0.376627 -3.03478e+07 
0 0 0 0 -0.00707027 -0.002214 -0.550667 -0.725 -5957 -0.553104 -0.379636 -3.04926e+07 
ERROR 13 *  
0 0 0 0 -0.00707027 -0.00222278 -0.550667 -0.725 -5957 -0.553087 -0.379607 -3.04929e+07 
ERROR 13 *  
0 1 0 0 -0.00751598 0.0422837 -0.559 -0.725 -5632 -0.547256 -0.370386 -2.89995e+07 *  
ERROR 13 *  
ERROR 13 *  
0 0 0 0 -0.00729397 -0.000622056 -0.555 -0.725 -5791 -0.547446 -0.370238 -2.99135e+07 
0 1 0 0 -0.00750546 -0.003249 -0.552667 -0.725 -5785 -0.547646 -0.36991 -2.98641e+07 
0 1 0 0 -0.00684192 -0.00169663 -0.544667 -0.725 -5780 -0.544539 -0.375243 -3.00404e+07 
0 0 0 0 -0.00684192 -0.00222191 -0.544667 -0.725 -5777 -0.544584 -0.374912 -3.00183e+07 
0 0 0 0 -0.00706572 -0.003003 -0.548333 -0.725 -5941.5 -0.553129 -0.378915 -3.04028e+07 
ERROR 13 *  
ERROR 13 *  
ERROR 13 *  
ERROR 13 *  
ERROR 13 *  
ERROR 13 *  
ERROR 13 *  
ERROR 13 *  
ERROR 13 *  
ERROR 13 *  
ERROR 13 *  
ERROR 13 *  
ERROR 13 *  
ERROR 13 *  
ERROR 13 *  
ERROR 13 *  
ERROR 13 *  
ERROR 13 *  
0 0 0 0 -0.00707999 9.59716e-05 -0.555667 -0.725 -5932 -0.552529 -0.37677 -3.0388e+07 
0 0 0 0 -0.00707805 -0.000627613 -0.554667 -0.725 -5930.5 -0.552595 -0.376867 -3.0376e+07 
0 0 0 0 -0.00707092 -0.00161752 -0.551 -0.725 -5910 -0.553125 -0.37571 -3.02221e+07 
ERROR 13 *  
ERROR 13 *  
ERROR 13 *  
0 1 0 0 -0.00752696 0.0361528 -0.565667 -0.725 -5883 -0.552654 -0.380123 -3.00984e+07 *  
0 1 0 0 -0.00730592 0.000956116 -0.561667 -0.35 -2223.5 0.05674 -0.269187 -2.13572e+07 
0 0 0 0 -0.00686765 -0.00150963 -0.557 -0.725 -5883 -0.549863 -0.375117 -3.02864e+07 
0 0 0 0 -0.00708385 -0.00206963 -0.557667 -0.725 -5889 -0.549931 -0.375255 -3.03153e+07 
0 0 0 0 -0.0070845 -0.00021018 -0.558 -0.725 -5956.5 -0.552876 -0.377696 -3.05038e+07 
ERROR 13 *  
0 1 0 0 -0.00753078 -0.000866613 -0.568 -0.725 -6041 -0.553405 -0.381035 -3.09552e+07 
0 1 0 0 -0.00751653 0.0369092 -0.559333 -0.725 -5659 -0.547716 -0.369226 -2.91261e+07 *  
0 1 0 0 -0.00752532 0.0420764 -0.564667 -0.725 -5776 -0.550504 -0.376431 -2.96235e+07 *  
0 1 0 0 -0.00753078 0.0460157 -0.568 -0.725 -5898 -0.552872 -0.382492 -3.01677e+07 *  
0 0 0 0 -0.00729397 -0.00239484 -0.555 -0.725 -5783 -0.547874 -0.369101 -2.98367e+07 
0 1 0 0 -0.00730533 -0.000407142 -0.561333 -0.725 -5922.5 -0.550593 -0.376175 -3.04635e+07 
0 1 0 0 -0.00731186 0.00282284 -0.565 -0.725 -5973.5 -0.55294 -0.38208 -3.05988e+07 
0 0 0 0 -0.00707869 -0.00118835 -0.555 -0.725 -5928.5 -0.552576 -0.376579 -3.03653e+07 
ERROR 13 *  
ERROR 13 *  
ERROR 13 *  
ERROR 13 *  
ERROR 13 *  
ERROR 13 *  
ERROR 13 *  
ERROR 13 *  
ERROR 13 *  
ERROR 13 *  
ERROR 13 *  
ERROR 13 *  
ERROR 13 *  
ERROR 13 *  
ERROR 13 *  
ERROR 13 *  
0 1 0 1 -0.00730414 0.0373661 -0.560667 -0.725 -5819 -0.55247 -0.37731 -2.9741e+07 *  
ERROR 13 *  
0 0 0 0 -0.00729517 7.18081e-05 -0.555667 -0.725 -5866 -0.552631 -0.376981 -3.00004e+07 
0 0 0 0 -0.00707805 -0.0012197 -0.554667 -0.725 -5932 -0.552696 -0.376837 -3.03753e+07 
0 1 0 0 -0.00730175 -0.000672563 -0.559333 -0.725 -5947 -0.552281 -0.377069 -3.04895e+07 
ERROR 13 *  
ERROR 13 *  
ERROR 13 *  
ERROR 13 *  
0 1 0 0 -0.00729517 -0.00116206 -0.555667 -0.725 -5801.5 -0.54612 -0.372081 -3.00611e+07 
0 1 0 0 -0.00751045 -0.00116206 -0.555667 -0.725 -5801.5 -0.546106 -0.372096 -3.0062e+07 
0 0 0 0 -0.00686696 -0.00155118 -0.556667 -0.725 -5942.5 -0.551393 -0.378551 -3.05253e+07 
ERROR 13 *  
ERROR 14 
0 0 0 0 -0.00730414 0.0368804 -0.560667 -0.725 -5669 -0.546975 -0.370292 -2.92331e+07 *  
0 1 0 1 -0.00796232 0.0474733 -0.571 -0.725 -5812 -0.551102 -0.37564 -2.97905e+07 *  
0 1 0 0 -0.00773795 0.0499308 -0.563667 -0.725 -5701.5 -0.548947 -0.372236 -2.92927e+07 *  
ERROR 13 *  
0 0 0 0 -0.00686696 0.000268384 -0.556667 -0.325 -2144 0.06699 -0.258776 -2.04693e+07 
0 1 0 0 -0.00774646 0 -0.569333 -0.725 -5946 -0.55098 -0.375179 -3.05727e+07 
0 1 0 0 -0.00773392 -0.000541695 -0.561 -0.725 -5855.5 -0.549038 -0.372031 -3.01798e+07 
0 0 0 0 -0.00707676 -0.000710181 -0.554 -0.725 -5906.5 -0.552066 -0.375578 -3.02712e+07 
ERROR 13 *  
ERROR 13 *  
ERROR 13 *  
ERROR 13 *  
ERROR 13 *  
ERROR 13 *  
ERROR 13 *  
ERROR 13 *  
ERROR 13 *  
ERROR 13 *  
ERROR 13 *  
ERROR 13 *  
ERROR 13 *  
ERROR 13 *  
ERROR 13 *  
ERROR 13 *  
ERROR 13 *  
ERROR 13 *  
0 0 0 0 -0.00707869 0 -0.555 -0.725 -5931 -0.552584 -0.376785 -3.03774e+07 
0 0 0 0 -0.00707934 -0.0011515 -0.555333 -0.725 -5937 -0.552723 -0.377006 -3.04028e+07 
0 0 0 0 -0.00686765 -0.000890363 -0.557 -0.725 -5943.5 -0.551401 -0.378564 -3.05297e+07 
0 1 0 1 -0.0073083 0.0377804 -0.563 -0.725 -5836 -0.551287 -0.378877 -2.99192e+07 *  
0 1 0 0 -0.00687041 -0.000112372 -0.558333 -0.725 -5949 -0.551431 -0.378581 -3.05594e+07 
ERROR 13 *  
ERROR 13 *  
0 1 0 1 -0.00773443 0.0456287 -0.561333 -0.725 -5662 -0.547109 -0.371841 -2.91827e+07 *  
ERROR 13 *  
0 1 0 0 -0.00729877 0.000318721 -0.557667 -0.725 -5746.5 -0.547257 -0.371604 -2.96662e+07 
0 0 0 0 -0.00750491 -0.00325287 -0.552333 -0.725 -5844.5 -0.548114 -0.374589 -3.018e+07 
0 1 0 0 -0.00707222 -0.00154083 -0.551667 -0.725 -5811.5 -0.543734 -0.37661 -3.02787e+07 
0 1 0 0 -0.00706376 -0.00200725 -0.547333 -0.725 -5866 -0.549249 -0.376872 -3.02287e+07 
ERROR 13 *  
ERROR 13 *  
ERROR 13 *  
ERROR 13 *  
ERROR 13 *  
0 1 0 1 -0.00709284 0.0367896 -0.562333 -0.725 -5831.5 -0.551231 -0.37887 -2.98961e+07 *  
ERROR 13 *  
ERROR 13 *  
ERROR 13 *  
ERROR 13 *  
ERROR 13 *  
ERROR 13 *  
ERROR 13 *  
ERROR 13 *  
ERROR 13 *  
ERROR 13 *  
ERROR 13 *  
0 1 0 1 -0.00730473 0.0376053 -0.561 -0.725 -5825.5 -0.552771 -0.377432 -2.976e+07 *  
0 0 0 0 -0.00686903 -0.000822679 -0.557667 -0.725 -5945 -0.551352 -0.378515 -3.05428e+07 
0 1 0 1 -0.0073083 0.0390922 -0.563 -0.725 -5829 -0.550986 -0.378617 -2.98988e+07 *  
0 1 0 0 -0.00687041 0.00053822 -0.558333 -0.725 -5873.5 -0.551144 -0.37829 -3.01428e+07 
0 1 0 0 -0.00838534 0.0559676 -0.567333 -0.725 -5671.5 -0.546038 -0.370667 -2.93061e+07 *  
0 1 0 0 -0.00838534 0.0559676 -0.567333 -0.725 -5671.5 -0.54603 -0.370676 -2.93067e+07 *  
0 1 0 1 -0.00708899 0.0368509 -0.560333 -0.725 -5640.5 -0.54371 -0.371183 -2.92744e+07 *  
0 1 0 0 -0.00795506 0.00140818 -0.565667 -0.725 -5754 -0.545915 -0.37034 -2.97984e+07 
0 1 0 0 -0.00816924 0.00207703 -0.565667 -0.725 -5754.5 -0.545926 -0.370338 -2.97982e+07 
0 1 0 0 -0.00665136 -0.00034158 -0.556333 -0.725 -5758 -0.543838 -0.37091 -2.99567e+07 
0 1 0 0 -0.0070845 -0.000799896 -0.558 -0.725 -5949.5 -0.551615 -0.378454 -3.05498e+07 
0 0 0 0 -0.00707999 -0.000486723 -0.555667 -0.725 -5934 -0.552322 -0.377189 -3.04147e+07 
0 1 0 0 -0.00622181 -0.000867911 -0.556333 -0.725 -5962.5 -0.551203 -0.380834 -3.06529e+07 
0 0 0 0 -0.00708063 -0.000452284 -0.556 -0.725 -5934 -0.55223 -0.377161 -3.04209e+07 
0 1 0 0 -0.0070845 -0.000794183 -0.558 -0.725 -5946.5 -0.551402 -0.378468 -3.05492e+07 
0 0 0 0 -0.00708063 -0.000469534 -0.556 -0.725 -5938 -0.552341 -0.377308 -3.04351e+07 
0 0 0 0 -0.00686834 -0.000867911 -0.557333 -0.725 -5954.5 -0.552146 -0.378576 -3.05428e+07 
0 1 0 0 -0.00687041 -0.000736662 -0.558333 -0.725 -5951.5 -0.551324 -0.378899 -3.05828e+07 
0 0 0 0 -0.00708063 -0.00104993 -0.556 -0.725 -5939.5 -0.552347 -0.37747 -3.04428e+07 
0 1 0 0 -0.0070845 -0.00141997 -0.558 -0.725 -5954.5 -0.551672 -0.378787 -3.05746e+07 
0 0 0 0 -0.00708128 -0.000405979 -0.556333 -0.725 -5939.5 -0.552172 -0.377584 -3.04565e+07 
0 1 0 1 -0.0073089 0.0387216 -0.563333 -0.725 -5818 -0.550348 -0.378169 -2.98759e+07 *  
0 1 0 1 -0.0073083 0.0371552 -0.563 -0.725 -5824.5 -0.550603 -0.378583 -2.98971e+07 *  
ERROR 13 *  
ERROR 13 *  
0 1 0 1 -0.0070922 0.0365489 -0.562 -0.725 -5822 -0.55086 -0.378591 -2.98658e+07 *  
0 1 0 1 -0.00730711 0.0359897 -0.562333 -0.725 -5829 -0.551301 -0.37854 -2.98773e+07 *  
0 1 0 1 -0.0070922 0.0372272 -0.562 -0.725 -5826 -0.551022 -0.378775 -2.98776e+07 *  
0 1 0 1 -0.00709412 0.0392203 -0.563 -0.725 -5831 -0.551152 -0.378656 -2.9899e+07 *  
0 1 0 1 -0.00730711 0.0372576 -0.562333 -0.725 -5831.5 -0.551316 -0.378733 -2.98902e+07 *  
0 1 0 1 -0.00730949 0.0382514 -0.563667 -0.725 -5851 -0.551669 -0.379414 -2.99781e+07 *  
0 1 0 1 -0.0073089 0.0379364 -0.563333 -0.725 -5845 -0.551496 -0.379211 -2.99551e+07 *  
0 1 0 1 -0.00709348 0.036378 -0.562667 -0.725 -5835 -0.551354 -0.378882 -2.99077e+07 *  
0 1 0 1 -0.00709348 0.0370021 -0.562667 -0.725 -5835.5 -0.551062 -0.379193 -2.9929e+07 *  
ERROR 13 *  
0 1 0 1 -0.00709348 0.0370938 -0.562667 -0.725 -5839 -0.551461 -0.379127 -2.99229e+07 *  
ERROR 13 *  
ERROR 13 *  
0 1 0 1 -0.00730473 0.0382718 -0.561 -0.725 -5821.5 -0.552422 -0.37745 -2.97592e+07 *  
0 0 0 0 -0.00686972 -0.000753993 -0.558 -0.725 -5950.5 -0.55156 -0.378743 -3.05604e+07 
0 1 0 1 -0.00709603 0.0386349 -0.564 -0.725 -5858.5 -0.551936 -0.379683 -3.00044e+07 *  
0 1 0 0 -0.00708835 0.00010203 -0.56 -0.725 -5905.5 -0.552049 -0.379317 -3.0267e+07 
0 1 0 1 -0.00796639 0.0563731 -0.574 -0.725 -5726 -0.543859 -0.374158 -2.97689e+07 *  
ERROR 13 *  
ERROR 13 *  
0 1 0 1 -0.00796232 0.0453269 -0.571 -0.725 -5967.5 -0.556144 -0.383369 -3.03459e+07 *  
0 1 0 0 -0.00774496 0.00058412 -0.568333 -0.725 -6036.5 -0.556022 -0.382758 -3.07479e+07 
0 1 0 0 -0.00796639 -0.000791323 -0.574 -0.725 -5843.5 -0.542965 -0.373149 -3.05162e+07 
0 1 0 0 -0.00730414 0.00143568 -0.560667 -0.35 -2232.5 0.05216 -0.269804 -2.13841e+07 
0 1 0 0 -0.00730414 0.00143568 -0.560667 -0.725 -5926.5 -0.552961 -0.379848 -3.03277e+07 
0 0 0 0 -0.00665504 -0.00137174 -0.558 -0.725 -5949 -0.551029 -0.379135 -3.05869e+07 
ERROR 20 
0 1 0 0 -0.00665724 -0.000625391 -0.559 -0.325 -2190 0.07946 -0.265288 -2.13455e+07 
0 0 0 0 -0.00708192 -0.000984575 -0.556667 -0.725 -5950 -0.552482 -0.377964 -3.04946e+07 
ERROR 13 *  
ERROR 20 
0 1 0 1 -0.00666456 0.0411265 -0.562333 -0.725 -5567 -0.540647 -0.369708 -2.90381e+07 *  
0 1 0 0 -0.00751653 0.0417624 -0.559333 -0.725 -5690 -0.547649 -0.374575 -2.93097e+07 *  
ERROR 13 *  
ERROR 13 *  
0 1 0 0 -0.00729337 -0.0012766 -0.554667 -0.725 -5847 -0.547852 -0.374466 -3.02123e+07 
0 1 0 0 -0.00665871 -0.00176896 -0.559667 -0.725 -5716.5 -0.540724 -0.369545 -2.99171e+07 
0 1 0 0 -0.00688481 -0.00247499 -0.565333 -0.725 -6039 -0.552527 -0.382905 -3.10049e+07 
0 0 0 0 -0.00707869 0 -0.555 -0.325 -2178 0.07765 -0.263328 -2.11438e+07 
0 1 0 0 -0.00688208 0.000738437 -0.564 -0.725 -5931 -0.550647 -0.381405 -3.05085e+07 
0 0 0 0 -0.00686143 -0.00186489 -0.554 -0.725 -5929.5 -0.552457 -0.37713 -3.03788e+07 
ERROR 13 *  
ERROR 13 *  
ERROR 13 *  
ERROR 13 *  
ERROR 13 *  
ERROR 13 *  
0 1 0 1 -0.00709667 0.0377104 -0.564333 -0.725 -5847 -0.551032 -0.379498 -2.99973e+07 *  
ERROR 13 *  
ERROR 13 *  
ERROR 13 *  
ERROR 13 *  
ERROR 13 *  
ERROR 13 *  
ERROR 13 *  
0 1 0 1 -0.00731836 0.0378287 -0.568667 -0.725 -5924.5 -0.552465 -0.382451 -3.03503e+07 *  
ERROR 13 *  
ERROR 13 *  
0 1 0 1 -0.00752805 0.0426655 -0.566333 -0.725 -5864 -0.554356 -0.379051 -2.98726e+07 *  
0 1 0 0 -0.00666017 0.000857329 -0.560333 -0.725 -5892.5 -0.551141 -0.379188 -3.02542e+07 
0 1 0 0 -0.00688481 0.000269637 -0.565333 -0.725 -5964.5 -0.552452 -0.381888 -3.05805e+07 
0 0 0 0 -0.0073083 0.00179809 -0.563 -0.725 -5943.5 -0.554478 -0.378817 -3.0321e+07 
0 0 0 0 -0.00684122 -0.00329369 -0.544333 -0.275 -1966 0.15917 -0.246506 -1.9581e+07 
0 0 0 0 -0.00686489 -0.00345958 -0.555667 -0.325 -2122.5 0.10441 -0.26031 -2.08842e+07 
0 1 0 1 -0.00752148 0.0395338 -0.562333 -0.725 -5778.5 -0.550079 -0.375523 -2.96661e+07 *  
ERROR 13 *  
0 1 0 0 -0.00753296 0.0387864 -0.569333 -0.725 -5965 -0.555309 -0.38253 -3.03869e+07 *  
0 1 0 1 -0.00753459 0.0423718 -0.570333 -0.725 -5930.5 -0.553963 -0.382931 -3.02825e+07 *  
0 1 0 0 -0.0075286 -0.000355032 -0.566667 -0.725 -6069.5 -0.555201 -0.381908 -3.09917e+07 
0 1 0 0 -0.00729936 -0.00084535 -0.558 -0.725 -5893.5 -0.550183 -0.37517 -3.03255e+07 
0 1 0 0 -0.00731659 0.00265816 -0.567667 -0.725 -6003 -0.553952 -0.382506 -3.06986e+07 
0 0 0 0 -0.00707934 -0.00174814 -0.555333 -0.725 -5903 -0.551195 -0.375722 -3.03105e+07 
0 1 0 0 -0.00665577 -0.00132842 -0.558333 -0.725 -5954 -0.551063 -0.37944 -3.06143e+07 
0 0 0 0 -0.00708192 -0.000962581 -0.556667 -0.725 -5943.5 -0.552013 -0.377951 -3.04879e+07 
0 1 0 0 -0.00687041 -0.00135014 -0.558333 -0.725 -5955 -0.551145 -0.379385 -3.06155e+07 
0 0 0 0 -0.00708192 -0.000957066 -0.556667 -0.725 -5942.5 -0.551902 -0.37802 -3.04913e+07 
0 1 0 0 -0.00686972 -0.00140395 -0.558 -0.725 -5953 -0.551306 -0.379092 -3.05917e+07 
0 0 0 0 -0.00708257 -0.000923836 -0.557 -0.725 -5945.5 -0.551835 -0.378224 -3.05139e+07 
0 0 0 0 -0.00686972 -0.0014093 -0.558 -0.725 -5953 -0.55137 -0.379033 -3.05889e+07 
0 1 0 0 -0.0068711 -0.00129565 -0.558667 -0.725 -5957.5 -0.551132 -0.379555 -3.06309e+07 
0 1 0 0 -0.00730652 0.0433673 -0.562 -0.725 -5805 -0.552037 -0.378636 -2.96888e+07 *  
0 1 0 0 -0.00729877 0.000951767 -0.557667 -0.725 -5890 -0.552276 -0.378583 -3.01636e+07 
0 1 0 1 -0.00753947 0.0468278 -0.573333 -0.725 -5759.5 -0.543577 -0.37762 -2.99832e+07 *  
0 1 0 0 -0.00753622 0.0432181 -0.571333 -0.725 -5740 -0.543109 -0.377325 -2.98998e+07 *  
ERROR 13 *  
ERROR 13 *  
0 1 0 0 -0.00732483 -9.23873e-05 -0.572333 -0.725 -5771 -0.540983 -0.374459 -3.02204e+07 
0 1 0 0 -0.00753459 -0.00199071 -0.570333 -0.725 -5863 -0.542633 -0.376352 -3.06528e+07 
0 0 0 0 -0.00708128 -0.00103368 -0.556333 -0.725 -5882.5 -0.550189 -0.374748 -3.0259e+07 
0 0 0 0 -0.00641609 -0.000246366 -0.547667 -0.275 -1966 0.16058 -0.246209 -1.96055e+07 
0 1 0 0 -0.0064381 -0.000834028 -0.557 -0.725 -5929.5 -0.549841 -0.379149 -3.05556e+07 
0 0 0 0 -0.00708385 -0.00084535 -0.557667 -0.725 -5952.5 -0.552209 -0.378225 -3.05289e+07 
0 1 0 1 -0.00731245 0.0407089 -0.565333 -0.725 -5786 -0.549239 -0.378176 -2.97655e+07 *  
ERROR 13 *  
ERROR 13 *  
ERROR 13 *  
ERROR 13 *  
0 1 0 1 -0.00709603 0.0399701 -0.564 -0.725 -5834.5 -0.550864 -0.378798 -2.99386e+07 *  
0 1 0 1 -0.00731777 0.0403685 -0.568333 -0.725 -5917 -0.552569 -0.381894 -3.02992e+07 *  
ERROR 13 *  
ERROR 13 *  
0 1 0 1 -0.00752532 0.0388289 -0.564667 -0.725 -5861.5 -0.551385 -0.380083 -3.00585e+07 *  
0 1 0 1 -0.00752532 0.038764 -0.564667 -0.725 -5862.5 -0.551432 -0.380106 -3.00617e+07 *  
0 1 0 1 -0.00731008 0.0385384 -0.564 -0.725 -5858.5 -0.551568 -0.38 -3.00283e+07 *  
0 1 0 1 -0.00709476 0.0349691 -0.563333 -0.725 -5845 -0.55132 -0.379466 -2.99684e+07 *  
ERROR 13 *  
ERROR 13 *  
ERROR 13 *  
0 1 0 1 -0.00752093 0.0394705 -0.562 -0.725 -5820 -0.55256 -0.376717 -2.97409e+07 *  
ERROR 13 *  
0 1 0 0 -0.00687316 0.000705609 -0.559667 -0.725 -5901.5 -0.551686 -0.379531 -3.02695e+07 
0 1 0 0 -0.00708899 0.00014732 -0.560333 -0.725 -5970 -0.551479 -0.37965 -3.06788e+07 
0 0 0 0 -0.00687179 -1.89039e-05 -0.559 -0.325 -2175 0.07303 -0.265871 -2.10159e+07 
0 1 0 0 -0.00687385 0.00078094 -0.56 -0.725 -5883 -0.551023 -0.378574 -3.02058e+07 
0 1 0 0 -0.00709859 0.000900771 -0.565333 -0.725 -5962.5 -0.552571 -0.3815 -3.05602e+07 
0 1 0 0 -0.00708899 0.00140647 -0.560333 -0.725 -5904.5 -0.551532 -0.379628 -3.02977e+07 
0 1 0 0 -0.00730652 0.000359583 -0.562 -0.725 -5863.5 -0.549316 -0.377786 -3.02098e+07 
0 0 0 0 -0.00729877 -0.00028825 -0.557667 -0.725 -5870.5 -0.552744 -0.376478 -3.00202e+07 
0 0 0 0 -0.00685518 -0.00216976 -0.551 -0.3 -2083 0.11348 -0.256177 -2.04863e+07 
0 0 0 0 -0.00619849 -0.00355254 -0.547 -0.275 -1946 0.17286 -0.245463 -1.9512e+07 
0 1 0 0 -0.00730652 0.0433673 -0.562 -0.725 -5805 -0.552031 -0.37863 -2.96884e+07 *  
0 1 0 0 -0.00729877 0.000344073 -0.557667 -0.725 -5890 -0.552269 -0.378577 -3.01632e+07 
ERROR 13 *  
ERROR 13 *  
ERROR 13 *  
ERROR 13 *  
0 1 0 0 -0.0059808 -0.00194627 -0.546333 -0.725 -5638 -0.53735 -0.370165 -2.96689e+07 
0 0 0 0 -0.0059532 -0.00623644 -0.536 -0.2 -1776.5 0.23663 -0.22358 -1.78797e+07 
0 1 0 0 -0.00773392 -0.00119023 -0.561 -0.725 -6013 -0.55497 -0.378987 -3.0685e+07 
0 1 0 0 -0.00773392 -0.00119023 -0.561 -0.725 -6013 -0.554983 -0.378996 -3.06857e+07 
0 1 0 0 -0.00687041 -0.000742446 -0.558333 -0.725 -5953.5 -0.551298 -0.379072 -3.05962e+07 
0 0 0 0 -0.00686834 -0.000867911 -0.557333 -0.725 -5947.5 -0.551713 -0.37846 -3.05338e+07 
ERROR 13 *  
ERROR 13 *  
ERROR 13 *  
ERROR 13 *  
0 1 0 1 -0.0070954 0.0383785 -0.563667 -0.725 -5843 -0.551139 -0.379338 -2.99688e+07 *  
ERROR 13 *  
ERROR 13 *  
ERROR 13 *  
ERROR 13 *  
ERROR 13 *  
ERROR 13 *  
0 1 0 1 -0.00731186 0.0372263 -0.565 -0.725 -5875 -0.551903 -0.380544 -3.01003e+07 *  
ERROR 13 *  
ERROR 13 *  
ERROR 13 *  
ERROR 13 *  
0 1 0 1 -0.00730652 0.0395022 -0.562 -0.725 -5812 -0.55185 -0.376753 -2.97413e+07 *  
ERROR 13 *  
0 1 0 0 -0.00709028 -0.000407142 -0.561 -0.725 -5983 -0.551969 -0.37999 -3.07192e+07 
0 1 0 0 -0.00687248 4.43861e-05 -0.559333 -0.725 -5887.5 -0.551283 -0.378926 -3.02154e+07 
0 0 0 0 -0.00729877 -0.000276319 -0.557667 -0.725 -5931.5 -0.552039 -0.376552 -3.04194e+07 
0 1 0 0 -0.00621019 -0.000839339 -0.551667 -0.325 -2129 0.09789 -0.261199 -2.08533e+07 
0 1 0 0 -0.00686834 -0.00148345 -0.557333 -0.725 -5954.5 -0.551488 -0.379219 -3.0588e+07 
ERROR 13 *  
ERROR 13 *  
ERROR 13 *  
ERROR 13 *  
0 1 0 0 -0.00684402 -0.00584795 -0.545667 -0.725 -5799.5 -0.541296 -0.376297 -3.03676e+07 
0 1 0 0 -0.00729697 -0.00163817 -0.556667 -0.725 -5885 -0.549893 -0.375035 -3.02955e+07 
0 1 0 0 -0.00752969 -0.000956642 -0.567333 -0.725 -6049 -0.55118 -0.38412 -3.11537e+07 
0 1 0 0 -0.00729277 -0.00187926 -0.554333 -0.725 -5936.5 -0.552577 -0.377297 -3.04101e+07 
0 0 0 0 -0.0068711 -0.000701807 -0.558667 -0.725 -5957.5 -0.551807 -0.378784 -3.05841e+07 
ERROR 13 *  
ERROR 13 *  
ERROR 13 *  
ERROR 13 *  
ERROR 13 *  
ERROR 13 *  
0 1 0 1 -0.0073083 0.0365595 -0.563 -0.725 -5843 -0.551288 -0.379455 -2.99592e+07 *  
ERROR 13 *  
ERROR 13 *  
ERROR 13 *  
ERROR 13 *  
ERROR 13 *  
ERROR 13 *  
ERROR 13 *  
ERROR 13 *  
ERROR 13 *  
0 1 0 1 -0.00751928 0.0387851 -0.561 -0.725 -5809 -0.551919 -0.376862 -2.97189e+07 *  
ERROR 13 *  
0 1 0 0 -0.00687041 -0.000730871 -0.558333 -0.725 -5953.5 -0.55138 -0.379 -3.05888e+07 
0 0 0 0 -0.00708063 -0.000463791 -0.556 -0.725 -5927 -0.552105 -0.376658 -3.03877e+07 
0 0 0 0 -0.00707805 -0.000649773 -0.554667 -0.725 -5934.5 -0.552871 -0.376828 -3.03787e+07 
0 0 0 0 -0.00686765 -0.00211359 -0.557 -0.725 -5945 -0.55122 -0.378854 -3.0551e+07 
0 1 0 1 -0.00775442 0.0617145 -0.574667 -0.725 -5826.5 -0.547198 -0.379126 -3.01366e+07 *  
0 1 0 0 -0.00774396 0.049071 -0.567667 -0.725 -5742.5 -0.547473 -0.37514 -2.96274e+07 *  
0 1 0 0 -0.00752914 0.0487465 -0.567 -0.725 -5814 -0.550721 -0.378297 -2.98297e+07 *  
ERROR 13 *  
0 1 0 0 -0.00775442 0.00650989 -0.574667 -0.725 -5899 -0.546648 -0.378655 -3.05947e+07 
0 1 0 0 -0.00752532 0.00342109 -0.564667 -0.725 -5897 -0.550818 -0.37804 -3.03022e+07 
0 1 0 0 -0.00731186 0.002849 -0.565 -0.725 -5887.5 -0.550304 -0.377694 -3.02818e+07 
0 0 0 0 -0.00617744 -0.00414757 -0.538667 -0.25 -1869.5 0.2067 -0.239979 -1.8893e+07 
0 0 0 0 -0.00686903 -0.000816993 -0.557667 -0.725 -5950 -0.551721 -0.37856 -3.05455e+07 
ERROR 13 *  
ERROR 13 *  
ERROR 13 *  
ERROR 13 *  
ERROR 13 *  
ERROR 13 *  
ERROR 13 *  
ERROR 13 *  
ERROR 13 *  
ERROR 13 *  
ERROR 13 *  
ERROR 13 *  
ERROR 13 *  
ERROR 13 *  
ERROR 13 *  
ERROR 13 *  
ERROR 13 *  
ERROR 13 *  
0 0 0 0 -0.00729457 -0.000566133 -0.555333 -0.725 -5935.5 -0.552717 -0.376865 -3.0394e+07 
0 0 0 0 -0.00707869 1.18975e-05 -0.555 -0.725 -5932 -0.5526 -0.376893 -3.03826e+07 
0 1 0 0 -0.0068711 -0.000684282 -0.558667 -0.725 -5959 -0.5515 -0.37925 -3.06126e+07 
ERROR 13 *  
ERROR 13 *  
ERROR 13 *  
ERROR 13 *  
0 1 0 0 -0.00640817 -0.00429583 -0.544333 -0.275 -1951 0.1589 -0.243536 -1.93566e+07 
0 0 0 0 -0.00685449 -0.00219636 -0.550667 -0.725 -5800.5 -0.547318 -0.372514 -2.99747e+07 
0 0 0 0 -0.00684822 -0.00357721 -0.547667 -0.725 -5856 -0.547642 -0.377593 -3.02786e+07 
0 0 0 0 -0.00617998 -0.00358099 -0.539667 -0.25 -1896.5 0.19393 -0.242322 -1.91021e+07 
ERROR 13 *  
ERROR 13 *  
ERROR 13 *  
ERROR 13 *  
ERROR 13 *  
ERROR 13 *  
ERROR 13 *  
ERROR 13 *  
ERROR 13 *  
ERROR 13 *  
ERROR 13 *  
ERROR 13 *  
ERROR 13 *  
ERROR 13 *  
ERROR 13 *  
ERROR 13 *  
ERROR 13 *  
ERROR 13 *  
0 0 0 0 -0.00707934 -0.000566133 -0.555333 -0.725 -5934.5 -0.552663 -0.376871 -3.03944e+07 
0 0 0 0 -0.00707869 -0.000582979 -0.555 -0.725 -5933 -0.552655 -0.376888 -3.03835e+07 
0 1 0 0 -0.00687041 -0.000730871 -0.558333 -0.725 -5956 -0.551451 -0.379144 -3.05991e+07 
0 1 0 1 -0.00796413 0.0451039 -0.572333 -0.725 -5841 -0.549533 -0.378919 -3.00645e+07 *  
0 1 0 0 -0.00774246 0.0406096 -0.566667 -0.725 -5823 -0.552883 -0.376921 -2.97372e+07 *  
0 1 0 0 -0.00774246 0.0407476 -0.566667 -0.725 -5866.5 -0.55346 -0.377534 -2.99493e+07 *  
0 1 0 0 -0.00752586 0.0429915 -0.565 -0.725 -5796 -0.548611 -0.379761 -2.9865e+07 *  
0 1 0 0 -0.00796232 -0.00195503 -0.571 -0.725 -5966 -0.549133 -0.378144 -3.08159e+07 
0 0 0 0 -0.00752313 0.00115913 -0.563333 -0.725 -5900.5 -0.552983 -0.376622 -3.01772e+07 
0 0 0 0 -0.0073089 0.000524642 -0.563333 -0.725 -5913.5 -0.553532 -0.377178 -3.02145e+07 
0 1 0 0 -0.00730533 0.000892407 -0.561333 -0.725 -5873.5 -0.54871 -0.3794 -3.03064e+07 
ERROR 13 *  
ERROR 13 *  
ERROR 13 *  
ERROR 13 *  
ERROR 13 *  
ERROR 13 *  
ERROR 13 *  
ERROR 13 *  
ERROR 13 *  
ERROR 13 *  
ERROR 13 *  
ERROR 13 *  
ERROR 13 *  
ERROR 13 *  
ERROR 13 *  
ERROR 13 *  
ERROR 13 *  
ERROR 13 *  
0 0 0 0 -0.00707869 -5.93828e-06 -0.555 -0.725 -5932.5 -0.552637 -0.376848 -3.03831e+07 
0 0 0 0 -0.00707934 -0.000554869 -0.555333 -0.725 -5935.5 -0.552711 -0.376938 -3.03968e+07 
0 1 0 0 -0.00686972 -0.000771259 -0.558 -0.725 -5953.5 -0.551416 -0.379079 -3.05874e+07 
ERROR 13 *  
0 1 0 0 -0.00751763 0.0392484 -0.56 -0.725 -5810 -0.552386 -0.376928 -2.9695e+07 *  
ERROR 13 *  
0 1 0 1 -0.00752805 0.0459777 -0.566333 -0.725 -5870.5 -0.5546 -0.379386 -2.98955e+07 *  
0 0 0 0 -0.00729337 0.000525418 -0.554667 -0.725 -5857 -0.552606 -0.376641 -2.99509e+07 
0 1 0 0 -0.0073083 0.00377219 -0.563 -0.725 -5951.5 -0.554753 -0.379225 -3.03483e+07 
0 1 0 0 -0.00707546 0.000372387 -0.553333 -0.725 -5788.5 -0.549226 -0.374831 -2.97785e+07 
0 1 0 0 -0.00728555 0.00103572 -0.550333 -0.3 -2081 0.09985 -0.258109 -2.0211e+07 
ERROR 13 *  
ERROR 13 *  
ERROR 13 *  
ERROR 13 *  
ERROR 13 *  
ERROR 13 *  
ERROR 13 *  
ERROR 13 *  
ERROR 13 *  
ERROR 13 *  
ERROR 13 *  
ERROR 13 *  
ERROR 13 *  
ERROR 13 *  
ERROR 13 *  
ERROR 13 *  
ERROR 13 *  
ERROR 13 *  
0 0 0 0 -0.00707869 -0.000577371 -0.555 -0.725 -5933 -0.552667 -0.376904 -3.03835e+07 
0 0 0 0 -0.00707869 1.78568e-05 -0.555 -0.725 -5932.5 -0.552669 -0.376872 -3.038e+07 
0 0 0 0 -0.00686972 -0.000788462 -0.558 -0.725 -5953 -0.551371 -0.379034 -3.05878e+07 
0 1 0 1 -0.00730116 0.0394441 -0.559 -0.725 -5622 -0.54251 -0.37133 -2.92439e+07 *  
0 1 0 1 -0.00730116 0.0394441 -0.559 -0.725 -5622 -0.54251 -0.371331 -2.92439e+07 *  
ERROR 13 *  
ERROR 13 *  
0 1 0 0 -0.00707869 -0.00237216 -0.555 -0.725 -5746.5 -0.542656 -0.371174 -2.99663e+07 
0 1 0 0 -0.00707869 -0.00237216 -0.555 -0.725 -5746.5 -0.542656 -0.371174 -2.99663e+07 
0 0 0 0 -0.00662838 -0.00420339 -0.546 -0.725 -5833 -0.547516 -0.376435 -3.01514e+07 
0 0 0 0 -0.00685379 -0.00166945 -0.550333 -0.725 -5803.5 -0.547673 -0.37252 -2.99687e+07 
ERROR 13 *  
ERROR 13 *  
ERROR 13 *  
ERROR 13 *  
ERROR 13 *  
ERROR 13 *  
ERROR 13 *  
ERROR 13 *  
ERROR 13 *  
ERROR 13 *  
ERROR 13 *  
ERROR 13 *  
ERROR 13 *  
ERROR 13 *  
ERROR 13 *  
ERROR 13 *  
ERROR 13 *  
ERROR 13 *  
0 0 0 0 -0.00707869 -0.000577371 -0.555 -0.725 -5933 -0.552669 -0.376902 -3.03833e+07 
0 0 0 0 -0.00707869 1.18975e-05 -0.555 -0.725 -5932.5 -0.552659 -0.376888 -3.03823e+07 
0 0 0 0 -0.00686972 -0.0014093 -0.558 -0.725 -5953 -0.551363 -0.379023 -3.05882e+07 
ERROR 13 *  
ERROR 13 *  
ERROR 13 *  
ERROR 13 *  
0 0 0 0 -0.0066224 -0.00490234 -0.543333 -0.225 -1835.5 0.2166 -0.233261 -1.85087e+07 
0 0 0 0 -0.0068524 -0.000634793 -0.549667 -0.3 -2053 0.11948 -0.252222 -2.01675e+07 
0 0 0 0 -0.0068524 -0.000634793 -0.549667 -0.3 -2053 0.11953 -0.252244 -2.01689e+07 
0 0 0 0 -0.00705657 -0.00338079 -0.543667 -0.275 -1964 0.16123 -0.246682 -1.95885e+07 
ERROR 13 *  
ERROR 13 *  
ERROR 13 *  
ERROR 13 *  
ERROR 13 *  
ERROR 13 *  
ERROR 13 *  
ERROR 13 *  
ERROR 13 *  
ERROR 13 *  
ERROR 13 *  
ERROR 13 *  
ERROR 13 *  
ERROR 13 *  
ERROR 13 *  
ERROR 13 *  
ERROR 13 *  
ERROR 13 *  
0 0 0 0 -0.00707869 1.78568e-05 -0.555 -0.725 -5932.5 -0.552665 -0.376897 -3.03818e+07 
0 0 0 0 -0.00707869 -0.000577371 -0.555 -0.725 -5933 -0.552681 -0.376888 -3.03823e+07 
0 0 0 0 -0.00686972 -0.000788462 -0.558 -0.725 -5953 -0.551369 -0.379035 -3.05879e+07 
ERROR 13 *  
0 1 0 1 -0.00731718 0.0381003 -0.568 -0.725 -5907.5 -0.551973 -0.381829 -3.02829e+07 *  
0 1 0 1 -0.00731718 0.0381003 -0.568 -0.725 -5907.5 -0.551973 -0.381829 -3.02829e+07 *  
ERROR 13 *  
0 1 0 0 -0.00688344 -0.000513611 -0.564667 -0.725 -6009.5 -0.551977 -0.381235 -3.08731e+07 
0 1 0 0 -0.00688344 -0.000513611 -0.564667 -0.725 -6009.5 -0.551977 -0.381235 -3.08731e+07 
0 0 0 0 -0.00663583 -0.000634793 -0.549333 -0.3 -2054 0.11827 -0.252243 -2.01557e+07 
0 0 0 0 -0.00751818 -0.00121263 -0.560333 -0.725 -5996.5 -0.554454 -0.378546 -3.06265e+07 
0 1 0 0 -0.00839799 0.0366089 -0.579 -0.75 -6135.5 -0.559916 -0.387083 -3.10378e+07 *  
0 1 0 0 -0.00818431 0.000688894 -0.578 -0.75 -6167.5 -0.559474 -0.3861 -3.12503e+07 
0 1 0 1 -0.00774496 0.0473787 -0.568333 -0.725 -5839.5 -0.551107 -0.379236 -2.99501e+07 *  
0 1 0 1 -0.00774496 0.0473787 -0.568333 -0.725 -5839.5 -0.551107 -0.379236 -2.99501e+07 *  
ERROR 13 *  
ERROR 13 *  
0 1 0 0 -0.00752696 0.00289284 -0.565667 -0.725 -5917 -0.551157 -0.378897 -3.03947e+07 
0 1 0 0 -0.00752696 0.00289284 -0.565667 -0.725 -5917 -0.551158 -0.378897 -3.03947e+07 
0 1 0 0 -0.00707417 -0.0031746 -0.552667 -0.725 -5894.5 -0.550636 -0.376357 -3.03008e+07 
0 0 0 0 -0.00728856 -0.00269892 -0.552 -0.725 -5953.5 -0.551822 -0.380042 -3.05593e+07 
ERROR 13 *  
ERROR 13 *  
ERROR 13 *  
ERROR 13 *  
ERROR 13 *  
ERROR 13 *  
ERROR 13 *  
ERROR 13 *  
ERROR 13 *  
ERROR 13 *  
ERROR 13 *  
ERROR 13 *  
ERROR 13 *  
ERROR 13 *  
ERROR 13 *  
ERROR 13 *  
ERROR 13 *  
ERROR 13 *  
0 0 0 0 -0.00707869 -0.000577371 -0.555 -0.725 -5933 -0.552688 -0.376894 -3.03828e+07 
0 0 0 0 -0.00707869 -0.000577371 -0.555 -0.725 -5932.5 -0.55266 -0.376892 -3.03826e+07 
0 0 0 0 -0.00751818 -0.000577745 -0.560333 -0.725 -5996.5 -0.554455 -0.378548 -3.06254e+07 
0 1 0 0 -0.00839799 0.0366089 -0.579 -0.75 -6135.5 -0.559916 -0.387083 -3.10378e+07 *  
0 1 0 0 -0.00818431 0.000688894 -0.578 -0.75 -6167.5 -0.559474 -0.3861 -3.12503e+07 
ERROR 13 *  
ERROR 13 *  
ERROR 13 *  
0 1 0 0 -0.00752641 0.0404715 -0.565333 -0.725 -5848.5 -0.554159 -0.378425 -2.9797e+07 *  
0 0 0 0 -0.00752038 0.00219362 -0.561667 -0.725 -5926.5 -0.554304 -0.378061 -3.0236e+07 
0 0 0 0 -0.00729337 -0.000655296 -0.554667 -0.725 -5924 -0.552767 -0.376061 -3.03257e+07 
0 0 0 0 -0.00729877 -0.000270343 -0.557667 -0.725 -5957 -0.55322 -0.377446 -3.04834e+07 
0 0 0 0 -0.00729877 -0.000270343 -0.557667 -0.725 -5958.5 -0.553324 -0.37747 -3.04853e+07 
ERROR 13 *  
ERROR 13 *  
ERROR 13 *  
ERROR 13 *  
ERROR 13 *  
ERROR 13 *  
ERROR 13 *  
ERROR 13 *  
ERROR 13 *  
ERROR 13 *  
ERROR 13 *  
ERROR 13 *  
ERROR 13 *  
ERROR 13 *  
ERROR 13 *  
ERROR 13 *  
ERROR 13 *  
ERROR 13 *  
0 0 0 0 -0.00707869 -0.000577371 -0.555 -0.725 -5932.5 -0.552663 -0.376892 -3.03826e+07 
0 0 0 0 -0.00707869 1.18975e-05 -0.555 -0.725 -5933 -0.552666 -0.376899 -3.03831e+07 
0 0 0 0 -0.00751818 -0.00121263 -0.560333 -0.725 -5996.5 -0.554454 -0.378546 -3.06265e+07 
0 1 0 1 -0.00730295 0.0370706 -0.56 -0.725 -5805.5 -0.552044 -0.376971 -2.96923e+07 *  
0 1 0 1 -0.00730295 0.0370412 -0.56 -0.725 -5805.5 -0.55203 -0.376948 -2.96914e+07 *  
0 0 0 0 -0.00686281 0.000587889 -0.554667 -0.725 -5851 -0.55222 -0.376686 -2.99435e+07 
0 0 0 0 -0.00686281 -1.18696e-05 -0.554667 -0.725 -5851 -0.552207 -0.376665 -2.9944e+07 
ERROR 13 *  
ERROR 13 *  
ERROR 13 *  
ERROR 13 *  
ERROR 13 *  
ERROR 13 *  
ERROR 13 *  
ERROR 13 *  
ERROR 13 *  
ERROR 13 *  
ERROR 13 *  
ERROR 13 *  
ERROR 13 *  
ERROR 13 *  
ERROR 13 *  
ERROR 13 *  
ERROR 13 *  
ERROR 13 *  
0 0 0 0 -0.00707869 1.18975e-05 -0.555 -0.725 -5933 -0.552667 -0.376899 -3.03831e+07 
0 0 0 0 -0.00707869 -0.000577371 -0.555 -0.725 -5932.5 -0.552663 -0.376894 -3.03827e+07 
0 0 0 0 -0.00751818 -0.00121263 -0.560333 -0.725 -5996.5 -0.554455 -0.378547 -3.06265e+07 
ERROR 13 *  
ERROR 13 *  
0 1 0 0 -0.00621268 -0.00129711 -0.552667 -0.725 -5903 -0.549603 -0.378617 -3.04188e+07 
0 1 0 0 -0.00621268 -0.00129711 -0.552667 -0.725 -5903 -0.549603 -0.378617 -3.04188e+07 
ERROR 13 *  
ERROR 13 *  
ERROR 13 *  
ERROR 13 *  
ERROR 13 *  
ERROR 13 *  
ERROR 13 *  
ERROR 13 *  
ERROR 13 *  
ERROR 13 *  
ERROR 13 *  
ERROR 13 *  
ERROR 13 *  
ERROR 13 *  
ERROR 13 *  
ERROR 13 *  
ERROR 13 *  
ERROR 13 *  
0 0 0 0 -0.00707869 1.18975e-05 -0.555 -0.725 -5933 -0.552667 -0.376899 -3.03831e+07 
0 0 0 0 -0.00707869 1.18975e-05 -0.555 -0.725 -5933 -0.552667 -0.376899 -3.03831e+07 
0 0 0 0 -0.00751818 -0.00121263 -0.560333 -0.725 -5996.5 -0.554454 -0.378546 -3.06265e+07 
ERROR 13 *  
ERROR 13 *  
0 0 0 0 -0.00707934 -0.000549227 -0.555333 -0.725 -5935.5 -0.552727 -0.376932 -3.03951e+07 
0 0 0 0 -0.00707934 -0.000549227 -0.555333 -0.725 -5935.5 -0.552727 -0.376932 -3.03951e+07 
ERROR 13 *  
ERROR 13 *  
ERROR 13 *  
ERROR 13 *  
ERROR 13 *  
ERROR 13 *  
ERROR 13 *  
ERROR 13 *  
ERROR 13 *  
ERROR 13 *  
ERROR 13 *  
ERROR 13 *  
ERROR 13 *  
ERROR 13 *  
ERROR 13 *  
ERROR 13 *  
ERROR 13 *  
ERROR 13 *  
0 0 0 0 -0.00707869 1.18975e-05 -0.555 -0.725 -5933 -0.552667 -0.376899 -3.03831e+07 
0 0 0 0 -0.00707869 1.18975e-05 -0.555 -0.725 -5933 -0.552667 -0.376899 -3.03831e+07 
0 0 0 0 -0.00751818 -0.00121263 -0.560333 -0.725 -5996.5 -0.554454 -0.378546 -3.06265e+07 
ERROR 13 *  
ERROR 13 *  
0 0 0 0 -0.00707934 -0.000549227 -0.555333 -0.725 -5935 -0.55268 -0.376911 -3.03936e+07 
0 0 0 0 -0.00707934 -0.000549227 -0.555333 -0.725 -5935 -0.55268 -0.376911 -3.03936e+07 
ERROR 13 *  
ERROR 13 *  
ERROR 13 *  
ERROR 13 *  
ERROR 13 *  
ERROR 13 *  
ERROR 13 *  
ERROR 13 *  
ERROR 13 *  
ERROR 13 *  
ERROR 13 *  
ERROR 13 *  
ERROR 13 *  
ERROR 13 *  
ERROR 13 *  
ERROR 13 *  
ERROR 13 *  
ERROR 13 *  
0 0 0 0 -0.00707869 1.18975e-05 -0.555 -0.725 -5933 -0.552667 -0.376899 -3.03831e+07 
0 0 0 0 -0.00707869 1.18975e-05 -0.555 -0.725 -5933 -0.552667 -0.376899 -3.03831e+07 
0 0 0 0 -0.00751818 -0.00121263 -0.560333 -0.725 -5996.5 -0.554454 -0.378546 -3.06265e+07 
ERROR 13 *  
ERROR 13 *  
0 0 0 0 -0.00707869 -0.000577371 -0.555 -0.725 -5933 -0.55268 -0.376888 -3.03824e+07 
0 0 0 0 -0.00707869 -0.000582979 -0.555 -0.725 -5933 -0.552659 -0.376892 -3.03838e+07 
ERROR 13 *  
ERROR 13 *  
ERROR 13 *  
ERROR 13 *  
ERROR 13 *  
ERROR 13 *  
ERROR 13 *  
ERROR 13 *  
ERROR 13 *  
ERROR 13 *  
ERROR 13 *  
ERROR 13 *  
ERROR 13 *  
ERROR 13 *  
ERROR 13 *  
ERROR 13 *  
ERROR 13 *  
ERROR 13 *  
0 0 0 0 -0.00707869 1.18975e-05 -0.555 -0.725 -5933 -0.552667 -0.376899 -3.03831e+07 
0 0 0 0 -0.00707869 1.18975e-05 -0.555 -0.725 -5933 -0.552667 -0.376899 -3.03831e+07 
0 0 0 0 -0.00751818 -0.00121263 -0.560333 -0.725 -5996.5 -0.554454 -0.378546 -3.06265e+07 
ERROR 13 *  
ERROR 13 *  
ERROR 13 *  
0 0 0 0 -0.00729457 -0.000571755 -0.555333 -0.725 -5935.5 -0.552684 -0.376892 -3.03971e+07 
0 0 0 0 -0.00729457 -0.000571755 -0.555333 -0.725 -5935.5 -0.552684 -0.376892 -3.03971e+07 
0 0 0 0 -0.00751818 -0.000577745 -0.560333 -0.725 -5996.5 -0.554455 -0.378549 -3.06255e+07 
ERROR 13 *  
ERROR 13 *  
ERROR 13 *  
ERROR 13 *  
ERROR 13 *  
ERROR 13 *  
ERROR 13 *  
ERROR 13 *  
ERROR 13 *  
ERROR 13 *  
ERROR 13 *  
ERROR 13 *  
ERROR 13 *  
ERROR 13 *  
ERROR 13 *  
ERROR 13 *  
ERROR 13 *  
ERROR 13 *  
0 0 0 0 -0.00707869 1.18975e-05 -0.555 -0.725 -5933 -0.552667 -0.376899 -3.03831e+07 
0 0 0 0 -0.00707869 1.18975e-05 -0.555 -0.725 -5933 -0.552667 -0.376899 -3.03831e+07 
0 0 0 0 -0.00751818 -0.00121263 -0.560333 -0.725 -5996.5 -0.554454 -0.378546 -3.06265e+07 
ERROR 13 *  
ERROR 13 *  
ERROR 13 *  
0 0 0 0 -0.00707869 -0.000577371 -0.555 -0.725 -5933 -0.552686 -0.376894 -3.03828e+07 
0 0 0 0 -0.00707869 -0.000577371 -0.555 -0.725 -5933 -0.552686 -0.376894 -3.03828e+07 
0 0 0 0 -0.00751818 -0.000577745 -0.560333 -0.725 -5996.5 -0.554456 -0.378551 -3.06256e+07 
ERROR 13 *  
ERROR 13 *  
ERROR 13 *  
ERROR 13 *  
ERROR 13 *  
ERROR 13 *  
ERROR 13 *  
ERROR 13 *  
ERROR 13 *  
ERROR 13 *  
ERROR 13 *  
ERROR 13 *  
ERROR 13 *  
ERROR 13 *  
ERROR 13 *  
ERROR 13 *  
ERROR 13 *  
ERROR 13 *  
0 0 0 0 -0.00707869 1.18975e-05 -0.555 -0.725 -5933 -0.552667 -0.376899 -3.03831e+07 
0 0 0 0 -0.00707869 1.18975e-05 -0.555 -0.725 -5933 -0.552667 -0.376899 -3.03831e+07 
0 0 0 0 -0.00751818 -0.00121263 -0.560333 -0.725 -5996.5 -0.554454 -0.378546 -3.06265e+07 
ERROR 13 *  
ERROR 13 *  
0 0 0 0 -0.00707869 -0.000577371 -0.555 -0.725 -5932.5 -0.552662 -0.376892 -3.03826e+07 
0 0 0 0 -0.00707869 -0.000577371 -0.555 -0.725 -5932.5 -0.552662 -0.376892 -3.03826e+07 
ERROR 13 *  
ERROR 13 *  
ERROR 13 *  
ERROR 13 *  
ERROR 13 *  
ERROR 13 *  
ERROR 13 *  
ERROR 13 *  
ERROR 13 *  
ERROR 13 *  
ERROR 13 *  
ERROR 13 *  
ERROR 13 *  
ERROR 13 *  
ERROR 13 *  
ERROR 13 *  
ERROR 13 *  
ERROR 13 *  
0 0 0 0 -0.00707869 1.18975e-05 -0.555 -0.725 -5933 -0.552667 -0.376899 -3.03831e+07 
0 0 0 0 -0.00707869 1.18975e-05 -0.555 -0.725 -5933 -0.552667 -0.376899 -3.03831e+07 
0 0 0 0 -0.00751818 -0.00121263 -0.560333 -0.725 -5996.5 -0.554454 -0.378546 -3.06265e+07 
ERROR 13 *  
ERROR 13 *  
0 0 0 0 -0.00707869 1.18975e-05 -0.555 -0.725 -5933 -0.552666 -0.376899 -3.03831e+07 
0 0 0 0 -0.00707869 1.18975e-05 -0.555 -0.725 -5933 -0.552666 -0.376899 -3.03831e+07 
ERROR 13 *  
ERROR 13 *  
ERROR 13 *  
ERROR 13 *  
ERROR 13 *  
ERROR 13 *  
ERROR 13 *  
ERROR 13 *  
ERROR 13 *  
ERROR 13 *  
ERROR 13 *  
ERROR 13 *  
ERROR 13 *  
ERROR 13 *  
ERROR 13 *  
ERROR 13 *  
ERROR 13 *  
ERROR 13 *  
0 0 0 0 -0.00707869 1.18975e-05 -0.555 -0.725 -5933 -0.552667 -0.376899 -3.03831e+07 
0 0 0 0 -0.00707869 1.18975e-05 -0.555 -0.725 -5933 -0.552667 -0.376899 -3.03831e+07 
0 0 0 0 -0.00751818 -0.00121263 -0.560333 -0.725 -5996.5 -0.554454 -0.378546 -3.06265e+07 
ERROR 13 *  
ERROR 13 *  
ERROR 13 *  
ERROR 13 *  
ERROR 13 *  
ERROR 13 *  
ERROR 13 *  
ERROR 13 *  
ERROR 13 *  
ERROR 13 *  
ERROR 13 *  
ERROR 13 *  
ERROR 13 *  
ERROR 13 *  
ERROR 13 *  
ERROR 13 *  
ERROR 13 *  
ERROR 13 *  
0 0 0 0 -0.00707869 1.18975e-05 -0.555 -0.725 -5933 -0.552667 -0.376899 -3.03831e+07 
0 0 0 0 -0.00707869 1.18975e-05 -0.555 -0.725 -5933 -0.552667 -0.376899 -3.03831e+07 
0 0 0 0 -0.00751818 -0.00121263 -0.560333 -0.725 -5996.5 -0.554454 -0.378546 -3.06265e+07 
0 0 0 0 -0.00707869 1.18975e-05 -0.555 -0.725 -5933 -0.552667 -0.376899 -3.03831e+07 
ERROR 13 *  
ERROR 13 *  
ERROR 13 *  
ERROR 13 *  
ERROR 13 *  
ERROR 13 *  
ERROR 13 *  
ERROR 13 *  
ERROR 13 *  
ERROR 13 *  
ERROR 13 *  
ERROR 13 *  
ERROR 13 *  
ERROR 13 *  
ERROR 13 *  
ERROR 13 *  
ERROR 13 *  
ERROR 13 *  
0 0 0 0 -0.00707869 1.18975e-05 -0.555 -0.725 -5933 -0.552667 -0.376899 -3.03831e+07 
0 0 0 0 -0.00707869 1.18975e-05 -0.555 -0.725 -5933 -0.552667 -0.376899 -3.03831e+07 
0 0 0 0 -0.00751818 -0.00121263 -0.560333 -0.725 -5996.5 -0.554454 -0.378546 -3.06265e+07 
ERROR 13 *  
ERROR 13 *  
ERROR 13 *  
ERROR 13 *  
ERROR 13 *  
ERROR 13 *  
ERROR 13 *  
ERROR 13 *  
ERROR 13 *  
ERROR 13 *  
ERROR 13 *  
ERROR 13 *  
ERROR 13 *  
ERROR 13 *  
ERROR 13 *  
ERROR 13 *  
ERROR 13 *  
ERROR 13 *  
0 0 0 0 -0.00707869 1.18975e-05 -0.555 -0.725 -5933 -0.552667 -0.376899 -3.03831e+07 
0 0 0 0 -0.00707869 1.18975e-05 -0.555 -0.725 -5933 -0.552667 -0.376899 -3.03831e+07 
0 0 0 0 -0.00751818 -0.00121263 -0.560333 -0.725 -5996.5 -0.554454 -0.378546 -3.06265e+07 
ERROR 13 *  
ERROR 13 *  
ERROR 13 *  
ERROR 13 *  
ERROR 13 *  
ERROR 13 *  
ERROR 13 *  
ERROR 13 *  
ERROR 13 *  
ERROR 13 *  
ERROR 13 *  
ERROR 13 *  
ERROR 13 *  
ERROR 13 *  
ERROR 13 *  
ERROR 13 *  
ERROR 13 *  
ERROR 13 *  
0 0 0 0 -0.00707869 1.18975e-05 -0.555 -0.725 -5933 -0.552667 -0.376899 -3.03831e+07 
0 0 0 0 -0.00707869 1.18975e-05 -0.555 -0.725 -5933 -0.552667 -0.376899 -3.03831e+07 
0 0 0 0 -0.00751818 -0.00121263 -0.560333 -0.725 -5996.5 -0.554454 -0.378546 -3.06265e+07 
ERROR 13 *  
ERROR 13 *  
ERROR 13 *  
ERROR 13 *  
ERROR 13 *  
ERROR 13 *  
ERROR 13 *  
ERROR 13 *  
ERROR 13 *  
ERROR 13 *  
ERROR 13 *  
ERROR 13 *  
ERROR 13 *  
ERROR 13 *  
ERROR 13 *  
ERROR 13 *  
ERROR 13 *  
ERROR 13 *  
0 0 0 0 -0.00707869 1.18975e-05 -0.555 -0.725 -5933 -0.552667 -0.376899 -3.03831e+07 
0 0 0 0 -0.00707869 1.18975e-05 -0.555 -0.725 -5933 -0.552667 -0.376899 -3.03831e+07 
0 0 0 0 -0.00751818 -0.00121263 -0.560333 -0.725 -5996.5 -0.554454 -0.378546 -3.06265e+07 
ERROR 13 *  
ERROR 13 *  
ERROR 13 *  
ERROR 13 *  
ERROR 13 *  
ERROR 13 *  
ERROR 13 *  
ERROR 13 *  
ERROR 13 *  
ERROR 13 *  
ERROR 13 *  
ERROR 13 *  
ERROR 13 *  
ERROR 13 *  
ERROR 13 *  
ERROR 13 *  
ERROR 13 *  
ERROR 13 *  
0 0 0 0 -0.00707869 1.18975e-05 -0.555 -0.725 -5933 -0.552667 -0.376899 -3.03831e+07 
0 0 0 0 -0.00707869 1.18975e-05 -0.555 -0.725 -5933 -0.552667 -0.376899 -3.03831e+07 
0 0 0 0 -0.00751818 -0.00121263 -0.560333 -0.725 -5996.5 -0.554454 -0.378546 -3.06265e+07 
ERROR 13 *  
ERROR 13 *  
ERROR 13 *  
ERROR 13 *  
ERROR 13 *  
ERROR 13 *  
ERROR 13 *  
ERROR 13 *  
ERROR 13 *  
ERROR 13 *  
ERROR 13 *  
ERROR 13 *  
ERROR 13 *  
ERROR 13 *  
ERROR 13 *  
ERROR 13 *  
ERROR 13 *  
ERROR 13 *  
0 0 0 0 -0.00707869 1.18975e-05 -0.555 -0.725 -5933 -0.552667 -0.376899 -3.03831e+07 
0 0 0 0 -0.00707869 1.18975e-05 -0.555 -0.725 -5933 -0.552667 -0.376899 -3.03831e+07 
0 0 0 0 -0.00751818 -0.00121263 -0.560333 -0.725 -5996.5 -0.554454 -0.378546 -3.06265e+07 
ERROR 13 *  
ERROR 13 *  
ERROR 13 *  
ERROR 13 *  
ERROR 13 *  
ERROR 13 *  
ERROR 13 *  
ERROR 13 *  
ERROR 13 *  
ERROR 13 *  
ERROR 13 *  
ERROR 13 *  
ERROR 13 *  
ERROR 13 *  
ERROR 13 *  
ERROR 13 *  
ERROR 13 *  
ERROR 13 *  
0 0 0 0 -0.00707869 1.18975e-05 -0.555 -0.725 -5933 -0.552667 -0.376899 -3.03831e+07 
0 0 0 0 -0.00707869 1.18975e-05 -0.555 -0.725 -5933 -0.552667 -0.376899 -3.03831e+07 
0 0 0 0 -0.00751818 -0.00121263 -0.560333 -0.725 -5996.5 -0.554454 -0.378546 -3.06265e+07 
ERROR 13 *  
ERROR 13 *  
ERROR 13 *  
ERROR 13 *  
ERROR 13 *  
ERROR 13 *  
ERROR 13 *  
ERROR 13 *  
ERROR 13 *  
ERROR 13 *  
ERROR 13 *  
ERROR 13 *  
ERROR 13 *  
ERROR 13 *  
ERROR 13 *  
ERROR 13 *  
ERROR 13 *  
ERROR 13 *  
0 0 0 0 -0.00707869 1.18975e-05 -0.555 -0.725 -5933 -0.552667 -0.376899 -3.03831e+07 
0 0 0 0 -0.00707869 1.18975e-05 -0.555 -0.725 -5933 -0.552667 -0.376899 -3.03831e+07 
0 0 0 0 -0.00751818 -0.00121263 -0.560333 -0.725 -5996.5 -0.554454 -0.378546 -3.06265e+07 
ERROR 13 *  
ERROR 13 *  
ERROR 13 *  
ERROR 13 *  
ERROR 13 *  
ERROR 13 *  
ERROR 13 *  
ERROR 13 *  
ERROR 13 *  
ERROR 13 *  
ERROR 13 *  
ERROR 13 *  
ERROR 13 *  
ERROR 13 *  
ERROR 13 *  
ERROR 13 *  
ERROR 13 *  
ERROR 13 *  
0 0 0 0 -0.00707869 1.18975e-05 -0.555 -0.725 -5933 -0.552667 -0.376899 -3.03831e+07 
0 0 0 0 -0.00707869 1.18975e-05 -0.555 -0.725 -5933 -0.552667 -0.376899 -3.03831e+07 
0 0 0 0 -0.00751818 -0.00121263 -0.560333 -0.725 -5996.5 -0.554454 -0.378546 -3.06265e+07 
ERROR 13 *  
ERROR 13 *  
ERROR 13 *  
ERROR 13 *  
ERROR 13 *  
ERROR 13 *  
ERROR 13 *  
ERROR 13 *  
ERROR 13 *  
ERROR 13 *  
ERROR 13 *  
ERROR 13 *  
ERROR 13 *  
ERROR 13 *  
ERROR 13 *  
ERROR 13 *  
ERROR 13 *  
ERROR 13 *  
0 0 0 0 -0.00707869 1.18975e-05 -0.555 -0.725 -5933 -0.552667 -0.376899 -3.03831e+07 
0 0 0 0 -0.00707869 1.18975e-05 -0.555 -0.725 -5933 -0.552667 -0.376899 -3.03831e+07 
0 0 0 0 -0.00751818 -0.00121263 -0.560333 -0.725 -5996.5 -0.554454 -0.378546 -3.06265e+07 
ERROR 13 *  
ERROR 13 *  
ERROR 13 *  
ERROR 13 *  
ERROR 13 *  
ERROR 13 *  
ERROR 13 *  
ERROR 13 *  
ERROR 13 *  
ERROR 13 *  
ERROR 13 *  
ERROR 13 *  
ERROR 13 *  
ERROR 13 *  
ERROR 13 *  
ERROR 13 *  
ERROR 13 *  
ERROR 13 *  
0 0 0 0 -0.00707869 1.18975e-05 -0.555 -0.725 -5933 -0.552667 -0.376899 -3.03831e+07 
0 0 0 0 -0.00707869 1.18975e-05 -0.555 -0.725 -5933 -0.552667 -0.376899 -3.03831e+07 
0 0 0 0 -0.00751818 -0.00121263 -0.560333 -0.725 -5996.5 -0.554454 -0.378546 -3.06265e+07 
ERROR 13 *  
ERROR 13 *  
ERROR 13 *  
ERROR 13 *  
ERROR 13 *  
ERROR 13 *  
ERROR 13 *  
ERROR 13 *  
ERROR 13 *  
ERROR 13 *  
ERROR 13 *  
ERROR 13 *  
ERROR 13 *  
ERROR 13 *  
ERROR 13 *  
ERROR 13 *  
ERROR 13 *  
ERROR 13 *  
0 0 0 0 -0.00707869 1.18975e-05 -0.555 -0.725 -5933 -0.552667 -0.376899 -3.03831e+07 
0 0 0 0 -0.00707869 1.18975e-05 -0.555 -0.725 -5933 -0.552667 -0.376899 -3.03831e+07 
0 0 0 0 -0.00751818 -0.00121263 -0.560333 -0.725 -5996.5 -0.554454 -0.378546 -3.06265e+07 
ERROR 13 *  
ERROR 13 *  
ERROR 13 *  
ERROR 13 *  
ERROR 13 *  
ERROR 13 *  
ERROR 13 *  
ERROR 13 *  
ERROR 13 *  
ERROR 13 *  
ERROR 13 *  
ERROR 13 *  
ERROR 13 *  
ERROR 13 *  
ERROR 13 *  
ERROR 13 *  
ERROR 13 *  
ERROR 13 *  
0 0 0 0 -0.00707869 1.18975e-05 -0.555 -0.725 -5933 -0.552667 -0.376899 -3.03831e+07 
0 0 0 0 -0.00707869 1.18975e-05 -0.555 -0.725 -5933 -0.552667 -0.376899 -3.03831e+07 
0 0 0 0 -0.00751818 -0.00121263 -0.560333 -0.725 -5996.5 -0.554454 -0.378546 -3.06265e+07 
ERROR 13 *  
ERROR 13 *  
ERROR 13 *  
ERROR 13 *  
ERROR 13 *  
ERROR 13 *  
ERROR 13 *  
ERROR 13 *  
ERROR 13 *  
ERROR 13 *  
ERROR 13 *  
ERROR 13 *  
ERROR 13 *  
ERROR 13 *  
ERROR 13 *  
ERROR 13 *  
ERROR 13 *  
ERROR 13 *  
0 0 0 0 -0.00707869 1.18975e-05 -0.555 -0.725 -5933 -0.552667 -0.376899 -3.03831e+07 
0 0 0 0 -0.00707869 1.18975e-05 -0.555 -0.725 -5933 -0.552667 -0.376899 -3.03831e+07 
0 0 0 0 -0.00751818 -0.00121263 -0.560333 -0.725 -5996.5 -0.554454 -0.378546 -3.06265e+07 
ERROR 13 *  
ERROR 13 *  
ERROR 13 *  
ERROR 13 *  
ERROR 13 *  
ERROR 13 *  
ERROR 13 *  
ERROR 13 *  
ERROR 13 *  
ERROR 13 *  
ERROR 13 *  
ERROR 13 *  
ERROR 13 *  
ERROR 13 *  
ERROR 13 *  
ERROR 13 *  
ERROR 13 *  
ERROR 13 *  
0 0 0 0 -0.00707869 1.18975e-05 -0.555 -0.725 -5933 -0.552667 -0.376899 -3.03831e+07 
0 0 0 0 -0.00707869 1.18975e-05 -0.555 -0.725 -5933 -0.552667 -0.376899 -3.03831e+07 
0 0 0 0 -0.00751818 -0.00121263 -0.560333 -0.725 -5996.5 -0.554454 -0.378546 -3.06265e+07 
ERROR 13 *  
ERROR 13 *  
ERROR 13 *  
ERROR 13 *  
ERROR 13 *  
ERROR 13 *  
ERROR 13 *  
ERROR 13 *  
ERROR 13 *  
ERROR 13 *  
ERROR 13 *  
ERROR 13 *  
ERROR 13 *  
ERROR 13 *  
ERROR 13 *  
ERROR 13 *  
ERROR 13 *  
ERROR 13 *  
0 0 0 0 -0.00707869 1.18975e-05 -0.555 -0.725 -5933 -0.552667 -0.376899 -3.03831e+07 
0 0 0 0 -0.00707869 1.18975e-05 -0.555 -0.725 -5933 -0.552667 -0.376899 -3.03831e+07 
0 0 0 0 -0.00751818 -0.00121263 -0.560333 -0.725 -5996.5 -0.554454 -0.378546 -3.06265e+07 
0 0 0 0 -0.00707869 1.18975e-05 -0.555 -0.725 -5933 -0.552667 -0.376899 -3.03831e+07 
ERROR 13 *  
ERROR 13 *  
ERROR 13 *  
ERROR 13 *  
ERROR 13 *  
ERROR 13 *  
ERROR 13 *  
ERROR 13 *  
ERROR 13 *  
ERROR 13 *  
ERROR 13 *  
ERROR 13 *  
ERROR 13 *  
ERROR 13 *  
ERROR 13 *  
ERROR 13 *  
ERROR 13 *  
ERROR 13 *  
0 0 0 0 -0.00707869 1.18975e-05 -0.555 -0.725 -5933 -0.552667 -0.376899 -3.03831e+07 
0 0 0 0 -0.00707869 1.18975e-05 -0.555 -0.725 -5933 -0.552667 -0.376899 -3.03831e+07 
0 0 0 0 -0.00751818 -0.00121263 -0.560333 -0.725 -5996.5 -0.554454 -0.378546 -3.06265e+07 
ERROR 13 *  
ERROR 13 *  
ERROR 13 *  
ERROR 13 *  
ERROR 13 *  
ERROR 13 *  
ERROR 13 *  
ERROR 13 *  
ERROR 13 *  
ERROR 13 *  
ERROR 13 *  
ERROR 13 *  
ERROR 13 *  
ERROR 13 *  
ERROR 13 *  
ERROR 13 *  
ERROR 13 *  
ERROR 13 *  
0 0 0 0 -0.00707869 1.18975e-05 -0.555 -0.725 -5933 -0.552667 -0.376899 -3.03831e+07 
0 0 0 0 -0.00707869 1.18975e-05 -0.555 -0.725 -5933 -0.552667 -0.376899 -3.03831e+07 
0 0 0 0 -0.00751818 -0.00121263 -0.560333 -0.725 -5996.5 -0.554454 -0.378546 -3.06265e+07 
ERROR 13 *  
ERROR 13 *  
ERROR 13 *  
ERROR 13 *  
ERROR 13 *  
ERROR 13 *  
ERROR 13 *  
ERROR 13 *  
ERROR 13 *  
ERROR 13 *  
ERROR 13 *  
ERROR 13 *  
ERROR 13 *  
ERROR 13 *  
ERROR 13 *  
ERROR 13 *  
ERROR 13 *  
ERROR 13 *  
0 0 0 0 -0.00707869 1.18975e-05 -0.555 -0.725 -5933 -0.552667 -0.376899 -3.03831e+07 
0 0 0 0 -0.00707869 1.18975e-05 -0.555 -0.725 -5933 -0.552667 -0.376899 -3.03831e+07 
0 0 0 0 -0.00751818 -0.00121263 -0.560333 -0.725 -5996.5 -0.554454 -0.378546 -3.06265e+07 
ERROR 13 *  
ERROR 13 *  
ERROR 13 *  
ERROR 13 *  
ERROR 13 *  
ERROR 13 *  
ERROR 13 *  
ERROR 13 *  
ERROR 13 *  
ERROR 13 *  
ERROR 13 *  
ERROR 13 *  
ERROR 13 *  
ERROR 13 *  
ERROR 13 *  
ERROR 13 *  
0 0 0 0 -0.00707869 1.18975e-05 -0.555 -0.725 -5933 -0.552667 -0.376899 -3.03831e+07 
0 0 0 0 -0.00707869 1.18975e-05 -0.555 -0.725 -5933 -0.552667 -0.376899 -3.03831e+07 
ERROR 13 *  
ERROR 13 *  
ERROR 13 *  
ERROR 13 *  
ERROR 13 *  
ERROR 13 *  
ERROR 13 *  
ERROR 13 *  
ERROR 13 *  
ERROR 13 *  
0 0 0 0 -0.00707869 1.18975e-05 -0.555 -0.725 -5933 -0.552667 -0.376899 -3.03831e+07 
0 0 0 0 -0.00707869 1.18975e-05 -0.555 -0.725 -5933 -0.552667 -0.376899 -3.03831e+07 
0 0 0 0 -0.00751818 -0.00121263 -0.560333 -0.725 -5996.5 -0.554454 -0.378546 -3.06265e+07 
