 Dim = 8
0 1 0 1 -0.00878263 -0.00970192 -0.530333 0.5 -919 0.10994 -0.0154097 -3.8052e+06 
0 1 0 1 -0.00966487 0.239202 -0.543333 3.37156e+06 -95.5 0.25814 0.127441 1e+20 *  
0 1 0 1 -0.00944863 0.204545 -0.547333 3.26113e+06 -54 0.21693 0.136239 1e+20 *  
0 1 0 1 -0.00899707 0.171873 -0.523333 3.79891e+06 1 0.41761 0.234706 1e+20 *  
0 1 0 1 -0.00922929 0.128732 -0.543667 0.775 -765 0.11321 -0.0134311 -1.60878e+06 *  
0 1 0 1 -0.00943763 0.0974478 -0.521667 0.825 -739 0.1061 -0.0195911 -1.23026e+06 *  
0 1 0 1 -0.00877426 0.0974478 -0.520667 0.85 -737 0.10533 -0.0198685 -1.20431e+06 *  
0 1 0 1 -0.00855752 0.0755008 -0.524667 0.8 -754 0.10842 -0.0123251 -1.44551e+06 *  
0 1 0 1 -0.00877426 0.0974478 -0.520667 0.85 -737.5 0.10531 -0.0198721 -1.20461e+06 *  
0 1 0 1 -0.00877426 0.0974478 -0.520667 0.85 -737 0.10538 -0.0198595 -1.20358e+06 *  
0 1 0 1 -0.00921418 0.118275 -0.517333 0.8 -752.5 0.10381 -0.0249796 -1.42113e+06 *  
0 1 0 1 -0.00878263 -0.00930283 -0.530333 0.5 -918.5 0.11007 -0.0153489 -3.79932e+06 *  
0 1 0 1 -0.00834317 -0.00970192 -0.529667 0.5 -918 0.10928 -0.0156377 -3.79122e+06 *  
0 1 0 1 -0.00876283 -0.00977252 -0.507667 0.5 -923 0.10502 -0.0206152 -3.84572e+06 *  
0 1 0 1 -0.00899635 0.0584727 -0.522333 -0.25 -1909 -0.244366 -0.155925 -1.22116e+07 *  
0 1 0 1 -0.00829847 -0.00980755 -0.491667 -0.2 -1724 -0.148121 -0.129314 -1.17397e+07 *  
0 1 0 1 -0.00761974 0.0337537 -0.489 -0.1 -1516 -0.208273 -0.11829 -8.79163e+06 *  
0 1 0 1 -0.00829847 -0.00980797 -0.491667 -0.225 -1814.5 -0.147722 -0.143428 -1.27395e+07 
ERROR 13 
0 1 0 1 -0.00899707 0.171873 -0.523333 3.74596e+06 1 0.39785 0.220776 1e+20 *  
0 1 0 1 -0.00835343 -0.00965068 -0.538667 3.57852e+06 1 0.33537 0.213896 1e+20 *  
0 1 0 1 -0.00853773 0.089196 -0.505333 1.075 -629.5 0.12931 0.00281113 1e+20 *  
0 1 0 1 -0.00788247 -0.00939882 -0.514333 0.75 -783.5 0.13239 0.00680367 -1.90744e+06 *  
0 1 0 1 -0.00854837 0.0642324 -0.515667 -0.1 -1509 -0.131606 -0.125131 -9.56759e+06 *  
0 1 0 1 -0.00761196 0.0459387 -0.484333 -0.025 -1347 -0.12019 -0.115694 -7.86201e+06 *  
0 1 0 1 -0.00855449 0.0588355 -0.521667 -0.25 -1914.5 -0.211371 -0.165669 -1.28006e+07 *  
0 1 0 1 -0.00762803 -0.0097994 -0.494 -0.175 -1690 -0.154099 -0.122986 -1.12909e+07 *  
0 1 0 1 -0.00829565 -0.0095248 -0.489333 -0.2 -1738.5 -0.142315 -0.13328 -1.19824e+07 *  
0 1 0 1 -0.00756133 -0.00962966 -0.454667 -0.025 -1380.5 -0.079603 -0.0955422 -8.61804e+06 *  
0 1 0 1 -0.0087491 -0.00951459 -0.492333 -0.2 -1722 -0.185177 -0.120222 -1.12067e+07 *  
0 1 0 1 -0.00780428 -0.00985667 -0.462667 -0.2 -1746 -0.163093 -0.135516 -1.17711e+07 *  
0 1 0 1 -0.00966888 0.0842208 -0.557667 -0.4 -2447.5 -0.280913 -0.202269 -1.66024e+07 *  
0 1 0 1 -0.00923675 0.0841675 -0.557 -0.4 -2504.5 -0.295252 -0.204953 -1.6789e+07 *  
ERROR 13 *  
ERROR 13 *  
0 1 0 1 -0.00852096 -0.00981307 -0.489333 -0.225 -1851.5 -0.1418 -0.151072 -1.32382e+07 
0 1 0 1 -0.00896861 -0.00982136 -0.485 -0.2 -1744.5 -0.125145 -0.13892 -1.22854e+07 
0 1 0 1 -0.00899344 0.202942 -0.518333 3.42449e+06 1 0.27789 0.158733 1e+20 *  
0 1 0 1 -0.00876725 0.0795809 -0.512667 -0.1 -1512 -0.124803 -0.128543 -9.67532e+06 *  
0 1 0 1 -0.00895212 0.0523074 -0.463667 0.15 -1212 -0.073512 -0.109537 -6.66607e+06 *  
0 1 0 1 -0.00855449 0.0588355 -0.521667 -0.25 -1914.5 -0.211325 -0.165661 -1.27999e+07 *  
0 1 0 1 -0.00781053 0.0413232 -0.466667 0 -1321 -0.124809 -0.118971 -7.52757e+06 *  
0 1 0 1 -0.0084878 0.0629551 -0.458667 -0.025 -1343 -0.114875 -0.128213 -7.86194e+06 *  
0 1 0 1 -0.00898389 -0.00977881 -0.505333 -0.25 -1908 -0.159513 -0.151743 -1.35721e+07 *  
0 1 0 1 -0.00897266 -0.0098129 -0.490333 -0.2 -1743 -0.180084 -0.124665 -1.14987e+07 *  
0 1 0 1 -0.00784431 -0.00981282 -0.488667 -0.15 -1590.5 -0.110773 -0.11682 -1.07297e+07 *  
0 1 0 1 -0.00737162 -0.00956229 -0.476333 -0.125 -1541.5 -0.127765 -0.109227 -9.97619e+06 *  
0 1 0 1 -0.00854221 -0.00943317 -0.509667 -0.25 -1894.5 -0.176765 -0.144522 -1.31525e+07 *  
0 1 0 1 -0.00876195 -0.00945143 -0.506667 -0.25 -1909 -0.165058 -0.150071 -1.34932e+07 *  
0 1 0 1 -0.00824549 -0.00964642 -0.449 -0.1 -1494 -0.086065 -0.114259 -9.89432e+06 *  
0 1 0 1 -0.00809463 -0.00977242 -0.507333 -0.275 -1951 -0.186832 -0.150926 -1.35807e+07 *  
0 1 0 1 -0.00802924 -0.0096232 -0.459667 -0.2 -1771 -0.158738 -0.1406 -1.21042e+07 *  
ERROR 13 *  
0 1 0 1 -0.00809463 -0.00944403 -0.507333 -0.3 -2067.5 -0.186436 -0.168332 -1.48055e+07 
0 1 0 1 -0.00795094 -0.00951134 -0.562667 -0.425 -2634 -0.260538 -0.212647 -1.88476e+07 
0 1 0 1 -0.00710177 -0.00880684 -0.567 -0.4 -2439.5 -0.237884 -0.194439 -1.75192e+07 
0 1 0 1 -0.00916007 0.681379 -0.43 7.81011e+06 1 1.91444 1.33056 1e+20 *  
0 1 0 1 -0.00351135 -0.0090684 -0.421333 3.12373e+06 -190.5 0.16566 0.0213047 1e+20 *  
0 1 0 1 -0.00817334 -0.00878577 -0.569 0.5 -925.5 0.12085 -0.0107361 -3.93606e+06 *  
0 1 0 1 -0.00966897 0.106952 -0.558 -0.325 -2156 -0.219446 -0.18739 -1.50974e+07 *  
0 1 0 1 -0.00630951 -0.00977263 -0.504 -0.3 -2035.5 -0.217361 -0.157092 -1.39212e+07 *  
0 1 0 1 -0.00731836 -0.00877975 -0.568667 -0.35 -2253.5 -0.24329 -0.166286 -1.5583e+07 *  
0 1 0 1 -0.00817293 -0.00945351 -0.568667 -0.35 -2236 -0.220234 -0.170559 -1.58812e+07 *  
0 1 0 1 -0.00881562 -0.00880684 -0.569667 -0.35 -2228 -0.249968 -0.159365 -1.51987e+07 *  
0 1 0 1 -0.00748924 -0.00917728 -0.543 -0.4 -2486 -0.269785 -0.19338 -1.72192e+07 *  
0 1 0 1 -0.00519544 -0.00911619 -0.502667 -0.25 -1882.5 -0.19139 -0.142717 -1.27937e+07 *  
0 1 0 1 -0.00719649 -0.00913595 -0.502667 -0.3 -2037.5 -0.205426 -0.16048 -1.41567e+07 *  
0 1 0 1 -0.00817293 -0.00880684 -0.568667 -0.35 -2236 -0.220296 -0.170579 -1.58827e+07 *  
0 1 0 1 -0.0066609 -0.00892167 -0.560667 -0.425 -2551.5 -0.277397 -0.196538 -1.76512e+07 *  
0 1 0 1 -0.0088224 0.174825 -0.578 -0.425 -2555.5 -0.275499 -0.213297 -1.77357e+07 *  
0 1 0 1 -0.0079459 -0.00954015 -0.559 -0.575 -3594.5 -0.389781 -0.270058 -2.3091e+07 *  
ERROR 13 *  
0 1 0 1 -0.0079459 -0.00897992 -0.559 -0.6 -3789.5 -0.394409 -0.289017 -2.44351e+07 
1e+20 0 0 1 1e+20 1e+20 1 1e+20 1e+20 1e+20 1e+20 1e+20 
0 1 0 1 -0.00923841 -0.00899101 -0.56 -0.6 -3877.5 -0.397084 -0.296123 -2.50119e+07 
0 1 0 1 -0.010101 -0.010101 -0.560667 -0.275 -1942 -0.325642 -0.101102 -1.11835e+07 
0 1 0 1 -0.00751653 -0.00952969 -0.559333 -0.575 -3690 -0.397563 -0.276588 -2.35376e+07 
ERROR 15 *  
0 0 0 1 0.0111688 -0.00850401 -0.549667 2.20136e+06 1 -0.178535 -0.118897 1e+20 *  
0 1 0 1 -0.00860139 0.195343 -0.569333 -0.125 -1535.5 -0.167505 -0.106742 -9.45578e+06 *  
0 0 0 1 0.00842505 0.140116 -0.534333 1.82463e+06 -20 -0.319115 -0.187461 1e+20 *  
0 1 0 1 -0.00945003 0.126748 -0.550667 -0.55 -3463.5 -0.397643 -0.281594 -2.17803e+07 *  
0 1 0 1 -0.00923841 -0.00899101 -0.56 -0.575 -3707.5 -0.397343 -0.277218 -2.36813e+07 *  
0 1 0 1 -0.00945406 -0.00954601 -0.560333 -0.35 -2272.5 -0.412388 -0.114126 -1.22441e+07 *  
1e+20 0 0 1 1e+20 1e+20 1 1e+20 1e+20 1e+20 1e+20 1e+20 *  
0 1 0 1 -0.00923841 -0.00899101 -0.56 -0.575 -3707 -0.397284 -0.277208 -2.36804e+07 *  
ERROR 13 *  
0 0 0 1 0.00177754 -0.004471 -0.568667 1.71907e+06 1 -0.358506 -0.133477 1e+20 *  
0 1 0 1 -0.00793155 -0.00764573 -0.548667 -0.675 -4977 -0.48212 -0.350758 -2.88081e+07 *  
0 0 0 1 -0.00243878 -0.00801057 -0.526333 -0.625 -4108.5 -0.495186 -0.360646 -2.24397e+07 *  
0 1 0 1 -0.00769236 -0.00843142 -0.534 -0.7 -5094 -0.49036 -0.357741 -2.91149e+07 *  
0 1 0 1 -0.00967775 0.0546259 -0.590333 -0.75 -6257.5 -0.556552 -0.396737 -3.19721e+07 *  
0 1 0 1 -0.00967829 0.00288448 -0.592333 -0.75 -6274.5 -0.553686 -0.394959 -3.22757e+07 
0 1 0 1 -0.00747396 -0.00843073 -0.534 -0.7 -5092 -0.49032 -0.357611 -2.91043e+07 
ERROR 14 
0 1 0 1 -0.00738872 -0.00838994 -0.485667 1.175 -589.5 0.48621 0.034532 1e+20 
ERROR 13 *  
1e+20 0 0 1 1e+20 1e+20 1 1e+20 1e+20 1e+20 1e+20 1e+20 *  
0 0 0 1 -0.00638821 -0.00878463 -0.536 -0.35 -2261.5 -0.445204 -0.10946 -1.14805e+07 *  
0 1 0 1 7.29874e-05 0.0396402 -0.507 1.51529e+06 1 -0.434551 -0.15311 1e+20 *  
0 1 0 1 -0.00966628 0.0505333 -0.548333 -0.5 -3104.5 -0.490557 -0.191395 -1.60669e+07 *  
0 1 0 1 -0.00966628 0.0505333 -0.548333 -0.5 -3123 -0.493261 -0.191825 -1.61025e+07 *  
0 1 0 1 -0.00900641 -0.00926518 -0.536333 -0.675 -4880 -0.49813 -0.330087 -2.72913e+07 *  
0 1 0 1 -0.00769288 -0.00884778 -0.534333 -0.675 -4950 -0.489426 -0.344893 -2.82227e+07 *  
ERROR 14 *  
ERROR 13 *  
1e+20 0 0 1 1e+20 1e+20 1 1e+20 1e+20 1e+20 1e+20 1e+20 *  
1e+20 0 0 1 1e+20 1e+20 1 1e+20 1e+20 1e+20 1e+20 1e+20 *  
1e+20 0 0 1 1e+20 1e+20 1 1e+20 1e+20 1e+20 1e+20 1e+20 *  
1e+20 0 0 1 1e+20 1e+20 1 1e+20 1e+20 1e+20 1e+20 1e+20 *  
0 1 0 1 -0.00946957 -0.00604896 -0.598667 -0.55 -3380 -0.419693 -0.223113 -2.03603e+07 *  
ERROR 13 *  
0 0 0 1 -0.00638821 -0.00878463 -0.536 -0.35 -2261 -0.445205 -0.109456 -1.14802e+07 
0 1 0 1 -0.00769288 -0.00884778 -0.534333 -0.7 -5083.5 -0.489343 -0.357409 -2.91038e+07 
0 1 0 1 -0.00900641 -0.00926518 -0.536333 -0.675 -5017 -0.49806 -0.342702 -2.81795e+07 
0 1 0 1 -0.00968013 -0.00405712 -0.599333 -0.525 -3304 -0.410843 -0.22072 -2.00921e+07 
0 1 0 1 -0.0096674 -0.0096017 -0.552333 -0.55 -3418 -0.491799 -0.196231 -1.80785e+07 
0 1 0 1 -0.0098842 -0.0096017 -0.552667 -0.55 -3335.5 -0.489141 -0.189736 -1.76316e+07 
0 1 0 1 -0.010101 -0.010101 -0.316667 0.725 -794.5 -0.421987 -0.103033 -1.05477e+06 
1e+20 0 0 1 1e+20 1e+20 1 1e+20 1e+20 1e+20 1e+20 1e+20 
1e+20 0 0 1 1e+20 1e+20 1 1e+20 1e+20 1e+20 1e+20 1e+20 
0 0 0 1 -0.00124602 -0.00861447 -0.583 5.06466e+06 1 0.88994 1.03486 1e+20 
0 1 0 1 -0.010101 -0.010101 -0.499 0.75 -782.5 0.13598 0.00563353 -1.89917e+06 
0 1 0 1 -0.00681292 -0.00846984 -0.531 -0.625 -4239 -0.429716 -0.320519 -2.63096e+07 
ERROR 13 *  
ERROR 13 *  
ERROR 13 *  
0 1 0 1 0.070293 0.279054 -0.407 4.21302e+06 1 0.57214 0.861034 1e+20 *  
1e+20 0 0 1 1e+20 1e+20 1 1e+20 1e+20 1e+20 1e+20 1e+20 *  
0 0 0 1 -0.00593248 -0.00764334 -0.528333 0.45 -972 -0.313551 0.00778067 -2.82075e+06 *  
0 1 0 1 -0.00796775 -0.00863177 -0.575 -0.225 -1851.5 -0.407734 -0.0687781 -9.13298e+06 *  
0 0 0 1 0.00983519 -0.00675464 -0.539667 1.59341e+06 1 -0.405399 0.110108 1e+20 *  
0 1 0 1 -0.0083485 -0.00843555 -0.534333 -0.425 -2534 -0.432795 -0.140503 -1.37285e+07 *  
0 0 0 1 -0.00541325 -0.00880973 -0.501333 1.775 -458 0.57668 0.0735882 1e+20 *  
0 0 0 1 -0.00728676 -0.00958513 -0.551 -0.525 -3261.5 -0.500774 -0.179299 -1.67542e+07 *  
0 1 0 1 -0.00926014 0.0668904 -0.600333 -0.6 -3870 -0.51003 -0.227307 -2.02789e+07 *  
0 1 0 1 -0.00798694 -0.0054447 -0.589333 -0.425 -2602.5 -0.009607 -0.301521 -2.48414e+07 *  
ERROR 13 *  
0 0 0 1 -0.00756413 -0.00481916 -0.588667 -0.425 -2598.5 -0.025043 -0.296984 -2.44065e+07 *  
ERROR 13 *  
0 0 0 1 -0.00777554 0.00230783 -0.589 -0.4 -2420.5 0.02747 -0.286914 -2.33672e+07 
0 0 0 1 -0.00707027 -0.00958513 -0.550667 -0.525 -3263 -0.500867 -0.179614 -1.67608e+07 
0 0 0 1 -0.00925538 -0.0022403 -0.591333 -0.225 -1814 0.02108 -0.166649 -1.52541e+07 
0 1 0 1 -0.00946586 0.00197191 -0.589333 -0.675 -4955.5 -0.559128 -0.284213 -2.44012e+07 
0 1 0 1 -0.00862518 -0.00361618 -0.594667 -0.725 -6030.5 -0.543167 -0.382383 -3.16031e+07 
0 0 0 1 -0.00798429 -0.00375641 -0.587333 -0.375 -2327 0.05744 -0.276216 -2.27741e+07 
0 0 0 1 -0.00883337 0.00491018 -0.591667 -0.225 -1813.5 0.00156 -0.165343 -1.49582e+07 
0 1 0 1 -0.00925821 -0.00196385 -0.596667 -0.65 -4598 -0.545111 -0.260489 -2.3086e+07 
0 0 0 1 -0.00248878 -0.00214659 -0.580333 -0.65 -4543 -0.551313 -0.356704 -2.24526e+07 
0 1 0 1 -0.0090186 0.00877938 -0.553667 3.06507e+08 1 113.377 20.2373 1e+20 
0 0 0 1 -0.00877773 0.00176306 -0.524667 2.1 -385.5 1.44092 0.0689784 1e+20 
0 1 0 1 -0.00926101 -0.00486806 -0.602 -0.65 -4457 -0.412485 -0.343103 -2.87523e+07 
1e+20 0 0 1 1e+20 1e+20 1 1e+20 1e+20 1e+20 1e+20 1e+20 
0 0 0 1 -0.00232292 -0.00326611 -0.589333 -0.625 -4100 -0.540787 -0.334025 -2.03639e+07 
0 0 0 1 -0.00610186 -0.00497426 -0.593333 -0.725 -5617 -0.540496 -0.352756 -2.93433e+07 
0 1 0 1 -0.00924752 0.00014561 -0.576667 2.06475e+07 1 6.70488 0.937902 1e+20 
0 1 0 1 -0.0084231 -0.00267937 -0.602667 -0.675 -4716.5 -0.487668 -0.313422 -2.67831e+07 
0 0 0 1 -0.00777408 -0.00256371 -0.588 -0.75 -6250.5 -0.560209 -0.385188 -3.1667e+07 
0 0 0 1 -0.00758415 -0.00764035 -0.601333 -0.1 -1517 -0.002228 -0.104066 -1.10918e+07 
0 0 0 1 -0.00777554 0.00132571 -0.589 -0.75 -6204.5 -0.560449 -0.38431 -3.13894e+07 
0 0 0 1 -0.00485755 -0.00549148 -0.597 -0.275 -1973.5 -0.085191 -0.264785 -1.55435e+07 
0 0 0 1 -0.00155496 -0.00681292 -0.601667 -0.475 -2924.5 -0.356392 -0.310276 -1.88093e+07 
0 0 0 1 0.00330072 -0.00897429 -0.537 0.35 -1057.5 -0.469009 -0.273865 -2.76611e+06 
0 0 0 1 -0.00736418 -0.00384574 -0.595 -0.375 -2348.5 0.01814 -0.265326 -2.22083e+07 
0 1 0 1 -0.00904087 -0.00628931 -0.586333 -0.75 -6403 -0.557974 -0.397656 -3.26946e+07 
0 1 0 1 -0.010101 -0.00876195 -0.614667 0.025 -1293.5 -0.339497 -0.0136757 -5.44422e+06 
ERROR 20 
ERROR 13 *  
0 1 0 1 -0.00903886 0.109608 -0.583333 -0.65 -4561 -0.563194 -0.261903 -2.19614e+07 *  
0 0 0 1 -0.00721383 0.0197379 -0.628 -0.625 -4235 -0.364486 -0.345781 -2.9285e+07 *  
0 1 0 1 -0.00946652 0.0861869 -0.591 -0.675 -4810 -0.558004 -0.278279 -2.36357e+07 *  
0 0 0 1 -0.000619461 -0.00631076 -0.583 0.625 -856.5 -0.553908 -0.0624038 -1.1702e+06 *  
ERROR 13 *  
ERROR 13 *  
ERROR 13 *  
ERROR 13 *  
ERROR 13 *  
ERROR 13 *  
ERROR 13 *  
ERROR 13 *  
ERROR 13 *  
ERROR 13 *  
0 0 0 1 -0.00481695 0.00634451 -0.584667 -0.5 -3024 -0.348897 -0.337065 -1.9861e+07 
0 1 0 1 -0.00903998 0.0222444 -0.585 -0.65 -4598.5 -0.560094 -0.260396 -2.23287e+07 
0 0 0 1 -0.0087786 -0.00070986 -0.525667 2.125 -380 1.45833 0.0724547 1e+20 
0 1 0 1 -0.00925609 0.00749543 -0.592667 -0.675 -4816.5 -0.553459 -0.276446 -2.3918e+07 
0 0 0 1 -0.00776625 -0.00827067 -0.582667 -0.625 -4044.5 -0.520654 -0.252406 -2.09153e+07 
0 1 0 1 -0.010101 -0.010101 0.312667 5.62999e+10 1 21008 3809.48 1e+20 
0 0 0 1 -0.00705066 -0.00373179 -0.540667 -0.675 -4848 -0.476061 -0.38658 -2.82745e+07 
ERROR 13 *  
1e+20 0 0 1 1e+20 1e+20 1 1e+20 1e+20 1e+20 1e+20 1e+20 *  
ERROR 13 *  
ERROR 13 *  
ERROR 13 *  
ERROR 13 *  
ERROR 13 *  
ERROR 13 *  
ERROR 13 *  
ERROR 13 *  
ERROR 13 *  
ERROR 13 *  
ERROR 13 *  
ERROR 13 *  
1e+20 0 0 1 1e+20 1e+20 1 1e+20 1e+20 1e+20 1e+20 1e+20 
0 1 0 1 -0.00883416 0.0284381 -0.592667 -0.725 -5877.5 -0.53186 -0.387652 -3.14617e+07 
0 1 0 1 -0.00883865 -0.00416506 -0.598333 1.56745e+07 -19.5 4.84915 0.579754 1e+20 
0 0 0 1 -0.00777261 -0.00757551 -0.587 -0.7 -5164 -0.512511 -0.337064 -2.82911e+07 
0 1 0 1 -0.00775491 -0.00290373 -0.575 0 -1331 0.61004 -0.192601 -1.40493e+07 
0 1 0 1 -0.00842101 -0.00698166 -0.600667 -0.7 -5303 -0.50423 -0.353055 -2.96578e+07 
0 0 0 1 -0.00621767 0.061933 -0.554667 -0.35 -2245.5 -0.28517 -0.175255 -1.46469e+07 *  
0 0 0 1 -0.0071407 -0.0030099 -0.587667 -0.725 -5657 -0.54285 -0.354976 -2.94268e+07 *  
0 0 0 1 -0.00756307 0.0119868 -0.588 -0.3 -2060 0.14349 -0.256215 -2.07056e+07 *  
ERROR 13 *  
ERROR 13 *  
ERROR 13 *  
ERROR 13 *  
ERROR 13 *  
ERROR 13 *  
ERROR 13 *  
ERROR 13 *  
ERROR 13 *  
ERROR 13 *  
ERROR 13 *  
ERROR 13 *  
ERROR 13 *  
0 0 0 1 -0.0071407 -0.00334229 -0.587667 -0.725 -5652.5 -0.542174 -0.355221 -2.9444e+07 
0 0 0 1 -0.00622842 -0.00951882 -0.559 -0.4 -2509 -0.281769 -0.189972 -1.715e+07 
0 0 0 1 -0.00756413 0.00027529 -0.588667 -0.75 -6206 -0.560802 -0.384287 -3.13731e+07 
0 0 0 1 -0.0086193 -0.00495464 -0.588333 -0.25 -1886.5 -0.000683 -0.175775 -1.58625e+07 
0 0 0 1 -0.00436556 -0.0093472 -0.517667 3.26844e+06 1 0.21966 0.477173 1e+20 
0 1 0 1 -0.00856223 -0.00163943 -0.529333 1.96155e+07 1 6.31976 0.830891 1e+20 
0 1 0 1 -0.00842171 -0.00635242 -0.601333 -0.7 -5260.5 -0.501758 -0.351132 -2.95325e+07 
0 0 0 1 -0.00527301 0.00970779 -0.596333 -0.7 -5246.5 -0.514954 -0.345756 -2.86623e+07 *  
0 1 0 1 -0.00904684 0.0512336 -0.595333 -0.65 -4455 -0.542832 -0.258352 -2.23594e+07 *  
0 1 0 1 -0.00904618 0.047414 -0.594333 -0.725 -5836 -0.539683 -0.377268 -3.06924e+07 *  
0 1 0 1 -0.00841329 0.0473946 -0.593333 -0.725 -5828 -0.532236 -0.384508 -3.11406e+07 *  
0 1 0 1 -0.00946772 0.0691962 -0.594 -0.65 -4444 -0.537312 -0.262062 -2.25639e+07 *  
0 1 0 1 -0.00904353 0.0396476 -0.590333 2.36887e+07 1 7.83973 1.25365 1e+20 *  
ERROR 13 *  
0 0 0 1 0.00409592 -0.0072969 -0.566667 0.3 -1088 -0.57417 -0.279074 -2.386e+06 *  
ERROR 13 *  
ERROR 13 *  
ERROR 13 *  
ERROR 13 *  
ERROR 13 *  
ERROR 13 *  
ERROR 13 *  
ERROR 13 *  
0 0 0 1 -0.00527502 -0.0078433 -0.597 -0.35 -2209 0.03845 -0.245548 -2.07893e+07 
0 1 0 1 -0.0084154 -0.00464559 -0.595333 -0.725 -5903.5 -0.528488 -0.386202 -3.18469e+07 
0 1 0 1 -0.0088368 -0.0039182 -0.596 -0.725 -5911 -0.535976 -0.379012 -3.13861e+07 
0 1 0 1 -0.00904794 -0.00367747 -0.597 -0.65 -4540.5 -0.539116 -0.260124 -2.30489e+07 
0 1 0 1 -0.00946877 -0.00431523 -0.596667 -0.65 -4494.5 -0.528703 -0.263733 -2.32921e+07 
0 0 0 1 -0.00744343 -0.00104579 -0.516333 -0.575 -3741 -0.354175 -0.369266 -2.56551e+07 
0 1 0 1 -0.00945296 0.000901127 -0.557667 1.80083e+08 1 66.2003 11.7999 1e+20 
0 1 0 1 -0.00988355 -0.010101 -0.548 -0.525 -3274.5 -0.348095 -0.259962 -2.19873e+07 
0 0 0 1 -0.00739742 -0.00337617 -0.614667 -0.675 -4726.5 -0.427643 -0.363027 -2.99942e+07 
0 0 0 1 -0.00653525 -0.00521185 -0.693667 -0.65 -4518.5 -0.375709 -0.326027 -3.1045e+07 
0 1 0 1 -0.00839296 -0.00139539 -0.574333 0.4 -999 0.94179 -0.125666 -8.64946e+06 
0 0 0 1 -0.00401737 -0.00961091 -0.540333 -0.55 -3410.5 -0.482751 -0.301082 -1.83485e+07 
0 1 0 1 -0.00842171 -0.00139967 -0.601333 0.35 -1049 0.92767 -0.124046 -9.83242e+06 
0 0 0 1 -0.00800013 -0.00747378 -0.599333 -0.7 -5385 -0.517585 -0.349073 -2.93658e+07 
0 0 0 1 -0.00819875 -0.00742567 -0.59 -0.725 -5857.5 -0.540362 -0.370586 -3.07723e+07 
0 1 0 1 -0.00862116 -0.0068194 -0.590333 -0.4 -2498 -0.019655 -0.278247 -2.32708e+07 
0 0 0 1 -0.00395993 -0.0043332 -0.580333 -0.65 -4494.5 -0.548788 -0.353704 -2.22981e+07 
0 1 0 1 -0.00861992 0.0309163 -0.589 -0.725 -5821 -0.545256 -0.37146 -3.02322e+07 *  
0 0 0 1 -0.00756678 0.0213147 -0.590333 -0.725 -5835.5 -0.546275 -0.371362 -3.0248e+07 *  
0 0 0 1 -0.00841435 0.023729 -0.594333 -0.725 -5859.5 -0.543557 -0.374019 -3.05715e+07 *  
ERROR 13 *  
ERROR 13 *  
ERROR 13 *  
ERROR 13 *  
ERROR 13 *  
ERROR 13 *  
ERROR 13 *  
ERROR 13 *  
ERROR 13 *  
ERROR 13 *  
ERROR 13 *  
ERROR 13 *  
ERROR 13 *  
0 0 0 1 -0.0084154 -0.00548257 -0.595333 -0.5 -3127 -0.189961 -0.308131 -2.57803e+07 
0 0 0 1 -0.00777942 -0.00590925 -0.591667 -0.45 -2747 -0.100613 -0.289896 -2.42288e+07 
0 1 0 1 -0.00862147 -0.00614612 -0.590667 -0.725 -5920.5 -0.54328 -0.372576 -3.09494e+07 
0 0 0 1 -0.00840834 -0.00288453 -0.588667 -0.675 -4839.5 -0.563947 -0.268411 -2.34853e+07 
0 1 0 1 -0.00681221 -0.010101 -0.530667 3.64211e+06 -97.5 0.3591 0.166634 1e+20 
0 0 0 1 -0.00796775 -0.00329898 -0.575 -0.5 -3018.5 -0.382003 -0.231985 -1.8808e+07 
0 0 0 1 -0.00525185 -0.00399563 -0.589333 -0.6 -3881 -0.555137 -0.211324 -1.84737e+07 
0 0 0 1 -0.00547427 -0.00422833 -0.593667 -0.475 -2948.5 -0.20383 -0.29006 -2.3514e+07 
0 0 0 1 -0.00459868 -0.00700123 -0.582333 -0.65 -4379 -0.545321 -0.344081 -2.17949e+07 
0 0 0 1 0.000399 -0.00879513 -0.586667 0.325 -1068 -0.506441 -0.275109 -2.63757e+06 
0 0 0 1 -0.0069319 -0.00356596 -0.588667 -0.725 -6044 -0.556082 -0.373214 -3.07866e+07 
0 0 0 1 -0.00779389 -0.00301258 -0.601667 -0.675 -4716 -0.433927 -0.365766 -2.95878e+07 
0 0 0 1 -0.00736361 -0.00549323 -0.594667 -0.375 -2354.5 0.03631 -0.271408 -2.26896e+07 
0 0 0 1 -0.00860583 -0.00243324 -0.574 1.05 -638.5 1.49848 -0.0121737 1e+20 
0 0 0 1 -0.00798871 0.0146867 -0.590667 -0.725 -6053.5 -0.553488 -0.381809 -3.10202e+07 *  
ERROR 13 *  
ERROR 13 *  
ERROR 13 *  
ERROR 13 *  
ERROR 13 *  
ERROR 13 *  
ERROR 13 *  
ERROR 13 *  
ERROR 13 *  
ERROR 13 *  
ERROR 13 *  
ERROR 13 *  
ERROR 13 *  
ERROR 13 *  
ERROR 13 *  
0 0 0 1 -0.00799004 -0.00436946 -0.591667 -0.375 -2387 0.02652 -0.276059 -2.29022e+07 
0 0 0 1 -0.00713884 -0.00372684 -0.586667 -0.725 -6040.5 -0.561474 -0.367865 -3.03935e+07 
0 1 0 1 -0.00611988 -0.00866621 -0.516333 -0.1 -1519.5 0.14191 -0.147039 -1.27307e+07 
0 0 0 1 -0.00756307 0.00825315 -0.588 -0.3 -2026 0.16398 -0.251419 -2.05666e+07 *  
ERROR 13 *  
ERROR 13 *  
ERROR 13 *  
ERROR 13 *  
ERROR 13 *  
ERROR 13 *  
ERROR 13 *  
ERROR 13 *  
ERROR 13 *  
ERROR 13 *  
ERROR 13 *  
ERROR 13 *  
ERROR 13 *  
ERROR 13 *  
ERROR 13 *  
0 0 0 1 -0.00777602 -0.0034781 -0.589333 -0.75 -6183.5 -0.557453 -0.382345 -3.14855e+07 
0 0 0 1 -0.00798562 -0.00213606 -0.588333 -0.75 -6294 -0.560669 -0.388038 -3.18816e+07 
0 0 0 1 -0.00840869 -0.00148984 -0.589 -0.4 -2465 0.01464 -0.286977 -2.36564e+07 
0 1 0 1 -0.00860298 -0.00574713 -0.571 -0.75 -6144.5 -0.552907 -0.385982 -3.15845e+07 
0 0 0 1 -0.00798562 0.013814 -0.588333 -0.75 -6133 -0.558203 -0.384489 -3.11454e+07 *  
ERROR 13 *  
ERROR 13 *  
ERROR 13 *  
ERROR 13 *  
ERROR 13 *  
ERROR 13 *  
ERROR 13 *  
ERROR 13 *  
ERROR 13 *  
ERROR 13 *  
ERROR 13 *  
ERROR 13 *  
ERROR 13 *  
ERROR 13 *  
ERROR 13 *  
0 0 0 1 -0.00819875 -0.00314587 -0.59 -0.375 -2358.5 0.04206 -0.276387 -2.28697e+07 
0 0 0 1 -0.007562 -0.00350443 -0.587333 -0.75 -6188 -0.558052 -0.382814 -3.14674e+07 
0 0 0 1 -0.00862023 -0.000967339 -0.589333 -0.4 -2512 0.0004 -0.290236 -2.39286e+07 
0 0 0 1 -0.00629859 -0.00885204 -0.499667 -0.65 -4574 -0.471022 -0.331126 -2.6682e+07 
ERROR 13 *  
ERROR 13 *  
ERROR 13 *  
ERROR 13 *  
ERROR 13 *  
ERROR 13 *  
ERROR 13 *  
ERROR 13 *  
ERROR 13 *  
ERROR 13 *  
ERROR 13 *  
ERROR 13 *  
ERROR 13 *  
ERROR 13 *  
ERROR 13 *  
ERROR 13 *  
0 0 0 1 -0.00819715 -0.00265402 -0.588667 -0.35 -2291 0.07192 -0.273603 -2.25909e+07 
0 1 0 1 -0.00988907 -0.00330878 -0.588333 -0.75 -6312 -0.55488 -0.394475 -3.24029e+07 
ERROR 13 *  
ERROR 13 *  
ERROR 13 *  
ERROR 13 *  
ERROR 13 *  
ERROR 13 *  
ERROR 13 *  
ERROR 13 *  
ERROR 13 *  
ERROR 13 *  
ERROR 13 *  
ERROR 13 *  
ERROR 13 *  
ERROR 13 *  
ERROR 13 *  
ERROR 13 *  
0 0 0 1 -0.00798562 -0.00224191 -0.588333 -0.75 -6289.5 -0.560718 -0.387604 -3.18516e+07 
0 1 0 1 -0.00819196 -0.00728997 -0.584333 -0.675 -4909.5 -0.470633 -0.348415 -2.89864e+07 
ERROR 13 *  
ERROR 13 *  
ERROR 13 *  
ERROR 13 *  
ERROR 13 *  
ERROR 13 *  
ERROR 13 *  
ERROR 13 *  
ERROR 13 *  
ERROR 13 *  
ERROR 13 *  
ERROR 13 *  
ERROR 13 *  
ERROR 13 *  
ERROR 13 *  
ERROR 13 *  
0 0 0 1 -0.00798562 -0.00214095 -0.588333 -0.75 -6303 -0.56061 -0.388799 -3.19358e+07 
0 0 0 1 -0.00798562 -0.00245968 -0.588333 -0.375 -2336 0.05713 -0.277649 -2.28911e+07 
0 1 0 1 -0.00883917 -0.00786219 -0.599 -0.6 -3967 -0.361264 -0.322702 -2.72338e+07 
ERROR 13 *  
ERROR 13 *  
ERROR 13 *  
ERROR 13 *  
ERROR 13 *  
ERROR 13 *  
ERROR 13 *  
ERROR 13 *  
ERROR 13 *  
ERROR 13 *  
ERROR 13 *  
ERROR 13 *  
ERROR 13 *  
ERROR 13 *  
ERROR 13 *  
ERROR 13 *  
0 0 0 1 -0.00798562 -0.00224191 -0.588333 -0.75 -6288 -0.560512 -0.387687 -3.1857e+07 
0 0 0 1 -0.00798562 -0.00245968 -0.588333 -0.375 -2336 0.05713 -0.277636 -2.28902e+07 
0 1 0 1 -0.00777942 -0.00716598 -0.591667 -0.675 -4873 -0.469816 -0.344154 -2.87842e+07 
ERROR 13 *  
ERROR 13 *  
ERROR 13 *  
ERROR 13 *  
ERROR 13 *  
ERROR 13 *  
ERROR 13 *  
ERROR 13 *  
ERROR 13 *  
ERROR 13 *  
ERROR 13 *  
ERROR 13 *  
ERROR 13 *  
ERROR 13 *  
ERROR 13 *  
ERROR 13 *  
0 0 0 1 -0.00798562 -0.00213442 -0.588333 -0.75 -6303.5 -0.560732 -0.388731 -3.19303e+07 
0 0 0 1 -0.00925379 -0.00118835 -0.588333 -0.675 -5042.5 -0.56413 -0.283986 -2.46132e+07 
ERROR 13 *  
ERROR 13 *  
ERROR 13 *  
ERROR 13 *  
ERROR 13 *  
ERROR 13 *  
ERROR 13 *  
ERROR 13 *  
ERROR 13 *  
ERROR 13 *  
ERROR 13 *  
ERROR 13 *  
ERROR 13 *  
ERROR 13 *  
ERROR 13 *  
ERROR 13 *  
0 0 0 1 -0.00798562 -0.00214095 -0.588333 -0.75 -6300.5 -0.560617 -0.388603 -3.1922e+07 
0 1 0 1 -0.00905101 -0.00783144 -0.601667 -0.675 -4978.5 -0.471091 -0.350071 -2.94297e+07 
ERROR 13 *  
ERROR 13 *  
ERROR 13 *  
ERROR 13 *  
ERROR 13 *  
ERROR 13 *  
ERROR 13 *  
ERROR 13 *  
ERROR 13 *  
ERROR 13 *  
ERROR 13 *  
ERROR 13 *  
ERROR 13 *  
ERROR 13 *  
ERROR 13 *  
ERROR 13 *  
0 0 0 1 -0.00798562 -0.00214095 -0.588333 -0.75 -6302.5 -0.560605 -0.388766 -3.19335e+07 
0 1 0 1 -0.00947062 -0.00708128 -0.601333 -0.675 -4737 -0.439913 -0.350664 -2.94253e+07 
ERROR 13 *  
ERROR 13 *  
ERROR 13 *  
ERROR 13 *  
ERROR 13 *  
ERROR 13 *  
ERROR 13 *  
ERROR 13 *  
ERROR 13 *  
ERROR 13 *  
ERROR 13 *  
ERROR 13 *  
ERROR 13 *  
ERROR 13 *  
ERROR 13 *  
ERROR 13 *  
0 0 0 1 -0.00798562 -0.00214095 -0.588333 -0.75 -6303 -0.56064 -0.388784 -3.19348e+07 
0 0 0 1 -0.00671992 -0.00481196 -0.588 -0.75 -6101 -0.547811 -0.386591 -3.16924e+07 
ERROR 13 *  
ERROR 13 *  
ERROR 13 *  
ERROR 13 *  
ERROR 13 *  
ERROR 13 *  
ERROR 13 *  
ERROR 13 *  
ERROR 13 *  
ERROR 13 *  
ERROR 13 *  
ERROR 13 *  
ERROR 13 *  
ERROR 13 *  
ERROR 13 *  
ERROR 13 *  
0 0 0 1 -0.00798562 -0.00214095 -0.588333 -0.75 -6303 -0.56061 -0.388796 -3.19356e+07 
0 0 0 1 -0.00714565 -0.00528033 -0.590333 -0.725 -6087 -0.553091 -0.377512 -3.12409e+07 
ERROR 13 *  
ERROR 13 *  
ERROR 13 *  
ERROR 13 *  
ERROR 13 *  
ERROR 13 *  
ERROR 13 *  
ERROR 13 *  
ERROR 13 *  
ERROR 13 *  
ERROR 13 *  
ERROR 13 *  
ERROR 13 *  
ERROR 13 *  
ERROR 13 *  
ERROR 13 *  
0 0 0 1 -0.00798562 -0.00214095 -0.588333 -0.75 -6303 -0.56061 -0.388798 -3.19357e+07 
0 0 0 1 -0.00819715 -0.0022395 -0.588667 -0.375 -2336.5 0.05541 -0.277006 -2.28625e+07 
ERROR 13 *  
ERROR 13 *  
ERROR 13 *  
ERROR 13 *  
ERROR 13 *  
ERROR 13 *  
ERROR 13 *  
ERROR 13 *  
ERROR 13 *  
ERROR 13 *  
ERROR 13 *  
ERROR 13 *  
ERROR 13 *  
ERROR 13 *  
ERROR 13 *  
ERROR 13 *  
0 0 0 1 -0.00798562 -0.00214095 -0.588333 -0.75 -6303 -0.56061 -0.3888 -3.19358e+07 
0 0 0 1 -0.00798562 -0.00213606 -0.588333 -0.75 -6297.5 -0.560759 -0.388227 -3.18951e+07 
ERROR 13 *  
ERROR 13 *  
ERROR 13 *  
ERROR 13 *  
ERROR 13 *  
ERROR 13 *  
ERROR 13 *  
ERROR 13 *  
ERROR 13 *  
ERROR 13 *  
ERROR 13 *  
ERROR 13 *  
ERROR 13 *  
ERROR 13 *  
ERROR 13 *  
ERROR 13 *  
0 0 0 1 -0.00798562 -0.00214095 -0.588333 -0.75 -6303 -0.56061 -0.388798 -3.19357e+07 
0 0 0 1 -0.00798562 -0.00224191 -0.588333 -0.75 -6301.5 -0.560718 -0.388571 -3.19197e+07 
ERROR 13 *  
ERROR 13 *  
ERROR 13 *  
ERROR 13 *  
ERROR 13 *  
ERROR 13 *  
ERROR 13 *  
ERROR 13 *  
ERROR 13 *  
ERROR 13 *  
ERROR 13 *  
ERROR 13 *  
ERROR 13 *  
ERROR 13 *  
ERROR 13 *  
ERROR 13 *  
0 0 0 1 -0.00798562 -0.00214095 -0.588333 -0.75 -6303 -0.56061 -0.388799 -3.19358e+07 
0 0 0 1 -0.00798562 -0.00224593 -0.588333 -0.75 -6299 -0.560673 -0.388416 -3.19093e+07 
ERROR 13 *  
ERROR 13 *  
ERROR 13 *  
ERROR 13 *  
ERROR 13 *  
ERROR 13 *  
ERROR 13 *  
ERROR 13 *  
ERROR 13 *  
ERROR 13 *  
ERROR 13 *  
ERROR 13 *  
ERROR 13 *  
ERROR 13 *  
ERROR 13 *  
ERROR 13 *  
0 0 0 1 -0.00798562 -0.00214095 -0.588333 -0.75 -6303 -0.56061 -0.388799 -3.19358e+07 
0 0 0 1 -0.00798562 -0.00214095 -0.588333 -0.75 -6303 -0.560637 -0.388763 -3.19333e+07 
ERROR 13 *  
ERROR 13 *  
ERROR 13 *  
ERROR 13 *  
ERROR 13 *  
ERROR 13 *  
ERROR 13 *  
ERROR 13 *  
ERROR 13 *  
ERROR 13 *  
ERROR 13 *  
ERROR 13 *  
ERROR 13 *  
ERROR 13 *  
ERROR 13 *  
ERROR 13 *  
0 0 0 1 -0.00798562 -0.00214095 -0.588333 -0.75 -6303 -0.560611 -0.388797 -3.19356e+07 
0 0 0 1 -0.00798562 -0.00214502 -0.588333 -0.75 -6303 -0.56061 -0.388774 -3.19346e+07 
ERROR 13 *  
ERROR 13 *  
ERROR 13 *  
ERROR 13 *  
ERROR 13 *  
ERROR 13 *  
ERROR 13 *  
ERROR 13 *  
ERROR 13 *  
ERROR 13 *  
ERROR 13 *  
ERROR 13 *  
ERROR 13 *  
ERROR 13 *  
ERROR 13 *  
ERROR 13 *  
0 0 0 1 -0.00798562 -0.00214095 -0.588333 -0.75 -6303 -0.56061 -0.388799 -3.19358e+07 
0 0 0 1 -0.00798562 -0.00214095 -0.588333 -0.75 -6303 -0.560611 -0.388797 -3.19356e+07 
ERROR 13 *  
ERROR 13 *  
ERROR 13 *  
ERROR 13 *  
ERROR 13 *  
ERROR 13 *  
ERROR 13 *  
ERROR 13 *  
ERROR 13 *  
ERROR 13 *  
ERROR 13 *  
ERROR 13 *  
ERROR 13 *  
ERROR 13 *  
ERROR 13 *  
ERROR 13 *  
0 0 0 1 -0.00798562 -0.00214095 -0.588333 -0.75 -6303 -0.56061 -0.388799 -3.19358e+07 
0 0 0 1 -0.00798562 -0.00214095 -0.588333 -0.75 -6303 -0.56061 -0.3888 -3.19358e+07 
ERROR 13 *  
ERROR 13 *  
ERROR 13 *  
ERROR 13 *  
ERROR 13 *  
ERROR 13 *  
ERROR 13 *  
ERROR 13 *  
ERROR 13 *  
ERROR 13 *  
ERROR 13 *  
ERROR 13 *  
ERROR 13 *  
ERROR 13 *  
ERROR 13 *  
ERROR 13 *  
0 0 0 1 -0.00798562 -0.00214095 -0.588333 -0.75 -6303 -0.56061 -0.388799 -3.19358e+07 
0 0 0 1 -0.00798562 -0.00214095 -0.588333 -0.75 -6303 -0.56061 -0.3888 -3.19358e+07 
ERROR 13 *  
ERROR 13 *  
ERROR 13 *  
ERROR 13 *  
ERROR 13 *  
ERROR 13 *  
ERROR 13 *  
ERROR 13 *  
ERROR 13 *  
ERROR 13 *  
ERROR 13 *  
ERROR 13 *  
ERROR 13 *  
ERROR 13 *  
ERROR 13 *  
ERROR 13 *  
0 0 0 1 -0.00798562 -0.00214095 -0.588333 -0.75 -6303 -0.56061 -0.388799 -3.19358e+07 
0 0 0 1 -0.00798562 -0.00214095 -0.588333 -0.75 -6303 -0.56061 -0.388799 -3.19358e+07 
ERROR 13 *  
ERROR 13 *  
ERROR 13 *  
ERROR 13 *  
ERROR 13 *  
ERROR 13 *  
ERROR 13 *  
ERROR 13 *  
ERROR 13 *  
ERROR 13 *  
ERROR 13 *  
ERROR 13 *  
ERROR 13 *  
ERROR 13 *  
ERROR 13 *  
ERROR 13 *  
0 0 0 1 -0.00798562 -0.00214095 -0.588333 -0.75 -6303 -0.56061 -0.388799 -3.19358e+07 
0 0 0 1 -0.00798562 -0.00214095 -0.588333 -0.75 -6303 -0.56061 -0.388797 -3.19357e+07 
ERROR 13 *  
ERROR 13 *  
ERROR 13 *  
ERROR 13 *  
ERROR 13 *  
ERROR 13 *  
ERROR 13 *  
ERROR 13 *  
ERROR 13 *  
ERROR 13 *  
ERROR 13 *  
ERROR 13 *  
ERROR 13 *  
ERROR 13 *  
ERROR 13 *  
ERROR 13 *  
0 0 0 1 -0.00798562 -0.00214095 -0.588333 -0.75 -6303 -0.56061 -0.388799 -3.19358e+07 
ERROR 13 *  
ERROR 13 *  
ERROR 13 *  
ERROR 13 *  
ERROR 13 *  
ERROR 13 *  
ERROR 13 *  
ERROR 13 *  
ERROR 13 *  
ERROR 13 *  
ERROR 13 *  
ERROR 13 *  
ERROR 13 *  
ERROR 13 *  
ERROR 13 *  
ERROR 13 *  
0 0 0 1 -0.00798562 -0.00214095 -0.588333 -0.75 -6303 -0.56061 -0.388799 -3.19358e+07 
ERROR 13 *  
ERROR 13 *  
ERROR 13 *  
ERROR 13 *  
ERROR 13 *  
ERROR 13 *  
ERROR 13 *  
ERROR 13 *  
ERROR 13 *  
ERROR 13 *  
ERROR 13 *  
ERROR 13 *  
ERROR 13 *  
ERROR 13 *  
ERROR 13 *  
ERROR 13 *  
0 0 0 1 -0.00798562 -0.00214095 -0.588333 -0.75 -6303 -0.56061 -0.388799 -3.19358e+07 
ERROR 13 *  
ERROR 13 *  
ERROR 13 *  
ERROR 13 *  
ERROR 13 *  
ERROR 13 *  
ERROR 13 *  
ERROR 13 *  
ERROR 13 *  
ERROR 13 *  
ERROR 13 *  
ERROR 13 *  
ERROR 13 *  
ERROR 13 *  
ERROR 13 *  
ERROR 13 *  
0 0 0 1 -0.00798562 -0.00214095 -0.588333 -0.75 -6303 -0.56061 -0.388799 -3.19358e+07 
ERROR 13 *  
ERROR 13 *  
ERROR 13 *  
ERROR 13 *  
ERROR 13 *  
ERROR 13 *  
ERROR 13 *  
ERROR 13 *  
ERROR 13 *  
ERROR 13 *  
ERROR 13 *  
ERROR 13 *  
ERROR 13 *  
ERROR 13 *  
ERROR 13 *  
ERROR 13 *  
0 0 0 1 -0.00798562 -0.00214095 -0.588333 -0.75 -6303 -0.56061 -0.388799 -3.19358e+07 
0 0 0 1 -0.00798562 -0.00214095 -0.588333 -0.75 -6303 -0.56061 -0.388799 -3.19358e+07 
ERROR 13 *  
ERROR 13 *  
ERROR 13 *  
ERROR 13 *  
ERROR 13 *  
ERROR 13 *  
ERROR 13 *  
ERROR 13 *  
ERROR 13 *  
ERROR 13 *  
ERROR 13 *  
ERROR 13 *  
ERROR 13 *  
ERROR 13 *  
ERROR 13 *  
ERROR 13 *  
0 0 0 1 -0.00798562 -0.00214095 -0.588333 -0.75 -6303 -0.56061 -0.388799 -3.19358e+07 
ERROR 13 *  
ERROR 13 *  
ERROR 13 *  
ERROR 13 *  
ERROR 13 *  
ERROR 13 *  
ERROR 13 *  
ERROR 13 *  
ERROR 13 *  
ERROR 13 *  
ERROR 13 *  
ERROR 13 *  
ERROR 13 *  
ERROR 13 *  
ERROR 13 *  
ERROR 13 *  
0 0 0 1 -0.00798562 -0.00214095 -0.588333 -0.75 -6303 -0.56061 -0.388799 -3.19358e+07 
ERROR 13 *  
ERROR 13 *  
ERROR 13 *  
ERROR 13 *  
ERROR 13 *  
ERROR 13 *  
ERROR 13 *  
ERROR 13 *  
ERROR 13 *  
ERROR 13 *  
ERROR 13 *  
ERROR 13 *  
ERROR 13 *  
ERROR 13 *  
ERROR 13 *  
ERROR 13 *  
0 0 0 1 -0.00798562 -0.00214095 -0.588333 -0.75 -6303 -0.56061 -0.388799 -3.19358e+07 
ERROR 13 *  
ERROR 13 *  
ERROR 13 *  
ERROR 13 *  
ERROR 13 *  
ERROR 13 *  
ERROR 13 *  
ERROR 13 *  
ERROR 13 *  
ERROR 13 *  
ERROR 13 *  
ERROR 13 *  
ERROR 13 *  
ERROR 13 *  
ERROR 13 *  
ERROR 13 *  
0 0 0 1 -0.00798562 -0.00214095 -0.588333 -0.75 -6303 -0.56061 -0.388799 -3.19358e+07 
0 0 0 1 -0.00798562 -0.00214095 -0.588333 -0.75 -6303 -0.56061 -0.388799 -3.19358e+07 
ERROR 13 *  
ERROR 13 *  
ERROR 13 *  
ERROR 13 *  
ERROR 13 *  
ERROR 13 *  
ERROR 13 *  
ERROR 13 *  
ERROR 13 *  
ERROR 13 *  
ERROR 13 *  
ERROR 13 *  
ERROR 13 *  
ERROR 13 *  
ERROR 13 *  
ERROR 13 *  
0 0 0 1 -0.00798562 -0.00214095 -0.588333 -0.75 -6303 -0.56061 -0.388799 -3.19358e+07 
0 0 0 1 -0.00798562 -0.00214095 -0.588333 -0.75 -6303 -0.56061 -0.388799 -3.19358e+07 
ERROR 13 *  
ERROR 13 *  
ERROR 13 *  
ERROR 13 *  
ERROR 13 *  
ERROR 13 *  
ERROR 13 *  
ERROR 13 *  
ERROR 13 *  
ERROR 13 *  
ERROR 13 *  
ERROR 13 *  
ERROR 13 *  
ERROR 13 *  
ERROR 13 *  
ERROR 13 *  
0 0 0 1 -0.00798562 -0.00214095 -0.588333 -0.75 -6303 -0.56061 -0.388799 -3.19358e+07 
0 0 0 1 -0.00798562 -0.00214095 -0.588333 -0.75 -6303 -0.56061 -0.388799 -3.19358e+07 
ERROR 13 *  
ERROR 13 *  
ERROR 13 *  
ERROR 13 *  
ERROR 13 *  
ERROR 13 *  
ERROR 13 *  
ERROR 13 *  
ERROR 13 *  
ERROR 13 *  
ERROR 13 *  
ERROR 13 *  
ERROR 13 *  
ERROR 13 *  
ERROR 13 *  
ERROR 13 *  
0 0 0 1 -0.00798562 -0.00214095 -0.588333 -0.75 -6303 -0.56061 -0.388799 -3.19358e+07 
ERROR 13 *  
ERROR 13 *  
ERROR 13 *  
ERROR 13 *  
ERROR 13 *  
ERROR 13 *  
ERROR 13 *  
ERROR 13 *  
ERROR 13 *  
ERROR 13 *  
ERROR 13 *  
ERROR 13 *  
ERROR 13 *  
ERROR 13 *  
ERROR 13 *  
ERROR 13 *  
0 0 0 1 -0.00798562 -0.00214095 -0.588333 -0.75 -6303 -0.56061 -0.388799 -3.19358e+07 
ERROR 13 *  
ERROR 13 *  
ERROR 13 *  
ERROR 13 *  
ERROR 13 *  
ERROR 13 *  
ERROR 13 *  
ERROR 13 *  
ERROR 13 *  
ERROR 13 *  
ERROR 13 *  
ERROR 13 *  
ERROR 13 *  
ERROR 13 *  
ERROR 13 *  
ERROR 13 *  
0 0 0 1 -0.00798562 -0.00214095 -0.588333 -0.75 -6303 -0.56061 -0.388799 -3.19358e+07 
ERROR 13 *  
ERROR 13 *  
ERROR 13 *  
ERROR 13 *  
ERROR 13 *  
ERROR 13 *  
ERROR 13 *  
ERROR 13 *  
ERROR 13 *  
ERROR 13 *  
ERROR 13 *  
ERROR 13 *  
ERROR 13 *  
ERROR 13 *  
ERROR 13 *  
ERROR 13 *  
0 0 0 1 -0.00798562 -0.00214095 -0.588333 -0.75 -6303 -0.56061 -0.388799 -3.19358e+07 
0 0 0 1 -0.00798562 -0.00214095 -0.588333 -0.75 -6303 -0.56061 -0.388799 -3.19358e+07 
ERROR 13 *  
ERROR 13 *  
ERROR 13 *  
ERROR 13 *  
ERROR 13 *  
ERROR 13 *  
ERROR 13 *  
ERROR 13 *  
ERROR 13 *  
ERROR 13 *  
ERROR 13 *  
ERROR 13 *  
ERROR 13 *  
ERROR 13 *  
ERROR 13 *  
ERROR 13 *  
0 0 0 1 -0.00798562 -0.00214095 -0.588333 -0.75 -6303 -0.56061 -0.388799 -3.19358e+07 
0 0 0 1 -0.00798562 -0.00214095 -0.588333 -0.75 -6303 -0.56061 -0.388799 -3.19358e+07 
ERROR 13 *  
ERROR 13 *  
ERROR 13 *  
ERROR 13 *  
ERROR 13 *  
ERROR 13 *  
ERROR 13 *  
ERROR 13 *  
ERROR 13 *  
ERROR 13 *  
ERROR 13 *  
ERROR 13 *  
ERROR 13 *  
ERROR 13 *  
ERROR 13 *  
ERROR 13 *  
0 0 0 1 -0.00798562 -0.00214095 -0.588333 -0.75 -6303 -0.56061 -0.388799 -3.19358e+07 
ERROR 13 *  
ERROR 13 *  
ERROR 13 *  
ERROR 13 *  
ERROR 13 *  
ERROR 13 *  
ERROR 13 *  
ERROR 13 *  
ERROR 13 *  
ERROR 13 *  
ERROR 13 *  
ERROR 13 *  
ERROR 13 *  
ERROR 13 *  
ERROR 13 *  
ERROR 13 *  
0 0 0 1 -0.00798562 -0.00214095 -0.588333 -0.75 -6303 -0.56061 -0.388799 -3.19358e+07 
ERROR 13 *  
ERROR 13 *  
ERROR 13 *  
ERROR 13 *  
ERROR 13 *  
ERROR 13 *  
ERROR 13 *  
ERROR 13 *  
ERROR 13 *  
ERROR 13 *  
ERROR 13 *  
ERROR 13 *  
ERROR 13 *  
ERROR 13 *  
ERROR 13 *  
ERROR 13 *  
ERROR 13 *  
ERROR 13 *  
ERROR 13 *  
ERROR 13 *  
ERROR 13 *  
ERROR 13 *  
ERROR 13 *  
ERROR 13 *  
ERROR 13 *  
ERROR 13 *  
ERROR 13 *  
ERROR 13 *  
ERROR 13 *  
ERROR 13 *  
ERROR 13 *  
ERROR 13 *  
ERROR 13 *  
ERROR 13 *  
ERROR 13 *  
ERROR 13 *  
ERROR 13 *  
ERROR 13 *  
ERROR 13 *  
ERROR 13 *  
ERROR 13 *  
ERROR 13 *  
ERROR 13 *  
ERROR 13 *  
ERROR 13 *  
ERROR 13 *  
ERROR 13 *  
ERROR 13 *  
ERROR 13 *  
ERROR 13 *  
ERROR 13 *  
ERROR 13 *  
ERROR 13 *  
ERROR 13 *  
ERROR 13 *  
ERROR 13 *  
