 Dim = 2
2045.668837714455  -5602.830801241599
1776.6059213994095  -4978.032417874896
1347.9042904089365  -3875.032511067962
310.2586545702038  0.4166199096185812
1615.0629607414705  -4579.93918938656
2085.6025629670526  -5691.97383145631
455.9144704578706  -758.050573564735
98.96896024047382  1555.9027769472439
158.04584331591968  6125.188899030786
46.536845973596925  4958.4288866445
1404.0178643657716  -4028.5161711110036
1895.6655341401774  -5259.958570314897
1230.5072271835995  -3543.234313113575
255.7691357380724  329.40626250397025
367.32444149119004  -314.4054059237075
2093.6320638365078  -5709.793491421661
1242.8255591648763  -3578.775550714801
608.0193982244372  -1428.8414370900932
1665.3671339907723  -4705.9556673919915
1419.5343369887594  -4070.4134628467746
255.2125355883905  332.94002489500485
111.0823259700249  1435.9358155549182
1798.827257739072  -5031.3478171907045
124.42716820559062  1311.113583653003
2036.6855760503827  -5582.6532476110815
1882.9627887070492  -5230.30633987642
1322.2708966348844  -3803.861456953218
1813.0072976661415  -5065.2052347203735
1787.5083801290182  -5004.232465297842
1721.9819931857885  -4845.523419599088
1576.3635242434655  -4481.648177401478
1317.7005804454313  -3791.0989402165756
1460.2856732858816  -4179.3668597803235
1655.6044417377725  -4681.647632103485
1439.8993160652647  -4125.05000165424
308.49233848311286  10.604317440486202
1670.3054753527283  -4718.224710369845
2094.248132537972  -5711.15834320034
0.183533058824946  3659.7346989560237
2080.8813456962853  -5681.47908370045
2084.666721043403  -5689.8925119747355
957.9805493112667  -2705.7748918298207
1699.9430025609402  -4791.468148029291
1391.2839099856544  -3993.956773565548
1364.9515728779766  -3921.994345751828
2064.8946408337697  -5645.855193061601
1662.21947314899  -4698.120829901124
675.1544723637961  -1697.831498713663
1412.805620160032  -4052.269217980182
895.420517880532  -2497.2521793793803
1212.8799203456147  -3492.071743149688
1477.018886621861  -4223.665901162217
1360.313657698399  -3909.2465642897564
765.3573649102723  -2038.9912525980153
589.427006971858  -1351.749257377436
585.7232409754414  -1336.2485971825113
425.2709222109505  -609.9181657051436
638.2296761242908  -1551.6299204352467
437.88037467909794  -671.4975715627351
297.71408549505503  73.41604726556568
1237.1389113751372  -3562.3886660462745
200.3914052945489  702.1126103032195
1430.3219754339373  -4099.402497767434
806.6956315050046  -2188.5935915016
592.9426903640694  -1366.4180703585018
644.663754128892  -1577.4061015300817
236.08923960927194  456.7492963362999
1106.4862404213175  -3175.020764331485
461.3195116068487  -783.6578016033365
514.179800007962  -1026.575048413875
459.0443055712392  -772.8971577783276
678.9653094365614  -1712.689766629663
442.36620854844824  -693.1915601812017
338.08775261141136  -156.43242571262263
380.1668313086228  -381.8023047515071
344.6190151075087  -192.29671689633585
763.3357489544235  -2031.5726344174147
129.56499364219016  1264.8444836613107
377.7873233343424  -369.4021449596536
378.55221970818184  -373.39249870004136
419.64154457114256  -582.1310242926527
507.95688686525665  -998.6475433400913
325.39459360414617  -85.7261023064703
278.696653377232  187.08105272946833
195.90968495407688  734.4142391004161
200.9391726768438  698.1899262827478
383.2034319242115  -397.5713634832023
119.23616856598925  1358.8187431451342
349.6663549666181  -219.78133225090832
223.84523239494888  538.6711004777559
288.676768958749  126.96328931206207
422.6685633747004  -597.0950154922377
275.00070049895936  209.6173340303737
386.4243155801441  -414.229802402685
311.138113493578  -4.646183842865664
336.6184346496689  -148.31646622635174
271.3343687674299  232.12262832043663
225.37372967306823  528.3239808172822
330.7798565836119  -115.88995741101512
289.5291798703949  121.8772141921516
268.89282763588255  247.19440297886555
325.0365424833602  -83.71160595582072
306.50347051765533  22.11112558612326
403.54316146132976  -501.62320111163
403.47230671574096  -501.2651507645974
330.243399357742  -112.89456936353145
348.95216024144787  -215.9044682545469
273.6457206204575  217.91700105283502
354.74960360445687  -247.26012237407522
305.8127236681541  26.11614655874857
264.8030645317499  272.59541442615813
250.56263352165536  362.6059190718721
256.30194368871804  326.02878004689217
395.8842835750791  -462.7540388671048
373.8027071698019  -348.5477643376752
359.09588298907767  -270.60044958492136
321.90570241450024  -66.04995789194004
307.3217954614473  17.3737324795544
332.1981292849094  -123.7928433789495
378.77130471308305  -374.5345942786498
397.00037656500893  -468.4429024241735
332.08916552993196  -123.18529263654696
322.8311843366588  -71.280243293029
339.16999864845775  -162.3973467663411
301.49656216369124  51.24576570286945
270.23405035421524  238.90657750965332
329.2317593931977  -107.24294205360965
375.01666393396295  -354.91149752059783
325.88187157964404  -88.46567059519192
278.27659428702145  189.63547716508754
320.5158468633255  -58.183167833124585
332.141836388722  -123.47961222311096
311.0982887814997  -4.41700920816476
307.57083658777987  15.931556743586647
308.4540589956741  10.825171031783924
312.41029639573344  -11.955970219684973
291.5204066399511  110.02608452109268
298.11537881179066  71.0572156535794
333.16898876091517  -129.1931350477845
334.7023508037253  -137.70543014113602
317.68003341588394  -42.07663208292023
323.6802169387961  -76.07136013850027
311.0417047429507  -4.091313448711814
310.28253258219365  0.2782303258339427
310.9253537563411  -3.422238387285178
323.4620005246147  -74.84045011064474
312.484097962255  -12.37943172558438
304.9507807317508  31.11983595552935
311.2509995757437  -5.29541733543284
306.4938272733863  22.166799905090308
321.59295449698124  -64.28172571954616
298.8599604303602  66.68416256464307
318.4175229809728  -46.27278394759745
314.1843617999474  -22.12417238827705
312.39500825088396  -11.868164314342856
308.0543560376326  13.13463315751994
304.5544183254512  33.42343203961775
306.72473753789427  20.828634368131336
299.794625522074  61.20342187787799
309.79744726689256  3.0731855150112577
315.97487579616325  -32.35830316227331
313.0550689598317  -15.65494982386116
311.5474484709536  -6.99980412000708
308.59730512064317  9.997655752690134
312.75100783785376  -13.910931013156777
311.47387174163646  -6.576766827089079
309.3942460286725  5.398080279460513
313.4317341419017  -17.81408205685936
305.83577139357635  25.982037387198297
316.1997459058286  -33.641530374538014
317.36730029909864  -40.29679674170009
310.95040775357234  -3.566197955953257
311.26603313395435  -5.381767455533566
310.50153156011413  -0.9828543844778939
310.6713549541664  -1.960501955190251
309.46536661920584  4.987829606607915
308.7513322104133  9.108309355882012
311.04049498714375  -4.084545218189533
311.9298435890744  -9.197015379276554
310.25603690323544  0.4308622263278982
311.28368401609026  -5.483335723465899
311.5132454354012  -6.803046491470871
312.7059801657474  -13.652587504012192
310.98573002393687  -3.7695179577179876
308.59378058784347  10.017931002844907
309.882722456101  2.581763306845193
310.21890007818484  0.6447626211472857
309.42927986657287  5.196004933000447
308.7023749696098  9.390930064670046
308.4360366814169  10.929138312252771
311.83753524924725  -8.66667359559914
309.4499312311359  5.076913057539051
311.32032424753186  -5.6939983240873
310.2523132998298  0.4523029490140251
310.7183926291825  -2.231238141010273
311.20967137822606  -5.057700612795759
311.8181971940548  -8.555553185319505
310.97914103349956  -3.7316525005421726
311.38112349744864  -6.043549783147075
311.2081340492007  -5.048833359774691
310.39488903473347  -0.36877774992462636
310.99023490868205  -3.795490611534559
310.25157589245475  0.4565736314487418
310.61277012104335  -1.6232701211378464
311.4230540415159  -6.284655234407785
310.0622875876779  1.547048229576853
310.2608342074477  0.40331121319953883
309.5794589518471  4.32997382650321
311.4387925963079  -6.375139399811276
310.5477675294429  -1.2490074343608324
310.36623324375995  -0.20382213745501176
309.95662941365777  2.1559557451050595
310.4197315385923  -0.5118490377965447
309.3322454313636  5.755754593948649
310.2919225612732  0.22424289268740416
310.1961642743438  0.7757648450692235
309.42873396980036  5.199271182298538
309.92887755810114  2.3157824534099944
309.87219791023574  2.642436412151684
309.9357114548609  2.2764519414335154
309.8178735797164  2.955631256751404
310.23894275997515  0.5293082503910895
310.4433523791  -0.6477653996310194
310.3261022051462  0.02735804861740561
310.4048836319301  -0.42630772969315855
310.2913613902329  0.22747940698528626
310.3362953087041  -0.0313201477271853
310.1599980856519  0.984073756860097
310.0802845853574  1.4433046421297946
310.3493274739263  -0.1063632320346317
310.39419609542705  -0.36478933014019405
310.3761191039426  -0.26070183684526316
310.0466839571957  1.636968122639395
310.2702252906881  0.3491862578733872
310.07471563300527  1.4754982757835797
310.19801784654845  0.7650967257227695
310.2033724513294  0.7342607573620342
310.29238808303955  0.22158651094165627
310.36216472435484  -0.1803223165345997
310.5680282741354  -1.3656786611830996
310.2547832940819  0.4381185033863892
310.2206291370338  0.6348451748852468
310.32825519533054  0.014985537570944198
310.1503846045838  1.039514163074109
310.1730000470609  0.9092526208105397
310.17781876828604  0.8814507295329534
310.2738186258617  0.32850683819207094
310.3160934792073  0.08503101685660859
310.3688494523214  -0.21880952442300425
310.2273131093903  0.5963403798225113
310.35243666522933  -0.12427949512397002
310.3878865630058  -0.3284258791941509
310.3294811805464  0.007917990152809527
310.33810346264545  -0.04172909347050416
310.35290692063046  -0.12698334001260378
310.3618473716268  -0.17846417011781537
310.24920676664243  0.47026883512379575
310.29226780082763  0.22223363289005485
310.2744365463216  0.3249389720464818
310.32989512376923  0.00553583795753436
310.300567190791  0.17445016168085328
310.2350659799863  0.5516980358999868
310.3129079887606  0.10338355006964298
310.260995134411  0.4023640221938231
310.2403110941234  0.5214854708034551
310.31237794653316  0.10645699591479689
310.25158735234294  0.45654761069433386
310.32509217209287  0.03321482830326851
310.3139739234216  0.09723444873281452
310.28899095427425  0.2411219169519548
310.3738919497786  -0.24782108062912964
310.31736056021566  0.07772839599596638
310.3592814638562  -0.16366945094181595
310.3490462486914  -0.10476675080451506
310.33318342267404  -0.013367836015648175
310.2737791266873  0.3287273587905957
310.3047783421405  0.15018193969795443
310.2956354360897  0.2028420948929064
310.32741586689554  0.019837254036941327
310.33093060895703  -0.00039944564829082424
310.33594008050443  -0.02926242360327192
310.30882685599045  0.12688233186708373
310.3012318425132  0.17063265771075847
310.3801597639417  -0.28384847514287415
310.32054838705585  0.05939074531114743
310.3513335694499  -0.11790386199861316
310.339365799341  -0.048973482324474626
310.33632972707335  -0.03147050447574532
310.33059991006314  0.0015081252555624852
310.31953102881107  0.06525156684761137
310.3309806875662  -0.0006719087271420897
310.31202353871146  0.10848280683992197
310.3377233302939  -0.0395194493284466
310.31077797739863  0.11566437716030732
310.2973466556018  0.19301045874606698
310.31928798729706  0.06662556062508886
310.3333332289685  -0.014231397556821644
310.3284355644206  0.01400678026678399
310.33239165030886  -0.008781027842140379
310.3242672006916  0.03800133366740977
310.3369280658128  -0.03490776912499623
310.3438305092775  -0.07464184940053284
310.33912744065884  -0.047588316815276754
310.34843927158954  -0.10121513783721368
310.3226379005111  0.04739069038853235
310.35073152186874  -0.11435194273285938
310.3244004945827  0.03727431578736532
310.3134031512611  0.10056880835280221
310.3541333143064  -0.1340101430217777
310.30956556527406  0.12265526202049123
310.31293928483075  0.1032424707651887
310.3201667803494  0.061571317326774934
310.3099674495968  0.12038207070854874
310.3086260448603  0.12806177499454044
310.3090051951206  0.1258649042264726
310.30503248209783  0.14868826237746274
310.33389460148896  -0.017439656903461602
310.31801310339085  0.07398019959379581
310.3216474077005  0.053082913039140964
310.3363733104565  -0.03170216664606004
310.33711446721674  -0.03600470478535077
310.3215956725035  0.053426663185120134
310.34183803723545  -0.06316085496544335
310.3407401516067  -0.05684230258652745
310.3468458213001  -0.09207221887832742
310.33880074082236  -0.04569593135475502
310.3248414951041  0.03473496071643317
310.3243235093909  0.03772945991226423
310.33699205315077  -0.035282969918094494
310.3258964398796  0.028628449874396986
310.33299221185524  -0.012281932411381319
310.32090247717053  0.05729090600852911
310.3297947374091  0.006123419087905103
310.323913492265  0.0400080679278662
310.33706199905737  -0.035661530534072894
310.3377648966483  -0.0397411496914791
310.3432711136413  -0.07145827903936956
310.32865621862277  0.012711520887831639
310.33412339410773  -0.018794521472784147
310.32536122219256  0.031656071795582205
310.32860794556933  0.012974805304862636
310.32112645786015  0.056012895321865784
310.3451120682252  -0.08199124614626886
310.3183465481707  0.07204432358021554
310.3272137742317  0.021021522338573025
310.3252582509351  0.0322722197639736
310.33157600629096  -0.004120080887297291
310.3304116867603  0.002592657636423733
310.3289597149787  0.010948636397300517
310.32874491928743  0.012211032403966347
310.3328872014768  -0.011674189023691417
310.33370837311287  -0.016374221189354672
310.3319364141584  -0.006165241781751786
310.33138833264195  -0.0030338507333795553
310.33556619806177  -0.02707217808353418
310.33005387504  0.00464005457725319
310.330274158242  0.003357524325046625
310.3298576474946  0.005798952742790084
310.32959651930133  0.00732966547102852
310.33080719637326  0.00034362307220889895
310.32879984031445  0.011885320839214413
310.33582073268144  -0.02855181142646639
310.3314560459331  -0.003441534587160413
310.3335553251344  -0.015524193386785439
310.32988886990427  0.005584343045775599
310.3303482624435  0.0029677208386760905
310.3272120979177  0.021019862625458165
310.32425776881763  0.038010385729154904
310.33102939387464  -0.0009967221995863499
310.3295581963391  0.00748260974755772
310.3352947676308  -0.0255653342492949
310.3298323978716  0.005939449495211444
310.33295909382724  -0.012102056522868406
310.3308609022448  -3.639045731074469e-05
310.3297646235015  0.0062923381413224734
310.33021971310797  0.0036563663731797773
310.3286181155116  0.012895145513494988
310.3287988420931  0.01184517445289251
310.3298496792808  0.0057883637995857495
310.33181539193805  -0.005549519125676135
310.3306903154894  0.0009410017030005288
310.32928269418693  0.009026875210773626
310.3311657908652  -0.001749045793031736
310.3305100452238  0.0019431479256337373
310.32996712728664  0.005116748264494229
310.32851566894055  0.013408769831050597
310.33125042010863  -0.002328201948900212
310.3313195552145  -0.0026869220419753577
310.3311577851839  -0.001745687956271213
310.3287927769369  0.011854929877377678
310.3287638923664  0.012091549677507318
310.3318826761979  -0.005994311898481895
310.3311169333809  -0.0015237920340395242
310.33233754208936  -0.008639179202876992
310.3319420732361  -0.006280710194938111
310.3310073846634  -0.0008770243145181434
310.33266663778795  -0.010417136547930552
310.33121144614563  -0.0021116072092017394
310.33213940400816  -0.007495309777410142
310.33148270064396  -0.00370120455990629
310.3313534898161  -0.0029433035001308855
310.3302925326583  0.003196481105660402
310.3327505010772  -0.010956120767066918
310.3314071355723  -0.003259938460750484
310.33005379110665  0.004621351084237167
310.3295694078765  0.007383626535051981
310.3327226331518  -0.010855010109019046
310.3315456216929  -0.004069514782418834
310.3288792849879  0.011286362885393262
310.33045838097917  0.002181177879753183
310.3316372700885  -0.00459248524826438
310.3305337151699  0.001784737690759036
310.33189884060835  -0.0061180227374847095
310.3324690587348  -0.009378657627236794
310.33057124211945  0.0015545806283640616
310.3307223811882  0.0006530899754165717
310.3301508706655  0.003978355035124604
310.3304998391766  0.001955019405640397
310.33033197749324  0.0029485030124140133
310.3309448897113  -0.0006039863562382788
310.3298040642132  0.005979503400481765
310.32894483912656  0.01090725176060081
310.3305547392517  0.001595352338224141
310.3293763026831  0.008469644907897702
310.33161938778943  -0.00452282338909296
310.33048194220737  0.0020710199634968876
310.33031388932005  0.003001525074596539
310.33065975831886  0.0010295624325405547
310.3301740202537  0.003879904649340785
310.32961776630657  0.007011672069470025
310.32982609007604  0.005792754743206986
310.3313402127095  -0.0029161243685454034
310.329780540295  0.006031099507977386
310.3301617383033  0.0038315951145400113
310.32932780983884  0.008640500027302277
310.3293681413715  0.008420734453158095
310.3273412113996  0.02004089245681302
310.32882657688543  0.011601152212583532
310.3301519751326  0.003925142003007197
310.32907884608636  0.010060247101525439
310.3302757070996  0.0032095073203995865
310.33025846984503  0.003318568292061456
310.3300297518435  0.0046044965458348006
310.330629471592  0.0011362864003686994
310.3312236330713  -0.0022178204595009227
310.3301458177759  0.003908248597739608
310.33009325232075  0.004227282838742779
310.3329635350585  -0.012291148862319122
310.3316931001697  -0.004971231049138552
310.33110743843525  -0.0016396448138574398
310.3298724491272  0.005473077927007287
310.3310924792917  -0.0015435010142453018
310.33002690324406  0.004611330667949068
310.3309265017934  -0.0006238901611411148
310.32907297655237  0.0100577082456394
310.3291717158435  0.009494579304662496
310.3295502273182  0.007368272342825495
310.331511822214  -0.0039656853581092905
310.3301467337331  0.003908013635451727
310.33099633548267  -0.000999424219344982
310.3314022247565  -0.003397855142912895
310.3302740985473  0.003125134625066828
310.32970004325637  0.006476477813477318
310.3317254498653  -0.005255810860080718
310.3315031976154  -0.004015377388461913
310.3308771391341  -0.00038983052280477156
310.32967822947296  0.00658968833169064
310.3316601975737  -0.004871533372570016
310.33168466208616  -0.005083870429631492
310.3302566513805  0.0032397767538628088
310.3307265116775  0.00043685320339394287
310.3305348064337  0.0015514089846932221
310.32998701891444  0.0048551239265495726
310.33153084286886  -0.004219835870353214
310.33121406734904  -0.00229770576468853
310.32992681713904  0.005017118093227819
310.3308683321492  -0.0003689175770447392
310.33027815418814  0.0030849735583242527
310.33151191573074  -0.004102530079554716
310.32984895449187  0.0055120486454612455
310.33024530125505  0.0032935304613628093
310.3303617579237  0.0025364254981342952
310.33018642131753  0.003562540508312092
310.33154824652377  -0.004317369148347732
310.3302939810266  0.002907754202647322
310.3296693529693  0.006511642174039836
310.3301725070384  0.0036041651378914846
310.33042033790014  0.0023624204972349256
310.329106862698  0.009740689655370581
310.33269678254294  -0.010926948486329111
310.32988296492954  0.005272212054942754
310.32935451045876  0.008346401261163762
310.3300594659087  0.0042536336430683075
310.3300108991222  0.004535955899097571
310.33005332658115  0.004297913707684538
310.33017897863834  0.003572662259062288
310.3298070458264  0.005708847202120669
310.32990240457156  0.005161229237912313
310.3290893892193  0.00984190832062637
310.33133299738705  -0.0030753245474992464
310.3299702387906  0.004774670906149791
310.32964925473703  0.006708636466301051
310.32984438988166  0.005500818035479933
310.33076432059767  0.00021906181285367217
310.33068152704993  0.0006704913491751895
310.3307285132789  0.0004184546962014145
310.3301310125896  0.003872189893699944
310.33213397769595  -0.007686718403129616
310.3296060932258  0.00686680217877076
310.3301608764182  0.0037067507343681158
310.33204016251784  -0.007128003283365839
310.3306170205683  0.0010431788137404787
310.33054865896855  0.0014365363019125644
310.3303872561494  0.002390101593948639
310.3308041246164  9.995039717330717e-06
310.33075929271735  0.00022388400057772286
310.3302638198178  0.003076426165719022
310.33011180354146  0.003958509494328396
310.3301158733557  0.003928604567316436
310.3294178180702  0.007952459728507938
310.33080837336945  -5.950927740092744e-05
310.3316449990911  -0.004878220372144144
310.3305126054583  0.0016438954284632272
310.331177001131  -0.002173001719971467
310.3306679619638  0.0007502863684463132
310.3302955579558  0.002898507659026742
310.3310795927377  -0.0016204384725194948
310.33138953817246  -0.0034046438112295212
310.33061277327414  0.0010700575311497194
310.33091479179205  -0.000668771555274656
310.33083886705026  -0.00023564373193623637
310.33097470566764  -0.0010179575580171036
310.33098447172677  -0.0010740507293017386
310.33108520026  -0.0016542887296936786
310.3308858039956  -0.0004995632054661064
310.33090727648903  -0.0006291064645292915
310.33129451475145  -0.002859564366459501
310.33067173020453  0.0007310600635550915
310.33058620008893  0.0012200164020368272
310.3307017212039  0.00055544999132447
310.3312908764157  -0.0028381016143853017
310.330758975454  0.00022447040153833047
310.3307965504077  8.093788537395812e-06
310.33065563792996  0.0008198480754982144
310.3308568631015  -0.0003392397134751367
310.3307981524891  9.295169372761786e-07
310.3306618674888  0.0007837172738109169
310.33078798480597  5.7401823832555764e-05
310.33084384857244  -0.0002642065128059545
310.3308205476309  -0.00013012940784247636
310.33074130287287  0.00032623703637947306
310.3308310126358  -0.0001899009163894839
310.33091877787274  -0.0006952997725025741
310.3308092664938  -6.510735557842857e-05
310.3308945894302  -0.0005564737697914591
310.3308629614055  -0.00037439303694940425
310.33085968312764  -0.00035551750059066003
310.3308045625572  -3.801778769442626e-05
310.330823514007  -0.00014722566936072935
310.3309474791915  -0.0008611194208684976
310.3308739713208  -0.0004372129109209103
310.3308824186037  -0.00048620770013325704
310.3309598497392  -0.0009322421882626067
310.33084342822656  -0.0002619182687207353
310.3308618329385  -0.00036791347655427595
310.3308459182348  -0.0002762585351759123
310.33089666395256  -0.0005685098972287352
310.3307932830435  2.6878231216595677e-05
310.3308490882737  -0.00029451167509934824
310.33085551281187  -0.00033150323830318375
310.3308654368564  -0.00038859271896821374
310.3308644127145  -0.00038277022520189223
310.3308344198336  -0.00021003496801465504
310.3308679333461  -0.00040303266034471765
310.3308647987974  -0.0003849872582440484
310.330863040282  -0.0003748664607561562
310.3308550871678  -0.0003290551007378823
310.3308400596091  -0.0002424816427894573
310.3308505485642  -0.00030292513399405896
310.3308489261644  -0.00029357975607622786
310.3308267090674  -0.00016562750438206317
310.3308525591867  -0.0003144766131258969
310.3308523490069  -0.00031329067814044124
310.3308216112686  -0.00013622774798271482
310.3308427802112  -0.0002581652421468735
310.33086093726683  -0.00036274048517914877
310.33084569626203  -0.00027495240918556224
310.3308580588014  -0.0003461638570558114
310.330841408406  -0.0002502768045111987
310.33084180794265  -0.0002525327105497525
310.33084952312606  -0.00029700661283735985
310.33084757166796  -0.0002857593115555292
310.33083601690873  -0.00021923210944611876
310.3308339075604  -0.00020707770853803782
310.33082897863386  -0.00017868539164975737
310.33082704576174  -0.00016753052322746306
310.3308426354783  -0.0002573516373602102
310.3308292475973  -0.00018022152471592373
310.33082328516593  -0.0001458963810447364
310.33083147441874  -0.00019302049110807873
310.33082509260305  -0.00015627827134130097
310.3308305988001  -0.000188020793631265
310.33082367429625  -0.00014813235462229917
310.3308296444124  -0.00018253199674759117
310.33081032297474  -7.122566550780175e-05
310.3308264110031  -0.00016391414178085778
310.3308174428668  -0.00011222520941776873
310.3308188935976  -0.00012057797426567345
310.33082369066864  -0.00014820364603909642
310.3308109674337  -7.493079696729697e-05
310.3308063145395  -4.816092915538221e-05
310.33082192496653  -0.00013807728586497577
310.33081289528803  -8.606229104507967e-05
310.3307978230946  7.288715061279948e-07
310.33081583171526  -0.00010298668942270024
310.33081930590583  -0.00012294513680604632
310.3307999247328  -1.1375598178202806e-05
310.3307916282736  3.641577272100725e-05
310.33079054937576  4.2630899024689434e-05
310.3308176528336  -0.00011346039923053626
310.33078629322364  6.719994311324575e-05
310.33079383176823  2.373103661856302e-05
310.33078115556094  9.673546377369654e-05
310.33075631694885  0.0002397765489999682
310.3308259487704  -0.0001611989487970168
310.33079768697326  1.5706758996042843e-06
310.33081528404676  -9.982907961522024e-05
310.33076003382934  0.0002184111594442356
310.3308142610068  -9.384639503353894e-05
310.33075933779656  0.00022238288162736313
310.33080005682245  -1.213333133765525e-05
310.33080385817397  -3.4024280462697925e-05
310.33079012165837  4.508151948299303e-05
310.33079893404835  -5.658375068939842e-06
310.33079102901024  3.986743260696213e-05
310.3308038402628  -3.3923597206654735e-05
310.3308213085204  -0.00013451556463137766
310.330798060311  -6.380247553933822e-07
310.3308088283035  -6.263338896697879e-05
310.33077287947157  0.00014438590571775795
310.3307823476709  8.987121221024809e-05
310.3307879750926  5.744552281356979e-05
310.33078941609483  4.919203955280865e-05
310.3308050708728  -4.1012640743429024e-05
310.33079406080344  2.2408413999967862e-05
310.3307883416062  5.533452587639006e-05
310.3307870975704  6.249747574121757e-05
310.3308019337645  -2.2946430289256845e-05
310.33078940753086  4.919576506527984e-05
310.3307928890667  2.9142979684857625e-05
310.33079521426976  1.576585738234451e-05
310.3307903762983  4.361790373752042e-05
310.3308004991507  -1.4677460473269378e-05
310.3307929438886  2.882855420451636e-05
310.33080443801884  -3.7367484777151164e-05
310.33080018425767  -1.2870721118835512e-05
310.33079882668727  -5.050959474197123e-06
310.3307904123879  4.3406755119562756e-05
310.3307916805415  3.6103174362111775e-05
310.33078630989763  6.703359384405449e-05
310.3307904409045  4.324288949846196e-05
310.33079252504456  3.124023201098073e-05
310.3307893825336  4.93392742795903e-05
310.3307870157901  6.296794426554955e-05
310.33079342014946  2.60860920888286e-05
310.3307927811785  2.9764315554645044e-05
310.3307926641446  3.0438603963245737e-05
310.3307899900268  4.5839027447897165e-05
310.3307917663729  3.5608829436145535e-05
310.3307911450797  3.9186820827778544e-05
310.330792173831  3.326210977799447e-05
310.3307924250446  3.181534849068925e-05
310.3307933677662  2.639041137800794e-05
310.3307952881803  1.5326334749958817e-05
310.3307950585052  1.664893197977485e-05
310.3307916466343  3.6298827369473474e-05
310.33078845070685  5.470410267461105e-05
310.3307982009084  -1.448513756889024e-06
310.33079591746167  1.1702066197771954e-05
310.3308029568007  -2.883824068665621e-05
310.3307998948695  -1.1204043074078787e-05
310.330795068857  1.658927942364842e-05
310.3307967038508  7.173527238445318e-06
310.3307989004557  -5.4770042097011186e-06
310.3307973034314  3.720162525054958e-06
310.33079405409546  2.2434852422736657e-05
310.3307956627334  1.3169284675561309e-05
310.3307953761308  1.4819909530047741e-05
310.3307917840504  3.550704727298989e-05
310.330794418025  2.0337508750174308e-05
310.33079578436866  1.246869329192581e-05
310.3307950689655  1.6588654005822064e-05
310.3308017163309  -2.169415299663393e-05
310.3307976647405  1.6392547963325333e-06
310.33079695318423  5.738314159343543e-06
310.3307971799313  4.4315351047171e-06
310.33079841110174  -2.6583875949279554e-06
310.3308015157706  -2.0539037286347784e-05
310.33079209515296  3.371524353917353e-05
310.3307939558767  2.2999260302506493e-05
310.3307963913279  8.973013744037714e-06
310.3307962340786  9.87889932387889e-06
310.330798447555  -2.8690035430731292e-06
310.3307970156646  5.377365207698889e-06
310.3307982554591  -1.7625445263687363e-06
310.33079865686625  -4.074527686988461e-06
310.3308022511358  -2.477430396027404e-05
310.3307960187986  1.1118551142910679e-05
310.3308052816401  -4.2227426271023254e-05
310.3307957160181  1.2862540822334729e-05
310.3307948597303  1.7793781633644247e-05
310.330796928889  5.877115079825471e-06
310.33079815526264  -1.1857085900320195e-06
310.33079893482727  -5.675310640849336e-06
310.3307949486868  1.72814352543576e-05
310.33079837560507  -2.45470509134445e-06
310.3307995043922  -8.955513208822009e-06
310.3307987611329  -4.674999087799644e-06
310.3307992563612  -7.527085560226234e-06
310.3307996807353  -9.97110010036485e-06
310.3307972741  3.8890435255921884e-06
310.3307975778964  2.1394188748696274e-06
310.330798673215  -4.16865535327238e-06
310.3307993640852  -8.1473170535902e-06
310.3307984767935  -3.0374590145003342e-06
310.3307996847969  -9.994482724870054e-06
310.3307985084662  -3.219856815962924e-06
310.3307984120875  -2.6648087422884342e-06
310.3307982352433  -1.6462968520599763e-06
310.3307979215805  1.6007903662644906e-07
310.330798642308  -3.99068536773355e-06
310.3307991910908  -7.151174108922139e-06
310.33079957455675  -9.359592530264727e-06
310.33079809049855  -8.127261881170044e-07
310.33079749231524  2.632271260677847e-06
310.33079808335344  -7.715631073213392e-07
310.33079911286933  -6.700703641284376e-06
310.3307981662839  -1.2491831307140452e-06
310.3307980934939  -8.299939043014895e-07
310.33079809613196  -8.451761455920788e-07
310.33079816647063  -1.250276176797882e-06
310.33079868771983  -4.252216317996157e-06
310.3307984812994  -3.063413331432114e-06
310.33079895310783  -5.780621484687284e-06
310.33079855364815  -3.4800657194669157e-06
310.33079818411795  -1.3519026707075153e-06
310.33079901717605  -6.1495810624184695e-06
310.33079858584915  -3.665529939610247e-06
310.33079812534214  -1.013409465745473e-06
310.33079871340715  -4.400153337371741e-06
310.3307978945965  3.154817172306312e-07
310.33079827243114  -1.8605162811200577e-06
310.3307985530818  -3.476810686974844e-06
310.33079867720403  -4.191651871019698e-06
310.3307987358182  -4.529222070054391e-06
310.33079856888816  -3.5678454909989915e-06
310.3307986043179  -3.771892266630199e-06
310.3307983417498  -2.259729961978164e-06
310.3307985059517  -3.205389788528896e-06
310.33079884540206  -5.160329213660426e-06
310.3307987768173  -4.765339154897296e-06
310.3307983331006  -2.2099194718814367e-06
310.33079818176475  -1.3383550412483755e-06
310.33079823174705  -1.6262112125348452e-06
310.3307981812969  -1.3356603661796622e-06
310.33079845144965  -2.8915072708308005e-06
310.3307981378127  -1.0852312020251835e-06
310.330798815805  -4.9898771311692e-06
310.3307982425638  -1.688505559310511e-06
310.3307980494833  -5.765312873720488e-07
310.3307978761987  4.214399074621462e-07
310.3307977818859  9.645987073731512e-07
310.3307980228339  -4.23052390363189e-07
310.3307982240851  -1.5820838890524635e-06
310.33079818954076  -1.3831401270823262e-06
310.330797947962  8.145718003507201e-09
310.3307984109471  -2.6582465111192416e-06
310.330798304028  -2.0424871802100523e-06
310.3307981418845  -1.108681573372733e-06
310.33079816370207  -1.2343312962385546e-06
310.33079766503744  1.6375416061340924e-06
310.3307982451873  -1.7036145537046302e-06
310.3307980225392  -4.213568806262601e-07
310.3307979715104  -1.274755388219444e-07
310.33079842961797  -2.7657754223961063e-06
310.33079794100195  4.823060836988948e-08
310.3307985377418  -3.3884751295853825e-06
310.3307979122929  2.1356537679951163e-07
310.33079817778105  -1.3154144673460521e-06
310.3307977635207  1.0703659367956916e-06
310.3307979808764  -1.8141572746329876e-07
310.3307977176278  1.3346740425784314e-06
310.3307980933467  -8.291443586056095e-07
310.33079804757125  -5.655196636475179e-07
310.3307978325594  6.727613563733313e-07
310.3307978194476  7.482736784969512e-07
310.33079817781913  -1.315633839013697e-06
310.3307981734217  -1.290308429160365e-06
310.3307981768894  -1.3102777933649276e-06
310.3307980573948  -6.220946405725234e-07
310.33079784046646  6.272238139104335e-07
310.3307979620856  -7.319683557028825e-08
310.3307980228804  -4.233217951069019e-07
310.3307980627316  -6.528302680789344e-07
310.3307978246121  7.185309666474307e-07
310.33079798322353  -1.949329451204106e-07
