 Dim = 3
837.5100639274401  -6456.375352766533 -673.0764477288163 -862.6785463250014
461.7205863568885  1921.9816671381195 -904.5556984494078 -2180.4902282415624
19.523409723544194  12183.878156775248 2631.65366581493 -2453.546437700005
1016.6191867260613  -5138.422963852471 -1648.0762459704379 -1327.3658654283752
2.1903492157240882  12741.167818577114 1837.2786982065534 -3314.21731363881
454.08490387084606  -2106.1354507973356 63.60806140939593 -991.6501011361614
260.6780364611283  -1371.770593860389 1071.4556963535683 -582.6205635337583
179.3928019414309  4013.429178214391 458.0819788653272 -2209.4718825641767
181.38303299062417  6636.796854565773 -160.81216084995043 -3485.3251923493813
177.9064024599364  22660.676505296004 2245.8363845270096 -4145.660313970263
158.93299734119233  -497.98097971085735 1676.6326622387317 -824.9517190600029
248.05522477756233  18581.899030987843 3742.759611514758 -3165.8524840383852
9.369733159942998  9671.721778667415 2897.5406058357758 -1763.508143624145
701.8010369532166  -9257.713452176897 530.5573653336678 138.92721319625497
599.5058451922841  29689.486760536427 3173.58076648878 -5360.205289850415
456.5982077902261  -4533.1786276653565 618.5922267620587 -1613.56558426949
97.08787381780996  14529.041470119922 3318.0811532117223 -1859.3471356479517
708.3373642831868  -7161.572282177007 20.92527727081358 -753.2588160081347
180.8530565048947  -2328.5644671149357 1906.5153583250192 -7.3485519282289715
216.47001232469026  -580.3493329171288 1215.8113368161041 -1087.3694394020206
365.3500665466837  -287.51712498070106 144.99752035460216 -1358.7151905650524
220.40877065941172  -1183.671051416875 1328.2835207960206 -1405.511387810779
471.0114142032929  -3602.6450095980845 322.05472749861235 -1452.9334116171358
598.6515687892255  32923.689847390066 2420.3006524176553 -5951.449756245372
851.8803523317613  -14426.91713106671 1106.982962319818 1401.4576744891908
185.06393009237533  3716.6030399306333 480.62378128990076 -2572.643789379017
3.5686722873723924  4585.359615177 2950.0326626533406 -951.4568107089028
617.8061016553769  -4183.079576879938 -261.7267372646224 -1782.0392005580607
205.3069998266078  1529.9279965858063 817.5538042722726 -1742.2260708879508
998.8618563110326  -8912.909230907135 -708.4776065347376 -1356.9256657297658
10.234569428868271  10988.84541408649 1176.2530390870409 -3081.0103291059622
799.1559051114981  -4013.4781510371213 -1078.305512391741 -2311.2276927717667
280.1624531325714  -343.1205990718215 703.8265536823712 -1941.057231563818
960.7907716969023  -9810.729427542572 -363.0784477514527 -1000.3451587170434
61.08852470103782  8205.366701982653 765.4982793003497 -2559.269235428956
997.0031352851265  -8002.745800912029 -908.0670634882993 -1930.0374068281633
1014.815505751323  -9455.436240471983 -644.965685277734 -713.7475325004544
434.24700133643415  -2784.370515511402 328.3032049090789 -1298.3675415909954
994.6387023128507  -8895.74334331578 -701.4581629973197 -831.0498672926954
174.65382952010273  6274.204183375218 -16.745352340173895 -3605.579870215787
381.0097370161789  -2793.7949039435885 637.2283316335863 -1764.3573177340204
825.9551399858703  -4491.317424526582 -1067.4358043324094 -2871.0176126117717
215.0873532709833  1872.3217847757376 671.1503798268116 -2706.757412596812
643.1271033240322  -1398.3492792658767 -1021.4947761147778 -2221.735319834865
589.3241216257312  -1274.8510247752156 -800.0425031484061 -2552.997268956089
528.1053404814045  -2045.555363606622 -319.8158232902581 -2744.8764087415184
1001.5087277194519  -9449.642273463436 -597.7815601966706 -804.7834910791103
823.6877150191975  -4113.559099510373 -1152.7780257080622 -2397.60161392
504.271147110564  -40.78633087654157 -665.1008276795707 -3091.96168158821
996.1802690668842  -6121.429050610762 -1341.5485252471472 -2242.473618448391
1002.1673150918618  -6277.05849646149 -1327.3119716064232 -2203.429790810879
192.31990589189326  3927.44212894233 369.83241745811574 -2245.80048682135
978.7567336682849  -6903.600628125272 -1096.4889620286526 -2119.00413064642
565.6807365125353  -1155.6128497380012 -711.2036258856499 -2905.1745373506583
65.06207135010997  9293.131373838163 473.4403855964063 -4300.321733952208
736.9068570631454  -3450.4895077245083 -951.0675280114331 -2435.827134275265
986.3520245409135  -6635.239331231782 -1182.733127779739 -2469.4069954035035
402.62326631931376  1714.5137496835932 -525.0307788461088 -3287.6227754349347
193.41497220630544  6465.1145618447135 -223.03891204076206 -3246.1915635573805
304.81398932590884  3060.49915810843 -236.34061731162993 -3627.2663784806236
544.6278748099693  -1072.8983122796876 -631.3065852018162 -2631.1196129256837
310.1999162738675  2769.7542517088514 -208.0507774936896 -3348.2849891586297
1015.9071944210364  -6207.964086293873 -1392.9832526031403 -2206.112665964551
543.1479320703261  -390.79832128212456 -779.5916089274699 -2979.4422753680637
1004.3080246210906  -6398.4241990478695 -1305.2849673982123 -2331.7084555091014
888.472641516518  -4715.998967353473 -1265.5599712948415 -2430.18291048823
723.3172381674755  -4598.14866481836 -627.4646293330036 -2217.9377085417864
776.7531135549847  -3691.6509040375695 -1057.6542945415513 -2707.7556259387966
968.832312988489  -6779.551275276515 -1094.3979615048343 -1535.3677195558166
5.356642524218959  13928.425640837168 709.7449830465732 -4520.6902918424075
927.4101459801851  -7664.957251615759 -737.1959766378699 -1175.2712142265966
836.1305974085243  -4995.445635520414 -999.3201727458741 -2103.8514541543036
836.4200539934589  -4438.5561589908075 -1128.4464481488067 -2307.3063107281505
982.7716594715912  -7848.83195568825 -895.6766352939703 -1620.6726176846335
936.2663214225648  -6909.377857596017 -937.0281699200319 -2161.1299037908957
446.2486410879121  535.3631116420547 -491.3601182352342 -3290.2474014252475
432.50712988659325  -552.9161474082756 -169.1084244103045 -2701.796407815556
941.4211622503697  -5599.131924663907 -1260.874439469517 -2338.322879136254
1009.0471404338424  -9617.628078599446 -583.3313418914294 -1103.6085917311534
211.52581624086324  5422.022708710083 -122.75025309225566 -3548.8701229254048
366.3656532797692  1009.1665195065125 -157.06388766895844 -2480.1773432214222
547.5875411668981  -1280.8276413531173 -597.550000011528 -2601.8431302601653
595.4652199871341  -2053.9866166518837 -649.3915839989622 -2319.9695283733477
698.9487165449907  -6253.120668476219 -145.27828470399407 -1354.7819084457826
586.6010699032033  -1114.9331590012757 -822.6442508409755 -2742.3171021340804
800.2421696787657  -3667.1841732943176 -1162.7124843218867 -2392.61370237992
979.19861006509  -6962.208353106664 -1087.1215775913274 -1866.5806880284122
411.6342828744137  923.011267979332 -396.7113318150463 -2821.8538520356487
915.8368514851365  -5078.912300062329 -1286.180688691704 -2336.456125731819
843.2163735708563  -5843.649372677846 -830.8254321452758 -1954.9456333556575
584.354563346933  -1243.9762095933047 -781.0558921288828 -2811.245443252834
879.3622698188974  -7108.544686218633 -679.7776040850816 -1644.6909672410488
528.0410175309459  -262.5230189119452 -735.0587614763436 -2951.3693768296203
902.8867418766336  -5124.442524320306 -1225.9362286443757 -2374.194661344633
478.5070669727407  360.9804133662167 -627.4712891519339 -2961.4000695337063
974.7049547648587  -6502.002596720313 -1175.644780218975 -2107.919976152875
779.5192763473214  -3796.8071110951787 -1047.5512604170908 -2436.8854694771126
1010.398239233786  -6140.79090390312 -1388.4780830072755 -2241.562069788445
906.6207829976423  -5245.028999222181 -1211.5256523266216 -2415.5219924604557
590.9780315260894  -1217.6016936402175 -819.2865334639217 -2746.6316272089025
462.50795426962395  276.508230402947 -524.7598508697066 -2817.662597104688
248.0494111463379  4272.942926490133 -131.1425440009661 -3470.11238087099
716.2057487167119  -2892.610776395663 -993.3067803630374 -2433.9779617687363
535.079118174187  -431.7807011221116 -732.1626842123353 -2803.0110027050414
843.1663418507576  -4418.243882998635 -1158.4165265251734 -2448.962890425166
696.2192005096371  -5085.687524658451 -403.3755741502373 -1603.5028096550925
546.2758973534758  -1538.4276764669162 -531.7455505280238 -2525.2407488952676
540.2223846451964  -380.2933229613427 -769.7290031292439 -2791.775808039366
684.9830225625141  -2440.5857729615936 -961.4786863948872 -2650.4070763189707
585.0559069283102  -1443.2198021563277 -738.5160773725145 -2746.9809566483405
469.76106813253074  -838.3803581324457 -307.3752838743932 -2383.757249964831
630.73332464721  -1956.2125070346988 -830.923848725611 -2756.505499280684
706.5355390843615  -3094.439512546183 -903.2906870407496 -2561.649449708314
370.22280123722413  2252.430626425916 -464.1333505874184 -3104.6832906630507
677.9609741424787  -3354.8452446855636 -724.2533797784024 -1887.0712311332866
565.0290822664414  -1512.3186509200768 -629.2825224218282 -2502.002665463012
478.0491219864948  -219.69689398190553 -492.8099565603575 -2645.488624274283
360.6386796189327  975.0335888069433 -115.1379615557678 -2431.0909937297065
430.34522127882633  -689.5634202405413 -130.1797849210038 -2282.7776386679234
496.50676573439864  -312.7490464336863 -567.4207454228725 -2591.548171791431
394.13195728785394  1147.3020940473618 -349.38361190286855 -2800.5843601303363
601.2406171211653  -1291.6823041254856 -849.7943386540857 -2780.4244447385263
419.5992083958792  -682.8210651194787 -72.94177163013579 -2186.769321426219
160.58625750197112  4764.345231920432 451.8253197533696 -2807.2979863576093
451.16146502837745  -451.24262204243405 -297.2517654715949 -2500.430563077556
389.15202270164514  -1186.5554390054608 214.23925247656504 -1760.2623769286888
743.2837560611052  -4525.596934968313 -730.2203840574404 -2108.7787662487467
359.538003723192  1255.029481901542 -173.74249943076438 -2417.6315748247534
350.0995642059217  1006.7259549513811 -56.59472849924554 -2627.761655219442
483.9147904684605  -1236.4060318826419 -289.1331679605651 -2343.199822419021
373.02768487664355  737.5578479842081 -132.09489319592808 -2614.2704761425466
470.36926103352295  562.9156074572506 -634.0149086579579 -2748.902064640574
402.3780164329352  -800.509988824833 51.50576508467934 -2154.440330990985
372.69350415039014  1558.7974755662856 -321.03400220051276 -2687.653209594868
409.2843511736552  -1245.34479586482 115.86370693746233 -2130.954490339343
557.5269205013375  -2229.5952003286952 -428.2783188696444 -2229.290543573844
283.0924437476641  2234.8168734115866 90.20279804197759 -2760.937466990867
546.935482749409  -2260.838115680606 -369.798944573002 -2183.4147978038864
701.7228438216567  -4902.58414159809 -468.0339428667022 -1808.8044151940928
223.84067686958113  3907.6192224732913 128.72444847812793 -2953.1256379594834
534.0405764821394  -1009.2136055054739 -593.402416409267 -2678.4627478867906
676.4000430551399  -2480.6363372256355 -915.5688787843712 -2540.7205639792182
615.881114811017  -1817.9561287967085 -797.533268055407 -2526.2926063905156
528.8542196308827  -1377.3560314602714 -483.82794262100754 -2470.783360654687
524.1881074209009  -1785.847204335587 -368.0387703360899 -2178.83612696916
536.6601663203219  -2734.951328609043 -210.25593069309286 -2011.64993345156
518.0302105247725  -2046.1128666870354 -276.78302537155776 -2142.7701911475847
701.2367700995187  -4043.0548475579453 -664.1040128781667 -2056.1500499726694
320.52733780949967  681.9478768991081 199.46265491633577 -2118.5469003622666
545.5457272006258  -1934.3399730281299 -437.5920116971248 -2344.0895830754644
497.69447824750006  -2224.6677722480986 -135.17021534425638 -1739.0596517707327
510.16916982978205  -2566.7928919028805 -117.72838543055492 -1918.3621607237344
556.5924941791527  -2191.1095011173456 -431.8317001781654 -2317.034072589754
528.9014019718726  -1793.5796849720005 -388.2450940293129 -2336.1952276758057
517.3265293194496  -1188.7568700121767 -469.86259506511806 -2494.6026679885126
562.355243019815  -3274.7659170676293 -211.99618655219894 -1784.6630676665789
435.1996512619219  -2549.0069980710905 268.9204524283449 -1380.08909393787
536.7589959688041  -3144.6998493783467 -119.08043986113825 -1546.8438474923967
437.90796277898033  -2527.865210607128 249.18543263917906 -1377.0303049493205
531.0687517545822  -777.6624982531405 -632.9325121361799 -2662.35787855567
424.1355777623101  -501.8209357195823 -139.28470448355813 -2312.443802486312
562.6631760452777  -2145.3907411578016 -473.3062015952164 -2171.635759630641
519.1323365110202  -2444.183056103345 -190.76798873423868 -2005.2420592865376
509.5433896252667  -2705.712084828593 -82.66428164988798 -1863.4079184326604
491.52271748764116  -1491.8913958843991 -271.0927911076923 -2117.903619414503
523.5048692824824  -714.4270929544386 -609.7735096910282 -2678.892464441588
539.3213799587396  -519.536422611985 -732.4267170832927 -2822.4404321231914
524.5702547345392  -375.6804573375389 -693.1679669847138 -2781.1042339526703
427.24826158857365  -112.32918647892222 -245.92763436044348 -2469.9690614331203
447.2606891135482  -477.5993175170395 -270.7191006631842 -2430.6341658636898
439.26445596731213  -565.3208554377725 -208.34073916118285 -2260.0943114809006
527.2779538998533  -1665.1039468671859 -411.1827408831995 -2227.3178657000403
428.96342426973735  -257.76761201774445 -221.5102018398964 -2466.0089960349537
444.86353733693716  -929.6261440412295 -154.0159805761543 -2247.198844934146
537.7279112615801  -1885.7681261923353 -411.08045593300074 -2280.8752200482104
528.9616073057623  -2532.0458748102724 -219.83658118946448 -1963.3879816277843
455.4669660889318  -834.5501145432648 -232.08471877435284 -2386.4757611253913
470.819702947264  -1845.6438860122166 -81.75453281116492 -1985.2081629062766
406.769151207487  -68.51795270153326 -142.1430389774309 -2378.26993062986
429.41774019211925  -557.045731823476 -156.02105009691758 -2277.039239234341
428.3621093406589  -91.0854300621952 -257.65171777183525 -2406.271384445976
405.6963145066106  448.2425613740239 -254.1663850246578 -2629.0301110111873
466.362499363049  30.230157254078904 -489.0845864875175 -2689.865391209232
416.4870890139299  -616.4559940918728 -71.3566541616547 -2142.98799285775
372.98319402257533  775.4711871039024 -140.931618110589 -2591.532631371079
448.9405157511511  -407.79995303453165 -296.55637272845746 -2381.6513992661426
459.02117631694546  -1080.188003300771 -196.54852277407733 -2087.6656541316943
389.4246528002439  -4.996140696376756 -58.44277347744517 -2262.9083432904886
422.5193437875701  -686.7732299106505 -88.10578426494129 -2210.111586329715
376.40213592562685  -429.58701824926067 115.92712211396663 -2170.0226667747875
400.5940656161605  60.23723804309998 -137.87124130257143 -2273.700213867527
379.68753302776634  -65.7796867630918 11.964235547734342 -2192.723051724791
466.65699534918286  -1413.4544771747735 -160.1151063136863 -2020.7953641746085
418.88679632434696  -516.5851463612443 -107.44769857856274 -2215.7354559872415
455.63460376857165  -1206.2411503119547 -148.27561537236733 -2179.242079934722
345.98334487725305  512.2532575600924 79.64945979794803 -2153.6980473397
417.2649785706774  -697.5736789885078 -55.88835919986384 -2244.6208074862425
411.4579227260105  239.02699230777648 -240.29191774447239 -2386.7671244135286
359.13354979244195  -23.609713923244897 123.05885675751105 -1999.103357700929
376.7795199596171  -330.33785489382313 89.84816255927825 -2090.373345272719
404.22559882015094  -560.6249482721299 -16.230003509001044 -1991.6140226266743
364.54514912689683  422.63326952492133 -10.252768283356051 -2387.8118355194547
385.610260913003  460.4017202630264 -143.6008156005061 -2390.702559142129
417.33263412621073  -211.92335377140694 -168.20207982851244 -2388.2741142214013
433.0049357852523  -1208.150831553034 -27.242322500981714 -1897.0310471500343
452.0935699030585  -686.1271251879289 -248.96059529115067 -2349.0842032689734
381.2020767466198  -39.83737932203426 -2.193191186229635 -2280.965761218658
428.33590904657257  -837.257285214293 -86.82896188100183 -2027.5847772726165
351.2588228525183  345.739737558174 86.46708908057118 -2205.7036909008148
424.3944830208371  -1002.081920608694 -27.247664349015864 -1946.1516495806209
410.5473717165952  -447.2811951618197 -76.12953072692781 -2279.416519774716
363.8062709886426  196.69093055937245 46.01102334221535 -2295.0921351632232
388.54810004083816  -168.37165408550314 -15.76195840939322 -2207.71988672567
381.60977135096994  -14.003372329467368 -9.971338316554018 -2347.212764272309
374.52658406058714  -239.3414997594407 82.08326706637634 -2105.285840224539
368.0879663211476  201.26552515349178 20.08919906429712 -2375.605761247116
428.4707862013048  -213.8673603814791 -229.39678494051836 -2429.6521312178215
376.63679317896117  -95.62094754905003 36.11863648526055 -2098.2899213543724
397.76373675045625  -739.6478757618426 62.82598994819777 -2054.9375298245427
373.20758146981717  43.38886164952929 24.764428521631622 -2192.5780168456877
389.3153116644564  76.93351445628494 -75.36471853828313 -2427.4741776910723
384.6247608704593  563.9966969454894 -161.16519920941897 -2484.2477571988275
361.93017020544767  262.95008870420156 42.40105563559948 -2353.80227624533
378.1303089873161  -50.45586660354203 19.0073457438214 -2347.978489775962
390.311432861588  128.6283644085474 -94.06322848384809 -2338.6711014603457
385.42879630569314  -189.21020417337076 8.60627632840193 -2348.0223029986523
383.45598733514106  -156.52439121449703 12.04485731763434 -2303.351727436224
377.7197278129885  -125.50390858969999 38.120536427505776 -2265.3828717600845
355.7296320768649  361.8337321740011 54.78545181644938 -2106.2964372566353
426.1757491593009  -735.2076807176232 -97.05362374754411 -2219.421266932046
388.0268640099953  -330.8554482436309 25.62961036870828 -2258.79165752184
359.86398071539764  363.4127118341198 31.90604983837889 -2402.9298193646687
389.4303369126649  -233.54454552206516 -4.62478486135468 -2320.5483878409627
402.50128591439267  -557.6610527147949 -4.2530924432588435 -2315.687552379002
374.4723381966186  24.19316544155501 22.252588484444136 -2251.151166671988
379.41692278454207  -283.39656908104223 65.29140973245009 -2295.2180704280236
385.1317587572922  -86.26921940496388 -14.725623553706187 -2240.2635039188854
385.4395815441939  133.08382862790882 -65.84028369625254 -2434.2266898602124
343.0373986186032  575.1852861113671 85.22571502470282 -2393.6102730756525
382.47471631060847  -304.92112508789603 51.62100167511488 -2221.4267638749816
394.7167109243957  -324.3829236766238 -14.794677864772883 -2240.4147566268625
351.5936453699603  391.1458601646525 75.01738449787089 -2337.1754614839833
386.7547181315906  -13.271898630981639 -41.105258282171846 -2250.524685328043
384.4277647217936  -107.0402760546273 -5.553965662230047 -2264.6148411293916
391.75413517921424  -441.0054073329286 28.377288710708424 -2113.8290580133325
438.1698875070031  -969.4330845866604 -108.74017692054427 -2194.3883682588694
376.41942175195516  36.25560171309367 8.556510075356089 -2318.123935440168
358.38244638650565  514.8873319857018 4.880967448576705 -2336.4289894493854
402.152041057984  -152.29033758408258 -96.74187334473132 -2331.988310880193
384.3703802367935  -4.758472187614117 -29.33937541892493 -2232.7118462444814
388.97684408056597  -175.53823595718075 -15.756161164719597 -2298.025268453492
401.39178247862435  -402.4191691039279 -36.05449293703415 -2105.678384679321
382.6433540634767  -86.04018816853103 0.3431147905616161 -2302.535039478588
372.43856912532027  165.58591021934308 2.0931374681557084 -2333.297322272854
376.37358622575243  -41.936630733194605 27.320512990889096 -2341.893348687109
364.4504438421572  66.76010194050352 71.99502000545195 -2246.4182174613006
360.4681740215398  295.81929124695154 43.215798439270046 -2320.114627743679
360.4650982299042  355.9737750818742 29.47866957191477 -2349.2971689451642
383.6419416940224  -162.0714393323938 11.938165925694102 -2271.2859911691967
390.09069473019923  -174.3106051995596 -22.169367927956877 -2332.297071184881
381.70557303113844  -99.36113752813662 9.707302792708074 -2376.3350745945577
390.2956933561265  -167.35720055186738 -25.03284403955458 -2327.2249389484396
390.1519324821242  -291.42021169445127 4.98433945496031 -2347.1211950051884
380.3133223484616  -70.88947658179796 10.80278799946371 -2335.4165529294346
390.7771110914204  -99.45662354838072 -43.83398665370604 -2310.3106905016302
385.134580261297  -177.55727791421018 6.450679837642898 -2230.5052912799733
376.55073558703856  -76.44162609631368 34.18185229209797 -2327.283577279265
384.9963602411239  -148.27713180399113 1.053591835478116 -2297.0144663343845
388.16662832131476  -93.07413825550086 -29.61570799124991 -2366.167014237403
381.92546928744576  -68.06119750333177 1.0961773742141823 -2375.647811976089
390.56296079864916  -311.29500297252594 5.998860443471905 -2222.8782869039437
377.9432250557972  31.060044802506493 1.1773935205867412 -2358.109757218528
375.9923821893668  -231.3454112461785 73.10811559652807 -2273.989736053009
389.8915226513954  -224.68519680558316 -9.165449926964808 -2340.5140071000874
378.86248615047265  -34.16107353412369 10.560770826071183 -2315.4274517862677
380.29408990368006  106.29352140738848 -29.482423542698697 -2430.1129100332955
379.24457850220637  -49.47384441747806 12.029272379255934 -2329.7314939393864
379.3169247491929  24.343282354584005 -5.30170168265148 -2362.298831998498
383.07642183124875  -79.01836741712093 -3.398898265501625 -2345.9679942390712
380.195573581545  -69.96783274034448 11.524781819171956 -2359.109126977933
380.2689764964271  -60.11378205264964 8.373528264610664 -2318.1146646497987
387.4211907877426  -170.75620485426847 -7.701905918754651 -2310.6759706968023
371.3286668441531  120.00525772717914 18.78106134554438 -2275.9615751094416
376.19251080168965  124.35038811165185 -10.004151262992664 -2384.6342434935477
385.7025442080228  -126.77872234420178 -7.563665170926674 -2349.1103686236092
380.12255072235814  -57.85637855317971 8.710272078460845 -2318.441564577785
390.7250574127191  -239.27776440346702 -10.912751578139972 -2309.2338747538706
384.1482117119472  -30.857172608481974 -20.51981259326333 -2384.5216518005363
383.4189886414768  -99.9002121187004 -0.35892450338233495 -2362.203332997513
380.1529164414627  -28.736260436944242 1.9469170497711925 -2339.7386945914172
380.9839113213736  -67.50387807685114 6.072134755680641 -2335.286320772534
384.3195089637771  -58.376514704859005 -15.870658698891003 -2307.362255507983
386.2169600710447  -147.4109976941231 -6.084928928768061 -2315.7901060607796
383.8817785782531  -80.3294160290521 -7.8801047651295235 -2338.640836809053
383.95269799417935  -114.60262316557508 -0.5954338277799529 -2308.4332152479947
382.56340744047213  -63.1795089810919 -4.0732778564697085 -2347.8699509204257
379.2595028408664  14.611456183149887 -3.2197040852461405 -2308.9224453887823
382.05277291314735  -22.532689365416942 -10.689203783923725 -2336.069933307656
381.0547827699497  82.6080720427112 -29.12339752924281 -2361.657851839598
378.62699177050376  -8.758932279562764 6.41019351171271 -2354.5134989189214
379.26619409235354  -14.832553281902747 4.1555406662792755 -2363.2398798525337
380.1523106197183  -24.605737508638214 0.8440208331519905 -2325.4965674014147
382.9616112162818  -61.03962422236093 -7.062629483844098 -2332.2830242957366
382.5870624220851  -5.986556884750712 -18.357608869077144 -2263.8978657343214
377.2622601653676  29.236247978578156 4.90832362076587 -2285.255066541293
376.02652592402416  65.6550112398188 3.862709705468447 -2301.925844094201
381.38997707233966  -20.711245463602047 -7.5034825090648285 -2307.7938268249573
377.57350186611706  81.59062517898742 -8.973196974586356 -2302.8651614633673
377.5707216756647  11.227450460127955 7.396335401090178 -2296.549793389353
378.29655271349924  26.65660577686848 -0.3234798390261817 -2312.963346755312
378.4187063162198  6.588813550571874 3.64921252764196 -2313.956028402775
384.8964182206013  -119.03100511743163 -5.0601941408091555 -2310.0874881625405
381.66961343138576  -37.7362481660908 -4.839043785258901 -2341.4979517960705
381.9935551202907  -45.42716975480006 -5.712849164961366 -2261.0404376599968
379.23358842700947  -17.410709170063534 4.331454117209934 -2301.3579418108834
382.45635201971385  -88.13519535879986 1.7085143183593212 -2279.71054558288
375.5867306592263  75.03340663070973 4.2889333182991995 -2303.553123271831
382.0747697083447  -33.54221961213423 -8.448369554225117 -2315.7146183692093
378.14789715494663  18.362932805981284 2.2458857497819644 -2287.4976491683383
376.13918757485095  72.23647999027824 1.5805619495915515 -2293.175847605496
378.3455193708414  17.598490429454735 1.2015699222364398 -2281.1520801620227
378.45659204729105  -3.1291968639155687 5.722384758453132 -2316.8824520399817
376.46358129938056  72.62990493817965 -0.15945912460071643 -2321.477563512373
378.5527871576051  26.872352285928137 -2.1838149798348443 -2280.8715433260504
376.54960355287875  44.238810594929106 5.670038951166513 -2291.3180348908545
378.79137943637204  72.32141376773683 -14.44272429402229 -2251.4965430127677
382.0018491349664  -3.008168464386557 -15.237242417778695 -2306.0862435821264
379.0145412370387  13.593759670464525 -1.9064888909283484 -2269.7063235247665
376.33250828200215  46.55541831623965 6.421751291655641 -2292.4386316630644
378.1614058491932  24.102851814340543 0.7874024631657658 -2283.155568560526
381.87021452138123  -23.487209338061177 -9.823681199910752 -2291.751642249403
380.1247008139348  10.094496999985559 -7.6079245879888475 -2270.5887516856055
379.2298014329223  -7.081871556856903 1.7464099283796803 -2280.369366488817
376.449890083896  75.35097964455468 -1.1111891326797125 -2278.8493092225617
380.36986004932425  -8.438896861542098 -4.017775565783017 -2344.5954675958537
381.4029772958368  -25.618276275225426 -6.308077948143122 -2320.8839673158272
379.293894366175  42.15029742436013 -10.214149572878432 -2268.8726921575094
378.69856353365236  -10.65395922111755 5.840220405449846 -2294.745703617706
379.96944907333716  23.137009142546834 -9.563694236605723 -2289.5707762849024
381.89082334786656  -38.59473287636415 -6.3551889787188385 -2298.659232901987
381.08092741469363  25.25190651955458 -15.868643273009777 -2363.521404467304
380.29404746714835  -7.778468107200581 -3.903980953486549 -2326.7444437263825
378.24199061288607  20.921382872739052 0.9700412140694948 -2273.9295099858978
377.9603607719371  -12.675022390554215 11.0039038345064 -2330.021932168921
378.9480922365506  -1.7852633589120828 2.537976612822508 -2319.2145848652194
380.5706494981249  -8.189778512515296 -5.883414612120531 -2279.3419274841985
377.6056647900001  -3.6666609602032185 10.869178157822814 -2317.6237051824646
380.1307810502168  -14.03024545854165 -1.1968549361454972 -2355.480413525576
379.5778648135931  -12.537544948464205 1.2270475600085216 -2307.326187243624
379.52677330829863  15.963170206849988 -5.167459347872231 -2302.54137227741
379.28450792167246  -23.86596312611223 5.778723964589515 -2325.9858428549887
379.2682776519035  3.133170567280736 -0.10210031959809562 -2358.4294189165485
377.78966774568937  18.95119125236558 4.217001710878228 -2287.273492346275
378.03340020081316  1.2526331451978376 7.136856623895797 -2311.1460759188926
379.3722546706644  -7.908095374538171 1.448449537723559 -2316.876288749002
379.2903964125069  -6.924979704090795 1.8635619598192406 -2333.426110476517
379.92991343784695  -16.757800892189405 0.533142893922474 -2346.871662192515
380.2917856119883  -7.654079012708991 -3.5895161945376235 -2359.6381801146936
378.4341939395808  5.72462828568382 3.4601267983899167 -2282.3964589706434
381.1043083554397  -29.68664215340239 -3.6740884429904845 -2313.92109968189
381.72785311908984  -30.421756264373016 -7.067909266914929 -2323.3949299551723
379.73037230956606  -14.99211171394019 1.179102356550331 -2335.447325617587
378.22818005065756  0.501905361584136 6.549884659469289 -2349.905216608145
379.24190319601985  -4.32011648345377 1.5788461987222149 -2337.2388858123386
377.0363695745456  22.79908532518388 8.265561097181404 -2339.3954843541333
379.24954794910064  -10.528945060225649 2.8623600238802123 -2325.0771536962557
378.760970528408  -0.5290097494114221 3.3461789704810654 -2319.2124144633985
379.43347844529035  -14.906421603201036 2.7848468851335744 -2323.328515542763
380.7293116499523  -21.11873438871885 -3.1286571975195967 -2348.569255538393
379.5380249108675  -4.512291666001264 0.08277221133975043 -2357.1168385284186
379.06960222650406  3.4003754521197482 0.4119318201044353 -2298.3111755629334
378.2096703772441  4.019438195980682 5.4626521654894225 -2312.168422989422
379.13077635362725  -2.181479118557272 1.4823315610837593 -2311.689415150666
378.27273763280715  9.893123963993053 3.8658653178126765 -2327.0552016393303
380.0610027030994  -12.095725144452775 -1.808666533555746 -2297.6025630309305
378.01205372537424  13.433266564018048 4.463766461126517 -2315.6306678409605
379.20062897646085  -4.335462700004278 1.6918434885592917 -2323.779014437377
379.339808564322  -3.5386741933112376 0.9369619702784457 -2348.8181144181726
378.4668453737667  -2.6212525106639863 5.543264020498641 -2316.862183517897
379.2521903152005  -4.0269160004074145 1.3023561564074042 -2322.3399045034603
379.23600795909556  -3.0356264545358336 1.0715724162914462 -2312.6219788270864
378.97579629100875  0.35265080326814413 1.8646433034789176 -2318.0495307979313
379.2470966994437  -0.49160955946705087 0.4626939540400956 -2317.7756340583005
379.14670800355435  -1.7803036371620795 1.534293534919311 -2336.0576149538592
379.2438581159631  -4.041743832154353 1.4415112485589572 -2331.1288017612865
379.14020608800445  -10.425620861210646 3.506534041185226 -2327.600590322943
379.28909061685835  -1.2244012405960625 0.36081372543037515 -2315.114741774298
379.3911591854723  -5.9512225188926635 0.9746766809477831 -2326.479609536309
379.2238577582692  0.5998370678002622 0.33698033264430705 -2316.9810987019746
379.6449215933285  -5.620722847183963 -0.5588655810628227 -2330.1289583590114
379.2355838910959  8.694262527439847 -1.788877651319745 -2299.4236857019037
379.02527457126735  -5.77491739484994 3.152713413005718 -2333.179054729464
379.59933681046766  -6.671212773271137 -0.13082543469161934 -2321.471083822809
379.21356141777454  4.340992847756652 -0.3259560649022748 -2332.2343902323346
379.32786254487485  5.271338286355277 -1.36877343371581 -2316.585241088543
379.2032459281496  0.8068058105605154 0.3388833588912976 -2309.6326930545983
379.23643907285896  0.3178707040809208 0.2755675442064047 -2311.486895807087
379.3349622186384  2.579077745689723 -0.7090844969212753 -2324.0959961775507
379.69919153328874  -7.856595169772461 -0.44248456617699894 -2321.351930840379
379.51339428724765  -3.8370785460358086 -0.29203377848793766 -2320.9413366014282
379.01005488487095  3.539350738813271 1.0979688325667054 -2336.1851829882185
379.2283240640049  1.6318488920715843 0.06584090977608548 -2316.565258108314
379.3006517416059  8.688798509453807 -2.1469672757778433 -2301.8884950394595
380.09827709569777  -6.318658620773007 -3.2542022793618184 -2310.306580030335
379.5952957687267  -8.792492466844458 0.45803741666988484 -2328.5870426836855
379.32197885557196  5.939179001184463 -1.3074718716226594 -2335.1987019331514
379.24179292249187  2.170358746792637 -0.017195679413578135 -2329.0184373622005
379.26738236736685  0.5900891359168341 0.18702743128247978 -2327.591830458661
379.2513322491054  0.6850904769901227 0.17055923578198073 -2318.5337791378633
379.25046799851873  -1.0060285553579504 0.6163971118756086 -2323.2513880088495
379.23553246666575  12.340320457715062 -2.8205575541017724 -2279.944141598311
379.2295403749974  0.5875574827625805 0.17599250029881963 -2303.4369426347157
379.1055024235959  -1.5299564631174771 1.5687356784838424 -2320.917875847201
379.2269033158498  5.6749541729836075 -0.8744862518644603 -2316.0263460604097
379.01674883830776  2.64672887931928 1.099224316292731 -2319.171950719973
379.2782749018984  10.327299546099784 -2.5660407330855746 -2283.8974921970485
379.34905024860564  10.572261400004429 -3.0205829412614214 -2285.9263724143043
379.253878122625  2.0722707277472026 -0.11968472243728079 -2323.4965262638066
379.2041687562792  -5.678321098945624 1.9039052821435383 -2315.5444163683483
379.22555995223377  11.072208398227048 -2.374264706057965 -2289.8730330403323
379.4041536839579  0.8965443776681781 -0.934790930678695 -2302.2083418668985
379.2740285202199  3.8406699217075086 -0.8870194899738468 -2298.9744219418617
379.305835186128  -0.39559483943913776 0.05698257556164976 -2313.8827110359075
379.4618517194173  -0.7388174800607814 -0.8181239639674285 -2309.986968756762
379.53031046007584  0.7092685625124275 -1.5121101177793674 -2314.8048191436305
379.26724097426535  0.8156218464568177 0.09736700689342848 -2323.7399342965673
378.9777413330979  4.353352661515716 0.7068796319826878 -2295.8564691289985
379.2399279832649  -2.8395984831518426 0.9226655198293019 -2304.295285214149
379.36791350481764  0.7054912063209713 -0.39106998015277394 -2331.666486126864
379.24187500769716  2.43793761660406 -0.2556966072104738 -2311.0089902770974
379.23699204279967  4.972477608828434 -0.9222599082001501 -2300.1299281262786
379.6547067813684  -3.244046666071707 -1.2668433144841793 -2320.3832976647996
379.4001109096705  0.08812180790280166 -0.5969038817737711 -2315.27678389372
379.5297822952899  -0.8150840625013309 -1.2245472903515098 -2307.408587717734
379.15023569465785  7.485028574099834 -1.0797939999379276 -2291.4524694843076
379.6797544232919  0.7940770817896947 -2.5025626953707394 -2305.229763595548
379.6012241770685  2.0492834636077752 -2.3836003153294243 -2299.9831521838105
379.24044666272243  0.48160576236574215 0.30129152717000385 -2320.5038445540886
379.5807373699958  -4.15826234546196 -0.70234269753312 -2311.7515500739837
379.4034914331675  0.6977209821367012 -0.8791506097385162 -2302.7714927118227
379.4466096969957  -2.1329910265195835 -0.36604403695868415 -2313.8354066020365
379.87766346666564  -2.423662968633902 -2.9502251864067492 -2301.5475515625612
379.3733484734937  -1.0106285928602006 -0.2643034512007474 -2306.853897609533
379.39751375694647  1.4964927986972683 -1.0648461883909746 -2299.1391024397485
379.3870587171339  2.430589744835686 -1.19704077154497 -2301.692859217431
379.78180889120983  -1.860893790749433 -2.541987236227169 -2299.0325060461455
379.4086022071533  0.7362986126548492 -0.9194455433403754 -2302.641336611495
379.5199488743528  0.8722019463520567 -1.612500911059588 -2301.948043975687
379.7012648496089  5.64053304795069 -4.0351514390603676 -2275.7059461313765
379.4395093777499  2.249173793325646 -1.412447989742991 -2307.010833458214
379.34504201996987  4.682007756909805 -1.590355842344651 -2289.4618793015875
379.53856408677757  -3.4789486406652266 -0.5474870315461389 -2318.495593961244
379.6314509025084  -0.5530868854471649 -1.9112761564475438 -2304.4979687643577
379.2705124693076  1.9990528389236175 -0.3771066938018528 -2305.2392319356695
379.4236573887671  -0.3906032097836132 -0.7511406030126366 -2302.004731981641
379.31149083685267  0.5057730905502389 -0.29118543784764794 -2302.993020118978
379.4249888764641  -0.7509934356242951 -0.6828289413611177 -2301.1706302212183
379.2943146870496  -1.0463534845407807 0.1355457588296165 -2299.1669278289737
379.26078416892165  -1.1194926350862175 0.47278818752040763 -2312.0091682086395
379.73988611707966  -2.669744301149752 -2.1230557105805805 -2297.323304049457
379.2657306620702  0.5085721057151034 -0.01723647069896539 -2303.5646325586927
379.3639593509949  0.1538506254053793 -0.38991872208427125 -2316.276437069411
379.4063711857428  -0.11709517821600457 -0.6646280259159378 -2307.1003455641835
379.24419514513716  -1.9921648223019233 0.7040015954376213 -2304.729175291534
379.5247859808261  0.4087229789208884 -1.5941667296390327 -2295.4675156840863
379.6149215067325  2.670582623693395 -2.7026577576034976 -2290.0319849075604
379.2525289688578  0.021134661480736838 0.12835829037392332 -2298.752648525664
379.4371957463525  -0.848941367903393 -0.7269243000162646 -2301.679215204578
379.50139646131623  -1.812419466809576 -0.8833837510251086 -2301.2887561248435
379.4225271246393  -1.578352061417597 -0.4437405011545743 -2304.484906752861
379.375449168694  -1.450688169560621 -0.24314416817340057 -2299.6047101200934
379.3106886169248  2.279344634549883 -0.7722913444994877 -2295.3890269569924
379.567740684734  -0.7768942559698573 -1.5033726451181053 -2302.5164497457426
379.2456330310451  -1.7909794384068967 0.4909671336965016 -2288.0643989489486
379.28881437756456  -1.7117590544099883 0.34312808194103317 -2301.27098030894
379.4571017467226  -0.3704971331116269 -0.951456598054349 -2302.114487308659
379.24421398364296  -1.8606907406046211 0.5808107619900849 -2295.0070485168476
379.38397449303386  0.2948942516690636 -0.6617704854417461 -2303.676253800035
379.41401505266833  0.6658126657800558 -0.9898971964286014 -2296.8356326689513
379.3051729669996  1.2473783083487042 -0.41107670412968655 -2304.6664239396223
379.3162634529694  0.5756668922548087 -0.4254351533046892 -2293.5029839271824
379.4868428111104  -1.368982542378319 -0.9579431973843904 -2295.303291825893
379.43717683512574  2.1462469312025547 -1.5513243652986648 -2288.3231932488056
379.43950732741604  -0.4469151382003176 -0.8334482765774114 -2301.7695312061846
379.35233879167254  -0.5386980405192148 -0.3741751172239365 -2293.8725903460872
379.38077521821305  0.3480802293197165 -0.7400697729508483 -2294.741514906129
379.38963290510975  -2.2301451584789582 -0.13594612196906564 -2300.5280885942907
379.4509909262895  0.24284381950204548 -1.0735770575820056 -2300.5399589082717
379.48628256703614  -0.8490037843684561 -0.9565231587490719 -2307.8592058397594
379.32170356262895  -0.030184716398245826 -0.3906116766251069 -2285.542650804572
379.29809457236894  -0.7006868776784039 0.09125516445082194 -2305.3150371264105
379.257648066768  0.21336616056441216 -0.06859342158587944 -2285.770024035155
379.3877893664134  -2.8530387448498153 -0.08663921320987944 -2289.205546206143
379.414420593263  -3.199392008688701 -0.2814131381775269 -2276.3874521469515
379.27659744118  0.44855631331670054 -0.17565014552930092 -2292.1044056580727
379.42692540812436  -1.2640824847678225 -0.6724110795943976 -2290.8039778974935
379.251967503033  0.6179296765825555 -0.17129580157275148 -2281.2717574245235
379.7281489708365  -0.9177858642498613 -2.4309315949071237 -2300.684383244913
379.4556328208367  -2.5982703080334915 -0.5829838254564543 -2285.13431729133
379.3405471658048  -1.2197724802340382 -0.18260766138233242 -2289.971673254606
379.2331046623711  -2.562702181714993 0.8252382440475012 -2296.627874234703
379.3865274230946  -1.0511084645018194 -0.5242932688771789 -2286.5517583503533
379.43472412096946  -1.5934289994059192 -0.7852371723519651 -2275.3036821445844
379.3143150604884  2.6837535579119702 -0.9741734649544611 -2286.1825010965013
379.32527814356285  -0.5712333633153222 -0.35283547526686254 -2278.2671805092214
379.39583403882114  -1.3120856799428147 -0.5461179593726522 -2283.5453763150413
379.6807946451042  -1.9173417248932516 -2.0729495383723817 -2284.327385448771
379.23109262784413  0.6185031945133126 -0.11514779914293705 -2274.051011769605
379.2424021920238  -0.8830236503549109 0.16085467335545967 -2273.2193422200608
379.4280742498916  -1.6182022458887602 -0.7666008100045958 -2272.438757970279
379.67157164243815  -4.491012250438647 -1.3825442975520263 -2288.186132783234
380.0055356790462  -4.947927061173953 -3.0396302765855543 -2309.20712054669
379.16561165038  0.7155243031342309 0.22422708861673524 -2271.5256881972837
379.25026496618  -3.1205400933677367 0.4498397001115251 -2252.564431912445
379.31229120182917  -3.0878488614096327 0.3917115300064664 -2287.025120085828
379.3157239604545  0.5963517935090152 -0.5534399744631255 -2279.9471580098675
379.2211842097707  -0.38436463904182716 0.106859525852254 -2266.359241150917
379.3280495152224  1.3937600304392603 -0.6962058240866567 -2292.3719697065426
379.2338739435536  0.8236379081860505 -0.2750867609777221 -2263.5193626521377
379.2242203031449  1.051667827384378 -0.23267619740389822 -2267.8070941120554
379.2283761483779  -4.4686733962522425 0.9393124890453082 -2257.7699164296223
379.13501443841994  -2.1730531406612155 0.9545842967619103 -2257.9281215824935
379.15249167685005  -1.0069239221582578 0.614304144770633 -2261.7500544086056
378.9671654608678  3.064694404540763 0.7473077303342024 -2260.8862204440334
379.1983308370604  5.80274277445988 -1.2185052720719396 -2264.449610476124
379.2465355001144  -0.44040867276453355 0.13898596930420193 -2284.668276995831
379.135777015848  0.30751489960283784 0.6316119159572378 -2286.345115266132
379.1191001234387  -2.6980340528063245 1.0770406522974174 -2247.4236607351445
378.6896280562976  -0.42965652698657486 2.90637682253006 -2228.1404009788616
379.0736470792128  -0.5498013133676682 0.8427143105033423 -2247.320288843318
378.7876536272912  2.156513012276685 1.9549537298569635 -2254.1755457658464
378.97658264426076  4.258340153441882 0.6415818023264914 -2285.800621493173
379.4309494341746  -0.39477345776943196 -0.8999901456619854 -2290.6810512279144
378.8579364269694  -0.41615096044911937 1.9182233785417704 -2228.725557613867
378.89916877627877  -3.0208628973247063 2.3157921979659575 -2232.5686777615115
379.15196272084796  1.7201784166698282 0.031572681095933586 -2267.276142518479
378.8941631481771  -2.4135613106061253 2.331698772640114 -2247.200594306344
379.1737083763924  1.5090637671938723 -0.00846583592215766 -2271.520912761875
379.2321788043597  0.24291941912297332 -0.18535892868594406 -2257.328615229175
379.24174629666936  3.6563944627449985 -0.703458257368113 -2293.7499968814745
379.16506946449135  1.5725098826315076 -0.020254090272662006 -2266.2640851290703
379.2507615781139  2.6918003770057624 -0.7102212265941936 -2274.493045263167
378.9479252370271  -0.6803478915291947 1.485940539545585 -2232.8334426059596
379.23066529795  0.7383160620244062 -0.40286024416326915 -2244.813568247181
379.1122741113443  1.99508413360115 0.20619996840837707 -2267.860506888913
378.79672735026514  2.43622856038729 1.9900419313101623 -2271.1996264052827
379.1639585527076  0.9274030462530867 0.10050389455166098 -2262.259809867291
379.2155187893765  0.1927354956616334 -0.23703564551352985 -2239.053681766284
379.32740037823635  1.4771296057076952 -0.9487462138514928 -2266.6864660130113
379.3820101444776  -1.647034645293843 -0.8054178098835849 -2236.9397418647477
379.23778885240927  0.11213757365807453 -0.3731068869141976 -2236.3011073426196
379.2290174683618  3.669434905251965 -0.8446777093858169 -2270.7292630278534
379.22976066380176  -2.6842569140395085 0.2728303698704697 -2230.1818803593515
378.95671289564564  -2.059520053173186 1.681776487023692 -2224.240564000042
379.3107530290793  2.802986259184781 -1.3544352698768949 -2244.8661177533827
379.2507866960873  -1.4463654721503616 -0.014154430597190126 -2244.567317304232
379.02037871105694  -7.0757751067768595 2.2776375537656346 -2200.6230746600368
379.3162673160073  -2.222500346134197 -0.2524488351357683 -2240.6612557503067
379.2308700473549  3.078752357659276 -0.7289323920351876 -2269.5109020219834
379.54447481169166  -20.628866328248797 2.2020684859655293 -2182.011090808698
379.4350858492826  -7.6707372174927855 -0.05495477357244294 -2196.514445437857
379.24313154819345  -5.262438189056269 0.6391805299877436 -2211.8489221912205
379.9704583537815  -7.650174998250794 -2.806900890904427 -2243.484797806021
379.21211538462677  -9.244866433796524 1.7138021179783876 -2207.6247271329275
379.1804730104  -2.2494520082048055 0.7154295783456743 -2259.082795596041
379.88905773222916  -9.157796546966665 -1.910313857413945 -2251.0878492732318
379.5703760584037  -7.21717055828919 -0.80998718439296 -2214.064658263127
379.2023650456227  -0.21524760754570593 0.17137124458040476 -2265.6169044326007
379.2061058507247  -0.7699962230984845 0.26602057939022794 -2264.2143911262983
379.2894025958819  -1.397732724125408 -0.3697758886585465 -2231.0848238584126
379.49989546522676  -1.4459666420388437 -1.6676149966623433 -2222.6704922506706
379.09123998068463  -2.5209916181900667 1.3121521618860066 -2260.0446918747357
378.80639692586516  6.631476580189215 1.0213035103978214 -2278.440191370377
379.224041910628  0.0452252334000498 -0.11702995818243078 -2254.46113235342
378.87736860788266  4.952440648180124 0.8815593758561795 -2265.9959219346956
379.5544843481884  -0.18882376679228585 -2.07850782544175 -2246.1491772832405
379.77506375808565  -7.173820613663715 -1.9557293327897223 -2221.9790266124564
379.49708050256424  -6.98788298498765 -0.4147243361799693 -2216.204799903523
379.2285156442839  -3.605024933064211 0.6100173996403839 -2243.443439216994
379.2229891821847  -0.9794450284125027 0.09957336315245913 -2251.263071777247
379.2383586583374  0.5710129396563346 -0.09313242536492372 -2279.885909877472
379.21245726847474  -3.6388099014652937 0.7126051804434526 -2243.4774427742577
379.23820846229165  0.7156806689300126 -0.19524633232505484 -2272.3467840430126
379.2338481041635  -6.1920303104086365 0.9461198656181184 -2216.1096613149816
379.26459020516654  0.027208977238515786 -0.08725073815755113 -2283.485030622067
379.24323144194847  -0.7579897791117887 0.09569989451732286 -2269.8115749830463
379.24891508233935  1.7281660140268293 -0.8070291306336412 -2237.2312917537633
379.3354458058376  1.9738467396962633 -1.3115051700278886 -2244.2789827471847
379.2588490404485  0.8472740898494209 -0.5595538949740773 -2248.720478434703
379.18305206271896  0.019549349740284327 0.22219399722267008 -2264.732008382544
379.2726896530003  4.470808312069671 -1.4796040947227889 -2249.3872408687703
379.2478435113151  2.719211652984395 -0.9930014821721718 -2241.6744965419994
379.2878660329812  0.6107123818510125 -0.7781496002691128 -2236.9387934291485
379.28127552092343  0.5927048010678106 -0.4808991646946037 -2265.6302971742866
379.23274846942485  -2.5852300057460127 0.2923941330168469 -2237.1410658759273
379.37721680679385  1.023274572172543 -1.3866621697772188 -2238.4190982676955
379.2538840280013  -0.3528797731977562 -0.282486411087316 -2245.1056743442573
379.42727284697787  -4.43102585643333 -0.5487894152514192 -2222.2721592412054
379.28566487024915  -3.4979890705126273 0.06466710091343741 -2222.1006173027417
379.3366489578386  -7.804374307285411 0.5970547863056272 -2201.6810646108893
379.47394755301826  -8.554923740785469 0.0293435907139048 -2209.424676801122
379.22005163837  -2.242133989632844 0.2720250160596094 -2235.4065877462845
379.2456383343664  -1.1482226393356143 -0.24899307767365486 -2221.923227829527
379.21681279685083  -7.374569227633813 1.2672881863604775 -2209.629331324688
379.2132609486335  -2.4633108914856763 0.30379842292658954 -2228.489189217304
379.2353281577347  0.4352378868861422 -0.4280993386506382 -2236.973332640526
379.2432081179404  -0.6645497292486517 -0.3566103662931108 -2220.8363376465777
379.2277879390782  -3.071191982264043 0.44083210733143585 -2237.833719654986
379.31601984684374  -1.6954358830895195 -0.5857530731189129 -2215.943472303248
379.24022981334224  2.557732218293186 -0.9242253485881797 -2240.113336847044
379.28278697362174  -0.4473677561257787 -0.6384204914887897 -2221.005326722604
379.2313933764185  0.22209016889486222 -0.3427171506150213 -2238.4206334764294
379.23643868380265  -2.029458927122395 -0.036680588301877703 -2216.3597895977077
379.4492298943757  -4.304931588308463 -0.8458750759880349 -2205.750597561441
379.3579830605812  -2.635105242841103 -0.606616970881583 -2216.7593815062583
379.2526655476356  -2.4888356996844507 -0.040884381122600955 -2214.4777637360025
379.33944502963647  -5.267839297648578 0.024978217515227552 -2205.9252200156266
379.35393910790214  -1.4024878641561784 -0.9038336728402698 -2212.728067919902
379.25956762345703  1.0665157847067412 -0.7594422267765761 -2232.146482976545
379.377009973939  -7.12151686204507 0.08457363071968027 -2187.4271419790466
379.37186000405694  -3.90242885876215 -0.4655611872019292 -2208.0889851727
379.40010381752273  -7.873975403941813 0.14630078717303796 -2190.175246003449
379.2495859829157  0.38119709735586227 -0.43413845764548165 -2244.4413252042723
379.2316418665823  -0.5031204693584534 -0.2888839372057308 -2225.2273512433967
379.2830386412617  0.35576082349447447 -0.8346002966622714 -2220.1078522480516
379.2971618193277  1.8993428086316406 -1.2209079554690094 -2226.733629791493
379.3291327466527  -0.7490140089910753 -0.9552900257027712 -2207.324397471713
379.26922397627993  -0.8304275258172176 -0.5251551708855946 -2214.4025500100474
379.2297956558132  -0.04310444297173177 -0.27666393141856416 -2237.8296844158576
379.2363312360858  -3.0524859116697307 0.11351318251665088 -2205.7434199857985
379.2405172469741  0.34430968341703405 -0.4872128532455735 -2231.2126193487034
379.3161052787462  0.2796666897704867 -1.0528522977352601 -2215.1691352353496
379.4744081086494  -0.6684887808196613 -1.7963475332581638 -2211.098253672051
379.327913203889  -1.79307245754946 -0.7671629928524868 -2199.7867718695643
379.2353227237178  -0.10225472409048209 -0.33988516849933936 -2232.6905492447586
379.2773144547147  0.9036434572148231 -0.9289563308319531 -2220.064541499851
379.24412910417345  -0.44436561590257995 -0.37447068849647214 -2225.4040399570736
379.3616953137253  -1.2723605394136186 -1.0859939488416246 -2199.902696725274
379.25241000494805  0.2491728148193566 -0.6262973579388755 -2220.513980624819
379.24812454498493  -0.6860040630960746 -0.43931067691709735 -2213.862457827143
379.28334436190147  -0.2211828847074635 -0.701537147418684 -2220.161493809601
379.24481074408754  -2.5235864004615856 -0.04303219481316889 -2207.7283624431147
379.244811569076  -0.2849365081959334 -0.4394391251806269 -2222.6078595106283
379.3236964056265  -0.5261321256935432 -0.8612279086257271 -2220.9224559133836
379.2367568356525  -1.7599684402082794 -0.10712401687175199 -2215.6714079921994
379.24698388714114  0.2553528604642281 -0.5442306649977586 -2226.580383110546
379.24813921642806  0.7135174779889013 -0.6497242747477172 -2227.5212024820294
379.26140470715745  -2.6477716228564425 -0.157891032071112 -2202.1410949318597
379.2783847977886  0.6483425707692412 -0.9620244780473937 -2209.7880034733503
379.26769943326406  -0.3971019474191806 -0.623923106817172 -2213.592874355829
379.2364379702263  -1.8347654230577 -0.07235340238239063 -2217.507546834001
379.2644766304864  0.03392000709400378 -0.6424539094987127 -2221.0599541264696
379.2655208037104  1.324218576263764 -0.935523569108649 -2222.6710492117427
379.33691012055664  0.6483686557703692 -1.279467954572302 -2212.9667428177136
379.24656898578644  0.9944493135878716 -0.7466873509641796 -2222.7425740583553
379.2362593027526  1.4607766166478307 -0.8035895369671142 -2221.6980336669026
379.249331457119  0.4585904807924486 -0.6733482840377039 -2218.579008017181
379.24094400635147  0.43194897703674684 -0.6169244432254943 -2218.687440980436
379.265164599205  0.2793953578787054 -0.7842301233205113 -2211.485689174411
379.2498584673853  -0.7861342859471634 -0.3528840963696269 -2222.5438577028935
379.24629459039573  0.37071305067856386 -0.7010691302140151 -2210.7093014212533
379.25647028746516  -1.9330871172849768 -0.2639050208388638 -2205.9443952016536
379.2662991202473  0.606931985402877 -0.7911517148838276 -2220.5294992104764
379.23155828326423  0.9972088997017323 -0.657556744203226 -2222.92337564469
379.2669589404844  0.3092999033351873 -0.8296406514109171 -2208.1360606552475
379.2512947120597  1.7083329024729785 -0.982641984951462 -2217.7939695212167
379.2382582453336  0.06359725330114685 -0.5319074544875044 -2216.7213885647293
379.26055701159964  -1.55874509858074 -0.3828461139440529 -2205.0103231737585
379.24988923693337  0.7067294395770496 -0.7692646102055967 -2214.4395429273995
379.2270463742238  0.14996916789469594 -0.524265139070671 -2212.176035810179
379.2396970524473  0.07193205496967181 -0.5513254417758275 -2215.6494207626047
379.3198115682869  -2.0319921492125346 -0.6881342594702928 -2196.828330323912
379.24806714915525  -0.028272572859393108 -0.6116353845257199 -2211.538087038027
379.29060851829524  1.3258618296965565 -1.1295511784755403 -2217.208986701739
379.2325014743793  1.8078231193000462 -0.8827227799851174 -2219.2906931093257
379.17767417321545  1.0036694646502333 -0.33462336592039543 -2223.8258858598283
379.2314164444818  0.47543060077563837 -0.56632068989349 -2219.247171052774
379.2251035008969  1.007425394016174 -0.7299678660015545 -2210.0915375981417
379.22394567950744  -0.3418081116423295 -0.33701166005243466 -2218.6568198830064
379.250443187991  0.062001295004900925 -0.581478618865851 -2219.2911341548574
379.22250216878587  -1.7985602074305618 0.03266964658733529 -2221.234308537483
379.0515291650303  1.5333224714466613 0.35031921616638173 -2231.611832787137
379.2315539420116  1.8792242673801773 -0.8697309470235619 -2222.1324118527223
378.9716778230998  1.630657344285618 0.8937737505173806 -2242.722645023905
379.2161248217507  0.468224613749026 -0.46296290350941094 -2220.64062130088
379.1620133946374  2.865009093664902 -0.6496981072502315 -2226.935182754802
379.16539041619154  -0.845917867550483 0.12581985637823734 -2218.7962618079473
378.7455606253244  2.7126979977471937 2.0942199063589495 -2256.5555275190095
379.2115899641771  -2.7493234777519504 0.24255035942811332 -2212.2503981255036
378.931732727424  3.80804056631521 0.6572814604080983 -2246.8241272203163
379.21562584375175  -2.2070163115859422 0.03678138589797175 -2205.560706412701
379.20677611639394  -2.9360651552495405 0.4481907702644148 -2228.0367840573554
379.2200700714223  -0.7325475943825133 -0.29521970107616924 -2210.0776115406734
378.90707102731386  1.3864448971852568 1.4011634655931693 -2250.7146457926083
379.3679395142515  -2.178726844518515 -0.9620821912743405 -2193.722191498228
379.2494763000591  0.5454050487577575 -0.722345340398215 -2215.263159030046
379.1800831815903  -0.3355847532520855 -0.19525045471200908 -2204.947096171899
379.2273659292709  0.7264810569761799 -0.6769134664438703 -2210.2012879753916
379.1471107858535  -0.4455481663459935 0.24134458698452277 -2230.674951566914
379.1683325126076  -0.7068000104930192 0.05626059027556374 -2216.4434282616826
379.24507572648776  -2.293639512793284 -0.01988622514321836 -2217.0741816977147
379.2231661072231  0.10572145967266877 -0.5494821274463833 -2205.1624805511683
379.2362556243579  -0.45192296844122737 -0.48147500292737666 -2206.980794539364
379.2659950102196  -1.134888648706788 -0.6730424734767786 -2185.4282173851543
379.1197748666554  0.9762222380316796 -0.1396773264633151 -2205.7437776216852
379.1338777964985  -0.7836847289799334 0.2139170559768242 -2208.9461321389845
379.2310695991  -2.894114831036525 -0.04107510099302947 -2187.5590730747867
378.8298856935119  5.3710189293536335 0.6335371522774833 -2216.807941416595
379.0192459833702  3.73622913326251 -0.12046007386093316 -2214.273218952296
379.20312602551246  0.48724793862179894 -0.5037473424675787 -2207.190909269494
379.22387184792524  -0.8603444753796268 -0.48879434296983226 -2185.5067615991584
379.26360903665864  -2.028385841326969 -0.4257157038457138 -2188.570914467444
379.1110516026709  0.20281527089567497 0.10356913582042093 -2207.1709704118575
379.247439175672  -2.0573274035462568 -0.30725795173921666 -2190.637605712106
379.0353002687598  2.520767227861011 0.2824286011993078 -2239.318918141317
379.18851380520994  -1.428584726698972 0.019684872601643644 -2206.145321844997
379.1946729611015  -2.721617333460596 0.12285241506331168 -2186.340392835242
379.2002647271532  -0.9710754101531869 -0.12578265494671537 -2209.7733940341514
379.1623748696089  2.0020777134436187 -0.6737152014991918 -2200.318783165304
379.2261639675287  -1.9458162113066528 -0.13386889429556592 -2199.7558477726434
379.11267692245957  1.3887545527910987 -0.24839443439249154 -2199.1436475211995
379.16465556692066  -1.2192990447848686 0.06768960076489838 -2200.8790907881694
379.1792313733832  -0.3708151569063176 -0.21665392450976828 -2200.749070283033
379.20808019999293  -0.2098291984200955 -0.41196997119636447 -2202.1761012275992
379.11590552651364  -0.5750870317339309 0.05704443290442485 -2182.724454239652
379.210651151985  -3.0331875814556497 0.07123267566564673 -2182.5660629591216
379.18630451309303  -1.8569140925928949 0.01660255208390926 -2192.024404407997
379.1178596189011  -0.9341552074559889 0.14250410438472638 -2184.3927412236644
379.14608271241383  -1.2991601764772582 0.04586966697330874 -2182.4255204350857
379.14239483511716  0.542735061276522 -0.36191871780462725 -2182.344295185718
379.22410948387494  -1.3213100124559851 -0.3833070228747426 -2185.4519241122307
379.0560677218133  0.44044826550016225 0.13918175620989381 -2178.561840778944
379.2135145934833  -0.6112275758588481 -0.38683435276749134 -2197.7405863690738
378.8972072117225  5.813429099166228 0.11850305757171764 -2214.896182295597
379.0033843041806  1.4179265040383804 0.25349910436221146 -2182.6080379091013
379.20263453411707  -0.20212453449308043 -0.4058612514804718 -2199.2423443844395
378.8761031265089  3.8582790023139335 0.4454164094264288 -2184.0851166525763
379.21454561771304  -3.248759414689367 -0.08504580105142234 -2159.1570558755216
379.159523563608  0.06308553706353592 -0.2557920254513115 -2194.1523878405765
379.21587055825023  -7.072203722248368 0.607973699269925 -2134.1071639293955
378.9123158415427  3.3041930875210728 0.560191823459735 -2208.438572574733
378.7682248365321  3.595283683606409 1.018825654567722 -2168.6391430289577
378.8589242258373  5.922640776788226 0.16313646097890722 -2196.145858058561
378.842177302839  4.011094418330368 0.7927979520387205 -2206.6091554990403
379.11349358929033  0.9438614253682491 -0.29256749558166795 -2181.450767141202
379.11544350749426  -12.07376745051882 2.0822846600499862 -2095.0931696455436
379.23095325391273  -8.0641247037949 0.86574563515099 -2149.5531823049164
378.66189675329156  1.9941276597121318 2.001364318140666 -2166.6735331668347
378.7963578181812  0.724997297894479 1.4592066188181072 -2160.616385951195
378.7706403585826  5.713326983436881 0.5843259522450289 -2177.889843777115
378.72869541654126  -1.4228050854870613 2.271381932005552 -2149.4463494064985
379.0355218794822  -7.999260827161889 1.9043410351186936 -2136.9564842400478
379.2268706782571  -7.169419148069583 0.642653640460821 -2144.4013133856197
378.76532287063094  -2.1815117383609657 2.021820162380904 -2120.9548793831495
378.9144751038582  -0.7831430196539468 1.2504601269664526 -2177.8201104685104
379.2250693001541  -3.781417607936735 0.006503493894603585 -2162.9694468412436
378.7296728317285  3.1882759887159136 1.6472138678055204 -2206.7445054733075
378.3116073405697  4.995587655417848 3.056907066865718 -2126.0383318002223
378.9346495377124  -1.633216554474087 1.0241193803325472 -2138.0314473119747
378.4622444309603  -2.82951362019846 3.845416498237717 -2105.700641738717
378.9396256814835  2.251554163697783 0.12041388155476174 -2141.9682095831085
378.71826893755474  -9.107652041612722 3.7040951168623977 -2091.88428854615
378.5419332399891  -5.8980802075132965 4.204384810536665 -2121.6501630122643
378.50324688403634  0.8408625788698547 2.991871431002399 -2139.0137411663763
378.7427718561113  0.8934166259596061 1.5466800438277823 -2135.6787582820634
378.71646474581576  -1.1647951678420583 1.9526951382035609 -2104.08366075474
378.7534800873533  -5.937481320754989 2.8633400592653095 -2106.717850512023
379.23190807399703  -1.3947580962746926 -0.5988738039079311 -2161.708692852246
378.8126477724328  7.256792820337546 -0.0890419347038629 -2169.349313003596
378.8245690359052  -2.1622191637113115 1.669095109181653 -2120.9494787594076
378.7403790999659  2.6203895398997954 1.1077476199816507 -2128.6954633307123
379.22703227481117  4.651519486060348 -2.127165186492746 -2141.8992045969153
378.83898972743367  3.611538941565371 0.0860700580067657 -2098.874622525362
379.2638440828211  5.4218667924046 -2.2148450390506476 -2181.9270145730507
378.8843107790109  -0.7452595294984583 1.3346824059146718 -2167.106903467293
378.4468908262724  4.235939386702359 2.4301744209544855 -2124.9543703710196
378.39797049880474  -2.3165767078076676 4.076074573186563 -2101.709945887603
378.4095598913888  12.27192913093296 1.156508985226656 -2174.7653774262844
378.9169667310863  -6.070330500601001 1.8952902122383974 -2101.2563827373447
378.7678925124661  -10.97344792407526 3.8125800489503843 -2086.9686059657024
378.980799299404  6.73639637514197 -1.3640534943941194 -2114.5476279712716
378.90694355692796  14.332717873587182 -2.451214880409026 -2148.2553517065085
378.6406859467207  12.105857183813246 -0.6967911366608929 -2102.7098613147346
378.80962935661967  6.820245100145412 -0.29922082471579103 -2125.512401862425
378.4298018752502  10.760213342713389 1.009735090076138 -2124.4672511752415
379.10223980500996  1.3644594233412892 -0.08024427046493776 -2211.368481203048
379.34833544051907  0.40822723386131443 -1.5582285165416496 -2180.151947533842
379.18970331541504  3.052843832347172 -1.7303271256275787 -2115.166574224587
379.2099226877557  -2.5860152072429052 -0.7642414631759129 -2082.399658041913
378.7783349728083  0.32650736622941956 1.209029329623247 -2099.2889780490555
378.7392390664714  -5.530999063158109 2.666343309290779 -2079.6172923968015
379.16856717091326  -0.5297987591076705 -0.8447545445182774 -2104.9985326863584
379.2437744591685  5.147824838215449 -2.6770353814607057 -2094.7565006393734
378.66091743037424  1.2721517465176948 1.6276497955453244 -2091.7893972717843
378.9236723935951  0.2065679053784546 0.4448666255549778 -2108.1660992668308
378.7599190133613  4.385224850735161 0.7525827709324503 -2151.583480642995
378.876028306433  -0.8631569939404535 0.6523490859908672 -2060.4446490268338
379.29854248407685  6.619578522816205 -3.071111731377523 -2132.9355954369416
379.2866239916871  -3.2367519349850333 -0.8245189660859911 -2116.9190104191157
378.1104402789223  -7.410056540156622 6.490749952592051 -2031.5564292430092
378.6263074726967  2.4170627994281704 1.3129094424372956 -2053.4762073926213
378.59909561338424  -10.88154266678557 4.365300989780068 -2021.639009708775
378.7869282069708  1.0357967594624515 0.8853655174556966 -2083.4073699293212
378.7617570796041  -9.093541475323562 3.133249128515806 -2044.32066016091
378.53171411822916  5.749643815793381 1.3967723113567971 -2099.151576738581
379.21778787382146  -14.469535286915058 1.6809872942603974 -2040.6350458443408
378.74045272262225  0.09348059056692826 1.2427710635180094 -2062.968208267962
378.51033748419746  3.8432429507519643 2.0596161977100085 -2112.568093633708
378.9436103539048  -3.9729036943042484 0.9163267652000779 -2050.7838688566308
378.20861569298023  8.457893491334962 2.575239290354971 -2085.7409056759716
378.401320722064  6.378088308547577 1.9011065770244062 -2082.086395662184
378.64270158382686  2.5115534599628893 1.5791355623553445 -2110.866863560184
378.57284020332423  2.3113683655816786 1.6885954970792096 -2059.2809205430763
378.73590372136096  -1.7695483302105952 1.5571123070388317 -2039.9777975568354
378.78313993978054  -3.41697401138131 1.8266828996315487 -2065.9110360665104
378.33950728191934  2.4158373698466153 2.9155169220365553 -2040.200644158863
378.5361238549937  2.2424333139584665 1.8745461857445527 -2052.0809374519786
378.8156016712425  -0.6614553413728466 0.9376910775446918 -2056.8914221478217
379.0063775611221  -5.209656605700713 0.7479091017424468 -2036.7820987670007
378.70564342123265  1.2303830562892966 1.2833535349529788 -2078.261077965197
378.54585814433904  -10.109209891124383 4.446496477406326 -2012.8118800681418
378.7319907716656  2.963862811028857 0.5302836958316625 -2047.9545276052497
378.6801697037117  2.386811902096909 1.1137261834896337 -2070.5979039263757
378.73881509062494  6.842863886489138 0.02539706161429689 -2113.454677956591
378.6748795255125  -6.618835114597902 3.004609122907293 -2033.931591476909
378.66091215479895  -16.440232635866113 5.195218259993484 -2005.0646908659792
379.0843236749815  -1.902447332247327 -0.28847827400375503 -2066.7987415020143
378.87354503558964  3.775708267885811 -0.4027708267135157 -2061.689957247105
378.78632230773366  3.833269489098603 0.05409532636863834 -2055.0891369727738
378.8423166924622  -8.158182546378118 2.2873451201254706 -2018.755813838622
378.82646775201783  -2.4394455598262272 1.249289789923651 -2050.9653128244986
379.07481089444315  2.885300393828878 -1.2890374583303006 -2075.362669331578
378.83495139314095  3.6980722313644527 -0.12507926867453767 -2066.795761874869
378.91826754552346  -1.6218827933588162 0.4910460467670892 -2046.3161164178225
378.7988382753015  0.5867620678100707 0.7407409819089207 -2056.0353156037413
378.97674442443025  5.67797833704741 -1.37687938988932 -2073.100077331592
378.7623991081965  3.9145538313959882 0.355578168132915 -2082.682763388257
379.124658111  -0.04300677156516741 -0.9153299392291478 -2073.2337649725487
378.7282278387366  7.5976015609832395 -0.19669525690659506 -2097.8607934824895
378.92089522535423  2.7708889830017807 -0.4588594615421544 -2059.909868733639
379.1480448868771  -1.7669432823076097 -0.7767332148887185 -2053.920935898057
378.88686158076507  1.5557466520907024 -0.040124032370458806 -2049.902503969257
378.99763660719765  0.22662387355877556 -0.329387743668776 -2058.2070510837552
379.06793994161166  0.9002324098775087 -0.8627854260743069 -2063.80993008301
378.99175899831687  4.22894546181363 -1.2523814737909373 -2053.8303511461095
378.73123018293575  6.466196146669919 -0.024892603445387462 -2087.0619722555202
379.0529414602229  0.8140781176083891 -0.7033529166422752 -2071.7053046655774
379.2581374648257  -2.764609366497851 -1.246514143566238 -2045.1236513573172
378.9801570277986  -1.737518953645166 0.13502079405460976 -2043.1918514810034
379.13250553104507  -3.7762596821920162 -0.31506027483465426 -2038.4847334844521
379.09082409671396  -1.9551671619389648 -0.39614605244837864 -2054.0609383138467
378.9486939429573  -3.440562014992482 0.7415706117158702 -2047.402604226405
378.8101903273058  1.3848660217155935 0.42442977728885833 -2045.830546431503
378.99543764893315  2.65659913296917 -0.8891107108342393 -2056.928952883981
378.91068189604954  -2.06747075025055 0.6020436171826251 -2040.3461328995459
378.7676778601148  2.8271840865034665 0.3537915414838244 -2048.177551560832
378.87815269827297  -2.9164724022084556 0.9456979002516279 -2033.0716291018025
379.00230184423106  -2.0731244200507923 0.0881368826392821 -2044.0313258980505
378.90443161349015  -3.9618019370362596 1.0143909936882864 -2029.8171351484625
378.81854713376873  -1.5992176484139655 0.9562385712402923 -2027.5031792760906
378.8868203357618  -4.165260291794576 1.1744489582623865 -2031.3699049817792
378.74763342872006  3.4267465816295672 0.40919672069387225 -2060.3271861333174
378.7767519367971  2.6015359111287477 0.39115995689955596 -2054.2561729201225
378.839827801182  0.03058639211449332 0.5841715165797137 -2048.9132110279243
378.77993021608086  -0.8320108802582205 1.0498480040166331 -2034.9330261261382
379.0130062988838  -3.923843242963196 0.36386156590324026 -2029.1234909857071
379.1909916953669  -0.6376599401813579 -1.302340403414002 -2052.156746558171
378.83977766465443  1.3431595174638744 0.2312496431216271 -2041.136886296984
378.76101977124506  -1.6455172501886626 1.337565222317784 -2032.918697082444
379.04228399194125  0.40048410197132434 -0.7122660286694134 -2045.4601127528163
378.9122033342581  0.24605930934144915 0.1089729828837327 -2048.902211253824
379.0558728484933  0.904933791224142 -0.8839878212900039 -2049.5030459052196
378.9627284841463  -1.5100132111003735 0.21164512611978492 -2047.5465366042858
379.03534834581416  2.667303111765243 -1.1104042043493523 -2059.372261375128
378.9247274819759  -0.8691406978481968 0.2382664156803822 -2039.860000542928
378.8965858908587  0.3811367286310041 0.13654625164054357 -2043.6449385730098
379.0885461809844  -3.656759907031576 -0.10758572801748878 -2034.7479666322142
379.14865079910385  -0.4879944229720241 -1.061219423347484 -2056.469163088327
378.98980187671987  -2.6981346733395384 0.23003110175493857 -2031.5302253028249
379.2098303262645  0.3993984552114753 -1.6472044242078003 -2053.207798557067
379.1788516228626  -0.11184835433586926 -1.326737569864278 -2056.340078641655
379.03859242892923  -0.2977717432867113 -0.5180886167033387 -2047.117497799783
379.08037332671086  -3.544243623509482 -0.10284181083061084 -2031.931413943311
378.84855371823033  1.5164336536659047 0.15886364742827408 -2044.2729768230295
379.2068534100824  -1.8590188101705891 -1.1025964486385464 -2053.6081586210203
379.20354025953947  -2.6801372261342387 -0.8865160872260336 -2054.538353290914
378.9900842904952  -1.70321557533528 0.08532141701218166 -2045.856392916078
379.00529060926283  1.1419280687166484 -0.5646897498865726 -2061.6869845202696
379.09087677513963  -1.645775316736799 -0.4812210401432233 -2052.020714142779
379.13033478218614  -0.7476521578176065 -0.9056997627857564 -2054.524665250362
378.91136234757704  2.560942655444018 -0.38737369519984854 -2054.682919717407
379.1225935753398  -2.4399752690863323 -0.5623347582589115 -2039.2763094551642
379.01439637883544  1.3452018434923403 -0.7133979603316056 -2054.1565026967673
379.0415757214251  1.2509411600184777 -0.9035335137447063 -2045.7974861106811
379.0586813762752  1.3516541041896932 -0.9425489069896522 -2059.2527574181454
378.9697314631096  0.840648068611948 -0.4061238470712978 -2042.611510263651
378.9166833697228  3.744724286804324 -0.6806804690832298 -2056.721582049673
379.0042260597883  0.5645000122040233 -0.5248918864730137 -2045.7806091755767
378.95025273329173  1.7381317112395376 -0.4508768640893681 -2050.524470930162
379.17650658003146  -0.4205189645483216 -1.334678485040202 -2041.4143545800284
378.84730979142864  2.5471435663056408 -0.015192450787107514 -2053.539724434445
379.04549497341196  0.71083337668294 -0.8447874810412039 -2038.7224059216626
378.794952142682  2.8266956351023165 0.15320996249325625 -2041.659017739507
379.1180932140395  -0.38613348922192436 -0.9981529892054652 -2041.6701826757321
379.20937839317196  -1.5018611509226965 -1.2900603177990195 -2039.213211560119
379.16519814663235  1.0409345493378535 -1.5680842528673473 -2047.805308391384
379.15167887907694  0.15969373512501406 -1.202431364014708 -2060.7034958576123
379.0950544905125  -0.8080623239937186 -0.8092535326162991 -2034.427811681096
378.78660673091616  1.7539068217881653 0.48941220177566147 -2047.781138665194
379.1950295761264  -0.47987629610094373 -1.4390757136562449 -2039.879389336484
378.8194632303227  2.394779633551998 0.10601230224565472 -2041.0846858526302
379.1024727788928  -0.756977601984012 -0.7768803721322797 -2048.6590716706087
378.92825695724684  0.7707766949379327 -0.22582195431170904 -2029.5816736777515
379.15613283334744  -2.8009985040173486 -0.6982393983230712 -2035.544466136264
379.1693396966944  -0.9576722933261905 -1.176023497948478 -2040.0877379549188
378.97176307665603  0.11876051306473379 -0.27691565829313536 -2038.304629114181
378.87613878628184  1.6234490735187457 -0.0937895653322165 -2033.5496962265584
378.87933910941183  0.1165099455687777 0.18787145979483788 -2025.3305389001998
378.90537928699825  0.8410465588119767 -0.049280276953107105 -2039.2084357682943
378.9366611179596  1.8321688921984354 -0.47432763613973306 -2037.3833360992635
379.0275279421661  1.5751353383121227 -0.9875679840966218 -2030.8945532616885
378.8645871726708  -1.625778230640151 0.6530782287110046 -2020.967229923188
379.1178604194196  -0.6088535887782633 -0.982576802739189 -2035.5498138328176
378.99325718650647  -0.08323747535171755 -0.4319514254324952 -2025.7832958631745
378.79007936953275  1.7558660078878372 0.4039191630046777 -2037.3303757090434
378.8248420740384  0.6678051550540296 0.4624597520347373 -2038.9673461486077
379.03010168643164  1.2377190056508223 -0.8813030310634302 -2037.9808715390095
378.9180122393983  0.5646045755753377 -0.0927172870803632 -2033.7305274346334
378.8714696774685  -0.1055952240296456 0.2695984880435678 -2022.6326462785842
378.752201498756  -0.24472535903911208 1.0321399648243623 -2027.6276080291477
379.0374397752944  -0.3676773215863296 -0.607442666183085 -2028.7687838684478
378.78094616794755  1.9390838255836886 0.4742084183936979 -2046.9097904315693
378.88727612153264  1.4676144468715329 -0.08212688088816744 -2040.241439482105
378.8225011156088  -0.5304944999046892 0.6626214326573356 -2023.7791454943344
378.9147307419838  0.48118806581551077 -0.0837237564504345 -2028.8217961312746
379.00538601691727  -1.0844176209744596 -0.2814501336624764 -2023.981326297103
378.9754551682678  1.1962820425842509 -0.5597492268639321 -2036.5177662618917
378.9579614480088  -2.160268981049411 0.2125559180771288 -2018.1974090812928
378.9378542291991  1.0280107701712158 -0.3040069959569738 -2035.840768926646
378.85521141346123  0.8382645708314573 0.17333709060126123 -2027.230563651093
378.8770856534864  -0.25541946759426004 0.2805733610083687 -2024.1754486571572
378.7688362722142  -3.8198501244682195 1.6735096793281645 -2012.2418657849926
379.0688468185933  -0.4096327545344085 -0.7665555749902353 -2031.3492202321422
378.99553263428334  -0.6203476281635094 -0.3122007507054769 -2027.1891777055948
378.8134750947109  0.3585411794038862 0.4937653276139804 -2021.1736300787475
378.9047221336668  1.0407805097250193 -0.15574492642946502 -2028.6784014682414
378.7906348535611  2.2367358066992384 0.2210111978913063 -2026.08245666201
378.8243356810405  1.0596241849851822 0.2705832791535723 -2021.7417816128896
378.84184431833904  0.479652058962591 0.32635839367833386 -2025.7690380310744
378.8075943974868  1.1080464317902798 0.3764008876783812 -2024.898036817965
378.821317063687  -0.0836431846341874 0.5731158168910937 -2025.0024300877753
378.7897439608967  1.6915654837453875 0.3549613334768613 -2026.440735520433
378.8504270304137  0.3861109640139304 0.3127436103631742 -2028.2855482825141
378.7938865016644  -0.27592390720440285 0.7569624884781074 -2021.3193232547758
378.92000374319684  0.6436101083241201 -0.15523139962180688 -2028.3501978615968
378.8669006806128  0.07683737379422162 0.2623323550559875 -2024.0227888552256
378.80198253281543  0.8920636500963717 0.4582042030314505 -2024.6799321397043
378.8359856416737  1.2761317852925895 0.16906155973400327 -2024.6322857609016
378.82522421982003  1.4123924971295239 0.21073994891936865 -2026.3284322567206
378.76443585859624  0.14718266663902746 0.8429344552484683 -2023.2147969298198
378.96056129615744  -1.0453513653096422 -0.037153698921475575 -2022.3286871348673
378.8261217751832  0.554238179289797 0.4090060997480205 -2027.0453911202635
378.97067452103937  -0.8739603699893888 -0.11902408647108076 -2025.2381021982555
378.84964417989477  1.11537354154399 0.13591283903817275 -2026.2646591159096
378.8934992449629  0.6071446620924625 -0.02853665642824854 -2022.0753330318835
378.9307322063729  0.01298437833279742 -0.08699417750165495 -2025.8129943156111
378.8532963496045  0.7600546111565478 0.18587627246499094 -2024.4057812045812
378.97051457510213  -0.2701034370010671 -0.2681340619034269 -2023.5834840058192
379.0001328411953  -0.3721293005101778 -0.40880543040127004 -2025.1865892102492
378.9026430799977  0.2760075284672041 0.008873846547134523 -2024.4709191656939
378.9756635739118  -0.3535629482415654 -0.26673047333307576 -2025.642238704659
379.0800679240775  -0.2392788705811526 -0.8710537742132247 -2031.5043107872987
379.0764270823884  -0.5726116269751476 -0.8023814954679465 -2026.4933940462038
378.96295615791604  -0.3430078085078936 -0.1899629945901069 -2026.4133999044761
379.04564158398455  -0.25432035215114546 -0.6822001876388604 -2028.7215333984673
378.91402229748275  0.1523929070708867 -0.031014956215739575 -2024.1733961650712
378.9819625601805  -0.24510272970354663 -0.33940699093972104 -2023.8774584652779
378.9168284631722  -0.482951088111907 0.0907472790393753 -2022.6133384042832
378.9289230474304  -0.2782382065152955 -0.031109189347249044 -2022.0544176785825
378.96172256549073  0.289441218828248 -0.3275442424957522 -2026.750970898293
378.8346071289967  0.18333613967040918 0.40906975005480284 -2020.9581341219364
378.90078161458126  -0.012069013487382207 0.06975064309494172 -2021.6176274488057
378.95274214284865  -0.9575571999532198 -0.0346173505629499 -2018.4341338187305
378.8606580421339  0.3769711923761925 0.2191335478693366 -2022.3092534659902
378.91169889172767  0.5341725869128631 -0.08241097705042622 -2028.1241793466088
378.90647934845646  -0.18133003618117094 0.08948993679308859 -2023.9602977661903
379.03541560490885  -0.7746420798346456 -0.5283103203885535 -2024.211038728427
378.8549819260809  0.39667404700323594 0.24548594564552495 -2021.9033265587022
378.9363088774917  -0.4524338961257257 -0.04188634487364151 -2020.7269484986728
378.9896225795053  -1.5282731827561022 -0.12463702005269472 -2017.4160681391472
378.9176704251019  -0.6576364392219105 0.11619913964143302 -2020.8974548618835
378.9290740837377  -1.167259564362693 0.15400936731838355 -2018.6005447425741
378.9792979621609  -1.1737729199823708 -0.13002597068759902 -2020.1852359261607
378.9045376761533  -0.5333441908205376 0.18665908978997603 -2024.6388073303524
379.0020976872485  -1.3132805024252292 -0.23586824147404273 -2019.4440176669368
378.91392958153637  -0.27545822881927506 0.0512272494207755 -2021.20013449286
378.9258298181311  -0.6238955916667859 0.06250809061097429 -2021.2444877008909
378.94859438877535  -1.0897683104344456 0.023657459926407665 -2018.9830597274322
378.9517096467017  -1.1265874785030672 0.019509383938160596 -2019.9326534343918
378.90956994354264  0.23662340813969607 -0.03706131016199832 -2022.0448269835501
378.96192520397517  -0.3004183739621009 -0.2107670125088601 -2023.5661034484383
378.9204532171585  -0.869905260725675 0.13401176558955874 -2018.33102766093
378.93085601756553  -0.562578513872662 0.02144589276565001 -2021.6983421943046
378.9396287716533  -0.494847333124925 -0.051648274006669936 -2020.707373947574
378.9203749257396  -0.6544976292069293 0.10326567533437991 -2021.51889304407
378.93953771002697  -0.4038740483722041 -0.06327378949043672 -2022.222003666644
378.87700741972  0.23856999506488918 0.1448851171795409 -2020.5554884091493
378.91765381640107  -0.41853238217708544 0.06479077122806864 -2021.5745887509736
378.8911841839849  -1.0186305994820053 0.3315239532450136 -2016.8193515772327
378.9055866200713  -0.30943714094840225 0.10138707313750683 -2020.0628304052998
378.90840582840264  -0.4413057299953955 0.10467280991169337 -2018.2326888159928
378.90606298654023  -0.5527432387898408 0.14484463273149517 -2018.3254795950443
378.9352147231765  -0.6714380340199835 0.0038017188339161123 -2018.762487844365
378.9168766977116  -0.09414978670223384 -0.013390004835689862 -2020.316344602346
378.905137751764  -0.34171188086866167 0.1007969697993103 -2018.2421497286332
378.9015510083494  -0.014097380820725647 0.06283423731620297 -2021.1324643897913
378.89673505846247  -0.10917391889188721 0.10153519943469136 -2019.1575437929912
378.9948958738924  -1.6545636406379813 -0.12193548015019773 -2018.1558621310905
378.91462542725844  -0.09203944359970251 -0.0030073795387175473 -2019.9185473387543
378.8878156235615  -0.6240039965497637 0.2551234929631374 -2016.0387074034156
378.9282491114711  -1.251839553493431 0.15529305546709327 -2014.6403577803467
378.90208953534193  -0.6226517049512452 0.1902775347116219 -2019.323534103914
378.9030960999605  -0.6348300657740804 0.17498296676742453 -2017.2457603056464
378.9000045238539  -0.21006555200378507 0.10776542543394352 -2019.4981171154423
378.8920027562131  -0.5096506152488143 0.21414880779345946 -2017.7721691464158
378.89107634044416  -0.4227014377661025 0.193540867019812 -2016.7723653662047
378.88872182574227  0.05084345379421329 0.11816093582466491 -2020.2980414774552
378.93333485757387  -0.1742561175989188 -0.08684090073883444 -2021.0933272831712
378.92616241396667  -0.9475523956205976 0.11054128112874717 -2016.9723939689816
378.8688118572479  0.5301941466607563 0.11846271516989226 -2019.3945764528899
378.8796760954801  0.19313965248530174 0.13365970482561917 -2019.5208179509125
378.89759485999167  -0.20098918594444726 0.12267388211592345 -2019.9844190911126
378.87831890313254  -0.5786077060170509 0.29351062894014235 -2014.8682540639015
378.92669850767516  -0.3731079521834957 -0.012041877366962384 -2019.3420471500172
378.92161975114027  -0.6157766015342663 0.058919504718409677 -2016.7548483603334
378.864950524991  -0.012605377426083919 0.25223312626659666 -2016.85535717959
378.9043457242888  -0.2717552505252048 0.08668152967378373 -2017.8120559089414
378.9112931028835  -0.6027321976751967 0.11619061370419015 -2016.6977802316128
378.87785569261507  -0.7537389131836303 0.3374750231106012 -2014.9694150422074
378.8946777032872  -0.21462736996145715 0.12933273148491486 -2017.6664112313638
378.89473806066997  0.09450963427623726 0.0686301858485312 -2019.6083230251274
378.90295479529277  -0.6083505655100971 0.16056280623810992 -2015.690714193242
378.8855368589042  -0.2063475889117825 0.1861537915492093 -2018.5295599110334
378.90859002091446  -0.005459763945223628 0.011932769229755058 -2019.8509994971282
378.9007023676587  -0.22408371951486217 0.09290535411965428 -2017.1126398097294
378.8687092118229  0.40148294747550395 0.146063786593857 -2018.9048550280143
378.89757387759215  -0.11863279894343748 0.09169833693830598 -2017.9485604688311
378.86455036009465  0.07671542670957265 0.24191601532458495 -2018.2306963822432
378.9028684473449  -0.054152254414240986 0.05085265006313744 -2018.8354489592102
378.9009357103622  -0.5098580451707786 0.15563242558708157 -2016.7297153777683
378.89414905351924  0.048597523722305525 0.07610205701829842 -2018.4790432362186
378.88482568750675  -0.20162775565581903 0.17558935919573737 -2016.20287400019
378.93638093180033  -0.18812551587400783 -0.11426738859764951 -2018.929030946818
378.87495750504485  -0.22434307618266836 0.2313848696053853 -2014.9324026937534
378.8779535508392  -0.11848390370753492 0.20195802297322518 -2017.1111005833518
378.9025661235262  -0.4023962518584039 0.12021307319104713 -2016.5760693037346
378.88960600360014  -0.22090805959981097 0.14871935192545926 -2015.6423088953263
378.92216374190104  -0.5480217996580201 0.036715470642848747 -2016.194217620011
378.91900105243724  -0.5369559214039796 0.050659222178420116 -2015.8423846326582
378.88829021234983  -0.06468076124942002 0.12346912238850427 -2016.2051906183005
378.89943366800793  -0.015783093298470163 0.054632411972927564 -2017.5618126786583
378.9182036631044  -0.4432441310990125 0.03352174302523592 -2015.8312284923636
378.9193712432773  -0.23794920518491125 -0.012447360881596037 -2017.290938785693
378.8859207230891  -0.0755856801683592 0.14858051993000876 -2017.684575737712
378.9111352027342  0.02850622847032902 -0.010266262754832445 -2019.9580323733503
378.8814142442154  -0.1571219814622573 0.1800976207581344 -2015.3144888286115
378.8865357996212  0.057656631097170674 0.11069861491151145 -2017.115211744931
378.8929886236207  -0.05686651644916196 0.10348938617648828 -2017.8133616946516
378.92329520599066  -0.46027005007354127 0.0030014474860777796 -2015.0472236000137
378.88243519054436  0.24827613353044597 0.09018947068819627 -2017.0578571690507
378.8838978150695  -0.17873444514797399 0.17999463066301424 -2016.932532567601
378.91097911191366  -0.24580252320119378 0.029586343633828394 -2015.7421128044352
378.9063400215959  -0.2267569647385006 0.06361101245758416 -2017.656231659056
378.8794615836  -0.18939591272641643 0.19037340266069802 -2013.8249692149166
378.9057264464454  0.4904465781994123 -0.08343352097370094 -2020.3507213348785
378.904279117234  -0.2573549191790683 0.06726619023548963 -2014.9984699749352
378.90520472967154  -0.27974555291079284 0.07206718169137716 -2015.8613264319488
378.88385852664646  -0.029899345162400337 0.12993737183505094 -2014.2382359630847
378.9049590006659  -0.2681473626429298 0.056489403006259264 -2013.403061013934
378.9541026474804  -0.5388245181001459 -0.14575464187170817 -2017.4220672140373
378.9128339620153  0.04478599505623038 -0.05219789092317151 -2015.1533748585155
378.98710692122347  -0.43726374054580575 -0.3498985402156476 -2019.6694949356283
378.9523657596919  -1.552318415184887 0.060408849474688164 -2010.6722338669792
378.85364948352463  0.8541477526325281 0.12297702700214663 -2017.809889462516
378.9141939921541  -0.2643734608121484 -0.003917118240586381 -2012.488974720549
378.901303462493  -0.24250119637039802 0.06462430743096603 -2012.1324513441302
378.9368056177007  -1.1333106845458207 0.05968930441048648 -2011.5684636418277
378.8724167051069  -0.26988545876854 0.24840419899991129 -2013.4778976518896
378.82197376821006  -0.9672028508683574 0.6709364099091297 -2007.3305013338982
378.8492932700786  0.12358115152673399 0.2792362559248829 -2011.1311211316342
378.96586821693444  0.16974416457591524 -0.37287984352139913 -2018.5202848650354
378.886419646651  -1.3825967209211303 0.3854045295877888 -2006.7126597381348
378.8405143284361  0.3347225390166617 0.28598125437842636 -2011.8577906155215
378.8083737385322  0.14813108121251517 0.5296835598945056 -2013.8650422415076
378.9533821157832  0.210615963293181 -0.32756916993054586 -2015.3584137815906
378.82332756654773  -0.613563400953069 0.6028243795964721 -2011.133300428226
378.83690510219884  0.08983806190260069 0.35829726616732027 -2010.8694539783316
379.0105073342977  -0.8911915744021179 -0.38033696963321706 -2019.9351010084738
378.89726638269497  0.42585848587511244 -0.06808682803705612 -2011.9127061807037
378.9354404269738  -0.05928876924120985 -0.17622693662941336 -2012.49580491942
378.8880783047907  1.092415536162184 -0.14460206295799827 -2016.0840757038607
378.90795529618356  -1.3002584453282857 0.2344510525395409 -2005.7692543487813
378.8988828555003  1.035623935623395 -0.21666984035012082 -2012.3353859945203
378.8436752070687  0.7965020576201098 0.17266875065478726 -2014.0003080677684
378.93407860282645  0.5773371943527668 -0.288076006287888 -2017.2890825234265
378.90561099521466  1.1217960679920136 -0.24875893461065024 -2017.0433156547501
379.0295277850683  -3.4553831530634955 0.026603775023473997 -2006.757918296506
378.8807464049981  0.04476268581404952 0.19429229559197259 -2024.999672681979
378.9796316694651  1.5740898090454412 -0.7861796372957475 -2017.4151108847268
378.9810538787302  -0.35214008078843584 -0.3998388047465089 -2008.3736049293816
379.0267797139086  -1.2788605492814789 -0.4418645326764583 -2010.33715255603
378.92387812078766  0.7306902192765996 -0.23389027624784964 -2022.3638952227807
378.9015163924141  -0.7155988411374388 0.1984105436506589 -2016.4609980662008
378.97042711636425  0.4830242615680227 -0.5161270102186744 -2011.0081795249212
378.9270805945987  0.7281086287744731 -0.31061803761179596 -2012.375053791539
378.99089619947875  2.0443674151927613 -0.9789009131646937 -2014.428845433788
379.026528753128  -2.4334219948557756 -0.20829445305381977 -2004.0796063360008
378.9331298758005  -1.3121107038953639 0.09617675509347046 -2006.9528599419566
378.8862804812562  -1.0080982986973908 0.3310865521626909 -2012.2256349783058
378.84271639769014  -0.10369237873320536 0.33682820112441325 -2005.2537319761298
379.0923806940963  -0.1761344704403669 -1.042654609192888 -2017.2667495929895
378.77475037634275  -0.10178197945588785 0.752491773579141 -2008.2225954547166
378.9784228875816  0.38851273345180104 -0.5272645925403288 -2013.4024722471663
379.065434811755  1.0532152460170732 -1.1981661292599617 -2012.401784507064
378.92378811684915  0.45238483001369545 -0.22361168331903514 -2013.008407451308
378.85110052189805  -1.7174330869776622 0.6457367683072655 -2002.373796680472
378.8381497670688  0.17003117616618546 0.30132211543870446 -2005.4657191005165
379.08463364478797  -1.2627837324170823 -0.7897218353995099 -2009.5544054457173
378.8483544745467  1.4473620453254004 -0.045310268622664296 -2007.1710707734908
378.9874933772729  -0.8036333008522778 -0.32124740800287754 -2010.38771721184
378.9166035105277  2.026976364232455 -0.5450929368444519 -2013.3252778377423
379.0806696822253  -0.7904769275782932 -0.8748653962814112 -2009.7655912864898
378.9167001825017  0.5497463095202182 -0.23596610752469993 -2007.570560762988
378.9084402611505  1.6703715741408676 -0.4234095084368814 -2011.7678175229753
378.9082839974693  2.4190300861310092 -0.5886865629987752 -2013.0777870037473
378.8032065668115  1.7403315421089491 0.15734488858257722 -2008.139398531573
378.8549134073522  0.6727789941958449 0.08109804223677819 -2004.5699810470517
378.82080621221746  1.2234012682602433 0.19383248755478522 -2011.5826485176872
379.01556068785595  -1.0572012607295278 -0.44498124876081246 -2007.2900896921715
378.949359034876  -2.410179283964567 0.2150932638633225 -1999.8058849419117
379.01087731716683  -2.7918674386644096 -0.03645848077648628 -2003.5116967452573
378.80651958049805  1.9329608511124992 0.14550784708535291 -2017.1638408051317
379.10614668225134  -4.62782990841921 -0.189395066226816 -2000.0163412122843
379.10446780891834  -1.488065603772263 -0.8564443309801293 -2009.1045586107798
378.8406809025615  2.192653059946899 -0.1225806997361627 -2015.9325103677245
378.8451254761629  -0.4937499352306638 0.40001531596494466 -2002.9366858398525
378.95682315859  0.1471315895773504 -0.3762452392627975 -2007.8902684607503
378.77531676479873  1.3323272444248815 0.42765281200101024 -2010.1948666270619
378.9238663592834  0.33695759424937144 -0.23266425186320006 -2006.8700462367965
378.964704750405  -0.1576057141065661 -0.3592222842850139 -2006.5924670531203
378.8757932932637  0.943016080138273 -0.08550913238983493 -2007.8425200612041
378.90452475921484  -1.7443183447153654 0.33234271233273516 -2001.3214984986816
379.0753844591903  -0.9805952034332783 -0.8035832789672306 -2009.0932206753478
378.8843872678987  1.3216759965702192 -0.22742052998007511 -2007.2207704997672
378.8848519682009  1.2009738653977404 -0.19548648558749782 -2008.3797329500273
379.00929750985387  -0.6414215937727157 -0.5171874835914823 -2005.1089275140944
378.9501221025632  0.0070155652371042265 -0.3209167725241888 -2004.999699982925
378.8691038596865  0.709639581668208 -0.004326662425309102 -2005.7005777495951
379.0544131390522  0.25284603735627265 -0.9613116711062724 -2010.0423795578552
378.9868175118858  0.19411470766475425 -0.5630757321494562 -2007.9187057364913
379.0084738869063  -0.08194311392581177 -0.6320522868325869 -2006.8861686668101
379.0368285551632  -0.10087264165208154 -0.7840628532807783 -2008.6382299827776
378.98591735176956  -0.036632861177237075 -0.5113690131104274 -2006.6733500206713
379.0090438372505  -1.2915561147733978 -0.3812816703611881 -2002.2117320633347
378.9097747818651  1.2325336902054485 -0.34928125954572486 -2008.35540010518
378.92240888658085  1.171862356428818 -0.4112801187016273 -2008.0236226739057
378.9942242663083  -1.7742279484303438 -0.190220047355264 -2000.806961609897
378.92073492981604  -0.025838427196051228 -0.14177467770330066 -2004.8222137782786
378.8791900102265  2.2515422008508796 -0.3845513566789238 -2012.116462028064
378.8702882171681  1.1675166986091359 -0.11503904761361561 -2006.1405625660416
378.89059181682006  1.114758722532697 -0.23461940558705097 -2003.9272790415437
378.85776252194154  1.9234193578696246 -0.20590018022522294 -2008.0686254879677
378.9282212207867  -0.7086660094705142 -0.035462157185271126 -2003.3792492990888
378.89137674975433  0.37819336800730063 -0.06455575233042232 -2004.5812723569848
378.8704044099239  1.2873731176932761 -0.14375491430915543 -2006.1029004932834
378.9118692731744  0.39601356457590065 -0.19584986181854624 -2003.3781504505173
378.95664025898674  0.4232201986816104 -0.4370054862508723 -2008.2818829614398
378.88625133163976  -0.37405631756861446 0.12848095643328894 -2002.5332014094256
378.9493560092606  0.470062230156989 -0.429096750693035 -2004.0851210517712
378.903189338336  0.8982201348036227 -0.2576619819466921 -2004.0438527464303
378.8789989304667  0.28840862967828507 0.01592177758887736 -2002.2878107835088
378.85025730402185  0.9537516748151091 0.03510018716905794 -2003.141408112103
378.97633161328423  0.7050401864049203 -0.6339946882342096 -2005.4902000404213
378.9753837492202  -0.9197901463972809 -0.25118491192371417 -2005.5128159478645
378.8778523931628  0.39158111715449095 -0.0007478798369335848 -2002.383670235623
378.8607103201669  -0.06790903466596987 0.2050992223875432 -2002.1298040038873
378.8319068909509  0.9443475818786542 0.14977958089490362 -2003.977339935111
378.83905608597735  -0.2954730987262906 0.3841342480569834 -2001.9674370962655
378.81241996705046  0.7395334439319079 0.29906044480335625 -2001.744349452953
378.8279947366983  0.6801237842093073 0.2249209675915289 -2002.3659802061834
378.84060194149475  0.8702278947075506 0.10963613654799365 -2002.8700795704408
378.8383700269519  1.5993189106586367 -0.03201255860719243 -2005.4115348095138
378.9092133980209  -0.0022215334227055905 -0.09774815422475513 -2001.629572271446
378.9003537002607  0.20104202677339877 -0.09261395280384321 -2001.6812722836733
378.95791744137915  0.10787265219135023 -0.39460023947299017 -2004.20773339445
378.83029975907505  0.14491205307388455 0.3223911237859147 -2000.0308854343193
378.8393248648234  0.2747975153075011 0.25435113704334533 -2002.6984119153094
378.9275468338599  -0.09047702277254466 -0.17577664948624316 -2003.238536292843
378.8347558757218  0.9197215940914987 0.12733914078894237 -2001.9642260483317
378.90639116848484  0.30150003564203054 -0.15696043025642537 -2000.6931087268451
378.9186547853536  -0.5861188949638603 -0.03131880664946629 -1999.2115823754802
378.87719038158696  -0.8001439709303071 0.25663681278664763 -1998.2966269833555
378.9017155405208  0.38125510027876075 -0.13920017141643815 -2002.2521998456705
378.8807652579087  -1.7594237543181368 0.46334519457819034 -1999.1982744441689
378.9044929844253  0.08750894184934488 -0.09574075090217304 -2000.7662632198308
378.9091692184503  -0.3938788431119562 -0.018363383799545607 -1999.5455126603101
