 Dim = 2
4245.570047995876  -438.27616650255965 -2788.5092251444203 -5744.10559990143
1516.4065331732716  -244.44688333196552 -1628.0456431056966 -3385.1408501347387
1421.9539293494759  -298.9172183427289 -1551.4509268164047 -3310.7093315154425
598.0801707275624  -264.51489106851216 -942.7690311680722 -2154.6633544493325
1208.0497286755606  -219.0182196743763 -1440.934560284751 -3011.8221987191064
3565.0836424055974  -424.6595569063131 -2538.032647426195 -5269.037766305999
404.9750480813103  -194.8022822348159 -764.1047279212515 -1743.3063732343624
69.16186352508224  -100.55150777357248 -243.88651345177334 -676.9258114421604
924.4766993598398  -322.7080471465172 -1201.1890852887925 -2698.1331766505314
6.843352308057362  -78.35229474931333 15.267946840845525 -175.5994385599048
1656.8034874365605  -314.68907153033047 -1686.2325295196683 -3576.546630238048
3987.8639006504964  -250.22858344041555 -2759.671061369373 -5464.103290433782
1085.2409323861168  -292.577673406101 -1330.4774228652336 -2898.4530642318277
1146.8644483502874  -268.13525533499046 -1382.1478039025333 -2963.5287024619793
21.814481314876684  29.666188074951467 -118.34794629246292 -289.73802284768016
289.7106159178344  -161.22697278299228 -630.4396603852595 -1458.0031640275895
219.90755330548305  126.56747998573998 761.2693955705049 1437.8954438483624
148.41548492901603  169.45960251615466 622.4571390871928 1235.556338552689
34.34521607382172  47.304651330055805 368.7998136068 623.5278715034838
573.6204561906735  230.71631353546383 1152.263667888493 2279.629203537421
84.63437252002161  -159.55795250970309 -264.78363636414747 -786.4798943929728
189.0578759220673  53.111842344832894 -551.5972874242038 -1054.6791910669813
1373.851466138743  -172.13767568465795 -1565.294298121793 -3182.8802770998236
181.86601403814996  -8.411291557949625 -517.8977305156153 -1067.3088426372274
4728.870474806154  -456.4475034699453 -2951.197265514248 -6063.9379388555235
233.63182020092376  -232.7814197726692 -524.3385292331346 -1350.1873017999687
1265.1064396585439  -331.5955675095873 -1439.8842896209608 -3145.915901532502
8.065853076993406  30.849045997109087 233.12167234389779 355.2229197876991
435.2317198637564  -292.252707684936 -764.8761331972403 -1862.45906666034
8.269532018260971  -17.23040155747389 251.46687744509458 330.72259987752335
114.10583371619343  -158.22849018255337 -334.65488703693427 -912.8060865816773
1925.247757867044  -246.1163804837648 -1858.6358213491412 -3809.3626163254157
118.9390057602835  -150.20996815498864 -347.91917228837093 -927.4046175928434
20.168949520197458  -103.61013713851375 -63.72411330229056 -350.74856094521726
47.92952352030171  226.8754155052181 356.26349872454364 817.5328272669083
2431.9290726980216  -185.23285840692924 -2134.3507488650575 -4240.629648961
10.412135680878148  -75.49311266831236 -14.303047841544867 -226.28868370563202
700.9751774510585  -281.9818205487694 -1031.3149713153682 -2337.892350440704
568.1229791328594  -92.91289850313865 -973.2320899140357 -2003.1097286208778
1018.6416851247716  -329.2185955687108 -1269.6858375775362 -2831.415052339891
627.1728440930948  -280.835479366952 -964.6312890456312 -2214.4112310492915
98.09753617133678  -169.65595236744315 -294.27993962056246 -852.6873372665881
565.1971073990849  -302.1164273896593 -897.80107389044 -2117.758617868995
233.54020999789202  -232.96004412319206 -524.1362379071447 -1350.0327267616572
215.58134920368707  -188.88689189883624 -511.35676239541095 -1273.3843529142096
605.664672113971  -300.6510157257806 -937.4749495104788 -2188.629940355666
550.2716900794795  -296.0779976394331 -885.0976396922813 -2087.2032854288145
13.637883209450608  -89.76056304235529 -31.172269970333616 -274.41382536748756
302.21946599503923  -253.1280503258447 -615.5921744712252 -1541.8533104914893
20.935319970720613  -101.98524743656166 -68.24457218195295 -357.06220170247946
159.5527774726406  -159.01231725861422 -425.66432483733934 -1080.3890448488737
403.61100285467484  -230.51714458453517 -750.1300581674489 -1760.8700542512468
189.04980108162803  -213.37562348624454 -459.1675458036944 -1207.4146964742422
21.778161263611203  -68.59572601429622 -84.09294179197798 -345.7387095965859
98.081658117856  -112.88477613680567 -313.93116848560885 -820.0769071705217
35.38077595398702  -107.6998786044522 -130.52544832535432 -478.0013358394259
303.1828254900726  -203.2509685318422 -634.1867745157647 -1515.637712311587
53.617882962264765  34.72127686554683 441.61395829044625 741.6453731309857
36.882544017040416  43.72612387767215 379.995856493239 639.7039358948526
15.591764804591987  43.41776923334629 280.64521165121664 457.422911737542
14.883760966850769  -78.55368974662537 -42.78150072144132 -282.1298064806206
38.21029442849366  -100.45891603357246 -143.95831272188474 -493.8479835682541
293.3366047098637  -192.44466609450615 -624.5853984855705 -1485.00159198286
31.739703160418618  37.974562962120224 361.42312761841737 598.7486731867228
158.55319674583205  -200.2147648911146 -409.51904883910197 -1100.6085398781156
10.609991271187504  -4.09654281628065 264.768918331206 370.94671153825794
18.763877711476685  -85.76971435328146 -62.456150847527226 -326.8720336195182
2.3144269488786238  -34.34060123842887 194.07804345351266 204.97246494584965
132.03332608481713  -142.79460232854038 -377.8678182982335 -973.280520227388
143.90292911461472  -129.04714216573 -406.30022383898444 -1008.7297460066798
83.1747671273206  -141.80846902008784 -267.20871793269765 -769.4751088910236
21.8175767687005  -88.04011508856648 -77.54743071986411 -357.2468914783568
66.31311238690554  -148.11696843143235 -219.28656551489541 -689.352856077963
54.92491640703527  -128.48867751907525 -191.81257961294784 -615.3336613074297
34.78545204176426  -120.14891678231024 -123.85516211082341 -480.82922687613245
41.110627565490795  -126.45911794463238 -145.72434678629833 -528.4951680889607
62.54270669167103  -71.7829640321938 -234.76103218243605 -625.4589393996914
144.35994442033927  -187.12815288920714 -387.0483968812289 -1043.6540216816097
54.28205559707614  -122.69669961467179 -191.78457505857767 -608.2844783888868
33.12695898197287  -117.04200382645679 -118.26959967870084 -466.84841266766114
49.344942595276045  -115.25006011922817 -178.30536876116474 -574.6073186043002
28.587624702718326  -100.307547917614 -104.93124652435552 -422.2075480664596
46.257493674437285  -126.45523616032435 -163.96369936712028 -561.886262184221
54.67631804832722  -134.35710730590282 -188.99115630518514 -617.2579849980733
73.85510144386393  -151.48639501156984 -239.21724032916006 -729.9163717832797
134.7031656773155  -139.55783154272274 -384.4030980441556 -981.3357602733083
18.446017347386228  -102.30047062126083 -54.99848709416864 -333.1898163947293
113.00444664764724  -155.35208223993433 -333.2326156654628 -906.7266486465442
32.676914351511925  -106.14732980827792 -120.21126521585978 -457.2405325492614
68.96863878095306  -131.35041175541872 -232.66100087410615 -693.5836338255884
49.70809248425624  -118.22457068684922 -178.48183567956767 -578.5242489834609
10.40504882610501  -89.56645990319939 -9.371133742013171 -234.2619905513502
35.60603568449247  -123.29018920716067 -126.00373105972437 -488.55850801900067
21.296932173309184  -97.6359021621237 -71.594869386852 -357.94160076858327
29.769823494677095  -113.6466254414736 -105.42852922391995 -439.23442452103734
25.61877479166401  -107.15985041169365 -89.20100318255146 -401.68487698752097
38.851785574604236  -122.88458523970066 -138.60025743128114 -511.1323693929925
38.70575802024629  -126.12484709130435 -136.92754451946576 -511.98458172055075
31.839350176194806  -98.35960922394713 -119.45990434044313 -446.455632915675
19.661439703167883  -103.60634657960796 -61.06355858632753 -345.8725741097902
23.66421242601878  -110.20556731753796 -78.92632152652766 -386.55205589766956
10.863420059352375  -91.63101862231346 -11.944304296635153 -241.46781342135398
16.072666159707968  -97.9615584587579 -43.12468022462201 -306.20687896160666
9.288380226269743  -73.89825362530479 -6.475093653228328 -210.02898190868655
2.142904665060038  -66.79078642538519 65.11347059757765 -70.36487692152764
25.65705911948602  -91.17221020722437 -94.92252210746051 -392.8444543560946
14.211354066384963  -88.47278535096345 -35.21556394682983 -280.2610905313411
25.375282579948255  -110.49568051909716 -86.91535998631264 -401.530295994787
6.9558538305565865  -79.21470509613926 14.565190816625488 -177.92813678978393
28.136631095219563  -91.43626677503298 -106.02547596482646 -413.49271142007547
30.61293065513397  -106.92284182104106 -111.35231471451891 -441.957001612589
29.911085469382783  -112.56560030758396 -106.40877568542817 -439.72312854935694
33.88163608296236  -109.63134428734071 -123.89180671765286 -468.1889192125384
28.507927415538813  -93.53373577856067 -106.93123949802595 -417.6853174750411
7.657924062494127  -70.16218278435733 5.348680792856726 -183.86600955846427
5.828379101965933  -65.04248726783428 20.09092231225418 -150.68769448611351
9.151041213960669  -79.86288865093672 -3.348384947321449 -211.51057173737365
20.622154162626448  -102.61413177472694 -66.41842180722756 -354.47838982852227
28.8636395877124  -72.21724867522883 -115.87831300754127 -408.31245283053704
7.412991513274658  -57.44139325630653 3.024767510500851 -172.751689957934
0.1473427196648346  -57.19850278578996 111.76441475056407 26.64126113966006
6.735925748286704  -68.00353949687984 12.643529794925655 -167.90124162758684
22.36985730296763  -70.91393998753033 -86.2368886891083 -352.46510303367626
2.438853903596307  -69.06868635350945 61.33648372352644 -80.0326167273771
15.059762082736347  -79.15458252587338 -43.6376453893003 -284.42338804730787
40.41091761605458  -89.64378314992132 -155.92634872657314 -502.6942312894239
6.938467927171256  -69.77041429944268 11.444365608709177 -172.23163053622773
0.9863700067077197  -64.5825568457237 86.28674197282203 -28.929165120364814
32.85309415045063  -76.28643986963488 -131.28742522005274 -441.4425644362118
23.419564116029605  -94.38989082333501 -83.23100549322703 -375.32521273524776
26.894775447062525  -77.96481543302829 -105.15517598020602 -395.6229149864186
38.220265871743784  -72.88448169472409 -153.55873545703705 -478.1104898694387
26.58693683371972  -81.56726543043825 -102.51239787005875 -395.13656115246437
17.882577245241766  -99.62320213009096 -52.83267102782463 -325.9895689496186
25.023256492703226  -94.75903790797913 -90.73137775951221 -389.5042069150229
39.63152590393222  -89.66087459286194 -153.03628034030208 -497.42324062133395
26.732369257708115  -112.64277112321375 -92.39473504551904 -414.1570199351946
25.775136362373793  -105.34889192542184 -90.55107238220364 -401.9688064431979
23.840792841242706  -72.7736490543262 -92.75569162122136 -366.64777625934045
7.133790688579668  -84.21070792083314 14.729589195943163 -183.66333236664127
16.03938393300774  -99.98484557301003 -42.228604155013215 -307.01073611628567
12.426001702969485  -78.13791362239415 -27.34478791686786 -253.36323996776446
16.77082194777656  -99.03733714257149 -46.78397365403271 -314.2067140003411
16.738987598592125  -92.60594283822371 -48.83236429676981 -310.1868098614565
16.436190190256756  -91.82198051684529 -47.364195633486474 -306.5514422738463
5.50514826521046  -74.0234585951621 26.38100574370361 -150.02158493256422
10.446571803792136  -82.21092117805733 -12.222892696158851 -230.59647546060455
17.424334793985967  -85.68250079259585 -55.11460746014393 -313.32448503117007
11.623817455007243  -81.86780010288672 -20.63726850289504 -245.588419286114
13.888863399983839  -93.51513278459144 -31.45340753252009 -279.46487782321606
6.231661047038498  -78.98700809868258 21.08517241317901 -165.71511359961482
25.51100013185699  -89.21567840173756 -94.92510845263166 -390.4852947838631
9.032010444754816  -73.81819707427721 -4.52098585031132 -206.35433605524838
11.07164743126595  -90.70617725032665 -13.736305735776455 -243.63152216350477
11.989608961241336  -79.76904992195671 -23.856273648400133 -248.94661035665263
14.479043166326843  -83.89261191430013 -38.45799609523249 -280.66410329767234
15.426278350545848  -91.22878083698112 -41.6474663977167 -295.367550596774
14.131436095403487  -82.19043355628112 -36.897419537919745 -275.7501443467477
19.716650914154595  -97.94025083576688 -63.31981058839506 -343.15789771096877
10.85597651753075  -81.50636012859873 -15.402629596913698 -235.5672362281614
7.335781318152848  -70.56428931630319 8.240526036422352 -179.05694337325406
8.991513023070675  -73.86640752833647 -4.188645045209967 -205.8040768139913
10.379666891808316  -75.84258060991154 -13.946231009335008 -226.0575908461351
10.290404227840513  -82.07219000128893 -11.136191078301977 -228.43913687341592
7.291921118756393  -78.10307449599237 11.234219648898033 -182.68397938496162
8.275745227703466  -79.73458619711614 3.5466701100950786 -198.73088788248617
9.826881936237928  -82.21319819555238 -7.667428115698726 -222.25828842954263
7.27270421580357  -70.53221894223704 8.775354714447928 -178.0389382144292
14.906892658005766  -78.24619944370085 -43.02840264092566 -282.21036564019244
6.605696027387686  -64.7610548585757 12.69850464551422 -163.8829919864752
6.043345072221587  -62.49895013486248 17.145326570470218 -153.00788535468848
9.438343878157  -86.83722966217991 -3.134643591367251 -219.54566331901356
8.215168822845685  -81.03342042268082 4.490618472052063 -198.57180317178745
8.655746652944451  -80.32299306812216 0.6950760308952795 -204.6630002892632
8.522549436315364  -79.16098715487763 1.355395624696996 -202.0500286572584
9.738358745522971  -77.52005216390488 -8.632741394707352 -218.35546102240346
10.110856944069736  -86.11393071548846 -8.419160691398076 -228.3475830833538
8.554514855979745  -83.06115899915454 2.452009065762411 -204.7543720200698
7.843081930953078  -77.03381755376236 6.175763031362067 -190.6539994216506
8.812334104182817  -80.12104202742478 -0.6145762202824585 -206.81694115080836
8.205814232187914  -77.13346022794241 3.214534886271906 -196.19632073095738
8.229922420016685  -80.70344126283759 4.255818077296624 -198.60303356106
7.2893838672083575  -77.46418519752193 11.034642646361135 -182.27748931026338
8.513380147521552  -80.7072742565428 1.9651315918593468 -202.8018524771154
12.211514783460341  -75.5236286417354 -26.821326823019717 -249.2461992209428
9.293941436410762  -81.04396968522653 -4.0397399031742225 -214.20341500839743
9.206334185275226  -78.6676904012911 -4.189868622046504 -211.60725994344386
9.793975421620532  -79.72511419159379 -8.284455110853685 -220.38192883777572
10.064443164100048  -82.13207730591671 -9.458112535432292 -225.438974598134
10.759021836543873  -80.46858465692634 -15.072428317711967 -233.70879878365565
8.008925097103  -78.850233161565 5.427587437614477 -194.21849539026118
9.630663843930167  -80.3761174124518 -6.832588935160459 -218.51014586291933
8.422199503010344  -77.31790271407475 1.522803810429025 -199.51668136554304
9.194843655757156  -78.60047923139427 -4.124546039274492 -211.40645098440734
8.84492874504573  -78.02591708156612 -1.5977883136001196 -206.0858328485997
8.550108647708816  -76.85340937262478 0.33448039956647335 -201.13126684745293
8.077651183528529  -79.96683156247731 5.247905011988223 -195.89657109847872
8.561319726928847  -78.70823106668331 0.8880382251084029 -202.3587249993834
8.279817973766606  -78.75596824209745 3.1741805191829258 -198.2305338113938
7.734692256548355  -77.54871047433527 7.262863995583928 -189.2856427445803
8.677154653418212  -81.05369359772081 0.7783429021853294 -205.39337817119974
7.969913492616819  -76.56803274314747 4.959029569615495 -192.319042612021
8.747060246677725  -79.82925472157355 -0.20037462307709575 -205.70600929282602
8.366480273785792  -77.27719374482265 1.9586039075730923 -198.6695577741193
7.667701816543049  -74.43249697315481 6.746916035829884 -186.4652996934666
9.129896804850327  -82.92236655607054 -2.1237587634917645 -212.96479490544823
9.278705391667023  -84.8261013100757 -2.611150212656071 -216.1573014216351
9.385894880395554  -81.02578524838889 -4.750015818709983 -215.48194132735455
7.77146351372242  -74.3249982024862 5.835998148085309 -188.00328609925634
8.656059582152013  -82.12292046243512 1.3167843908192367 -205.6993529024288
8.954421154104297  -75.537611021671 -3.319394247516641 -206.23166051172507
8.657349602594797  -80.9576033176209 0.9024060260289275 -205.0501248582824
8.640994687815553  -76.26248165445884 -0.595699510331201 -202.12043935953955
9.213891382359472  -78.9168278821966 -4.161732028639847 -211.85675217439382
8.49456483394974  -78.30481842902718 1.2829352468700677 -201.14827283204852
8.696056937189155  -77.0452169656223 -0.7617936971802237 -203.3702596855212
8.979431471296337  -80.60890827354523 -1.7561403485642018 -209.4965589571209
8.78189024221482  -77.02960011092961 -1.4465089057904947 -204.60508717973403
8.841964404736904  -77.23187613394258 -1.8498297546826166 -205.58794852433925
8.624863650870836  -78.85468791848872 0.43168681590032065 -203.37124282774073
8.736465072144496  -80.33673867316402 0.05945361802810112 -205.8434160654058
9.074155483043922  -74.31214517346362 -4.677406536531748 -207.2375297672561
8.292309202408221  -78.82551823711258 3.0967807278879036 -198.4562816122036
8.632435853088632  -79.7846577063985 0.6938805780035864 -204.0147686682227
8.644181502721237  -80.86170158494767 0.9738917003194274 -204.80336730355782
8.84775429540547  -81.96044128691571 -0.255564889498487 -208.38197542545493
8.731165357997549  -81.20685750657374 0.4031568397826959 -206.26538785538526
8.761048216045461  -77.94203821194407 -0.9654460325169794 -204.8266874194005
8.850586530042413  -77.7403950565533 -1.7413044976341894 -206.003637616947
8.66462838899768  -81.21917943633017 0.9352542331628797 -205.3060186932662
8.474787442836258  -78.71233959739943 1.5831042021238773 -201.09104107951032
8.496858642953184  -78.02756051476193 1.1683745798022755 -201.0230455508388
8.950639745588475  -81.53206883506998 -1.21102235441856 -209.61383087285878
8.62580145200974  -79.80511221226982 0.7538122256759721 -203.9297486410984
9.208398627857399  -83.70473100436226 -2.4589909348841275 -214.52385443917785
8.624572029650391  -78.28257211298555 0.23560733046696214 -203.03902508015426
8.62317218187604  -78.78428043741076 0.42074568020609604 -203.30620896498135
8.707261511879238  -81.32056196230332 0.6319808973556178 -205.98379540922883
8.457318506562945  -78.03541798255515 1.4888153238613313 -200.44582026050318
8.266625079684035  -76.47640778697205 2.4909642076617047 -196.72730472785247
8.567922378771932  -77.94134230480434 0.5693082328746755 -202.01575114850436
8.728488071865126  -77.06444509559398 -1.0121829393798407 -203.85194748731635
8.517905882887895  -78.85865475798602 1.2877681838409103 -201.80857268815691
8.765961395454855  -79.18968184171321 -0.5716079581555391 -205.61299162744842
8.776012998139182  -80.45452707137376 -0.21237867047892678 -206.483446721777
8.77267730554369  -77.38465774244355 -1.2506262629333946 -204.67541417123402
8.590913877868369  -78.93359128435034 0.7297680212413411 -202.92079541579903
8.634161772772877  -78.17205326375058 0.12090645350639306 -203.1155097979488
8.612671933933534  -76.2654541562823 -0.369068281982436 -201.70907482338305
9.218927543980572  -75.05423136768854 -5.54004021661342 -209.71358339720553
8.575954066310757  -77.40227492826253 0.318187532688853 -201.82424178316012
8.48527827828406  -77.35466280111791 1.0279974687496747 -200.46707280217015
8.647635098046674  -77.12520497212053 -0.34935897566742824 -202.71174440543643
8.542058505559343  -76.87190198336828 0.4053172273481209 -201.02390934174002
8.498901354371814  -76.63289500449652 0.6683299398175677 -200.25356998370785
8.466860840189295  -77.34596457917671 1.172979035353137 -200.191106042285
8.868202486183137  -77.43141415603027 -1.9869210057594273 -206.08004227126798
8.796700600987036  -74.95508652494951 -2.2827955489212286 -203.62986495407563
8.812560231065133  -75.70325365200057 -2.1483900007887655 -204.28771250028467
8.396535407306832  -77.40336230244343 1.7594853564722825 -199.18657641883453
8.537542264585026  -78.38959522587201 0.9677889145117433 -201.82772554297298
8.762700049289208  -76.46462240999846 -1.4908494533924568 -204.00366365781053
8.56334426938027  -79.28913411795827 1.0733016849865749 -202.72136342118017
8.640217971345967  -78.03184254331657 0.02407239652205817 -203.1234069074634
8.749134697776565  -76.34706648471851 -1.4243617137504998 -203.73989444895653
8.784063760452394  -79.94474719859689 -0.45273073329639146 -206.30760562146452
8.800100360225438  -77.30773255434072 -1.4937475761402652 -205.02762148625413
8.599165289653326  -78.43627139847655 0.4914570955046429 -202.7562712875034
8.570851977797744  -77.44495179499036 0.3737533914733717 -201.774064611188
8.686706964007318  -77.68716338987295 -0.4649762941308495 -203.60239873545356
8.419080757766158  -78.10457191258898 1.820753878196797 -199.92160158087825
8.546243850007565  -77.06069208682925 0.4372886542750507 -201.1934679774305
8.513060297782333  -78.45557853143295 1.1868342047615101 -201.5063807476564
8.429125705865625  -76.0237783659602 1.0181967612854237 -198.87703397137136
8.611213535084664  -78.79533812582247 0.5198882008463102 -203.13804154179513
8.667427049352659  -76.89829388114028 -0.5854189116707857 -202.86980852768568
8.567992173260935  -76.42242563719537 0.0420109838420899 -201.1460533077974
8.681437234443008  -75.1731051258285 -1.294978695514601 -202.084609340204
8.577887261436135  -77.76016786728778 0.42685679167544777 -202.05767986878766
8.593285052466685  -78.23925833946528 0.47005672279806276 -202.557422293101
8.512110624117918  -76.94614489364179 0.6709976823134411 -200.6271560736592
8.626189425197285  -76.58453132160757 -0.3661344808566014 -202.08921432176578
8.666092234576935  -77.3953075934747 -0.40245361442430294 -203.1352991531495
8.662699613153022  -79.7264909135473 0.4329365557549636 -204.42227292515133
8.622935733713097  -76.91827655488115 -0.22447618628069677 -202.23307491099865
8.512132344897179  -76.71404236607648 0.5903336258115814 -200.4944220197848
8.568910913116435  -77.22875331662485 0.3142911464643703 -201.62172596834216
8.64634893050985  -78.23879431200005 0.047051868155620014 -203.3313726294366
8.599422484136637  -77.1827134649613 0.05468779521686429 -202.0414273445008
8.597160497653784  -77.10766494036677 0.046709320476452376 -201.96536158545052
8.59303653221326  -77.71527818215955 0.29033064037446366 -202.25341970567695
8.610054586502335  -76.8888045546723 -0.13203252256926135 -202.0282046751737
8.538503058609766  -77.0498909258658 0.49550456188092085 -201.07382611575667
8.629981726925747  -77.22251676097812 -0.17509482887396643 -202.51024401636528
8.648344970034163  -76.87923321501002 -0.4403060274109407 -202.58108135264536
8.59228469211799  -76.12134302447598 -0.2564232439381158 -201.3287086097023
8.576639385059547  -76.89785823910861 0.13778794587250331 -201.54510908087605
8.631003088261654  -77.7034006863134 -0.016464527284767883 -202.80080327223322
8.613654567584058  -77.58459718108611 0.08055888412570766 -202.4796167014133
8.625119258803876  -77.43933550756023 -0.06117543742465159 -202.56362244109425
8.598469504094481  -77.53506195085093 0.18448055362620153 -202.2294900013793
8.548239672190348  -76.68874775848431 0.29233245768000415 -201.00949335390658
8.552774711217621  -76.08243210038489 0.045787240798176754 -200.72835656312554
8.534780649049974  -76.05362853590391 0.17982128061402136 -200.44814303008832
8.597125824706549  -76.42997635027314 -0.18802685693816557 -201.57636948363006
8.549716423031176  -77.26990220850715 0.4820525392034938 -201.3642755581145
8.602045589785039  -77.08435812195654 -0.0003460336435523459 -202.0233592677132
8.57574823658086  -75.63849013545702 -0.2918233499354983 -200.81013912902984
8.43575889609972  -75.20540366605911 0.6809567415086804 -198.50574584114986
8.59954539323598  -75.36286709524543 -0.577388974187329 -200.9999927793806
8.577416609699641  -75.6834596097153 -0.289556587242771 -200.86032117125012
8.56702949268638  -74.67714556968711 -0.5555309920714535 -200.1314779427281
8.599738363259126  -76.17760137194065 -0.29639086891853594 -201.46986002010715
8.615721436024009  -75.40889041990177 -0.6904198699069752 -201.2625551293205
8.618858484035098  -74.9489253606242 -0.8749300578069779 -201.0446555947051
8.743938266911629  -72.81719159203524 -2.607358166914196 -201.6411114615663
8.50017318800593  -76.05465931769453 0.45760017642135153 -199.94078243474462
8.573992218893505  -74.67158399344268 -0.613101783031027 -200.23016904150245
8.55025951648015  -75.79103364478709 -0.03514313115567802 -200.52446838033916
8.519029292049513  -76.34798203566004 0.4080955215863469 -200.38581869397353
8.494866345804205  -75.2236454138314 0.2120078945075079 -199.3864188879014
8.612089590486805  -77.14673643312834 -0.058809628136145875 -202.20577050318468
8.508874001272359  -76.70985419041773 0.6150115321444787 -200.444177227389
8.507027959088301  -76.58550676263508 0.5866961820698862 -200.34578449061678
8.467053575868396  -74.31360319811014 0.11985212817654656 -198.45563449222584
8.435882353406583  -74.37333706895312 0.3914149463849981 -198.0305808481486
8.6154862401071  -76.51064392110231 -0.3064734818651118 -201.89070530912738
8.652704365406503  -77.07404768915582 -0.4074236297524294 -202.75625071027264
8.456091590852047  -74.22941968899353 0.17882179844588109 -198.24595145582987
8.558521513605491  -74.93788694792576 -0.3970884791358458 -200.15640330433575
8.544962312055338  -72.42316879710602 -1.1606740016521826 -198.51620903738183
8.9185732009441  -69.04597449374188 -5.290018889826001 -201.99658376563525
8.502081868241323  -72.24075775358826 -0.8803127691969053 -197.78248458278028
8.540620695300781  -73.32061836760167 -0.8147025165695823 -198.96704887911562
8.469817906289018  -76.68651286936762 0.9205173072093089 -199.85660289006012
8.361869334006045  -74.58907964488796 1.0637052662384008 -197.06029626934662
8.296933928023547  -74.04405416013988 1.401071923753591 -195.78408310494342
8.479291193440764  -74.58526822873294 0.11570585677009149 -198.79145375549763
8.389233325522069  -73.26730132124104 0.38413103224081624 -196.7075975550864
8.524097368333065  -72.73207491855283 -0.8864596137356102 -198.38735205425064
8.468999140944186  -73.71265345787181 -0.10418868733228237 -198.1397758616739
8.704379785462953  -70.76496348527655 -3.0056954736119224 -199.8909407661023
8.51160233271083  -77.96768930324008 1.0293313868548353 -201.20529324344352
8.693752997246703  -71.52069265890512 -2.6593286946538797 -200.16982928255823
8.44396335727145  -74.5814436971624 0.3985072887443266 -198.26903080319084
8.471488219471874  -73.81980868316467 -0.08703756075516367 -198.23783826710473
8.353640738410391  -73.0839369056394 0.6083358779769128 -196.07554212535092
8.375611742806969  -73.65358559769834 0.6281561848234674 -196.7275050990155
8.402278092136983  -73.24913279847468 0.2725065866379168 -196.89002770222805
8.457282434067197  -75.00146016786991 0.4369726858597005 -198.7060684247001
8.335628830139926  -72.51673172170103 0.5575121587646095 -195.4832978632154
8.341351728537692  -74.80203534225429 1.3036512824731403 -196.8782558324623
8.395547225266677  -75.18514397691013 0.998218230695386 -197.90037034323223
8.361813687591095  -73.23060495544114 0.5930593808973867 -196.28071833793774
8.308267248009745  -74.85044480166057 1.5886982560613774 -196.41483081638773
8.386617802430854  -71.0458627874802 -0.3650951084225085 -195.39545406874095
8.443351681241968  -70.03453964633175 -1.1733510975018362 -195.65346240267513
8.343928533092253  -73.048165867485 0.6745677308251175 -195.91105449837596
8.390965901315734  -74.83701630689765 0.9144883366240606 -197.63306738853578
8.327165478774312  -73.88941195062986 1.1021299516560248 -196.14459836991637
8.373979611527064  -72.70824916925697 0.31352444289439063 -196.16142576681636
8.179625399632313  -72.71850398808718 1.897548271826679 -193.27350893796302
8.334702389120471  -71.39493442572967 0.17600106511213198 -194.82647167232506
8.256926731783746  -71.72501398723983 0.9221966680703417 -193.85901115419085
8.38653051334279  -71.49751384892357 -0.20776608163322408 -195.6530765791921
8.34342980209777  -73.15327509865338 0.7150570554920819 -195.9639132810214
8.43627598742058  -72.76342481113183 -0.1700456351452999 -197.1134936938057
8.60990679238522  -71.08025779546608 -2.1451614066219804 -198.69626582794547
8.385808144153678  -70.13156335491924 -0.6756149937033911 -194.8593451436958
8.418319160146137  -70.65428210414872 -0.7567435481794291 -195.63944180070803
8.244284193270891  -69.61950529548822 0.29501716785813414 -192.46347064504585
8.35179937722942  -72.91724398534834 0.5654351338510537 -195.9526927553079
8.279061092889451  -70.54067743255932 0.33140496146006626 -193.50981200732633
8.334443497694927  -68.00196089288177 -0.9985135911389875 -192.87756389247545
8.340718972189757  -70.05365675491915 -0.3378740387589687 -194.14682288043878
8.401551792164295  -68.11675277317023 -1.5014389367862577 -193.93709956201462
8.488784447562578  -70.27392892985736 -1.4556379805632105 -196.45955417298285
8.508506820868172  -69.08203095136706 -2.027237473145476 -196.06607881335196
8.435269496418126  -68.29738990544291 -1.7106702365786646 -194.53844369300464
8.308314536580397  -66.20702447002206 -1.4090502971952787 -191.4605915540567
8.364998433191474  -67.90657163827957 -1.2789723512543105 -193.27582669829292
8.711429300512583  -65.36139677527258 -4.935423891053915 -196.89559747997055
8.172368191415393  -73.75928765191878 2.3178495989580483 -193.76142998772934
8.684464387025141  -62.890129476542505 -5.578489648713685 -195.08723224891048
8.376563667515004  -69.43709114651189 -0.84173857978368 -194.32444707460525
8.062559361813017  -65.19386228319014 0.2491922145549097 -187.20028280843383
8.256648673143335  -69.45670301297773 0.1378557430020919 -192.5545303292447
8.45680892211038  -67.48623476745036 -2.1653532890484826 -194.39091345027077
8.491770592766285  -66.67106243234501 -2.7290094117697095 -194.43805648320426
8.29820529469489  -63.53809192002999 -2.252493413902812 -189.78029159075913
8.598673601900769  -60.32689915787295 -5.784572406958318 -192.36765206843404
8.378854540675192  -61.503604009090324 -3.6113925152107527 -189.81031858952383
8.013818823086616  -68.4375264098405 1.7761943231144528 -188.32339851013273
8.5718401284606  -57.91703754266469 -6.405985152519008 -190.5938314973979
7.931276801715599  -66.1802464249712 1.6773026722075883 -185.77720546207763
7.9416379556777414  -69.97252741799632 2.9063405838129484 -188.10872857110837
7.597103236685701  -67.09655945478094 4.800757182579332 -181.16533648985035
8.50863298763312  -61.3617225649031 -4.70546106087005 -191.6421077443989
8.851123497224917  -53.01874012782871 -10.318397304059147 -191.83920080208833
8.78859267022869  -56.57607670181824 -8.592223888018736 -192.97662017273552
8.636171815194322  -58.96951152624547 -6.554123585237448 -192.13667540885825
8.527596400865123  -66.46317228326028 -3.088420352603123 -194.8449543455108
8.021160117446165  -59.185028150899626 -1.4929789925918726 -183.1302388706548
8.18108386445772  -58.798364339871064 -2.9415425527590173 -185.3153515238273
8.040678005582011  -72.10438522906881 2.826009861297223 -190.83153723403132
8.215287358781747  -70.52719870329659 0.8462533100391738 -192.55085286868405
8.082932292610971  -53.27428145080932 -4.051895023641407 -180.67414354378252
8.248550675970808  -56.78379423994065 -4.19081917467031 -185.16872742594768
8.817317893542286  -62.9288472516102 -6.615779641336985 -197.03326254917113
8.424552591061698  -53.90826578118454 -6.614052351885562 -186.1313717235529
8.03657420667175  -54.75210166343791 -3.1574322470438005 -180.82191775663847
8.246231596538234  -61.68518109456746 -2.4722767391873504 -187.9440096630317
8.069218126651464  -49.92906570804982 -5.09899262431307 -178.54963971036278
7.840787404175221  -54.0974308464063 -1.7588291262312623 -177.470133762331
8.29138956890368  -58.81824364304933 -3.833837120631472 -186.97313817097972
7.874644695599743  -49.176174953118405 -3.7478855151338166 -175.16614968773564
7.988512583426909  -58.57030111148477 -1.436200039681296 -182.28356066078294
7.910188742395691  -54.83411908833213 -2.081905638481601 -178.95175029292153
7.924308715529879  -61.17030451534431 -0.002115749746280926 -182.79913120581614
7.801661781491633  -55.23595576176042 -1.0367489042964166 -177.5235970883749
8.067717111093776  -59.9038912915837 -1.6277100890570182 -184.2454633941053
8.24339382754978  -58.147632016467114 -3.6758718052367954 -185.87367020120985
7.960407276155015  -44.94672100200604 -5.92750620399471 -174.04692376692986
8.036922321650865  -67.44307633427927 1.2405542367237103 -188.1026403115361
7.594109663054691  -47.03721314477953 -2.129736598153926 -169.61905248051755
7.79442336841457  -59.49242105931017 0.49989013910538915 -179.85274110981584
7.960265278372879  -50.85012905734169 -3.8792741118844845 -177.42920161220547
7.708168908773043  -56.69643338773845 0.25508246289376757 -176.922846230174
7.95195950473479  -64.82985778599233 1.0373284854883877 -185.3174329041459
7.964476680168315  -53.304048176471014 -3.063262663475882 -178.89994755542034
7.831847122889567  -49.1841717550582 -3.3878455598490405 -174.51658760757118
7.425884003822415  -51.4241507788626 0.8274886799230785 -169.50477731911167
7.759260573912897  -43.24681369682381 -4.83848473840203 -169.99911392680218
7.392100344211477  -50.24184869615361 0.7078510764933412 -168.29536522563149
7.603031196582274  -51.12146586174974 -0.7891985364277616 -172.09918392379092
7.651585274167467  -52.96029850149405 -0.5628324439781522 -173.9064036144083
7.8182642307887145  -44.34906014646742 -4.950861649594657 -171.53661484858713
7.98321143792259  -59.9691135865549 -0.9072506872632857 -183.0051228362704
7.545389904773963  -55.49774729085614 1.2182790556471446 -173.71099737712302
7.617206324460417  -48.24250782897944 -1.9077067762593458 -170.66876688149728
7.508614117130758  -53.614757990564314 0.8788952955979425 -172.05735974144608
7.5420437535303355  -54.669688379056794 0.9596372371592565 -173.1840974367496
7.494173266420487  -51.03719855572864 0.10843661869984089 -170.35382477390084
7.293945835305298  -49.07609934849428 1.1509366732038302 -166.0756205957236
7.359853854097637  -56.765595121816844 3.2477849850259304 -171.5268467884967
7.558198723969408  -47.87817995193487 -1.5329238791204318 -169.5423656324853
7.5848192549868925  -49.76640858591338 -1.1044783462253633 -171.03926365819888
6.97814727720799  -50.29216797317679 4.338080678263907 -161.70930456063638
7.238042556472881  -50.95501261517413 2.287595705066508 -166.2645430826525
7.3459258832209  -46.4806584548583 -0.19847130202245467 -165.41052235871837
7.604633216766041  -46.82342675753351 -2.2931699846293725 -169.6599966207549
7.358095431588262  -47.721923486467134 0.12695560921926585 -166.31437897587523
7.57619427786973  -49.917008230361525 -0.9789752459518866 -170.99142623895574
7.370280672977319  -44.21469921712595 -1.1942288814493054 -164.49598135858918
7.73108245800773  -45.571016167442096 -3.795698609160752 -170.89791673747857
7.718565929978533  -46.07300047311669 -3.5162834382841197 -170.99281563709434
7.693168116258312  -51.21191584075885 -1.5202911832064103 -173.54707798461084
7.263078354981182  -46.78421148700143 0.6238480600579805 -164.2716316671005
7.548932083444694  -48.538234176213905 -1.2251719463055224 -169.77636180826306
7.379121390952887  -46.77692685792239 -0.38191869576715476 -166.10436331472914
7.231490008505926  -41.0510944451773 -1.0896467881190404 -160.48220532943554
7.477915849446177  -43.73310473868 -2.2853084972613544 -165.91185424952033
7.631162694227378  -48.30468514577414 -2.0043858027539443 -170.92090674442142
7.109046309663201  -42.17763521147069 0.3706165687763132 -159.16959504588436
7.120969278092847  -39.04433028326453 -0.8204108137274204 -157.56465502525288
7.273282407776533  -41.04004932611709 -1.4564921589154096 -161.14054495227168
7.577286834860052  -47.48839433964213 -1.8304016768997826 -169.6160981652131
7.125509256122295  -42.836909533333 0.45487242365422276 -159.8118644918788
7.057737883407689  -35.85677036045856 -1.3701756668963583 -154.72002859930024
7.443175455909738  -45.30086631711121 -1.4441530794188395 -166.26590063426102
7.132197640707712  -33.766329209447676 -2.748915752784143 -154.71878084184766
7.2099074266250565  -35.832454279878434 -2.7113141275490307 -157.14623967145388
7.637229773338428  -52.37452834355691 -0.6444951545445292 -173.34819442144646
6.797287804035505  -25.66346703935129 -2.5898240851777814 -144.6375546318125
7.167304931544113  -42.42738463408508 -0.05285135691008236 -160.24670285436633
6.819885429425752  -15.22749395971189 -6.41082999233879 -139.02490386345426
6.952962119880009  -32.19558013018904 -1.7136786503070596 -150.92549863479482
7.274895978486646  -41.02467994617757 -1.4758163202525623 -161.1573576032975
6.619532233906961  -23.58221346861455 -1.7061411893045886 -140.50496925098122
7.230611325317428  -34.6068094352814 -3.316535270531574 -156.77355149209376
7.3423324335534605  -43.767446607797616 -1.1082701017218426 -163.79821938990148
6.891324494460367  -29.560569846787065 -2.0793418981810134 -148.41138117034566
6.222341928550086  -2.2966974262561544 -5.419512985001465 -121.58675121878233
6.457175608601696  -22.4902066172945 -0.5996178279715707 -137.1595833755753
6.456891570679076  -12.332240276147079 -4.118993775506638 -131.3305455737328
6.490345951489204  -9.106768379186278 -5.544856272283916 -130.04422582802962
6.719330284015378  -21.637297011699577 -3.284391513717864 -141.04484352423543
3.947920180411899  45.01017303663411 1.916025093671351 -50.99908590194525
6.832858078691297  -14.32348406599548 -6.840409429828135 -138.71922179855426
5.220292956839535  3.97247344268437 2.2137878251759666 -100.03591923139157
6.286257497167538  -1.8891612057930947 -6.158574082198856 -122.44756497601074
4.870734875172179  15.212780728511706 1.9564711907109427 -86.92644324278594
6.32226089565942  -5.634952617422471 -5.195268031534852 -125.20946723782846
6.089362899934187  0.29374469095758526 -5.064048314258223 -117.80611469983815
6.773831810853198  -21.185122279215133 -3.931977997300777 -141.6842370681099
5.673628332405387  4.047236139921487 -2.35555188334704 -108.3119335702054
6.323576113145892  -1.778608117876626 -6.5445218955486 -123.02065447014293
6.724546069609352  -17.307689494024896 -4.832632868258543 -138.64857210480648
6.571496563074888  -2.281725576112328 -8.653909632204705 -127.49075895724145
5.7593966624335104  1.1573311273152407 -2.1925851432771992 -111.50514866636436
6.00060320463069  2.095567998432518 -4.844395683496227 -115.2269611602871
4.204811887331449  33.86966645695326 2.802821933609806 -62.835419976225126
5.8360884835034  4.034161905258303 -3.9348738671465 -111.21942776382747
4.887154265542686  12.491513808251579 2.7260478043122305 -88.80522161184355
6.29268061798894  -8.628236660804184 -3.8819859977088527 -126.42138795511316
6.628887577275666  -24.2478540927793 -1.5603646642870785 -141.04228774683426
4.609263929446589  18.894673610661116 3.4884208738133538 -79.67299473743063
5.9528522123014005  -17.58104727296915 2.434471246807547 -125.67296466156256
6.17124813778063  1.2446776088135088 -6.167256986349301 -118.67713766874763
4.4743513778614545  21.260592875461448 4.148379766544522 -75.6061071976896
4.156761406204298  17.492806960144875 9.029205970920515 -71.22170501974115
6.228144615112035  -1.5764580406159219 -5.723618235325136 -121.27336193800693
6.265588652793613  -1.9721216971464035 -5.936840326300523 -122.14180962138167
6.932614633302605  -23.91748042635176 -4.403356258899677 -145.84857229951777
6.911902183362944  -30.410190671919494 -1.9679657895486855 -149.23397207786414
6.1608401809315385  -1.4156485712750702 -5.146885308645907 -120.02308772575633
6.446418738891568  -3.767567273077562 -6.992030227051151 -126.24310473084589
5.92398182615654  3.457045669406952 -4.582514723320212 -113.10251724736553
6.482561147502335  -3.5165756650921183 -7.411540262864205 -126.70796700849766
6.325876172561706  1.4883021167532837 -7.698560260105653 -121.18656566714347
6.171391644134964  -2.5930365929208206 -4.838063775680378 -120.8801717220606
5.858947820790216  -5.5307583403966785 -0.8398022371889731 -117.10883347924945
6.300606205187146  -2.54459797585428 -6.065109007446118 -123.06833602164289
4.522605491861522  11.926716226591791 6.852187370975116 -81.9327587980416
6.361915703933015  -16.147770520602798 -1.9186183891418267 -131.9116647265369
5.9053905244542255  3.612489446278608 -4.457620849981502 -112.68603155297255
5.632061957125458  -1.2682014005079432 -0.10385195661835223 -110.61127706286038
5.208408690606497  2.3893636491974677 2.8843370129808488 -100.72088504092491
6.52508548613373  -20.73625412777781 -1.8312052353656014 -137.2954507608608
6.189087589021185  -23.40950705153182 2.2128472706308173 -133.12073739681713
6.055309524211272  -9.15515798818139 -1.4648533623673643 -122.63231039956315
5.873116526301204  -8.779132700252084 0.14961572812597979 -119.22194281627202
5.808605415322755  -5.489800319303802 -0.3665432187372062 -116.19282266302285
5.730695701285421  -9.212164577663597 1.6825878513707693 -116.93830247621952
5.125796235025869  8.040567622324115 1.7749927160661017 -95.92424255750072
5.716036482982976  -0.6550060995962429 -1.140906726960074 -111.76923084188684
5.33919384981034  -9.04446804256195 5.516645562241457 -109.71562960647499
6.465890710974554  -23.937900179870205 -0.17785287565406804 -138.13645588694564
6.206234456565019  -1.4519873661749003 -5.561250377498056 -120.82568425876181
6.257574333363257  -15.073121324506243 -1.3196655175945864 -129.51659896291898
5.382554451027776  -11.69354861472237 5.997163347084182 -112.03645119546478
6.038379855384791  -3.2787677175569194 -3.3412213518380884 -118.96799688776764
5.960120460406101  -2.490130002863983 -2.867364957379994 -117.14754057404565
6.1101063056586185  -0.023035406444162798 -5.15065889563575 -118.34743231962855
5.8557876754114435  -1.983690399776434 -2.0390446121298567 -115.01902359751126
5.086279265531813  9.569636977090543 1.6538287217158398 -94.29865865759434
6.2024845684499885  -3.966866751673673 -4.654118771435698 -122.20324415433812
5.989200310633434  -3.202805291423088 -2.8985228254188424 -118.06564898266481
5.854700264599731  -0.6892623306212957 -2.4773135819728265 -114.25754593348518
5.921170275031084  -2.89264817390559 -2.3540605094808438 -116.69401857669928
6.079146387080221  -3.9764824346071537 -3.486675971937853 -120.0773042363622
5.989470262087785  -10.543346094447223 -0.35608060080502923 -122.27939443435731
5.365260948686955  3.9369386557543384 0.7525336828626052 -102.75437124560216
5.91113677813717  -0.9601979777140541 -2.9275683466509124 -115.40929709445527
5.71825803696296  -0.3196096330439738 -1.2789170575050237 -111.61669589327596
5.84595670974035  -4.6542630246982375 -1.0180966000757863 -116.37629822588927
5.852141031423738  -4.437115478967218 -1.1531864342035902 -116.36128507823595
5.920740785517272  -0.995016327853306 -3.007844802665449 -115.5983489833758
5.895691568688521  -2.7517094313629524 -2.157777058818148 -116.16434548935382
5.496706518315069  -2.389936333227042 1.6269850888595982 -108.79744689394965
5.782595456374087  -7.5126468609083155 0.5874663854130233 -116.89007270745982
5.72107660383668  -5.355212092027184 0.43937010098024487 -114.5546057467273
5.488796738638141  -3.8946454839902445 2.227592774959451 -109.51574959643531
5.790497953150745  -1.1529601948646577 -1.6942881738880686 -113.38408953904931
5.741264268752045  -1.0191400382208433 -1.2611659581512615 -112.42937150623065
5.778529046136304  -1.9499538795300033 -1.3015853534755282 -113.62799402318048
5.54796886799286  -1.368902719603249 0.7628537257329908 -109.14602933723424
5.97619025217196  -2.8353519900925037 -2.901519561122093 -117.62717633761731
5.753498229591775  -1.0288375086527992 -1.3771489627337505 -112.65344994592783
5.764079875483227  -2.821815528499409 -0.8586469065844806 -113.87037435737014
5.744006386893215  -4.757284001845752 0.008092856706589657 -114.62184244986187
5.47608691972561  -1.5816877860870326 1.5526329278983013 -107.95705236239236
5.68570323291381  -1.502317919085652 -0.5500346203720516 -111.71108718928565
5.457219018213477  -3.940089728840293 2.5590045736803795 -108.96384918901893
5.455355141895152  -0.4391528284056264 1.3638960902752726 -106.92220609664625
5.490976074732331  -1.6778002767551696 1.4372627560303872 -108.28441593943629
5.53684418266232  -0.4995646859536359 0.5719640789299572 -108.44520320093409
5.7739319578138515  -6.59235377994543 0.3526833202872055 -116.20805005135723
5.60913152283275  -2.6398745976483893 0.5979007948032944 -110.98365081107833
5.591303869189249  -1.360962689782982 0.3306806560336488 -109.92773388168976
5.74822361241716  -1.5120459713027814 -1.1581811901653962 -112.8363413707064
5.446331840462182  1.278789013499297 0.8586754150603442 -105.77162304249052
5.558749867509525  -0.9695499042001307 0.517410696697036 -109.11292839041775
5.520643457023153  1.7084326131638634 -0.03240966595295269 -106.88407850595382
5.441953885010326  0.9686786199124267 1.0100674396234757 -105.86910564830431
5.4535045650059715  -4.101692506606354 2.652222427828768 -108.98841928353615
5.612053468468521  -5.703592274124428 1.6312484336411543 -112.7932225817477
5.481084809747517  -4.08266229271552 2.3697842750401534 -109.48256382130829
5.515521676789771  -0.2993885508252003 0.7146821069955842 -107.94203599794243
5.283155777275573  2.7420263895734642 1.9989081831163649 -101.91599285492123
5.453798912039795  0.05015410085862517 1.2098379480973533 -106.61309860390236
5.3990167043449695  1.1092614335114623 1.3926071885177134 -104.99883211913854
5.571514656295382  -1.155375431322947 0.4552947999288248 -109.45117666742345
5.566681049241197  -0.3931598363097996 0.23893648826790637 -108.92640906223691
5.571421483305444  0.3199756990257079 -0.055282173102956245 -108.60350061261705
5.484652919483307  1.5551015893299915 0.3795507984844244 -106.31504511330684
5.578332890632738  -2.8892381447443465 0.9888914385122582 -110.56903977041773
5.502697864297994  1.1473859147692178 0.34086132802081703 -106.87848940115197
5.630914893610262  0.12256422781963416 -0.5747233063381215 -109.79309781779533
5.375823395315683  2.415379946605854 1.173460171762251 -103.82202333694246
5.4891890474826  1.693077795943812 0.2864285626266465 -106.31884572895888
5.591191386609319  -0.30358558646417105 -0.03479722674839114 -109.31938421245192
5.586376399476008  0.6273468494045487 -0.3099168202997804 -108.69836215808584
5.613340926181504  -1.0091213767878844 -0.00903761019866689 -110.12465218439071
5.6458807512604166  1.0698948953623295 -1.0505561786404822 -109.51976414383006
5.663133973974426  -2.1382998638879753 -0.10796397564136662 -111.67006497564282
5.570735907362051  1.3817061385996228 -0.416586894739277 -107.98225026234189
5.566269430479256  0.2787020656827205 0.010084167518862097 -108.533683615034
5.546509463912131  0.3437816224106466 0.1835618187700323 -108.13742094506277
5.592878195442122  0.21600416646629828 -0.23161909222840182 -109.05198807940229
5.635299079616573  -0.6361913181217334 -0.35486400652192884 -110.30727474903344
5.594126192526052  -1.4017150010761226 0.3168998020419247 -110.00220349098709
5.615224764047794  -0.7548870288551265 -0.11577349661880287 -110.01291516190142
5.614058594491772  -0.3014852967090018 -0.26145719859689653 -109.73185518979892
5.582593091933886  -0.5661613617239301 0.14130887430099426 -109.31418433087529
5.621481401848852  -2.4003351188019706 0.39297142621059855 -111.06945796285193
5.62345192494076  -0.8349925752764231 -0.16916601788684416 -110.20745955992993
5.606727476244228  0.1409459284315508 -0.34246424217680493 -109.34562856606162
5.604097842012661  0.19313689729219974 -0.3345839117015974 -109.2681423988445
5.567288771618225  0.11055254634645854 0.05827745546062185 -108.64860234679526
5.556039787284927  0.7412554831932798 -0.04883542146553488 -108.08270366128556
5.586675163926141  0.1753687413213687 -0.1561737207989089 -108.96294554888965
5.598331590008935  0.16391915995532713 -0.26747553898396226 -109.1805697694529
5.646828076722397  -0.9099858286346263 -0.3734604210481818 -110.67212470377953
5.575174323487307  -1.4247106299935477 0.5124201289083246 -109.67199429198907
5.5454330790884425  0.5390951854676899 0.12653630204113364 -108.0058540130498
5.5648401612011185  -0.1323648128830903 0.166767905584985 -108.7434535452793
5.583190540860945  0.3953278364509389 -0.19794975902282363 -108.77368031474941
5.514645530312689  0.7935882013906513 0.3444762389162004 -107.29933140864622
5.622334201625939  -0.8051737551961982 -0.16848073887162407 -110.17017752944778
5.577549745984453  -0.1409952791191477 0.04383441120542919 -108.97896899074365
5.575863851912442  -0.07376466545244192 0.03722124417416445 -108.90984904192729
5.591435434492977  -0.2989613428554003 -0.03881410357134363 -109.32115196755741
5.58032919840929  0.007952977799722403 -0.035325018761263045 -108.94394756278727
5.587775227868309  -0.010294882710600311 -0.10268848775341897 -109.08933552670234
5.577106355366914  -0.18539698854390207 0.06361901997226282 -108.99639033131939
5.5571404164237075  0.05475336788070342 0.17825296686370207 -108.49634722907213
5.57697667815741  -0.038131665485626395 0.013846749516178758 -108.90959510453332
5.55814035037042  0.32279938132873365 0.07540306240704031 -108.36080772514497
5.593878588321993  -0.3484430140698074 -0.0458191463684019 -109.39376211367505
5.586982489109736  -0.5115648169802617 0.07894341332901345 -109.36240996258836
5.583380229036688  9.844172697041735e-05 -0.06280245703587069 -109.00374794767276
5.5617472556155185  0.4856469423911011 -0.016828585311701172 -108.3329279564054
5.570888218896608  -0.10635476919022234 0.09780871467534757 -108.83829053242943
5.57185019855314  0.2071523244629742 -0.020414225435268607 -108.67597227233338
5.581721261070842  -0.1652458102760012 0.010942131529258159 -109.06849356391461
5.582423128336977  -0.0027940455229526024 -0.05232668035630673 -108.98806179366417
5.5730284440970665  -0.00671520852434096 0.042060252709950584 -108.81997932986525
5.579751169160453  0.05292614672274827 -0.04519452891786829 -108.90768149114228
5.5796938138650365  0.08618414216509684 -0.056157127938810725 -108.88757118970378
5.559232302212067  0.49489706366328834 0.004906338549768741 -108.28195581170381
5.584126839619037  -0.15562505032568977 -0.016202661667843565 -109.10657111211606
5.560623233465954  0.40565679396371357 0.022050417892679697 -108.35838614861251
5.5745100815928454  0.2200682785992207 -0.051241392058402724 -108.71681087514796
5.573550479054651  -0.05044225548390444 0.052048963977632146 -108.85452157427508
5.574177473405938  -0.005440112134748075 0.030236135545678194 -108.84008840321607
5.574275049110166  -0.08097369207079508 0.05545687498663748 -108.88517006754148
5.579643737445495  0.0797422770333914 -0.05342797698412105 -108.8903572901968
5.58023314523644  -0.003329699460516271 -0.030462436094074494 -108.948676107155
5.582809333688378  -0.033033907672214015 -0.04566520334889079 -109.01240080928389
5.57901328921882  0.10216226568111622 -0.05495902080477533 -108.86607260837738
5.5764757588261045  0.12355504774742959 -0.03724888705678353 -108.80779890476794
5.579537012591667  -0.08831847051995131 0.005894774270465808 -108.98479100704043
5.581170566301281  0.04792763690568516 -0.05751319395463034 -108.9362758828002
5.576335121647386  -0.08079008899473811 0.034989679366087545 -108.92242314428216
5.577331893957835  0.04027460435165783 -0.016854027128568316 -108.87107644339288
5.577677557452768  -0.007050521755150129 -0.003869435160039396 -108.90448053134237
5.5794387167921435  0.06586297793451018 -0.04658625599551125 -108.8945993396073
5.578510945800986  0.014261115750104688 -0.01951016669182895 -108.90736944119212
5.579356322798102  0.033937135110463354 -0.03470191564199726 -108.91141244054117
5.577812743382484  0.03680725650803285 -0.02041341238908803 -108.88178285936073
5.57763462206224  0.03254574298721722 -0.017172177068579125 -108.8809970308665
5.574405774212414  -0.12991697375303957 0.0711305073144054 -108.91560565858569
5.5755870554597955  0.07792668482899864 -0.012628287647248715 -108.81784772235795
5.57603588994242  0.06075698888270545 -0.011120793869730805 -108.83583208416256
5.577814784176166  -0.019474342312045003 -0.0009209720421364115 -108.91409251636298
5.580552891683679  0.0185014831190412 -0.04119665594046301 -108.94195360276092
5.573973624328413  0.025926595723639877 0.021380601583253653 -108.81840518659592
5.575374756092268  0.054648050811586454 -0.00245502230009198 -108.82734614069332
5.570740296457442  0.02433791935891406 0.053963637257462865 -108.760665938397
5.572344101817678  0.004778879108420138 0.04485479860326131 -108.80097535316054
5.576081030946468  0.0450087694868032 -0.006107997322948228 -108.84568088932917
5.574656475796246  -0.006613414937420189 0.025898363384497025 -108.84944834461854
5.573094716329939  -0.003539155585934186 0.040302614736472495 -108.81936019078287
5.574589218199612  0.024235296888094372 0.01586939453007305 -108.83053950336532
5.577535715465943  -0.02603219443147185 0.004116003954918762 -108.91279318500503
5.576612118030615  0.022627751057338268 -0.0036081186201764176 -108.8681445753863
5.575662735326539  0.08187927507459278 -0.014748170975828923 -108.81695362749322
5.578532202119737  0.06851820601100939 -0.03853139090430102 -108.87664302468465
5.57721063640011  0.04387659942162711 -0.016902068961153288 -108.86681245167998
5.5764492483170365  0.02925518176064091 -0.004292896222793358 -108.86139107842774
5.576625629359363  0.047131455479331466 -0.012237277071766944 -108.85433879871701
5.572452269293587  0.026808508465802294 0.036145598432117954 -108.79030532522253
5.5749288625249145  0.0468386679204274 0.0046687820034833905 -108.82373798857031
5.575597473793158  -0.017112829242568937 0.020218417055150692 -108.87253364397841
5.575580942556904  0.022699236475561393 0.006579428935913942 -108.84940506942662
5.574716278210742  -0.004261829245619165 0.024490743400141367 -108.8491844585907
5.572200864292088  0.07821941823352965 0.020812257505608334 -108.7562652642772
5.5791397364259945  0.04036743058697573 -0.03478690160737544 -108.90379892069512
5.577945641959352  0.01244523372902498 -0.01328314043252396 -108.89816187780914
5.576157822414261  0.03181055738714437 -0.0022927295686433757 -108.85464140257588
5.576235886972004  0.0075163922710864434 0.005356866471788763 -108.86998756593033
5.574804378411178  0.026416326726310543 0.012982114877182552 -108.83319090277125
5.576628601679654  0.01783660368428454 -0.0021102829509938997 -108.87119077392407
5.575289164929742  0.0014242803507939234 0.016845201699913197 -108.85631325173964
5.575734368338  0.0224010201269748 0.005163295042651922 -108.85235828108736
5.5737670587062125  0.038188806616749296 0.01917548064611227 -108.80762741911742
5.5769554310400835  0.0052863425485633565 -0.000995728254694704 -108.88431336433095
5.572094045216157  0.0360575630861375 0.03648789748722292 -108.7785038134573
5.576539830834885  0.0012991179241630506 0.004502320737112911 -108.87906397049895
5.577295441683428  0.013823158396841704 -0.007322428166974315 -108.8855831494027
5.576270530049995  0.029485609907598832 -0.0026028755042832308 -108.85801828922351
5.575564282135132  0.037429343043206074 0.0016375548362230208 -108.84065649796841
5.57485412897818  0.024295817407151823 0.013224523801874277 -108.83530907213965
5.577266292300724  0.015692377491630417 -0.007681827631428134 -108.88398279726192
5.575618974093629  0.019422831987943874 0.007338682482702377 -108.85197347006891
5.57470078226175  0.014060332651170734 0.018291993968275334 -108.83839724763843
5.575293050749747  0.016284346239744646 0.011654778901664858 -108.84786274879669
5.574883528144361  0.018149239949035834 0.015064333049285852 -108.83936676577223
5.574526452206058  0.015305707277847361 0.01958694778981121 -108.8345215504562
5.576628264147654  0.007514562189415886 0.0014716779383536077 -108.87710345703427
5.576907126616905  0.008909907614551934 -0.0017736554185529066 -108.88135971281565
5.57613414094735  0.008710739045898835 0.005950432474835829 -108.86745774395105
5.57578146486921  -0.005150120934248775 0.01424874761017595 -108.86901052878223
5.576128170571617  0.01533923399236944 0.0037114827469436062 -108.86354861023833
5.575423583419149  0.009473694506134205 0.012723183250392348 -108.85413520398016
5.576192953464116  0.011895909294896267 0.004263693185848821 -108.8666977756092
5.576107554300776  0.011193143793500115 0.0053530932824242955 -108.86555219821666
5.576530270680797  -0.002171942052740599 0.005800402068272814 -108.88088097545999
5.576107394558213  0.021875672366641216 0.0016510774278142293 -108.85942378969855
5.5756579950949705  0.020322101538119586 0.006640445126661065 -108.85216542103835
5.575695441753956  0.005622761906120884 0.011365788325178178 -108.86127328216924
5.574306337017555  0.03867016444554987 0.013666823811754575 -108.81713204786635
5.5770878244328195  -0.011045525756523868 0.0033554174466688333 -108.8960788037306
5.577171557395604  0.004364188765696907 -0.0028162605428832047 -108.88876086449513
5.575787897236646  0.027202523278895788 0.0029684858244758416 -108.85057571121662
5.576047598968606  -0.001992154509160342 0.010518167022833426 -108.87202564898305
5.577017730972625  -0.011270246928292439 0.00412744452165513 -108.89493675172673
5.576794763297958  0.002183560384543393 0.001671071678186196 -108.88317932506686
5.578031244087505  -0.005499169074070141 -0.007909498120958973 -108.91000342749554
5.577529835876416  0.007848504374009779 -0.00757210390173748 -108.89325891706974
5.5768442565949945  0.0060448528621510796 -0.0001577551721913678 -108.88186261988575
5.5772455146925894  0.0035504741845586362 -0.0032665176542536895 -108.89056840917173
5.5760826366085725  0.014876339435175967 0.004322915779080741 -108.86298836449697
5.577426872745046  -0.007977280152880368 -0.001065777628414935 -108.90046682255404
5.576218217937703  0.030516929431767856 -0.0024423601430556274 -108.8564783424377
5.576553542529631  -0.009068465955418867 0.007960939165865114 -108.88525751509346
5.576743838922003  0.007476447040522258 0.000340348403774067 -108.87922094321306
5.577610859516955  0.003159154339815594 -0.006748639913872707 -108.89741688051993
5.5764771266657345  0.008451992372353917 0.0026434153496761523 -108.87382542650306
5.5774066035389085  0.015731754091311206 -0.009084909173498454 -108.8865042282962
5.577141297585838  0.008255735985661124 -0.003865795268316728 -108.88598074154844
5.577146859751485  -0.002998005497680806 -1.923965988540749e-05 -108.89253464484898
5.576739683302178  0.003111906654520552 0.0018946735733401318 -108.88164828145445
5.57612620111653  0.015889845146778322 0.003540092258852434 -108.86319716963992
5.577019459054508  0.0008608567708982614 -9.548282013694884e-05 -108.88801194033411
5.576833153937408  0.0044091546728969614 0.0005192848796199204 -108.88259923875002
5.576903712552578  0.002200399900404091 0.000586318212446672 -108.88514513506334
5.576709271186697  0.0021515155474717655 0.0025288100337593333 -108.88164754505428
5.57601417651416  0.0062865429158166335 0.007978973419677213 -108.86667246814477
5.576250396076399  0.002339308427581551 0.00700805443473021 -108.87321927145604
5.576767010918232  0.006555738487035786 0.0004300828302694973 -108.88016904816172
5.577191358443373  -4.6940316469324956e-05 -0.0014830186144297113 -108.89164928922939
5.576816099230096  0.003387982463661147 0.0010422136779076347 -108.88287555685383
5.577072876732263  -0.002695240052588189 0.0006084230412225222 -108.89101960735306
5.576490138232861  0.005787546984185459 0.0034383132643481112 -108.87558919005947
5.576670559778991  0.011306754867310155 -0.00026192051644428893 -108.87569587796769
5.575800470287161  0.010987714452528026 0.008465585552152162 -108.86010150629136
5.5768739703258525  0.001258243840593174 0.0012074943872341006 -108.88514609690314
5.577035930532069  -0.00014337091550952125 8.95666293950412e-05 -108.88888643432162
5.577391029529207  -0.005591780337809538 -0.001537888172210327 -108.89844906759629
5.57701041304707  0.0037935298358797997 -0.0010226505747620816 -108.88616628492986
5.576894048397399  0.0031020597364107977 0.000369418549441336 -108.8844528811732
5.576703605993359  0.00395574776206834 0.0019593912094001235 -108.880510250537
5.576986884639217  -0.0015438339769770985 0.0010607929372926823 -108.88880019304986
5.576902533316495  0.002392941812769933 0.000531242372809047 -108.88501334705018
5.576699898117717  0.0016948213748996736 0.0027799663372728477 -108.88173946536266
5.576935681550427  -0.002653626163464374 0.0019526090841310417 -108.88850815919628
5.576932106265472  -0.000186646540736723 0.0011327206892546974 -108.8870287320523
5.5770543387949365  -0.0036669338733086422 0.001128882260923926 -108.89124066706431
5.577277960576656  -0.0023933186744549313 -0.0015271208471173987 -108.89456494965333
5.576929724378527  -0.002330391382668962 0.0018995375578088562 -108.88821479732
5.576886535591206  0.001333941255685574 0.0010568179225215243 -108.88533052348892
5.577003625314925  -0.00011665957800487177 0.0004002168494295859 -108.88828536896133
5.576732523266098  -0.0004341066374817323 0.0031949708669318714 -108.88355178815316
5.576745762184994  0.004391571274162127 0.001390818753829376 -108.88102472709002
5.5766118272318295  0.0007578122258143135 0.003976998003074229 -108.8806798321198
5.57706828637284  -0.0009571054559929452 5.127442597785935e-05 -108.88993970599336
5.576810646519185  0.0009166805457265799 0.0019530039711021792 -108.88419376719341
5.5769279350187215  0.0024137344930022227 0.0002724841923035879 -108.88546200474565
5.576986586397233  -0.00022806834207340955 0.0006075746682636712 -108.88804030697423
5.576886009368642  0.003813987983358273 0.00020220486060690962 -108.88389888854904
5.577096424137758  -0.003064294810620389 0.0005031900800535928 -108.89165818067225
5.576886998180976  0.0004073559546816256 0.0013734810802844967 -108.88587022811076
5.576977010512365  0.0006080722232049046 0.00041251548857854786 -108.88738722455332
5.577045992350892  -0.0005994155523740596 0.00014803620022745684 -108.8893303742937
5.5768375408167055  0.0001540694118968703 0.001951066233007268 -108.88511870712748
5.5768802908237864  -0.0006319413687825841 0.0018002242922444196 -108.88634455842897
5.576745665663603  0.0019033704857496277 0.002254425769988193 -108.8824497461236
5.576868004417272  0.001190483247599108 0.0012900665392304852 -108.88507677823448
5.577031878143388  0.0003287242732747578 -3.397744844625423e-05 -108.8885422517067
5.5770027926145955  -0.00039240005751634157 0.0005040612308092559 -108.88842838411017
5.576900000583137  0.0009718466081131789 0.0010490128148771195 -108.88578229966839
5.5769298542255985  -4.968052984559437e-05 0.0011075366130169112 -108.88690936017554
5.577058116160363  8.354484093320486e-05 -0.00020880284569109442 -108.88915857996581
5.576984393792167  -0.00023840153086488017 0.0006328700693952576 -108.88800647637657
