 Dim = 3
6085.882830998294  -82355.69451626019
6230.022574850209  -66471.27514131187
6789.799854643909  -73300.60506284487
6101.725269776091  -66844.35248796266
6333.969513273956  -61670.38750822956
6223.431420926629  -80103.28394943326
6189.198688128287  -78119.39494009792
6110.2568296759655  -80041.97332482267
6203.125135255075  -86833.97492265419
5929.819591731984  -59705.24325353393
6065.512312446502  -77348.34919559298
6703.380885444701  -65486.178359442645
6102.7014487880315  -66717.99579578041
6110.501114219865  -82246.64603734754
6026.228102469197  -62829.5193601099
6422.767388179687  -80837.89900148501
6113.3502152218025  -84113.42201485201
6053.513816761335  -74399.28852030345
5776.432982896451  -42593.451584905335
6061.645910488809  -78896.97087746028
6063.577391111419  -78332.1662586778
6334.5808801177  -80788.7440881102
5948.42879489958  -60765.656479883684
6136.945127851182  -87840.14814623246
5791.278294589235  -36763.30272380716
6011.229327270337  -68723.51496891514
6009.14982631615  -63361.698290605505
6008.91517661847  -61710.91356996949
5932.720055710165  -62810.48886722602
5984.10728160343  -48877.34370931469
5859.555508753718  -51283.952086938545
6462.800320412187  -52729.24232652319
5844.628119893608  -52042.834822235236
5845.524615790508  -46415.45018193521
5851.45687577727  -43756.59740690033
6099.940310503902  -56360.487554009225
5837.259703354357  -41687.92687214939
5729.734430611154  -33583.67839120722
5861.934815725849  -43455.98673219555
5797.294267483115  -45323.72432689234
5912.665402839376  -54009.4570164972
5915.597711411402  -60899.747224057435
6019.456583049917  -61414.34520535894
6473.266711401341  -26063.301460431554
5846.31673481667  -32108.481476155936
5815.09596598164  -45524.92547434536
5684.675222088923  -22458.923095659775
5843.928797937304  -37186.14028927423
5842.462224485726  -47101.49250872255
5806.44730752306  -39965.62875961111
5759.978622697025  -39573.8472302264
5798.489922553875  -41785.973169304474
5720.942096900981  -27947.191177290933
5715.541459463577  -30578.52405297227
5852.714464015897  -16910.25268011145
5727.6710781828215  -36615.22348912989
5825.791662358595  -34922.89634957182
5579.635879199195  -18914.300772975974
5791.557168240248  -32858.13735816449
5797.507771657347  -46028.873354344505
5737.821754033407  -28010.88372023403
5820.642643606683  -37514.69406712884
5636.689490891911  -22534.909862490007
5719.007129686757  -34084.01258525008
5734.919304051364  -29447.61343231357
5877.7162707031175  -33441.90768849307
5709.614305668614  -30096.94561695221
5722.634367185507  -16320.174651855814
5854.883371709952  -52918.44803407089
5583.721500041909  7165.741830587031
5856.951715954738  -52811.07818656439
5761.775391056765  20970.181402340695
5800.668488995199  15278.996715845587
5628.455589032812  25079.994691004264
5876.8190934906  -1798.3156864032844
5675.621787358248  -30253.42223223951
5565.281597947001  -5459.243642700713
5527.07423935967  -1766.3368211133484
5718.123760324717  17947.015555904076
5706.928128652705  -18233.42613523796
5684.141788516051  14836.145093224568
5484.812181273589  -5326.014783939396
5724.853702261759  6889.266284961843
5632.886625060117  25046.515734626326
5638.3339081925005  -9859.450588493304
5859.516080763675  -21232.274887482792
5652.535400166294  -15810.812198292799
5532.678866244096  -2871.512183677856
5716.980115804032  -19575.671670926116
5522.48202806877  -11579.999936798937
5573.940460947675  -16368.796607397002
5500.063967292587  -7179.930246973645
5502.677970363154  -6769.700768502717
5625.565255512142  -22050.004573879392
5461.562085275099  -2597.7616274416127
5544.133282101646  -13434.444199434665
5482.298947379974  -6075.402368704574
5539.5609654945665  -12883.3183457831
5563.854288154389  -16938.30440404591
5430.2723202731795  -178.7617278139491
5487.986568244202  7602.316892264866
5642.447076690732  7083.798411531722
5574.391444987466  3780.7006639143483
5458.104589157942  3831.8133767069144
5522.358459497762  -11721.609453564355
5754.51151619894  20314.041645234913
5462.1942661429275  -4138.918396075623
5451.64740324403  -1180.6144434248345
5501.134264827102  -9062.003352923595
5494.296340579505  -8042.9544548128615
5494.480252603389  4725.060092716157
5514.482025963352  -10205.070780351993
5527.540096495197  -12369.805695140854
5891.275998211455  -2443.2653080101068
5540.771259718643  -5845.7957820190395
5468.926349829849  -5036.048578030417
5447.930776745937  -2389.622979455183
5483.40856591264  2568.347290432702
5446.77952721967  302.88527822095006
5455.970945374167  -2670.804315518015
5443.886865185297  -1247.1115952198293
5470.047364577372  -3594.560798595719
5461.9712203297  -3023.0517182042568
5502.50767129541  2734.1860575872374
5456.236051325379  -3323.465147135078
5507.404084581476  -3741.3521441295115
5498.35308410581  -8684.52914201731
5438.163945810525  1120.5928383768915
5466.889921340348  -4670.101816823626
5456.9810701941715  -3181.943249038073
5456.620370372656  -3221.7389919140105
5459.140976804803  3405.3164588668433
5469.387268263384  -5077.026105578426
5445.336535048345  2194.9840406948597
5478.770143231555  -4524.730755714299
5472.200412732915  -5261.172746446151
5497.38830279396  -679.2174761445838
5471.6753506346095  -5246.889959529307
5494.272970962881  -8166.412663772989
5467.725086370885  2078.853026007504
5523.394691301412  -4691.031517146423
5489.2881300674435  -7257.258317108288
5486.758153924411  -7040.096897017771
5469.449465359708  -5008.624712929476
5475.992355056465  -5928.041138428135
5474.969275751424  -5771.696718333618
5471.92857865437  -5416.938344580322
5497.635535267886  -8629.41024576217
5476.137916700997  -5730.565631764586
5480.058893836731  -6240.020522093348
5454.748848069509  -3222.3391563273376
5482.488664044837  -6742.059713070327
5489.289285879545  -7411.658213903157
5485.93530593934  -7087.315516723627
5479.572308593623  -5894.112822519652
5474.973961935178  -5794.432718600729
5474.180627355317  -3887.3476198247636
5473.1939888543575  -5062.771293298054
5480.408644689655  -3662.816467914194
5468.7702699413785  -4042.028346543616
5451.083951104108  -2794.0241276845513
5468.482154085148  -4776.669686840653
5463.795023336744  -4399.349773335617
5468.861352110002  -5034.279405225009
5448.502939955989  -2457.6997948887742
5460.954893054939  -3026.894153919942
5469.532436724361  -2530.9804147685227
5460.858612567842  -2189.004995944953
5459.653414871429  -3549.138399519843
5450.688924189306  -2516.125510094866
5451.679843170674  -2781.062369146669
5466.652890405149  -4726.910090745487
5442.940760318569  -1460.646725045942
5443.049821005602  -1747.4145847338416
5461.778965694036  -4110.845757852571
5450.416501543978  -2722.450688192303
5441.902665022604  -1187.600274480204
5437.166592020302  -1056.5706988610875
5438.880646347699  -1128.475840540011
5443.267530107354  -1784.9540110003459
5455.23558250542  -3014.1522371732185
5462.3273600929215  -1922.6741223988558
5485.449605500631  -4759.861021419001
5451.065177942336  -1827.1210069601464
5439.064852255606  203.97528364198456
5435.624619163019  -765.6625395017072
5444.536821451699  -1827.423653010338
5435.4930321728825  -285.2117210929221
5448.59333060698  -2297.0732723646624
5475.521071243563  -3212.1697990978882
5434.010940966766  838.7878905117678
5437.750246371334  -505.14469411831084
5450.192495541798  -2667.7935805345546
5436.901864662441  -1028.2631348597158
5454.464784174279  -3229.7833202078
5447.0077848060855  1602.882494209147
5453.167918367752  -3014.0317184040773
5432.851324077172  481.1993816171821
5450.826815902827  -597.185560066685
5450.201011303208  -1996.384219467112
5442.775253531017  -1326.8454583507967
5433.790035116048  -616.880887436695
5430.585395696473  406.8736389969656
5443.230133613631  -1814.211356432127
5445.967584940115  -2045.749515008367
5446.299463067582  -2146.547517347536
5433.611280853485  -538.3102961272035
5441.07717745726  -1544.2522582939437
5433.307837675615  557.3180990745823
5441.8926435812455  -1565.1151350616435
5440.072427422192  -1351.465154286092
5431.467305869022  -42.79337362563001
5433.481512432866  -584.6005106834832
5439.673283426742  -607.9286514526128
5435.592347066635  -455.30460329306106
5441.369136605504  -227.36096921092303
5443.100312631005  -1531.4366126398038
5432.197793474726  -169.30514964186767
5443.09762613479  -736.3243345439759
5433.367873932384  410.9307399030361
5437.816527189955  -528.7510113953806
5429.731184293751  -63.60112664321949
5433.827849270601  624.8627865438878
5437.010330670159  -160.99245729715904
5431.488403132622  -350.79432717860794
5439.699868417828  -1084.673272892633
5433.41682809188  -582.0991544118347
5431.491714380164  -347.9530608791206
5443.076193247937  1888.5016707743994
5440.751669452083  -1483.448979203975
5436.564615444908  -981.1931219112237
5433.43550809353  679.3456769404373
5433.044728896305  -542.8850669491626
5443.258727792158  -1700.1535780403315
5429.422424195247  223.35032451188533
5436.422131894611  -887.0308033636044
5428.519498676476  35.1273951441432
5429.853707391181  25.73918077998006
5436.418406889036  1137.5330362796008
5434.164800629308  -661.9586044829971
5434.056490906396  -672.8797519236206
5435.21157471679  985.9227052033455
5430.27949433463  325.3897711179287
5429.773374700112  -136.1507910382243
5435.904616589512  -860.9718761661231
5445.457556101973  -2094.20288743698
5429.589381651414  -100.34193355288505
5436.875319436199  1197.3503250829062
5433.128568324496  -471.3789850059402
5428.9506605774395  -33.06751442653429
5432.978519181703  -534.8014863686702
5435.866900406646  -892.0959316122921
5431.930154482365  -401.0186465698408
5429.947315529134  328.62986218584456
5432.621085461231  -476.51744037158954
5429.980924716041  6.123708096383496
5430.7694767973335  432.1179539183749
5432.455188754838  644.32172184746
5432.649894895353  -495.17934961632454
5432.790562265273  -511.34963398957734
5431.166974930691  -137.047323613434
5434.270872381139  -625.3510642412438
5432.800657566126  -434.4815306117601
5429.231271799308  -48.28032433209199
5438.443632860787  -729.2803388191543
5431.214975377635  -142.7479451835091
5429.186784623505  230.07481573802093
5429.9764128879915  -158.68304102185496
5430.863341703449  -254.08038660371614
5430.793949835085  -157.11463560625623
5432.410816378333  -406.87590807266895
5428.653118790082  158.69890214759172
5433.296034263874  -18.917574209666554
5432.45076803501  -456.9144742701692
5429.435629278011  -84.11637882171735
5430.898301404239  -240.3211719354996
5429.667425713199  -117.30672603724065
5429.823489334578  -141.74551022922313
5430.9033518061515  -276.75887702217267
5430.4223423557005  -197.17763077675988
5429.867435624772  -142.11864052997117
5431.174721759397  -285.97337470383764
5431.501105583037  331.2952495688834
5428.505012897804  23.26184006715488
5431.197919539526  -311.4108574187302
5429.849129117654  -48.773125197572824
5432.503186046218  -458.10746784961196
5430.959709417247  -281.75110272496863
5429.911248799417  -143.2066801063852
5428.359928431201  44.40766279544738
5428.803451039512  -4.785922962997802
5428.983395285627  -36.23409990185749
5429.9801067585395  -157.3255088237922
5429.367341172344  -85.13409740242
5429.375991118057  -64.07271839339839
5429.26874239866  -72.21369186079912
5428.542315661106  97.45692357035696
5428.8859632049025  -24.612598771433774
5428.558593337884  17.59776273652686
5428.269976643243  64.37112338917638
5428.520867349493  28.176249008515896
5428.547149533648  47.93473923695086
5429.730238854738  -130.33166606046953
5429.564959030403  -108.4714865241881
5428.651644597271  119.30405928668637
5428.696683280258  172.79629134128334
5429.1393973282975  -56.71559169449625
5428.2995098646015  115.85117219677727
5428.588064003887  103.07208364072065
5428.365205077469  40.6843362300854
5428.440667392683  30.9075809558421
5431.3708721107105  -336.2043925445187
5429.597464838228  -112.11174468990443
5430.292615182387  -196.4502140653617
5428.919856414521  -24.182720058526428
5430.6303941420565  -217.6051483037694
5428.550943746576  155.07010075853287
5429.785116876289  -137.35602272708823
5428.639045185096  12.213245566217488
5428.183127859792  108.534451331932
5428.75165333989  -1.3967181152362755
5428.577683339272  16.646492207692603
5428.276627267331  116.89852198117212
5428.731505111041  -4.434908355907169
5428.295050835367  79.04268796400767
5429.011964603481  -16.25933079726667
5429.72204491833  -123.29229661601408
5429.009146064503  -34.35861822259076
5428.308863527648  87.9927709727005
5428.6369811764735  10.861524945948211
5429.254178136708  -71.05183249568428
5428.841684752348  -16.01726115043546
5429.0055061769135  -7.697616578917771
5428.359947565847  122.71206316941677
5428.666795291976  2.6151580561832617
5429.016616326062  -41.33111337079105
5428.563245613995  21.142517186059877
5428.806336517374  4.813132699382329
5428.548306254578  18.268729131410936
5429.285568712759  -75.01461938796933
5428.776896705337  27.52760449201758
5428.651345785683  4.470805816312449
5428.591694467619  25.849659459907784
5428.480446357197  46.158290160091326
5428.402966230686  35.567941439297975
5429.093069996555  -49.577552408924646
5428.478374002966  43.20103930808855
5428.535630842919  23.62988267159737
5428.742528690957  -6.9629824592339915
5428.383093961575  41.33338148446393
5428.758120305249  -8.685078858781125
5428.4994202701155  26.958643738543486
5428.575069972698  25.11161815795569
5428.689858633462  5.7801730669974845
5428.782357913105  -11.966842430454035
5428.662756316298  3.0135509344297233
5428.785027678294  -11.972230189007135
5428.770762337302  -5.511265743254796
5428.8043783815  -2.3890960879410024
5429.114903683796  -53.64730091219446
5429.090846295086  -50.38556710246023
5428.804079199736  -14.673850727381826
5428.563083908497  17.199368921208787
5428.622689404959  8.04443727693301
5428.202678506847  66.60843730488939
5428.775518726408  -11.037959046699491
5428.628623768445  7.432984398952911
5428.868436022756  -22.63517538884765
5429.02148713884  -41.88124796314531
5428.745715057521  -7.2478830795193545
5428.645735235855  5.234484013207389
5428.588862459812  14.2784546266641
5428.634030581964  6.729147520395172
5428.38477009622  37.96732114240653
5428.8690751624845  -22.794493169484397
5428.3761007213  39.82141058133037
5428.620500819256  8.331919380035686
5428.680469049263  0.8049095409784996
5428.665021917825  5.973165179019595
5428.675645474818  1.399949476602906
5428.672209489452  1.8450561914456944
5428.589877788202  12.15843520284867
5428.624067861137  7.859822479731519
5428.576183412403  13.868962055007202
5428.643219105838  5.4621741705418785
5428.735713083426  -5.8859268224549055
5428.697357870215  -1.3216447388408916
5428.730208657161  -5.43858786126745
5428.6288511996445  7.261421185657632
5428.709561175646  -2.839728837399093
5428.615575211274  8.923896375083764
5428.675008212916  1.5250000793409555
5428.7365425083935  -6.23541071670407
5428.649697254165  4.663346961815336
5428.704827297102  -2.261432206125292
5428.690072653901  -0.3990712366065523
5428.704365971766  -2.1943212096075158
5428.708847589409  -2.762965915421809
5428.771722762946  -10.63974605795461
5428.750160361873  -7.9385537981919185
5428.647032063222  4.995303320969228
5428.680446118825  0.8160699405822527
5428.700154920211  -1.6605292703303327
5428.764414250816  -9.722194531373866
5428.746181285422  -7.424040344664547
5428.679697615953  0.8921824183761657
5428.674399440584  1.5598092621068531
5428.697486628693  -1.3357268298958473
5428.700114503186  -1.6626666677941344
5428.701334389739  -1.8152278889007505
5428.712063188703  -3.1026525918611405
5428.707692765415  -2.5761404503691026
5428.682756166156  0.5239264129364187
5428.669058024863  2.225485658985434
5428.661148123027  3.2240567555107447
5428.706328553382  -2.435956623550915
5428.70778199085  -2.624098825057523
5428.684480776499  0.29590169411170564
5428.695126272072  -1.0051415252687121
5428.677434026857  1.178900506855335
5428.718847464556  -4.008446842812155
5428.686046229304  0.10299343931734484
5428.69214770602  -0.6610696237750204
5428.6963396722285  -1.1902292761431141
5428.689398307836  -0.322723954951428
5428.683703282868  0.40074270436957704
5428.672293808377  1.8767311265065416
5428.697407217743  -1.2819094518292076
5428.690021500986  -0.38331157657691506
5428.678819669794  1.0068971734591514
5428.6765044239855  1.2970892421830982
5428.696927627366  -1.2617698180131498
5428.691058875081  -0.5272429005319594
5428.695608079354  -1.0990073914529859
5428.668624222204  2.2915748307259776
5428.686026809326  0.09905191475903052
5428.686742709057  0.009356628613943485
5428.680972727533  0.754921206181578
5428.7034920149945  -2.0805908366777146
5428.693944001117  -0.8882058097820931
5428.6984392113745  -1.4453922505846322
5428.694901151346  -1.0134489960624364
5428.695214942109  -1.0467574869381338
5428.690036654012  -0.40141679797869756
5428.685281953242  0.19331363570486815
5428.692523699814  -0.7164463274292601
5428.690520521736  -0.46183525535722936
5428.6880765504075  -0.15764064913123832
5428.686972248934  -0.01978144918103908
5428.683779402587  0.38140062489360105
5428.686916866006  -0.010984906808019446
5428.696524092343  -1.204007120672557
5428.689179280989  -0.2960985826064615
5428.6847582668115  0.2610551032679638
5428.693561518577  -0.8426087326106284
5428.69105356447  -0.5270968934968607
5428.6920202106  -0.6519665447716392
5428.692751106395  -0.7413672834554959
5428.6887468910845  -0.23816595962520637
5428.6938542780235  -0.8836133737474938
5428.687112030573  -0.03593280836420831
5428.68817567395  -0.16667641446549908
5428.689386833741  -0.321960395766439
5428.6879104666305  -0.13319768935809861
5428.688816328754  -0.25202169509515926
5428.685618732925  0.1474127645299319
5428.686583632771  0.030769586093995827
5428.690175495556  -0.4208081339422307
5428.691661476957  -0.6071564056733223
5428.6910673044395  -0.5314620320008743
5428.692000018182  -0.6504929122105096
5428.68391929546  0.3597562120214306
5428.687797194844  -0.1265678455763748
5428.692298074969  -0.6827473668129791
5428.692045357539  -0.654006621674732
5428.688432635241  -0.20539862210426207
5428.690812082984  -0.497958697575541
5428.689539519172  -0.33715458829553313
5428.689229597591  -0.30671159498197653
5428.685668696573  0.15153001960820234
5428.689913679083  -0.3895897579957861
5428.695317392047  -1.0689025773843426
5428.686792601669  -0.0014262754605173233
5428.691762812354  -0.6200611821625586
5428.691579642207  -0.5995363985607298
5428.688509874268  -0.21680730238606927
5428.697815669387  -1.374965373811719
5428.68867104963  -0.22092395620939698
5428.694080816818  -0.8134877202591184
5428.6901854212  -0.42353627882361167
5428.691391843743  -0.5325709521969202
5428.6842841195  0.3142200637496315
5428.696858628265  -1.2601433101653683
5428.697201731858  -1.3032841810106746
5428.685403597008  0.17286839755337624
5428.6928431885035  -0.7598966741540583
5428.682460853751  0.5422078155324606
5428.693113220962  -0.49624603664531364
5428.693926453283  -0.8952738080885556
5428.690615527549  -0.4793227537669047
5428.685689187553  0.14533632375627548
5428.690733027836  -0.4953360179703772
5428.692342561306  -0.6972752008922569
5428.682561370113  0.5330989001602782
5428.689582376915  -0.3509081458690231
5428.689528513835  -0.3422871075981959
5428.688289434495  -0.18646173546261124
5428.68212253164  0.586192544800821
5428.685941199479  0.1090528927245753
5428.68912609322  -0.29306546399345357
5428.692462798013  -0.7115990194809498
5428.6932841666585  -0.8059522727957074
5428.682628923918  0.5219390534216863
5428.688009651859  -0.15308705114123455
5428.691817988161  -0.6270578938201439
5428.687428333826  -0.08106675721831458
5428.6843990062  0.29964017985963515
5428.68669424554  0.010859920241887977
5428.684498329692  0.28589633350615706
5428.686335535285  0.05565956504030822
5428.689944991994  -0.39331671632786325
5428.687229559044  -0.05350711143783826
5428.686684893561  0.013941487508120076
5428.684580161872  0.27694158007464154
5428.682740391766  0.5143151063520941
5428.688312884371  -0.19059137452043018
5428.685724985791  0.1341031933322725
5428.686861781895  -0.009189825795843376
5428.683581407825  0.4018420668623719
5428.685895597422  0.11122204571723149
5428.685592257571  0.15122000581290607
5428.684047010892  0.34356203119735085
5428.6875075178295  -0.09061341066554718
5428.685879935461  0.11264308078444252
5428.687189833751  -0.05103068415845513
5428.686180722159  0.07566878028180923
5428.6880074823375  -0.15179014572856175
5428.686242323395  0.06818306810508545
5428.6881554321435  -0.17127216448342608
5428.685637851382  0.15923210608900717
5428.68566473026  0.13976138168188967
5428.686587420904  0.024382751913925915
5428.685449145329  0.16690568563303465
5428.686707239051  0.009488692049219871
5428.685501161402  0.16051673734812155
5428.686344347464  0.0582521022300071
5428.685979568845  0.10043361766422088
5428.686095415477  0.0869046073717521
5428.687736486756  -0.11691774512036801
5428.688488895583  -0.2102554973856512
5428.6869965301585  -0.02474356204523631
5428.685421817159  0.17404986177616877
5428.687403571684  -0.0776961254532007
5428.685651165712  0.141286503753133
5428.686623536826  0.022550094695546585
5428.688081058797  -0.16323574163721677
5428.6848680048315  0.23939014630629174
5428.688446991523  -0.20910750838589154
5428.686027387878  0.09528873563260021
5428.688721120458  -0.24306514027225745
5428.686463279196  0.04585829854033108
5428.686027317046  0.09460931758298763
5428.688028668439  -0.15024359151058775
5428.685908855095  0.10895143980866173
5428.686680655533  0.012481622873288245
5428.688753394165  -0.245673824902795
5428.686953630437  -0.019367132809517074
5428.686144142441  0.07967254459734363
5428.686508948988  0.03391372467521592
5428.686776879315  0.0008004374385970903
5428.686382141712  0.05690253792442057
5428.68702850025  -0.029967875345356276
5428.684351606992  0.3047799824112687
5428.6863409019825  0.054866956346582896
5428.684874724525  0.23875036316175624
5428.686765286815  0.0031977778930425416
5428.687437253583  -0.08196709027759574
5428.68732294129  -0.06825539378923828
5428.687315662544  -0.06661740452123155
5428.68651056503  0.03390876510933083
5428.686524428947  0.03389169681609161
5428.686875018196  -0.01130114507409985
5428.686988995497  -0.026324101027334734
5428.687335111278  -0.06935426647703435
5428.687331611797  -0.06907229522515479
5428.687852418907  -0.13437812515582337
5428.6862804171815  0.06242773018102277
5428.686786854894  -0.0008013070916952358
5428.687171758951  -0.049300473759274155
5428.686694243333  0.010893542955521696
5428.68642804935  0.0443018601940075
5428.686636232526  0.01785299683279007
5428.687295466916  -0.0647937635379563
5428.687624136298  -0.10582208930327397
5428.687678810519  -0.11239207014737929
5428.687321855716  -0.06800707134551587
5428.687022981098  -0.030597841645356283
5428.6874176886395  -0.08011880316604447
5428.687060583636  -0.03534465594397673
5428.686935183571  -0.019659518259057762
5428.687607059974  -0.10385183520278218
5428.686492338133  0.035990545279137365
5428.686334630439  0.055604447118493994
5428.686931985818  -0.01889302779119184
5428.686669137052  0.013831083780665665
5428.686789057095  -0.001342198391210303
5428.686625615354  0.01913120394943668
5428.687461596407  -0.08533943716813752
5428.686936371958  -0.019776042317761977
5428.686406107263  0.04675458468247484
5428.686778964482  -6.545587481454618e-05
5428.686735313225  0.005406394304053208
5428.686623785459  0.01936710746952741
5428.687024529064  -0.030747922792705218
5428.6871587949245  -0.04767518483503963
5428.686796415292  -0.002269570052558123
5428.68717860154  -0.05016834513024815
5428.686794272862  -0.0019369044271950742
5428.686750715656  0.003471955428413054
5428.686647768177  0.01639699245572812
5428.687087560211  -0.03875549749257701
5428.686941515263  -0.020450912698827484
5428.68706624862  -0.03605240095344797
5428.6866068845775  0.021490052604901777
5428.686690953205  0.01098393390677721
5428.686601059793  0.02233622816121006
5428.686546815085  0.029148780727742185
5428.686690591295  0.011000117220245187
5428.686780597599  -0.0002542482462253304
5428.686555962551  0.02785725092843272
5428.686762365086  0.002002583545287706
5428.68673165616  0.005858852773144463
5428.6868102697645  -0.003927140670395346
5428.686619800499  0.01986739745555255
5428.686810147906  -0.00394875787499771
5428.68668898399  0.011204944201214317
5428.686822773737  -0.005547554713512426
5428.686591174156  0.023477360774037948
5428.686645100619  0.016709435703170072
5428.6866038003045  0.021869493855433575
5428.686807353933  -0.0036208159840818155
5428.686665623288  0.014122475837316628
5428.686709564539  0.008622758365635974
5428.686926920686  -0.01859201192986859
5428.686690816043  0.010970567239610318
5428.68678465466  -0.0007788748558361647
5428.686750962104  0.003449186647188185
5428.686677305065  0.012659577949014178
5428.686551999638  0.02840016557670566
5428.686715688544  0.007848752620329691
5428.686788602658  -0.0012486436211034402
5428.686796872485  -0.0023175437841551627
5428.686754559142  0.0029987514080076494
5428.686798889779  -0.0025541585564425873
5428.6867065040715  0.009011902413224249
5428.686601699845  0.022146654482227746
5428.686703309152  0.009404049684949456
5428.686662598207  0.014505311187164693
5428.686677496797  0.012634118720132648
5428.68679204623  -0.0017084040091397412
5428.686634526747  0.018019578033865002
5428.68668696226  0.011453201549262104
5428.686772953191  0.0006840072469636027
5428.6866469295355  0.01647767532339728
5428.686667147026  0.01393240374295246
5428.686676269258  0.012806716030969056
5428.686817044252  -0.0048303424879563295
5428.686814572026  -0.004527656605912256
5428.686802011416  -0.002955220356181343
5428.686658905185  0.01497919903930267
5428.686810350841  -0.003994215959348679
5428.686797940663  -0.0024617366714387856
5428.686795212834  -0.002105432132509577
5428.686875471179  -0.012146738369175125
5428.686765970307  0.0015663554627636245
5428.686677058089  0.012705925681249397
5428.686835466233  -0.007152917291612937
5428.6866713013205  0.01341153172866072
5428.6868159072865  -0.004697907851632266
5428.686922440825  -0.018052018270704906
5428.686931493914  -0.019175715485676648
5428.686838414514  -0.0075061219065055695
5428.686847312626  -0.008627568582891598
5428.686900526146  -0.015267876635668642
5428.686832240253  -0.006748873956855306
5428.6867529581305  0.003199782854245825
5428.686837350961  -0.007378605187717824
5428.686879276651  -0.012623885339049679
5428.686866039244  -0.010984549921158049
5428.686821275529  -0.005361686718813985
5428.68682921729  -0.006374613340916824
5428.6869230608245  -0.0181258911296851
5428.686823209664  -0.005624135298521793
5428.686894291801  -0.014511861857563702
5428.686850347593  -0.009029518250963875
5428.686857953963  -0.00997580356012051
5428.686765922316  0.0015534174313351912
5428.686805697505  -0.003430209377736304
5428.686851048857  -0.009106754220642443
5428.686818385795  -0.005017026745722575
5428.6869331853995  -0.019403007022756213
5428.686787237194  -0.0011184925786302813
5428.686840405288  -0.007781742102544342
5428.686775810567  0.0003125478442509433
5428.686733605821  0.005600327067764255
5428.686787658198  -0.001169380177806545
5428.686795014992  -0.0020971498792494714
5428.686710716142  0.008472089932258342
5428.686737484949  0.005118348195956912
5428.6867982451295  -0.0024970014840608457
5428.68675422976  0.003018351598562674
5428.686866904447  -0.01110609265022866
5428.686789538179  -0.0014099643832281572
5428.68686727704  -0.011154616907580461
5428.686833725243  -0.00692287705095751
5428.686834965404  -0.007100678342869315
5428.686755490446  0.002854436840760144
5428.686843809954  -0.008209983381970432
5428.686687667137  0.011378652678638801
5428.686872627159  -0.011823954934955694
5428.686702107445  0.009548151160997165
5428.686794232517  -0.001997683502503733
5428.686803553096  -0.0031676272910132752
5428.686817758003  -0.004948800954672095
5428.686707930443  0.008814305525964627
5428.686783617287  -0.0006644884754170022
5428.686797286547  -0.0023761217936719703
5428.686726751583  0.006459450613473194
5428.686723017309  0.006924661589188474
5428.686782813126  -0.0005667156322335387
5428.686848300497  -0.008775304170413278
5428.686772449926  0.0007280738483697036
5428.686858418562  -0.010042545337430653
5428.686802347558  -0.00301176472340714
5428.686774745157  0.000440796715675873
5428.686850120887  -0.009002268318839768
5428.686762293222  0.0020011791568155246
5428.686769361052  0.0011177351836391125
5428.68680163717  -0.002928157157592537
5428.686740035627  0.004794121086863612
5428.686804866156  -0.003329306333649029
5428.6867355111235  0.005356715254460909
5428.686762191935  0.0020155867465110333
5428.686786737785  -0.0010576545554208394
5428.686764267567  0.001755563502689128
5428.686704811946  0.0092057837154913
5428.686815172704  -0.004625126444819827
5428.686750686667  0.0034659766300535466
5428.686759835859  0.002311472177549234
5428.686737105124  0.005157978711022082
5428.686796199655  -0.0022476968217315374
5428.686820506084  -0.005294707372325291
5428.686818360469  -0.005025018925255864
5428.686736237374  0.005266065795224151
5428.686829733299  -0.006449405774985095
5428.686814655957  -0.004559685597412155
5428.686826765682  -0.006074589242166084
5428.686680885764  0.012201294168864507
5428.686757131252  0.0026485674154326233
5428.68672171929  0.007084073955037518
5428.686718175759  0.0075358470382766995
5428.68674792073  0.0038004828764384158
5428.686793254172  -0.0018753651962519768
5428.6867508754785  0.0034318472250944865
5428.686738199737  0.005018839863512703
5428.686686896603  0.011448204534341144
5428.686748124616  0.0037753355005314404
5428.686799827367  -0.002703057349172866
5428.68673097563  0.005925253854984547
5428.686741454396  0.004610722505826281
5428.6867080329  0.008799468656820686
5428.686794211933  -0.0019926983138187637
5428.686762791523  0.0019420499095428312
5428.686815409089  -0.0046493049399281006
5428.686814201849  -0.004503787344210863
5428.686756710472  0.0026994478697695
5428.686766145784  0.0015187136335006457
5428.686744554099  0.004223719361714728
5428.686774763483  0.0004389756593274896
5428.686779281038  -0.00012408486517578865
5428.686746343768  0.00399833454756493
5428.6867337447975  0.0055778158775599
5428.686711653259  0.008345594107137089
5428.686746488385  0.003980406811747272
5428.686712543992  0.008234638045006903
5428.686758517601  0.0024743896943899557
5428.68678775728  -0.0011906292964667387
5428.686750659094  0.0034580500828047533
5428.686754491921  0.002977569429931215
5428.686750520823  0.0034748411794227607
5428.686755428087  0.0028604651445141016
5428.686756305432  0.0027499943506148483
5428.686765762017  0.0015663531814169573
5428.68675551964  0.0028491304605520185
5428.686777366152  0.00011142018007603838
5428.686779280394  -0.00012745371351741142
5428.686751149542  0.0033960497578426896
5428.686788087027  -0.0012309793666513968
5428.686810919742  -0.0040933361096957555
5428.686761914563  0.0020519883332168476
5428.686745215261  0.004139834046597457
5428.686760447461  0.0022314703148413884
5428.686786039845  -0.0009754712069671712
5428.686791295521  -0.0016336954697333539
5428.6867699247005  0.0010445272047014953
5428.686806001605  -0.003477475626475268
5428.686794414359  -0.0020254260955576697
5428.686815605552  -0.0046784011062328545
5428.6868047924045  -0.0033263307252280327
5428.6867653038125  0.0016242079018642386
5428.686774531436  0.0004670753086628565
5428.686820513247  -0.005293961411933168
5428.686776928236  0.00016588549693619115
5428.686762121245  0.002020964176368878
5428.686815264932  -0.004637301190447474
5428.686728577962  0.0062251970927897915
5428.686752927872  0.003173444695854677
5428.686789919536  -0.001462399644430512
5428.686784342457  -0.0007638371847731307
5428.686785281357  -0.0008804127847277243
5428.686747394644  0.003867021370977497
5428.686741456238  0.004610813347238896
5428.686768704577  0.0011963550418983004
5428.686782701228  -0.0005567480179458073
5428.686782165341  -0.000489417324226693
5428.686759201311  0.0023874074467877815
5428.686808821314  -0.003831060220058191
5428.68677310566  0.0006444753059788866
5428.686764004724  0.0017848789879799654
5428.686766929896  0.0014181984962751137
5428.686784630058  -0.0007992152652018802
5428.686787287612  -0.0011325052980755146
5428.686775679978  0.0003219419127828971
5428.686779817915  -0.00019676012740976745
5428.686771485423  0.0008476376678467901
5428.686770772749  0.0009368016694502046
5428.686775061654  0.00039980670662931317
5428.686790859014  -0.0015802828683932901
5428.686763915988  0.0017965966801192224
5428.686770161183  0.0010132913468101634
5428.686782571347  -0.0005419389766574412
5428.6867642100515  0.0017589823835413299
5428.686775655811  0.0003247285390903798
5428.686776889181  0.00017017898192772662
5428.686756597194  0.0027130817163616427
5428.686762212005  0.002009804356499778
5428.686782673787  -0.000554617071125918
5428.6867893855315  -0.0013958589589355697
5428.686782886901  -0.0005815636575174921
5428.686787982672  -0.0012199638273449054
5428.686793992825  -0.001973257779401827
5428.686792895449  -0.0018356114645263766
5428.686769059259  0.0011512406952549625
5428.68677772075  6.611659949751214e-05
5428.686780752637  -0.0003141364005401215
5428.686758603754  0.0024614669663329813
5428.686775509505  0.00034288163201190436
5428.686785378638  -0.0008938421921671491
5428.6867766377  0.0002015066798466414
5428.686761267831  0.002127783758280044
5428.686778471539  -2.828489932954481e-05
5428.686757822072  0.0025596931759785946
5428.686767829036  0.0013055230977609966
5428.686778822196  -7.202830488894918e-05
5428.686762314769  0.0019964360120034996
5428.686778695161  -5.6016203720865576e-05
5428.686799113715  -0.0026143222953214362
5428.686767859323  0.0013016453347962642
5428.686757217233  0.0026353589165557523
5428.686778366415  -1.5099322386524783e-05
5428.686778488205  -3.016779983955331e-05
5428.686779780647  -0.00019232496502619156
5428.686784192969  -0.000744943713000934
5428.686779602809  -0.00016993965483536044
5428.686776118796  0.00026657634110605066
5428.686774252529  0.0005004632342471282
5428.686783301904  -0.0006336127704078542
5428.686788902054  -0.0013353282612387218
5428.6867769074015  0.00016772475807780296
5428.686789861088  -0.0014554332572926931
5428.686789681528  -0.0014329974305136162
5428.686781346155  -0.00038853275172656687
5428.6867808823745  -0.00033037499675225845
5428.686772501876  0.0007198043493046313
5428.686789972051  -0.001469490658900674
5428.686791925731  -0.0017143045998502249
5428.686784050584  -0.00072736772309967
5428.6867749501835  0.0004130608814265635
5428.68678479563  -0.0008207784806440466
5428.686782969023  -0.0005919058575616365
5428.686776452646  0.00022469471772867955
5428.6867898524115  -0.00145444907541048
5428.686780223242  -0.0002478159471268615
5428.686778806019  -7.012940252026922e-05
5428.686780586127  -0.0002932746771322492
5428.686779822467  -0.0001975615738998293
5428.686772668602  0.0006989025420827133
5428.686779613413  -0.00017139440076840984
5428.686776976573  0.0001590564161091379
5428.686781572403  -0.00041685785909351125
5428.686774787256  0.000433443550528434
5428.686777213876  0.00012930893465440407
5428.686771349446  0.0008642131828802135
5428.68678109299  -0.00035680439130736374
5428.686784150709  -0.0007399834732518817
5428.686779021887  -9.724218827322773e-05
5428.686781246859  -0.000376037027002063
5428.686780437644  -0.0002746877740499587
5428.686776662048  0.00019849123439708016
5428.6867815854575  -0.00041851056668584796
5428.686775418849  0.0003542511400324022
5428.686782532767  -0.0005372301819028813
5428.686777239552  0.00012608177134909582
5428.686785018293  -0.0008487132458149665
5428.68678213001  -0.00048675645034451653
5428.686780479525  -0.00027993736157244653
5428.686776892645  0.00016955239560501045
5428.686777323701  0.00011553944936260052
5428.686778589365  -4.307088867194775e-05
5428.686776345928  0.00023806558808234235
5428.686774704762  0.0004437454343563241
5428.686778416687  -2.1425228398541663e-05
5428.686779497789  -0.00015690456040755307
5428.6867764944545  0.00021945812690971067
5428.686775967743  0.00028546263033329966
5428.686779228783  -0.00012318743075723226
5428.686777610759  7.95662256576346e-05
5428.686778629527  -4.81025400344004e-05
5428.68677691977  0.0001661540792712024
5428.686776026858  0.0002780704774136278
5428.6867782359905  1.2115810412716144e-06
5428.68677719249  0.0001319935484378476
5428.6867783902235  -1.8112536775305443e-05
5428.686778445072  -2.49874766099778e-05
5428.686778009236  2.962693919045245e-05
5428.68677836746  -1.5263716086261203e-05
5428.686777913678  4.16053711891351e-05
5428.686778200063  5.713413503416476e-06
5428.686778309949  -8.054780505029058e-06
5428.686777215841  0.00012905082785097388
5428.686778001787  3.056010237040274e-05
5428.686776797671  0.00018146749208325375
5428.686778791002  -6.833661307115158e-05
5428.686778669667  -5.3134780650249125e-05
5428.686775868129  0.00029793979090581013
5428.686777092257  0.0001445382565961606
5428.686776133045  0.00026474135734591564
5428.686776753227  0.000187023370728151
5428.686778221763  2.9938327772149886e-06
5428.686777335104  0.00011410541410755703
5428.686778750386  -6.324980910310529e-05
5428.686776802171  0.000180889868993811
5428.686778675924  -5.3918914887429725e-05
5428.686778408807  -2.044445437955622e-05
5428.686778490543  -3.068803702543921e-05
5428.686778648166  -5.044074420354483e-05
5428.686777981437  3.311073207107329e-05
5428.686777810039  5.4588994756549214e-05
5428.686777851156  4.9436640489952666e-05
5428.68677769057  6.956215188880233e-05
5428.686778540807  -3.698722469809568e-05
5428.686777878951  4.5954145652005174e-05
5428.686778652765  -5.1017140542342077e-05
5428.686777472543  9.688228385318354e-05
5428.68677744179  0.00010073615495269361
5428.686778155641  1.1279909990891124e-05
5428.68677758862  8.233599260643043e-05
5428.686778213581  4.019096409402234e-06
5428.686778317139  -8.958076462672881e-06
5428.686778069414  2.2085582644659763e-05
5428.686778371729  -1.579901169834752e-05
5428.686778390059  -1.809518064055382e-05
5428.686778379174  -1.6731650188006597e-05
5428.686778423294  -2.2260676782737132e-05
5428.686778359716  -1.4293158114964122e-05
5428.686778099052  1.8371389598481613e-05
5428.686778201483  5.5352487012272356e-06
5428.686778300281  -6.8456747857603695e-06
5428.686778155908  1.124647004135948e-05
5428.686778124128  1.5229256273008307e-05
5428.686777825043  5.270888717312516e-05
5428.686778042744  2.5427546576139992e-05
5428.686778170057  9.473262677292538e-06
5428.686777898039  4.356138841121737e-05
5428.686778132833  1.4138587494216814e-05
5428.686778303789  -7.285141500390502e-06
5428.686778431007  -2.3227453082197425e-05
5428.686777850822  4.9478242727829524e-05
5428.686778113144  1.660528123156868e-05
5428.686778257023  -1.4249964735216225e-06
5428.6867782505615  -6.151258900577439e-07
5428.686778284437  -4.8603716903405925e-06
5428.686778386036  -1.759218693733744e-05
5428.686778459101  -2.674806928265605e-05
5428.686778352742  -1.3420071116931886e-05
5428.686778066336  2.247106322578185e-05
5428.68677823052  1.8963279997119553e-06
5428.686778290431  -5.611507652762693e-06
5428.686778380464  -1.689395733801835e-05
5428.686777899773  4.334381503132145e-05
5428.68677826871  -2.8894297483539333e-06
5428.686778113308  1.6584601250022035e-05
5428.686778388018  -1.7840648040459706e-05
5428.686778303787  -7.285254841220279e-06
5428.686778400769  -1.9438502551080705e-05
5428.686778365115  -1.4970445626649731e-05
5428.686777878999  4.594707093442951e-05
5428.68677830238  -7.108892445983894e-06
5428.686778126663  1.491118878096942e-05
5428.686778450794  -2.5707426624829027e-05
5428.686778348306  -1.2864070442833442e-05
5428.68677843918  -2.425198071144552e-05
5428.6867784894075  -3.05462083381447e-05
5428.686778304477  -7.371752367556217e-06
5428.686778289997  -5.557197257685664e-06
5428.686778354113  -1.359183217390647e-05
5428.6867782691215  -2.941164724205858e-06
5428.686778943306  -8.742656883418964e-05
5428.686778273496  -3.489283282160499e-06
5428.686778332934  -1.0937701033664204e-05
5428.686778483645  -2.9823900551007032e-05
5428.686778620634  -4.699084172834274e-05
5428.686778441282  -2.451540590370227e-05
5428.686778357113  -1.396780936983779e-05
5428.686778424141  -2.2367326359129525e-05
5428.686778289462  -5.49012542777616e-06
5428.6867782711515  -3.195581533187164e-06
5428.686778355299  -1.3740424141414631e-05
5428.686778543965  -3.738313292883655e-05
5428.686777963683  3.533493591275933e-05
5428.686778263724  -2.2647250171453637e-06
5428.686778408695  -2.0431717561414375e-05
5428.6867783072485  -7.718887557892073e-06
5428.68677841831  -2.1636626467619324e-05
5428.6867783949365  -1.870760540084032e-05
5428.686778224758  2.6182637259883346e-06
5428.686778342403  -1.212436331147343e-05
5428.686778408174  -2.0366483822996384e-05
5428.686778381118  -1.697589051055659e-05
5428.686778335406  -1.124761541922148e-05
5428.68677831195  -8.308092502185005e-06
5428.686778355408  -1.3754116920738219e-05
5428.686778381945  -1.7079598088359793e-05
5428.686778345365  -1.2495644544308071e-05
5428.686778342524  -1.2139516642487025e-05
5428.686778154272  1.1451218364232074e-05
5428.686778355685  -1.3788823308482842e-05
5428.6867783454545  -1.2506742197757048e-05
5428.686778360955  -1.4449222897783276e-05
5428.686778510842  -3.323233589280772e-05
5428.68677829237  -5.854477507859224e-06
5428.686778237646  1.003184939452062e-06
5428.6867783479565  -1.2820293023574347e-05
5428.686778148095  1.2225339872329322e-05
5428.68677826206  -2.0562056281259178e-06
5428.68677835394  -1.3570125918155318e-05
5428.686778200545  5.652554150442635e-06
5428.686778377169  -1.6480975165517053e-05
5428.686778325662  -1.0026477773747433e-05
5428.686778182246  7.945753745408624e-06
5428.686778236168  1.1884309411916427e-06
5428.686778290659  -5.640105883886193e-06
5428.686778296679  -6.394546022900349e-06
5428.686778264684  -2.3849549636439926e-06
5428.686778314821  -8.667953750068902e-06
5428.686778208372  4.6717424674602714e-06
5428.686778224143  2.6953196516632527e-06
5428.686778284381  -4.8533600046779535e-06
5428.686778282587  -4.628473055226512e-06
5428.686778164194  1.0207851579568938e-05
5428.686778286811  -5.157915044268213e-06
5428.686778255934  -1.2884966319737234e-06
5428.686778269357  -2.9706595537914993e-06
5428.686778070588  2.193809768898103e-05
5428.6867781348365  1.388683120430445e-05
5428.686778155315  1.1320599618017124e-05
5428.686778207662  4.760631168339302e-06
5428.68677804533  2.5103236801743423e-05
5428.686778058502  2.3452815979596586e-05
5428.686778087349  1.9837702981126415e-05
