 Dim = 3
3320.909152964616  -2204.110752282628
2541.028768350296  -1644.1268634199387
3515.803306359025  -2333.1255647938547
2277.485077931268  -1435.5877152801504
3007.176638098014  -1987.6597658544551
2687.9366441588513  -1755.6447937156083
2931.8235467314357  -1933.509676408052
3946.089681437672  -2606.565209906241
3545.8041204083497  -2352.838376373879
1201.0250202518725  -421.7337014158477
3040.363779051908  -2011.162557178642
1979.033770268818  -1184.5265572006858
2099.8391187028114  -1288.5523837174999
3733.192511445114  -2473.2653151370737
1462.1808899016744  -698.9874724851808
4332.239081582773  -2839.3848580875497
3426.11421133825  -2274.151674656485
2318.0177386176647  -1468.3064304218149
209.37832938292672  1145.4568252847807
3084.794992719386  -2042.2817768332072
2131.233796653537  -1314.807867595
3948.7850965350326  -2608.3872257658427
1304.2388720526385  -534.7653593884805
3682.084941130911  -2440.9660060775172
131.88016167517966  1375.9645281566832
1892.9878809378238  -1108.447525083567
1668.0843059362282  -902.0728855099518
1312.7238148702497  -543.4205225984805
1252.9651970242792  -479.5342020559457
1200.9540956197632  -421.3049599146941
1790.3280552362876  -1016.135042887849
1321.2619948960294  -552.7019698743725
1592.2491385633389  -829.001939668247
1159.3200834448471  -374.44113815852756
1315.2395953827634  -547.1056699353248
1430.9894322964685  -667.1058142887448
1425.3780750727167  -661.449646049664
990.4262687867702  -173.551836681952
1533.1873734069093  -770.2723236550731
604.697107465956  359.675556756235
2131.969550902433  -1315.4795932969635
993.5615688458147  -178.84509205642024
517.7510653786804  501.6191150087939
830.8227920291833  32.782600524772135
809.2374005287878  61.11235141916395
1567.4651962979347  -804.708334004236
1094.052701511181  -298.0185672947629
942.8345370577073  -114.54827151087215
1562.3474881669322  -799.544256874639
1048.232797479506  -244.44085398881066
1083.7234124437407  -286.5826617626023
469.57929210628606  586.0805571614382
925.8771161542498  -92.54812065647876
967.0429636356922  -144.98779405845806
849.4121108687075  7.076891249716155
929.866449215694  -98.3666362848457
1359.445562685513  -593.0317884990808
214.25213058490866  1135.2615651475899
1499.7515808489732  -736.1306541139712
1059.6140983592732  -258.2224528980598
1124.5545741684127  -333.6013990681042
1311.922795108507  -542.8325799567269
681.0008201453368  244.32570133759296
943.112263498442  -114.78317322803478
1264.770453355704  -491.5773740580741
858.2725701830082  -4.850135718349829
1554.0500550339987  -791.175138528144
948.4656460018099  -121.0885365181948
945.9070901041471  -119.28954381660009
851.1327803030633  4.800744850001259
1215.7834353496717  -438.51125072006784
975.0381753947673  -155.97122528775728
1048.411132256264  -245.39946972144625
773.7655435031454  108.55777900794453
1012.8918334883051  -201.62564083866286
353.024424609243  812.8298875822447
217.42915059288973  1125.273657006781
1119.3442094559239  -328.56670938396167
1225.7051781671598  -449.7344099538885
800.3791833840204  72.45078817157402
785.4754437730493  91.98452055124771
831.1616938012864  30.000165260948272
617.2083057790333  338.95711544040864
1358.2366357253704  -592.7394846490547
630.5406664499079  318.84103296569236
417.7587825337394  681.274751100281
749.7744023752335  142.36804368576946
1072.6495584484471  -274.44028754288416
585.9145885145251  389.2247556916891
1004.6313847891124  -192.35041945099942
926.7999148361773  -94.87396762541697
1229.3446232344513  -453.63171508538227
1000.9967020402879  -187.4598109959734
790.8790760306862  85.65237726699262
1125.7350595627056  -336.2293712943754
1034.459405825996  -228.28563156158464
1019.1709003540851  -210.01553982767695
791.7941916313123  84.04375188422785
924.3759901380087  -91.36973965630719
967.8655464289544  -146.67472443985827
1028.7643340843417  -221.6641465077479
1041.3180316964203  -236.14700012877535
949.4355287716465  -124.01870557112602
955.60445885785  -131.5321033065564
979.2374757242898  -160.4862972144482
1259.4568705959925  -486.85541533255696
1082.5145319989394  -285.87063289396576
819.1626171655289  46.07855031343334
875.6371505783715  -28.670939782862494
1067.8639900300254  -268.16272937792354
1118.2558864959583  -327.96837837883106
1030.181233105135  -222.93158928940278
1042.3138223382275  -237.59201666738832
822.3502271530948  43.02440625560546
1054.957616386186  -253.41118249107734
931.1324976510741  -100.3531876934818
863.819626567758  -13.230992898095039
809.7147631500326  58.82237353081702
822.8509001015066  41.14370575192119
899.3604213654494  -59.92859852110135
838.0191451102232  21.05858701302749
896.8860692676388  -55.72344946604872
874.5588192957234  -27.64182763854759
760.2545260153992  127.44076443620935
838.8306515141143  20.008142334226502
866.1833893090339  -16.835226448926154
905.447179302661  -67.10088894285389
1022.8768023130792  -214.7849683628544
792.4860138971097  82.58225314972205
824.9648214367558  38.26608591551954
829.9238515032179  31.616068247868046
1010.5811936164004  -199.49989754307063
820.4474148963934  44.177586832871306
1018.9898029970428  -209.9131006285649
677.4036665937743  247.3051011264015
839.3892315128018  19.03583245788706
734.31007268027  164.41337149305397
837.6675578422027  21.3160832356161
776.4467134720757  104.998928982668
879.9372241052546  -34.67114272779817
745.8685945291609  148.5700299199057
897.8537355705178  -57.719678557465855
926.875263965447  -95.09240411686328
890.3333831770269  -48.246137469869964
911.2270502909329  -75.40258918917178
822.4481116211651  41.515258409451306
880.1896170980538  -35.21471070452776
844.9856847203876  11.56063339498473
955.6430427160569  -131.925193119074
873.4045139991985  -25.916360535217702
828.5828545325119  33.21381830140115
892.0115079927795  -50.47211995406188
892.368631298233  -50.55295934873237
888.0950987336186  -45.17487128228046
886.2849681522342  -42.80284417704567
830.6439333956315  31.023380825210925
889.9760308358204  -47.87471421664942
844.1420163437064  12.59332556854471
890.4023425462013  -48.4926282349314
879.3152297906003  -33.164188025755124
916.3080255645365  -81.47547127240108
826.9669020245269  35.874998200882565
839.7536497983723  18.58015246170108
834.0522804829181  26.21582112613985
880.3500121185748  -35.241219650581904
849.1661732550415  6.298254615497793
875.0114190061247  -27.599266203833892
867.5159921031371  -17.991369756862415
851.5244527050792  2.924339010634469
846.522863262723  9.732825422143481
854.6419667566441  -1.2240072460804896
816.0138474060052  50.72651077693858
875.2231468256688  -28.14189187769605
886.0984075408273  -42.50395382459858
826.082485397175  37.236710472665116
871.1274657728799  -22.97765568776561
839.1595955176879  19.550986131385937
858.0341581126687  -5.837956585580844
878.743524190655  -32.98154044798922
864.0212141784651  -13.709407665658816
852.6732678833454  1.3607631625453855
846.2856027826382  10.143333601702484
812.9270252188691  55.099658851130485
865.895501926283  -16.27236133774173
851.7328284324224  2.7346667130317464
829.8052027901609  31.947398986903377
842.668653541326  14.493804759736104
861.3203968096791  -10.248361907783462
861.7543367497461  -10.75374517409481
894.7376168049174  -53.831145056778325
868.441288373215  -19.44123867322365
886.438528115299  -43.01138497916592
842.7754009310801  14.568484676301168
859.6780073183286  -7.844328244959566
841.1470942763342  16.845404595804922
874.0260851583582  -26.964053061911102
856.8984869360421  -4.0941561812969205
847.0653768535635  8.95598020596648
863.904256274444  -13.610502689578997
874.9055197662741  -27.861454864794826
853.1843680467559  0.6251306232623897
870.3811779829882  -21.797226972509
856.4417993900158  -3.511479443101514
861.8822507196561  -10.499409572669592
839.2851931801063  19.14050531995606
845.879685255381  10.647995278147292
859.1325945726056  -7.073305169869407
852.770280188825  1.2565672794464184
888.6446209698055  -45.85100934574275
849.9982637206117  4.879275519161407
850.3149536203474  4.676621231599345
844.5736211176586  12.237851221980026
854.7440713539843  -1.3491112933018776
838.7731764529362  20.016220917688823
852.2008989385484  1.9578521751980773
835.1522130931679  24.884908958638245
843.7059488178123  13.407870050465199
843.9017499973693  12.937076626691383
838.5328133885586  20.101538764684644
844.2785121210201  12.397157356899285
845.4655239537869  11.04980113702679
847.1580694763078  8.73962408327856
866.6950390361637  -17.117670261256965
855.6272825910117  -2.4537996607873467
842.7142385705008  14.608015216855826
846.8856552502147  9.171815874622155
853.7427270804292  0.027684781382451007
858.2198825064835  -5.923492960929366
848.6668173394088  6.529190855002895
840.8237641255513  17.214799988011848
853.958546785385  -0.2579910254563309
856.741089568129  -3.9491168479730483
852.1989246890267  2.0794661066374402
842.9032077653662  14.49546555312672
858.6095261791485  -6.491413582431523
852.964864737573  1.0805050580740634
854.0375246943796  -0.44119934716253795
849.6602844254548  5.452628586592894
869.0241288462686  -20.178095389563843
855.2229941998171  -1.9174531609836514
851.7516158437625  2.681802711641314
863.2581812135505  -12.558481960274854
854.4491989833078  -0.9223443297323719
854.4394202886585  -0.8921671641976872
855.3150002443646  -2.0656324214357262
840.39422315522  17.82818870289277
854.4563041294665  -0.9144968221059457
860.2888551279141  -8.661306723171716
847.4117151571863  8.445285014906919
855.1225262221622  -1.823082565963034
851.5331517583624  2.9689087463869583
851.6398969922593  2.779758770499388
853.1920707710606  0.7653240067472709
855.0430632070597  -1.697629411898962
851.5832345102584  2.9147505107893785
859.9567815383512  -8.203390629886773
859.1946311539798  -7.196994590754709
857.936171334258  -5.532432237526052
853.7389708849458  0.040406648063129325
848.8154866734959  6.58868184964474
850.1368868066505  4.841706789530459
851.3691261917197  3.1867380590385217
848.5229923081456  6.993426784257011
853.3475154925425  0.5628120726094288
852.5689696001377  1.583514456605318
855.8280858347133  -2.7434108488657714
854.1363815255261  -0.47988603428576937
854.1064367322638  -0.449943142542363
851.1620235540025  3.4626802158746983
851.7535340408465  2.682779187979712
854.1515020582419  -0.5126534036918606
854.0226826074359  -0.33861478011445456
856.3990191153506  -3.4778176948607786
850.9636297356848  3.7318041465403944
855.666608218669  -2.5236140352051137
852.135414110323  2.170365194361999
855.1481133116512  -1.8329173721420773
854.2560872587441  -0.6508744993948774
853.6614511680621  0.1404566697115328
853.7035203314724  0.08933872613807736
855.2324432852198  -1.946750573165211
855.8146058223776  -2.71670702555787
854.6521548856307  -1.1817228855888473
852.6259800789925  1.5160091884933244
854.2151128092869  -0.5912258852251853
854.6227830524327  -1.1347958262827973
856.4481567788736  -3.5554905375673584
853.1470350409422  0.8268852863943188
852.2636943177198  2.004551766995778
853.2744689452276  0.6560646771804386
853.3498526458394  0.5577137143217499
855.4346945398348  -2.2178641479972683
854.9286704308054  -1.5406060924334888
853.8880813352896  -0.15928995905253984
854.8845576779732  -1.4827062165016933
853.1000071515222  0.8899007151728497
854.2486035230413  -0.6399056126688194
853.7689705119108  -0.0016062409413208911
853.4565905183692  0.41073504462847055
852.2570176969633  2.01101869219465
851.9888429880748  2.3681020834187834
853.6545047847641  0.15158540097870699
853.6167792169289  0.2017544093709276
854.9333165776989  -1.5500208450942772
854.0041716506796  -0.31353925551564643
853.5973102532622  0.2262415008241767
854.0065955344919  -0.3173793934002447
853.7526459046046  0.017915940354139792
853.8234387903163  -0.07269307312908069
853.2940111342729  0.6283673965336263
853.3540037137494  0.5497360979806736
854.1373610416189  -0.4896013221994764
853.2157869988494  0.734044022805957
854.3946632188336  -0.833962159051783
853.6551108839792  0.15005454774030724
854.3362720524433  -0.7540950399725936
853.2310790957714  0.7124295523160598
853.9211938543529  -0.20212345235153606
853.7300682915179  0.04847949534349638
853.4406991886907  0.433517589316061
853.81321380862  -0.06228920714580255
853.4635907096487  0.40410854293110177
853.2091093573644  0.7434529825232374
853.8632964030622  -0.12809807997134826
853.5602569771839  0.2742423889641117
854.0872080195895  -0.4259472885321074
854.0377564785612  -0.3568286060615371
854.0059096703161  -0.3182679628908538
853.5279853338253  0.31710448850979134
853.7995927889882  -0.04368307578251773
853.9506749024965  -0.24335471651818708
853.8891637257371  -0.1630416366392886
853.8143869039831  -0.06391551304191267
853.3965200271768  0.49127209872930067
853.3476945368072  0.5598328560849666
853.6632994185438  0.13959939869721794
853.7734604552655  -0.009242507330124994
853.8623566796473  -0.12859510647242445
853.7659655144629  0.0005080143091404921
854.098224526726  -0.4407272126006987
853.4936027919591  0.36499124172150843
853.7191059778871  0.06371421051623471
853.8257939398226  -0.08045423767694615
853.6003583768385  0.22041223720205494
853.6461983226354  0.16039948090458367
854.0588850054611  -0.3905844230467892
853.8247349536508  -0.07499635007395256
853.4837945530655  0.37798024369700656
853.8926246383426  -0.1673742004230263
853.4968050609358  0.35626352156648267
853.9225183670347  -0.20504918514847859
853.3430222478  0.5652743872463795
853.737989221059  0.03778395960837244
853.8482931910034  -0.10638539173002926
853.7759231335651  -0.01182849515443607
853.621340046508  0.19442642564269264
853.6441600013668  0.16509541164738195
853.471804419414  0.3937103071300889
853.616580388317  0.19840551953344132
853.4030160776865  0.48050195085772884
853.4919104264004  0.36136886641600086
853.633517377924  0.17694353384898065
853.7648714942737  0.005354208983106901
853.8143224034479  -0.06337635303577471
854.1769910753388  -0.5429538608093374
853.6572622287339  0.14660552661158022
853.8489350643775  -0.10843365175787056
853.5404959609699  0.3018566894990755
853.382620812829  0.5103109114302278
853.6284161360823  0.18566930014254268
853.8713667151088  -0.14054336719388516
853.8727761502473  -0.1389969427519766
853.8720466319432  -0.14094268743352956
854.2011586776149  -0.5764693486166195
853.5521665839478  0.2818395266389544
854.2150156282861  -0.5950437575908083
853.8887092828742  -0.1623455636612583
853.7364415325372  0.0415307319314131
853.7815000508283  -0.017111670991582173
853.77466825573  -0.009873993569250672
853.7972640001249  -0.040513093389456856
853.9067740250927  -0.185315131254832
853.8849529549605  -0.15778364144326318
853.8670114148924  -0.13141888304338423
853.789634966171  -0.029010657067630063
853.6032941806311  0.22116511337168632
853.7565582584085  0.013689779288164061
853.6816106008199  0.11435477236499736
853.8537920406154  -0.11557284399819423
853.727367891525  0.05250628026802673
853.9012674999015  -0.18089597385173306
853.7030729199544  0.0880012936487482
853.6973884999046  0.09239454355755683
853.757334031433  0.01248377631168296
853.7060383627907  0.07973031830008637
853.7395561812845  0.03690779629131313
853.7102549222119  0.07573946681343813
853.6769065762272  0.1190104746497731
853.5636622276113  0.2702895257142863
853.6056574737943  0.2143442550113548
853.789116507192  -0.0288282744556021
853.7730112567062  -0.008010399299692494
853.7501577194205  0.02080671346220342
853.5778475446683  0.2495293005954693
853.5673490263723  0.26596409438021595
853.7225753922206  0.05783025618228521
853.7522133972664  0.019406287709003323
853.6963440021281  0.09286961351901013
853.7109830537236  0.07345031092244625
853.6963210537533  0.09334091029251468
853.6684129847007  0.12860633738639038
853.709603252342  0.07588841303994087
853.7532308933436  0.018596847778013625
853.8024219820593  -0.049120191771404365
853.8296257145968  -0.08433387308755158
853.6941942137845  0.09291386837384508
853.6886019781756  0.09989278455200434
853.753623773068  0.01581325477496165
853.7486607677032  0.024420698679911368
853.780043041377  -0.02120160318731834
853.6876289820599  0.10300820353539564
853.6621446700085  0.13370096008208066
853.734941678082  0.03946638496305965
853.6868475352172  0.10199912030754987
853.7186076975294  0.05896719088547542
853.7798363761882  -0.01959339976284369
853.7503657693999  0.018815383026385746
853.7025354344083  0.08381651679192714
853.7241710691101  0.05469820405830106
853.803751809869  -0.05280254980458565
853.7124380509522  0.06653459677893991
853.6910533356628  0.09677304305337486
853.7330296319585  0.041142160099980174
853.6545974567  0.1440253589097793
853.6495581961861  0.14915793046871428
853.5906170156377  0.2248064232399578
853.5101988311616  0.3312254428902044
853.917150227423  -0.2016550031528368
853.6741183451031  0.1194304424258732
853.6412826930186  0.16116857190889178
853.7348286582458  0.03918725008304946
853.4528279023164  0.4072816037388094
853.7075468995594  0.07769455338018716
853.711715814593  0.07066300041083551
853.7468598583245  0.02330406527872597
853.6122288891178  0.2003637425325131
853.7189240407914  0.06123639539039161
853.7018258313503  0.08253546280747415
853.3378764709794  0.5618196179027066
853.7621649897799  0.001754557831468162
853.700096058019  0.08458838515382894
853.6426556482919  0.16259532343476835
853.6945628875485  0.09124479030027999
853.8065522271934  -0.05525563598439831
853.7077806198544  0.07584673877908799
853.7525102030862  0.017055487388574875
853.6943719357122  0.09171586702589707
853.7239927943632  0.05402579668096408
853.762101175727  0.002725795868123271
853.6065362819419  0.20662839322002213
853.7779609551585  -0.018610069127561246
853.721235693837  0.05525801547088349
853.7209884291514  0.05576870722938665
853.775297762952  -0.01400989626363014
853.6614263346345  0.13368094611882952
853.5360824441298  0.29780495212583347
853.8132561892784  -0.0646248724198557
853.7014784608773  0.0815056893155841
853.6747027849174  0.11699470935781164
853.6827631984895  0.106524754595263
853.6883223996545  0.10034244904055711
853.7588305463973  0.0056619045207568774
853.6570899638018  0.1387656822338883
853.7498790486126  0.022478488712202704
853.7097465011917  0.07279024782482324
853.6804692596628  0.10876448279031337
853.7758921734866  -0.013269459977703235
853.7328926001817  0.04050779204123245
853.7352792584055  0.03765471991763292
853.7646606895748  -0.001508174012197827
853.7630698370826  0.0025003415671918106
853.7023464692484  0.08208840783704119
853.6881884537972  0.10004629141696242
853.7189966911067  0.059039769699818834
853.7522010795966  0.015779878548446646
853.7468411246365  0.021978267844541932
853.6828333589967  0.10759722948315087
853.6981907187488  0.08526552944761079
853.6005755519765  0.21439817290209362
853.7681723845075  -0.004360529287858128
853.6719603488652  0.12150275660579268
853.7797802269342  -0.021149383498542562
853.7214781180687  0.05638401070406829
853.733087607196  0.04138372939380375
853.7572540499816  0.008307300576895216
853.7187624311636  0.059139681959916146
853.7906168452953  -0.035475855051409155
853.659055457767  0.13618013187835132
853.7211893370849  0.056261563988645236
853.7361945883338  0.03643703797904507
853.7675136893241  -0.004403171253116511
853.7333680046756  0.03998799014280863
853.7286443613284  0.046307533932981926
853.7579245694915  0.006759787139579032
853.7474361248618  0.021560657207292167
853.7504233404285  0.017113307355788976
853.7319677492522  0.04055420550238509
853.7902466473399  -0.035499399715988034
853.7808063269358  -0.022675473556827086
853.7544496349542  0.011732391270076192
853.7262506969132  0.0487725875416416
853.6796986882686  0.10940716641104942
853.8007988855575  -0.04983362375593714
853.7645432195178  -0.001630803936713221
853.7406432333786  0.030439730210353844
853.7540892940792  0.011564839892120204
853.7881763098696  -0.03312977714411858
853.7476177431528  0.019883215497671358
853.7784019361948  -0.02056837492402508
853.7718931674417  -0.012211439651046874
853.7629724408646  0.0009523434432168187
853.7846286163176  -0.027964271244695027
853.7837708171486  -0.027127187004378328
853.7990972535085  -0.0477250288758313
853.7846306909886  -0.030394456417440097
853.7486709321698  0.018958900856581806
853.7776963989368  -0.020166549976107007
853.782908199014  -0.027215626529059733
853.8392860828471  -0.10210611401942771
853.7958055739999  -0.044876134611484986
853.8158801540015  -0.07008919771216782
853.8094395254213  -0.06283545660999579
853.724244722316  0.04862282014470054
853.7853752465478  -0.0323390202020164
853.7718017889673  -0.012901566421209765
853.7591156760151  0.001849378718294048
853.7556296155481  0.009941004123906083
853.7505559161369  0.013157155312963909
853.7178412168531  0.05632798677495643
853.7098241281096  0.06494580128465444
853.7645032473943  -0.006697272081371608
853.6642117192168  0.12317903412143139
853.8261404038085  -0.08535106391049041
853.7210241427588  0.04930746167496025
853.7606673835943  -0.0010827859307376286
853.6203696489364  0.19054612691307682
853.7692857517284  -0.012306104433143616
853.8095204138414  -0.06784278382490072
853.5812485103345  0.23299504000346616
853.5922008583818  0.21894993983537958
853.7195247361208  0.050732324401199236
853.7228509384547  0.04440476510532676
853.7073258817327  0.06897498896223198
853.8758313907817  -0.15145270910338837
853.7551678332028  -0.0010701546546130203
853.5933980030937  0.21900749056568003
853.9536789396385  -0.25649646391291725
853.5889120256612  0.22438627713421866
853.5827831739999  0.22812125763357471
853.290073286219  0.6221025936468507
853.4763720731527  0.3676267650261984
853.7832449496094  -0.03606719793052093
853.584833074784  0.21967509619956616
853.9024814502078  -0.18901629967046318
853.681906971552  0.1013863880189163
853.53928114984  0.2842461078616587
853.5003219618937  0.3345499566628831
853.7097906750124  0.060978958500417235
853.9399975711377  -0.2440430491607728
853.4161856307176  0.448418402324787
852.4948333490806  1.6604160313516267
853.8591069373746  -0.12994618236075794
854.1246020769192  -0.49214431256723046
853.975272201062  -0.2917373676623498
854.1915980616238  -0.57802302014289
853.8435889317844  -0.1187854348859112
853.7584179900159  -0.0014543053316522503
853.8155894392528  -0.07194383564181805
853.6276162783145  0.17846019489250864
853.7483885314823  0.01445219347755966
853.463478822956  0.3853043296181866
853.6926966862891  0.09242377320419592
853.7615964390442  -0.010545549158052836
853.8053652179035  -0.056206303349526365
853.5889266301742  0.21641164935810764
853.6385633373206  0.15543402740056322
853.8590766984299  -0.13833843815989155
853.7092794687982  0.05758882201973847
853.8038886645977  -0.06391760836626403
853.84720801223  -0.12052685256300322
853.7882709738661  -0.051758471808341255
853.8392109850906  -0.11552814899699015
853.7102292567209  0.057899586492570876
853.5618900078982  0.2539687479553514
853.779800844458  -0.026401971345613617
853.5917430782409  0.2115507295343093
853.7870970266613  -0.045930623607155496
853.4108435427919  0.4506694319153013
853.6839256333244  0.09249213361845321
853.2402340155414  0.6790750814634947
853.1989555679282  0.7345619040463589
854.059332105645  -0.4018741345227994
853.8077913764826  -0.07667677296073094
853.772843886086  -0.020192537993288795
854.0876203165491  -0.4410239493359924
853.9527461342286  -0.2678497532280133
853.7024384823436  0.0599330495302155
853.8139309155802  -0.0739276622065681
853.2917286837902  0.6013085765868595
854.0008106021348  -0.33618198287323153
853.6678823963356  0.10902301225073785
853.9957194235103  -0.32131967019635255
853.8759732083049  -0.16118880364400567
852.8791897868332  1.1504315279605386
853.4325316352466  0.4223619723671206
853.7415395768451  0.016859276087270558
853.3216555102457  0.5734510135837994
853.2060112509815  0.716902463451472
853.8242021481306  -0.09899285215393405
852.288522126713  1.934152490727314
853.1874121148459  0.7465422679427753
852.5355717904715  1.6103992954563218
853.7985949979573  -0.061707411419202884
853.9807435940626  -0.3017906440933835
853.7259383580946  0.02942400346560703
853.6826599410836  0.08320251622768637
853.3026473111977  0.5868732447602909
853.7552855376758  -0.007012329784128468
853.8177545589484  -0.08702453728445292
853.9026617783612  -0.19731335494098445
853.8664642650454  -0.15313575076194397
853.5089214936212  0.31146788033681716
852.8379925993789  1.1954368632935193
853.5463803032083  0.2656814886219223
853.7427027512359  0.0051347611780627744
853.6292587233635  0.1520576874218058
853.7739617344654  -0.03507371976189688
853.3004104680674  0.5885251538515348
853.7718428885056  -0.03477013982407584
853.9291829330799  -0.23978634062520499
853.604079087282  0.18759645489674526
853.9830650854409  -0.3041095872421593
853.7090193553804  0.050895054397027906
853.4308534383526  0.41595899439581885
853.8359455021265  -0.11177358456916053
853.4145261448496  0.43856912342727483
853.4287737809286  0.4180107399702493
853.8924005001693  -0.1858493429926149
853.3831139938767  0.47261830322278087
853.6956684413318  0.06547874319155511
853.5707258362877  0.23901943295317807
853.5332027063585  0.28043776847828994
853.6015056989189  0.18777904140810975
853.3836641423934  0.4751790470497923
853.7033069723675  0.05468781794305855
853.8067214054447  -0.08331830641436966
853.7706172126715  -0.03273187137671485
853.8216797200583  -0.09999437145969026
853.7816002442437  -0.04691854791523298
853.3823443779866  0.4830930689883175
853.9038535380813  -0.21060367517979017
853.8732571930964  -0.16152303238110122
853.5525520628424  0.2526046537394251
853.7317083527726  0.015227862406661075
853.7864433105724  -0.055616516339995314
853.6898853253342  0.06748721541116254
853.630013825679  0.14930743360243426
853.7574070837943  -0.014234539448448658
853.6471230270809  0.12338746084868646
853.9404621562051  -0.2620712783766379
853.6589317144832  0.1108645179970047
853.6013165076236  0.19173640271413106
853.727503955454  0.019846779933459402
853.281854127952  0.6019935522297182
853.5294330188503  0.27557664547407157
853.6511492892407  0.11926844612270315
853.5544763779267  0.24689021108595455
853.8098109190475  -0.09251311259471606
853.5690686419111  0.23032995768396347
853.4488335682366  0.38727041606315993
853.5167361627922  0.3015288621757186
853.6141911944695  0.1690416896931275
853.4504691374517  0.37742006439232867
853.277530685026  0.6142115692906422
853.7431979624363  -0.004746922174319934
853.6968436340135  0.05052021018578401
853.7282536458212  0.021505013187482547
853.5810167907624  0.20487047728655483
853.767251045486  -0.03137426937732357
853.5141408061768  0.28678674950828054
853.8421715301995  -0.13058647138202062
853.5550729061983  0.24678624730592702
853.7313293911665  0.010701711513792844
853.5617408884984  0.23062020825725327
853.2072230327817  0.7045613073290653
853.3739054948502  0.478703292597757
853.9025290267863  -0.21446584191006224
853.538032042164  0.2625555036245757
853.6850669560572  0.07102418317906967
853.8345821750904  -0.1247313296794701
853.5684223144489  0.22856427728193296
853.6816956099334  0.07395173936692956
853.6103400552734  0.1692075170392897
853.5454001361787  0.25606982065571415
853.8600365885899  -0.16056433969697181
853.7958235536972  -0.07267055911393072
853.781192867969  -0.05155158126483528
853.900673954883  -0.21382967612147397
853.7421731030236  -0.006992798658806976
853.6638963471433  0.0973659641480289
853.6676080578463  0.09448118135524908
853.5949730450277  0.19176213686677812
853.7806966858825  -0.05432792409865428
853.633666402798  0.14097040024066487
853.5607319643037  0.23124267172226354
853.719735172369  0.025131496491606953
853.8398623487082  -0.1320285170954847
853.6807309537986  0.07541344594016053
853.6449510622107  0.11827473268414224
853.6771664674778  0.08148401901076596
853.7836447561945  -0.062428020650717286
853.7764566061938  -0.049575243195960184
853.7041827859607  0.04196379993120303
853.6032288493366  0.17374009337444463
853.8481120831885  -0.1465284149074435
853.7815940571268  -0.056111064275675915
853.7750976051465  -0.04861648206992086
853.864284435259  -0.166810272356134
853.8376235319438  -0.13209530578231465
853.6597662107393  0.09911754452960864
853.6232673155623  0.14859104989537997
853.7489308975736  -0.01659069604758301
853.6433994656645  0.12198782223774884
853.7065429285764  0.036726493040106334
853.7668761712565  -0.039941319304382716
853.6482349618037  0.11525691797653081
853.7623142874774  -0.03573431454978859
853.6305780875896  0.13753250664986183
853.6794442946494  0.07258429965482094
853.6172069690396  0.15692458730042347
853.7302673544392  0.007181338451825781
853.8178814181585  -0.10744332948195279
853.7160229923234  0.023081974570768438
853.7529207420087  -0.025325819568998043
853.6794283225049  0.0692204913544181
853.6095997718892  0.16793090753739293
853.8615024751682  -0.1656109257609799
853.6777492667647  0.08112024815484276
853.7617946072002  -0.03278421809256926
853.6900904513583  0.057369716186236985
853.7634004667887  -0.037022345919218935
853.8064865024774  -0.09483537128901531
853.7163098379068  0.020297185837563347
853.5722112396121  0.2128264432485274
853.8011908361331  -0.09016754924677883
853.682764182821  0.06270837777430671
853.8028698932013  -0.09496595359461679
853.945554194356  -0.2820507410426565
853.7207742625305  0.010880997303054585
853.8656299470928  -0.17280019421198745
853.5729425594556  0.20158629442715892
853.7825060215154  -0.0630104137716323
853.6527060330606  0.11323542625940064
853.8281407931189  -0.12465729732230812
853.7544675825678  -0.03225815499579454
853.5473507795075  0.24075697591530698
853.7445285330551  -0.013895752481808188
853.5601370186424  0.215730557332936
853.742746860916  -0.02857555249567767
853.6583964688181  0.09537241668209262
853.601818446039  0.1667560105697099
852.7570214773056  1.2753626555734634
852.9593067741339  1.0001096366240887
853.0232964867076  0.9290341827061468
853.8444535971049  -0.14482064362407954
853.7521819622591  -0.02994968901956696
853.8818987176204  -0.2027995840266108
853.630810154145  0.1352486626345808
853.8668523988051  -0.1813266018642139
853.8682373703001  -0.18307653024917414
853.6674303234347  0.07796395532469447
853.5508330718375  0.2355015674649117
853.5998797478646  0.1646486548613808
853.7328317840845  -0.004224894040319782
853.6972021200392  0.04465806408750694
853.7068117416935  0.0385365739392185
853.732845106001  -0.0011534147953611296
853.5018521656806  0.29405326490181594
853.5700995156694  0.1960224812815774
853.7562193118405  -0.040990447110157646
853.8970550749264  -0.23031226241325697
853.6185466228887  0.1391635555377917
853.4620633585942  0.3425806006764027
853.7683948930583  -0.056911199411164404
853.7468267290515  -0.026334428348274486
853.7221856155431  0.012779749144584684
853.7560793094551  -0.051996766951791784
853.523365890344  0.26806187233325574
853.7602514254785  -0.04405621244196212
854.2079910236963  -0.6562477653778682
853.7684792918369  -0.07196501262305688
854.2633857492647  -0.741269065356871
853.7624111560748  -0.05273649528552937
854.0730655174021  -0.47508561924220416
853.7108070425382  0.020107757590796638
854.064520672104  -0.467490197626681
853.8166352903988  -0.13584040350275473
853.7276768916386  0.001686951453550023
853.8782414663885  -0.22524485824388485
853.7088002853161  0.018868806911285674
853.7203005207485  0.0012928722168119577
853.7369474219565  -0.011614882350745148
853.8189973037585  -0.1407096608684224
853.9184491505994  -0.28753809384938656
853.9176240307982  -0.2652766749355635
853.9564011877263  -0.3353346873065597
853.8236282975747  -0.15116778609655768
853.817909667068  -0.14153871115168748
853.9034140857258  -0.27222670648775527
853.7378037985109  -0.022563503511545235
854.8335476326364  -1.544310322380662
853.5807562354113  0.15797202063184912
853.6988537161164  0.023293794417476477
853.5804435263739  0.19543143097595106
854.3684538622  -0.8932400527977258
855.151396263302  -1.9806654115563234
853.6895984599499  0.03029233151280053
853.331359398328  0.4936970108800054
853.4026088939488  0.3927264194132931
854.4871602498919  -1.1032071019402334
854.047925632692  -0.46139787047305525
853.24841690959  0.6143302957818655
853.4593072135715  0.3305498727184535
853.7881349770606  -0.1270718491436167
853.9038707839154  -0.2721379307929013
853.0798998905905  0.832622966332373
853.6594000111403  0.07914707542759913
853.5301314792224  0.23949274106752938
853.4516694012434  0.36190960814070294
853.4161348227711  0.3750382319529475
853.4953132412907  0.2619092364574822
853.5208049367931  0.21872706808001396
853.5717745434199  0.16456647485001774
853.4062223357707  0.3900430164818456
852.880047354857  1.0698498917218586
853.4749899735891  0.3233758744346886
853.5258049559532  0.24157690251217545
853.2110208125115  0.6177397368292823
853.7491386812039  -0.1024387670523943
853.5323667136008  0.17144691466238804
853.6478968272877  0.05480855004401697
854.184329249959  -0.6655216950375245
853.6960079213043  -0.026015646939466563
853.141878679188  0.7270005360522998
853.9798196021692  -0.4136155213387198
853.4675394249952  0.272217945252093
853.9891948240513  -0.4696864505367877
853.6682523722844  -0.005950465194271004
853.9412813594267  -0.41906247138885533
853.2481219239781  0.4866361754546009
854.2533292151846  -0.8246403062461987
853.6070375469379  0.12192565237164388
853.7655849865941  -0.10773354809908042
854.1937729587697  -0.7010112330369083
854.2250919364988  -0.8295820334434634
852.4995915942357  1.421466081954879
852.5595770779428  1.4718877877992096
853.3592757945914  0.3500116915603382
854.501951028018  -1.2055884454588917
853.1943943944734  0.5876005983491108
854.0286723431044  -0.48873363272624104
853.1660241819882  0.6515152116400227
854.2829989152046  -0.8320307719885012
853.1577960110102  0.7146346862470025
854.017424381242  -0.5354817270449299
853.9516013308239  -0.4233699935279933
854.0483776100953  -0.6223020048827728
853.9193675460689  -0.3314755431052099
853.663006629508  -0.12567307694357943
853.5418202652019  0.1463505269439871
853.7701657265666  -0.13612569377965755
854.2187010976438  -0.7814497193468437
853.5182179539877  0.06696655909666838
852.543202033219  1.3373285869260503
854.001419905627  -0.5404314955050378
854.3918589445092  -1.0451877114677117
853.7722074266777  -0.283441597996152
854.0359763178039  -0.500417008532672
854.4486689090662  -1.1429860129798346
854.0953417221982  -0.656063830605456
854.1957550933646  -0.7858831314579238
848.2251463249639  7.033645259896843
853.943205284135  -0.45894263087838105
850.4138112595747  4.153244800801403
853.677543860522  -0.03557402295786538
849.5266691562833  5.324390699928307
853.6647549939019  -0.059433933310998555
853.8003653713521  -0.2187269440301609
853.4056388291505  0.3581122003667243
853.1693142059293  0.5602416623126221
853.4001267758644  0.395416672377797
853.1922584789237  0.5055527129059758
854.2054372037234  -0.8032521839341982
853.5442591399171  0.06902323666255938
853.0217027099325  0.7351373226442313
852.7411223853147  1.1807457656813245
852.9924630110745  0.9511679124580183
852.4177983755089  1.509223621902656
854.2014246393787  -0.7400592042083538
852.7448447495339  1.104881345215885
854.0529604005205  -0.6118205734031772
853.2684702791449  0.5051660621229814
851.5332605325858  2.6737498717326904
853.2846955184339  0.37857549234113463
852.8519245631643  0.9791653105155689
853.6083880688383  -0.03225003087261591
852.7889247519888  1.0238788755151944
850.5387943726773  3.9862225428215936
853.8525277487686  -0.29567225521687135
853.3083354961925  0.41264428166136646
852.4537157700781  1.5088083031551331
853.7315103259003  -0.21838518991948064
853.1685304437713  0.5875953719948264
852.8587088089002  0.9515107907608726
854.0528549310053  -0.5692819278948313
854.4284655388863  -1.0403599675835
853.3039838397278  0.4364506772849417
854.1370548362747  -0.6864671558294368
853.9302604556839  -0.4686748757612804
854.9709078563137  -1.8169637416242885
853.6235453062043  -0.035773327529943444
853.8489001516414  -0.2331923732384098
853.4607450266675  0.254882446947871
854.2831561361684  -0.9236775160964683
853.6806752262379  -0.10239219971360036
853.4132201903237  0.22510436386095378
853.2091255242879  0.5648864555207176
853.260753736388  0.40300854211736414
853.4580223513054  0.23261318064164982
853.5658404996415  0.01417013791561672
853.3920884854261  0.2267632576837837
851.1483528618099  3.1725662469527975
853.1335373127063  0.6148424234969418
853.3041018537448  0.35878116680581584
852.4673260034416  1.4398327580673964
853.2929509771996  0.3839547034139059
853.3284342118948  0.3315695472246194
852.9442798397716  0.8210223315558327
853.7903539260935  -0.2803104408799211
853.5907036847465  -0.020446677176733985
854.0553960723272  -0.6336309273293939
853.6117224097896  -0.04074382372435892
854.0132916770831  -0.5617365046477385
853.8953810135888  -0.4290289682213828
853.6584482091807  -0.08539771982842304
853.7829508453681  -0.2703414242458546
853.8218191474988  -0.3181528367842894
853.5568717953047  0.03086208915405919
853.6880690570127  -0.13423282573795525
854.0133993490596  -0.5763104847990608
853.4144854894628  0.2058760506356787
853.9353815059126  -0.45986809698976927
853.6503003929531  -0.09312854866651143
853.5993223945288  -0.020603856736142845
853.0777112530759  0.6499491283575995
853.5788884510985  0.0038842345500818
853.5372668011139  0.05271095567764128
853.598223846067  -0.02172124361655925
853.6183021798548  -0.04224753437693174
853.7074585690726  -0.16223361728783559
853.7005131228913  -0.14881005414958004
853.5131472701286  0.12252612043329769
853.5045183420596  0.11271220102236157
853.7580404909235  -0.22154542227848673
853.5643201092973  0.04249790477127746
853.6779799527716  -0.12473886377519605
853.5684359708808  0.018416216323831947
853.731834563648  -0.20138938617487945
853.6146518341773  -0.04877084894446604
853.6193497852748  -0.03774739013030626
853.6750021842715  -0.13150734262619856
853.5933830909541  -0.025527396924468704
853.2943128121203  0.3582086888117093
853.6794605492847  -0.1361612482141421
853.7287581677424  -0.17518023650328907
853.7983257721121  -0.28640512936608964
853.5193294183506  0.08210681596913005
853.658370035189  -0.10987494381007323
853.6326194391877  -0.07408864188707653
853.4298661408291  0.1824736557717621
853.7831111419143  -0.27193592011399303
853.7039852786827  -0.17539688981726442
853.6516631118268  -0.10140875125288318
853.9662252558146  -0.4987698223045012
853.5350952116208  0.04979842460255135
853.6147304259224  -0.053066011244357725
853.6884672401092  -0.15028857858056988
853.5306449318147  0.04998756895358625
853.6365271986434  -0.08664947413852175
853.5310668188715  0.06046053212123503
853.6120515888557  -0.040896179287134515
853.485678623174  0.1076148964488759
853.6686803593497  -0.1300727716811707
853.4902356213975  0.10134067626335153
853.7209979572314  -0.1996417425122008
853.634313866346  -0.08270547461214761
853.4417131914378  0.16570712760185202
853.6538292429094  -0.11080700838025592
853.2101558608238  0.46008604164833855
853.6051548643256  -0.05067939924543019
853.306310608473  0.33693415611221056
853.3975960083744  0.21669251450983218
853.376332295242  0.24597268689651663
853.4795451495752  0.11611622506938879
853.2765615972468  0.3763129227573856
853.6429072366639  -0.09564758704435938
853.5959017436866  -0.03563835231224388
853.6710899991244  -0.13884488637673797
853.5822110201631  -0.015558842769392456
853.4740348883994  0.11738557951222006
853.3302523911425  0.3038079335310737
853.7893630302176  -0.29081874762574245
853.572131535256  -0.00948072615560136
853.6527169292773  -0.1149922041228848
853.6084430960778  -0.06176937580443287
853.3959177349693  0.21642711611643328
853.6640497603614  -0.12696654455856482
853.6389701473041  -0.09170348439939957
853.526932595615  0.043112409561842924
853.4090985106429  0.2072694738263845
853.6910660355727  -0.16418781659411152
853.9337916237582  -0.4830260226573042
853.1721264047534  0.5042589224071037
853.7281617243078  -0.2153233899887841
853.4020159113769  0.2048390582475914
853.4164257298567  0.18763584572345948
853.536847514025  0.031054800199628474
853.4730615487945  0.10973928211558359
853.3301577394309  0.2936294206303707
853.552150188054  0.010439756671196676
853.6815674890125  -0.1485279641481121
853.1770630496965  0.4975810319541836
853.8707367702885  -0.40542985118475094
853.6828285318123  -0.1489090012152019
852.9263357628737  0.8269521226125836
853.2387034100935  0.4245666096209355
853.2520747623865  0.3996795135619102
853.6309902829638  -0.09836727077115803
853.4385046681705  0.15774511469322583
853.2619899971037  0.38108622815353144
853.254016222801  0.40019973108395135
853.2362310522343  0.41762657785471546
853.367518192225  0.2553758916738804
852.6512883679549  1.1888295624230025
853.6988829747709  -0.19004966788848776
853.4782037077172  0.09769516498408137
852.814800362582  0.9731062654226665
853.1089433164555  0.5834113398950613
853.5810334401909  -0.03928051996987847
853.470788434223  0.10940982306835778
853.614716499389  -0.07669764163990322
853.4308585423898  0.1593247575779415
853.5544956307817  0.0006697049494182039
853.9612971834958  -0.5334952374867274
853.7898760710742  -0.2964793645819377
853.4661664459868  0.11182306505358675
853.6405326941453  -0.11352589494891063
853.910578132647  -0.4681276511084427
853.1296612703933  0.5535559067834086
853.3647100283066  0.25130876104593547
854.026410537794  -0.6242265695656961
853.273603679709  0.3656593209099661
853.9395709338214  -0.5070541908942783
853.2533306295995  0.39345654881569025
853.4179540370053  0.19306881245402607
853.4238537722232  0.16859280852459513
853.664821098316  -0.1484511729625897
853.14107610535  0.5424327375773821
852.9117120076053  0.8437371012307633
853.8404980224135  -0.37513267510540693
853.5169068406304  0.04948366374721935
853.6838760086622  -0.1638258809876465
853.5571582946055  -0.010639246394633872
853.5704828057133  -0.014591853636432006
853.3088808762461  0.320718465041562
853.3130654388934  0.3150971695508442
853.708419125218  -0.2088936771906038
853.7393058734095  -0.2468627129337655
853.3949720764576  0.20507564903282116
853.4516752505829  0.1318760577187934
853.6125500845976  -0.07596556336326188
853.3105008940379  0.31479859988512615
853.4649523977938  0.11510990016151901
853.7993653684971  -0.32311583186734616
853.6126379095475  -0.07739083120010726
853.8382093702278  -0.377041892366643
853.6311156357082  -0.10388530679360564
853.8398774594172  -0.3736942889210564
853.5099867136589  0.05603155181793262
853.5849523199745  -0.043060402305364676
853.577955851883  -0.03091126366441621
853.4268745840991  0.16192643659354644
853.4412184304314  0.14684125665112369
853.6256804435773  -0.09476129864985516
853.6287376899733  -0.0975878981035958
853.5687334501206  -0.01823320165669351
853.7347864201064  -0.24550514671795653
853.7627922509919  -0.27200995313279464
853.4367017615481  0.15206685446956492
853.3226733903005  0.29831816359122776
853.5063717128307  0.05639373838026884
853.6541874133832  -0.13114867892982573
853.7767896553962  -0.29596463038071263
853.3691260643503  0.2381922819380602
853.5831036679787  -0.041055414121030864
853.4824679469565  0.09189395113617849
853.5120675245814  0.04908675184816147
853.5997004691641  -0.06487203945827424
853.7331021923337  -0.23845927821778368
853.4672731967247  0.11000834059016107
853.6370772492487  -0.11152886812906004
853.5914742557887  -0.052581383476965726
853.6431315371501  -0.1210246554215999
853.5351865268992  0.02031248589546486
853.6580116594151  -0.14041202956490473
853.5251575987742  0.031776265289432004
853.5159663175629  0.044944828596420905
853.6327323259978  -0.1094157093679975
853.4563271449002  0.12249763868360652
853.6510553019517  -0.1340541888105129
853.5295998957565  0.027498722180418156
853.5746095686253  -0.03430429160839843
853.5092412658265  0.05229136523453626
853.5339412031856  0.021268814380915657
853.4999472637721  0.06651959479227365
853.5139216537519  0.047586728027445346
853.4728545624439  0.09909787076351861
853.6177596081434  -0.0873908547972011
853.6220529908412  -0.09774587570053761
853.408554475916  0.18104471388761567
853.6082606921053  -0.08057799154026135
853.6185753851148  -0.08542643104042291
853.6263129276458  -0.1098214254832417
853.7867829264447  -0.31689568433506565
853.6243036000269  -0.09374103756653973
853.5331997451183  0.018355430209039625
853.6647615362315  -0.1547664224140739
853.548250518235  0.005274606129088255
853.6252234055885  -0.1027659684352713
853.642774750801  -0.1309137585374902
853.5732533211325  -0.03472729496099092
853.4317881368295  0.1446219844411054
853.8690555514951  -0.4295312756815708
853.4767532364289  0.09042338493919466
853.5654194120353  -0.024562063421008418
853.5665474173888  -0.03390045094827521
853.3085001056495  0.30507365133198583
853.3108517657877  0.30777692381527366
853.7325423437951  -0.2506873180090601
853.6310457937573  -0.11717714518927203
853.5359731973525  0.005343979618682937
853.724243211868  -0.24121478164710553
853.529749887586  0.014525949287536477
853.2757119359322  0.33640927435902057
853.6498380853413  -0.13729240301132428
853.6315106973063  -0.11540262503351251
853.2763932869614  0.3287093266207517
853.5395604876446  0.0015483574532506594
853.4079381875955  0.20075514634652514
853.4661835461585  0.10204229312458502
852.9431196303677  0.7784394831694108
853.4498769114036  0.12627446785481666
853.4512809451472  0.10963428589250768
853.3432011451159  0.257807582822446
853.3527887850555  0.24879403579165782
853.0808725644289  0.5940158183977093
853.8022497680579  -0.3415164780621165
853.4267151594348  0.14799210138473917
853.3800682346426  0.20646951572027206
853.323632417768  0.28306947245654435
853.2915083543443  0.32296444913491307
853.2318998220421  0.40550800140642274
853.4625268575445  0.0983205756257508
853.754434420567  -0.28065973917536624
853.3890859665039  0.1949083469047821
853.4571176589108  0.10822499238609495
853.4438903384945  0.12890288342453537
853.4807153073597  0.07990264182463136
853.2862329934204  0.33368694657602127
853.3579888269331  0.23956314670104994
853.3699561587936  0.22301894159506475
853.4748246541076  0.08980238763182768
853.417179282174  0.15672536286817618
853.3991546892732  0.18053437218042667
853.5354256080922  0.003089916694010597
853.3408521480058  0.2576547636441102
853.4901737205058  0.06881373329078322
853.5299348385977  0.011450117026621243
853.4557559905228  0.11154658915426907
853.4223970789668  0.14846128886352083
853.4175073915713  0.1533037927690284
853.4065675983443  0.16902975961516198
853.5361319966955  0.002189526443357792
853.5869878067446  -0.0607616483074942
853.4627035429372  0.09665065251359906
853.5227014687857  0.01972240815647197
