 Dim = 2
1734.8152790052395  -755.1923894910493 -507.0119819818242 -794.008256351683
1920.4668998333627  -4544.334615597781 628.2590355900488 -1905.7070492830067
1549.0996409497104  1213.74870408635 -1054.2279968279763 -259.3185313604093
398.1562424495747  -3530.323087028096 1178.869875291017 -2468.1790202737106
1822.2038577896044  -4409.895253679302 626.8255672384873 -1905.3623924467008
1920.6407424473107  -2041.3889759408203 -174.36491975469238 -1118.311315953242
553.7066532310381  -3980.527910280446 1191.982653714557 -2477.699656427954
136.10438350276593  -3538.5143980148405 1485.559516787846 -2776.7949634771708
101.47469547607851  4265.17568421312 -219.03295773688615 -1124.8662657620582
21.101944733082576  -3012.6110650667274 1913.4796427968681 -3211.791874174584
1611.8260731169996  -4139.429429015585 633.2832515209121 -1914.071265264501
1584.2483538555434  -999.7163439007933 -360.78728134060344 -939.1859666270053
1407.4169129880393  1304.1685253848564 -1015.6004533905666 -298.93568679691583
1403.4446425048852  -1110.6761909299332 -239.3545324480546 -1060.5015780400763
504.9501914628286  -3918.8090974336856 1211.079068738499 -2497.4243128643225
1030.940133710859  -941.5412818672517 -97.14047433317245 -1205.0214290887106
1279.15819403096  -674.523029428964 -316.9328365251323 -985.981670830135
465.52894810968695  -1053.6591544743508 325.2258054735887 -1629.2169128134983
1937.5154749925327  -263.3907015015426 -751.5150851805691 -551.9332356149529
1933.7145017558448  3653.6229605270637 -2005.8917072065942 678.6007626571488
56.948319742237736  -3455.486390192886 1610.098704319465 -2902.8217344871478
1165.0872240966262  -4155.973023126546 859.2434729570252 -2141.364895824576
272.25373711379575  8367.180744697247 -2509.260234321979 1146.73944832295
1710.5925299234518  -4422.985744779963 679.7451130820618 -1958.5189425183996
15.309540716141099  6926.401283243084 -1298.3818161749518 -60.2400260983203
1811.1568724935935  -4293.108601224387 594.1333755717907 -1873.4116675003436
1555.6706094239264  -4606.982780781427 809.087389679441 -2087.1989040641947
922.0875549808175  -927.1714643457876 -37.82209831587781 -1264.842697372393
1915.3666206888308  -2782.5340153231346 65.4869947019971 -1353.6682326432194
1213.557437286304  -4481.419067222859 937.8110072174942 -2217.784740366562
1502.0349053281275  -4211.032145036413 707.2936820565405 -1987.9778323884907
1924.3038412779563  2277.162206495108 -1560.6091312841118 241.66745456871323
1459.388056886138  -4186.752544421796 719.8402060805704 -2000.8042183311295
1629.0729685979725  -3877.7285662626423 541.5111327740799 -1823.840334697648
1046.964621755672  -3230.613059953559 627.7135251537827 -1915.8887357714962
981.972060556594  -358.234527152788 -255.85588426923454 -1050.0390771596121
575.3681488588031  2604.979114370459 -936.3369007733339 -389.3396649125719
770.829461350107  1716.0875413901206 -789.8952293331208 -529.4724316163442
1876.2065722347331  3681.1249188305273 -1990.538395453663 662.9230264943499
1372.1524022125438  1678.8812960467885 -1118.396058183587 -198.5327313508701
754.1820371461557  1109.2899804794856 -584.2704415567152 -731.4771529972923
1695.6481999306088  -4372.165837093699 670.0930671177604 -1949.2192740786006
944.9581882808654  -903.1923799720901 -59.24278214336661 -1243.4786641363637
710.1604063542853  -105.11922654124487 -165.03090674612594 -1143.5218330362052
1512.4254323089528  2219.5778315868924 -1359.543838938564 39.76577736701006
394.4954174311116  5529.610247100299 -1722.757234606462 378.30272573548837
137.7856216217595  -680.7885109190722 566.6150296470279 -1875.2206348339123
1743.2743852440217  -4081.478734729637 555.8161797217213 -1836.574079318994
572.2061878610915  -579.3033973998893 87.10125495869642 -1393.4193978043158
774.9790120750516  357.4478413746859 -356.99554676796697 -954.0879345090284
674.834227950572  3740.2712967314997 -1373.3986960867273 41.28934826825367
374.7376022860755  5373.4552741486505 -1654.204369903469 310.5798336335135
211.41211322002576  1596.0007229877924 -266.21764639844076 -1055.5725599068046
1396.8093008898984  1723.1194120692776 -1144.7371647174941 -172.38177688648966
609.9504701791002  -4106.467890531639 1189.5772104979972 -2474.249876845498
578.2406369533252  270.4961369384018 -189.99632153411858 -1121.462267189437
425.11615144668355  -2376.321913126192 784.4680380981974 -2080.640035822246
451.28329824209095  4627.359859914973 -1484.1445591096415 145.50904288517887
198.74711692497965  4754.311259762183 -1262.6803094893844 -78.4314920510796
54.52170183967559  4799.258021022933 -1030.7600136762276 -312.2261977795886
1387.0656992018241  1908.9105355530555 -1199.5187941340394 -118.76169490242364
318.6609726422219  -561.6745578750403 304.14397885212594 -1612.0167023369036
1490.826225902413  2607.0669378207554 -1473.5642344692565 151.36211502811105
1452.5309434156886  -4173.3990810845935 718.8551864940669 -1999.9218707711213
573.868898569973  3067.079779112436 -1083.358694538676 -245.13689150772842
1119.0932214935635  -2440.877708719988 334.27859420231357 -1626.9974560750484
381.024800986082  -837.0325146209337 331.20901776839713 -1637.0084606925757
610.1428566283643  -2715.9064162186514 743.5609357047506 -2036.6932790192086
201.74708006149507  423.06321053995043 122.21281545874933 -1436.9466845651223
100.4758880870619  60.69746585318609 391.7656526711593 -1705.2914991683203
369.27637796658314  461.939394766424 -74.16917212606477 -1239.6059371716324
358.1473924873705  -1031.957606384975 415.54320585733797 -1720.2985586119667
599.9478037409336  527.0499210773205 -288.6657534532143 -1024.247154672498
359.04210176260057  1157.9039574004426 -287.486472319134 -1030.587042911734
494.32824221062543  483.39360081652893 -191.73743016276188 -1121.4488322664972
515.9057549208848  664.9264839574477 -267.55786941334026 -1046.618424725837
9.767078165803218  327.55254221020914 559.3173825956032 -1876.1118923728043
1067.236748499308  1362.238629359187 -856.3887142285188 -459.65648900942193
308.16446836970624  1060.0571350992427 -204.97521837252697 -1112.8353140947734
404.5220938280701  445.6945492351563 -101.84026541151107 -1211.6223152127648
215.3999811580238  829.4370900208809 -25.432602473984588 -1291.6610463845714
236.17541806588295  300.1342703174664 118.9140589594852 -1432.6223807392857
374.1974224032428  825.9348309660536 -195.56383692846345 -1120.3955030166007
400.67512929133164  1050.3124445716455 -292.1893473382979 -1024.9747742400514
482.77385451385044  1326.6631424368504 -452.5357724954252 -865.8435280460692
57.089020352205104  2036.3944947643497 -151.17419764389246 -1174.960913816048
456.56035933964114  -194.15718398983813 57.29527663574684 -1366.565658965275
253.82397571027337  1947.4746111460938 -429.9808945912305 -893.6159057139639
264.22915008589587  413.5821609844355 49.98962062682091 -1364.176660059869
246.86497448963263  1339.1675969679723 -226.86315206000899 -1093.0849587664072
240.54732422456408  880.0616957903338 -72.23017224583126 -1244.9728459940704
428.58325758248986  -567.1244477182398 201.28364557462464 -1508.4433525508312
578.1876204899878  209.93049104210377 -170.5359483314829 -1140.5544031212514
305.40779440634776  51.967655086100564 121.14842516432634 -1432.8441934424386
408.35872912513383  305.36489848357655 -60.335708678486824 -1252.2503738113116
367.33083543550856  203.49348889684495 10.559320154009022 -1322.774051105742
425.78051924859983  587.6675086529964 -166.5042353152288 -1147.697750725667
473.6674573158047  473.54102171495845 -171.34929408713683 -1141.888995248561
197.20971905335273  292.5311131935779 169.96048248866953 -1483.938456516092
389.30135121348934  56.787014778951544 36.87589481918311 -1348.0633320794157
465.2333930125517  65.08877664217366 -33.241145957400434 -1277.5584033434632
437.4929409995663  -339.66145927045403 120.49488118671213 -1428.9874965276356
591.2010857952332  -539.514820115254 59.895266391920444 -1366.3615956142671
202.06231098308723  -360.94472704550094 373.19218680269927 -1683.1532639330787
337.920246907226  -793.6269792130024 359.0163190501487 -1665.3510298638503
1073.2127385312708  -1534.5620833643807 69.09803048794356 -1367.4964230400649
278.80848892565575  -128.01268491884304 207.4154050965925 -1518.201716375971
423.20448582783445  193.0068826373253 -37.66557424691082 -1274.1500810571465
714.719623273749  -1179.631422612063 176.37004631082425 -1478.3647567097466
633.2178125205744  -329.3449752975417 -38.6504193846589 -1268.8921601213779
903.4624093383559  -468.8211449094887 -173.4795420659102 -1132.0474985778424
1209.9614484690971  -756.2659674834948 -254.7369922126964 -1047.9140400492456
895.8575936969396  -361.70157737699697 -203.1755028076884 -1103.0335146967411
1953.471627611155  -3878.9410171170402 401.1483353704516 -1682.5554003680825
695.2788544334445  -1106.6999145712075 166.41703016458456 -1468.942774054526
633.1548896482154  -556.1161454359438 34.107958165210206 -1340.2710898433816
784.4745160074445  -372.69261225138035 -129.11957415332265 -1177.4809640559308
1715.001005934778  -1395.4432315898266 -292.96829489323056 -1004.2133392664734
305.9868786977419  531.8894609622947 -33.342536676672864 -1281.2692756805284
449.8688929528861  -452.4740843944512 145.88878559059737 -1453.624962488688
1097.5731893239144  -1942.8130671937524 186.43609759768378 -1482.2624069978938
698.5093010274128  -527.8252235735945 -21.43973674961383 -1284.5934702481363
418.0576971829014  217.70149182318707 -40.9801175481619 -1271.015706712944
1068.3263559270822  -1264.3064762832416 -14.818087913648526 -1285.2424267103831
684.6561099498072  -33.42944060850991 -170.3004239542705 -1138.803645261696
466.3926599125795  946.2008670036388 -316.7485662016479 -999.4055379560405
717.1121464949273  -517.8612036183242 -37.462047522528835 -1268.5484168228272
1230.4615013139896  -1775.8723602818538 61.42641343744157 -1357.803876356618
491.2088233428509  273.13098545873066 -121.74039778383658 -1190.18331572949
831.3626762419862  240.15902520084535 -355.8904781440349 -954.2421464233239
579.228705312648  115.42977865440648 -141.0288924430297 -1169.4813277857736
403.11029504981985  367.5622992665166 -75.49892046920786 -1237.4966555224382
637.0800361418827  163.1414912072253 -199.37388739154704 -1111.1468611235819
799.7212171699775  -292.29209571775027 -164.83744288830817 -1142.1876885439613
677.2583667706848  -19.099025341947822 -169.6948054530027 -1139.530253462877
529.3592966690373  290.0242900282702 -158.1441056191734 -1153.6810040747737
882.8575362956637  -204.71404492405094 -245.51554930989917 -1061.7006013210919
755.4043861423476  -55.850726686381506 -211.49286704925504 -1097.160346331332
492.8649551300002  11.963100305907368 -39.368482060822984 -1270.9573037792004
696.7458189183473  -546.3431830494274 -14.277280001323035 -1291.6512181743556
717.5451157075371  -313.11586170263115 -103.40868937123432 -1203.8455816265146
513.6983176995581  -96.92463540117524 -21.49118233314563 -1288.0613731040974
677.5700879311554  -156.53273675795276 -125.84740858818618 -1182.540033186749
592.1388524620535  -23.225174161801974 -106.35643909997133 -1203.2465596669383
587.1984543506778  -28.318255698627922 -100.99115107301557 -1208.605115979893
544.2324148069152  -325.5664909087918 27.464004353050164 -1335.4671322509441
535.2503926294014  -108.29631938606197 -35.109652468197794 -1274.2615088165676
477.01340122525227  102.7098665876496 -55.260336862938786 -1255.7034039146124
514.5260964372494  -65.60086375786109 -32.20464121939702 -1277.534145136251
615.7870863681559  -61.15842160393025 -111.84663518241375 -1197.4108357863452
591.4013529943687  -323.39044663116147 -9.554504352244265 -1298.2258105210444
427.64997889831227  326.8089829776461 -84.52206570428974 -1228.0819865706258
467.60383279511933  -175.10018873746546 41.76017578977183 -1351.0852551518446
642.343930073471  -228.75971981595745 -77.53155955197668 -1230.5799277383567
476.37151249657165  -56.79346698177261 -3.5774454701809244 -1306.419332795432
480.76531279654876  40.36150406709001 -38.41397509103922 -1272.1499780771353
544.4391839709879  68.38442156575951 -99.01602815010449 -1211.3829623900435
437.9651793000583  161.03794301577108 -40.46475228466061 -1271.0715821134113
532.4567911295042  351.8259833086473 -180.4264633565489 -1131.7586395018184
474.58635912519475  49.01063435455701 -36.00092298916794 -1274.6493607103382
425.763904053604  -114.56051698119765 58.67476438044836 -1368.6042737611333
428.6125178839404  -24.29861060591846 27.20461601245227 -1337.666874840155
426.43944970343597  31.10006412966481 11.369419259119486 -1322.1812709202334
503.3102503169516  28.470655635739334 -53.24736148433465 -1257.1230610161338
524.9422901089717  -139.23408585212144 -16.976417408796696 -1292.2598878736185
521.9482221698958  -84.65266571574213 -32.07685740197944 -1277.5071404793318
519.1111747499209  -5.644758628635337 -55.1290099526763 -1254.9505219310154
425.5139162102034  -98.33723630417637 53.695173128964996 -1363.7248346180222
392.3757008387211  204.21973924078117 -13.250081103866272 -1298.8158420682857
383.3881774230991  -99.40292973318623 92.4758701038473 -1402.74886684382
371.1038127826451  -137.4078003771955 116.26470885509968 -1426.3818804579041
621.3244980415654  -134.3389480007634 -92.466234685737 -1216.31943837608
542.4593170997904  -89.13004301173184 -46.95218180080876 -1262.4985675783978
521.138876711863  -47.00423463300494 -43.49842198505403 -1266.3188658493505
504.79984547972475  -41.91818072175851 -31.89483631405044 -1278.0394084228942
453.9746124231443  29.699037086086342 -12.25944861854101 -1298.3873925392995
556.0679430213454  -31.36588761356773 -76.12609049393348 -1233.6068836733207
550.6420992508307  -89.96778027655651 -53.10450312443754 -1256.299418829639
480.9468250218035  -57.50450127996905 -7.185810373742926 -1302.781708856927
501.3468057285661  -28.658177002818448 -33.32235367737404 -1276.7109238469666
476.17772885923324  -38.834275033452116 -9.17303645757975 -1300.9340697387086
520.2766051989429  -99.8341008476313 -25.865718175655967 -1283.6346415683665
489.4613941392075  -139.84221993430037 12.124060028302122 -1321.5445251784547
509.9058469765925  -77.97272126903405 -24.492715674807705 -1285.1951355161061
371.6671679412546  76.69294736552254 47.078619086988866 -1358.4949606500095
487.9819173927801  -20.947169027347265 -24.77107522043903 -1285.380763076908
459.06843138602954  -23.317603412411984 0.366493708951813 -1310.6623416684427
459.1753966348039  6.17887120467146 -9.182910611914448 -1301.291807855529
482.23215524913064  27.794633590473573 -35.61079803676893 -1274.868724560793
448.7726576979186  58.70973221621378 -17.069820409387138 -1293.7827228095744
487.77537009128093  -108.43568666503225 3.453015556125944 -1313.0736615160442
472.1627378439054  -2.9934372553941664 -17.282711787683027 -1293.06444391099
458.879469545172  -83.7695417158728 19.911765857769247 -1329.840857100623
458.08889252405567  16.39063533433573 -11.526538920827322 -1299.0163597925039
458.3793475478372  -4.608439730653226 -5.042252012931663 -1305.3712641254992
449.7086506745243  -23.710875277001005 8.547630903921826 -1318.8934366573358
509.9722864418716  -79.88388567571896 -23.93388791355654 -1285.7419843851449
474.25766774788957  -26.69830520382893 -11.448578719287694 -1298.7428675213614
479.5619120317539  -46.80651382318865 -9.456738911572726 -1300.583404618922
472.9515280619728  -63.978504862290634 1.6060528437674755 -1311.5778304031312
495.72158911811965  -26.81401634469568 -29.291955200736297 -1280.7825798058577
454.5192081445148  -44.92287662689933 11.198770702775956 -1321.3885426084453
476.39358119664325  -11.215774821295483 -18.210144609761876 -1292.063821890906
454.3904354529059  -25.800149817683355 5.178021847272685 -1315.4848625225793
437.77099582257364  -64.50615595888601 32.02453354248073 -1342.1896942201497
474.79451802447534  -32.377091272403234 -10.079816191626792 -1300.074140320104
490.39847050584024  -55.22752278129398 -15.783654749672419 -1294.1465849560793
454.2333134061334  9.385221002856788 -5.9686785876991735 -1304.553119640979
425.6677798648949  -72.76608106275012 45.359150826938325 -1355.543505928981
475.1289236954095  -60.32432816343669 -1.4002251464867363 -1308.5818623301432
422.83275715967017  -13.86772466682556 28.99879645119424 -1339.5579174336904
482.9964900837989  -21.726611902504704 -20.370429785351224 -1289.803642148215
451.1947317080285  -13.685623024131655 4.048624759126436 -1314.4470792523193
462.27434614704345  42.42341716118527 -23.452981753831406 -1287.2250466902874
468.6313053745362  -23.48655904423736 -7.724785325453044 -1302.517096450837
455.694435210174  -5.7385571040296615 -2.3759822063771896 -1308.0456312888336
476.5442560453269  17.333091605015163 -27.490756935610307 -1282.9560867274322
452.5936444827125  2.574598529555026 -2.3723035755631203 -1308.1172373570096
453.1394679497014  8.311728571537115 -4.682390713723946 -1305.838998740079
466.6033754586557  -11.256452642620742 -9.925925320922595 -1300.4015489747856
474.2812310197814  -7.696120046340811 -17.561337885331103 -1292.7455945312563
435.5524614581452  4.834737221122815 11.738506192819917 -1322.3382161106624
470.8761592905421  -41.466586106979804 -3.8596636031706257 -1306.2604735454117
446.85457979868045  -7.251448957481108 5.742898208872156 -1316.2049196027249
456.49666153990125  -25.47005865938614 3.261683534538533 -1313.5587659657383
463.91477523464664  -23.27093206074322 -3.7869773061159577 -1306.482258005729
458.36111597528406  -20.102569055245883 -0.05855219334816919 -1310.2607943938522
427.9650906540051  30.070997260370504 10.345297762028174 -1321.142087918534
425.90150962917824  38.670957918587746 9.41989478511654 -1320.2809168558083
458.5803124634525  -28.242416159308952 2.3636331614759634 -1312.6322338893012
444.7153705633229  -16.6934382833662 10.62906566484454 -1321.0457187322668
439.82920904130305  -9.027552712932604 12.433262453451405 -1322.9242576931372
457.3104707009903  -2.8029845778231195 -4.704772076264089 -1305.725684703011
449.7213310483617  -12.299687683657663 4.877748669045789 -1315.2929123294552
470.6662619086455  -19.18104696815533 -10.827892626121258 -1299.4289900015544
451.09575820314643  5.347310427093281 -1.9686636731248601 -1308.5461486291467
453.9126647310035  2.402317360033746 -3.4536192655008184 -1307.0274868492202
471.18885815483304  -20.80312780897959 -10.749557206773883 -1299.4945850484735
451.40331701994717  -9.335179678370098 2.4735674504972742 -1312.897320769058
444.33558206991324  -22.445868153965638 12.803988008366943 -1323.1877891314903
449.7062119206507  1.6452154980276696 0.419497209496922 -1310.9195909771302
443.40197762692395  17.013752044210342 0.9644677927732825 -1311.593636686472
454.61324033913905  -9.954267092985472 -0.09456318282880938 -1310.3074427393121
454.16889533797814  14.257297194966968 -7.47542489381373 -1303.0763769231608
461.9156367966148  4.912045231723614 -11.119120644383923 -1299.3326664896867
444.4262459608304  20.98951394303814 -1.2021447435420654 -1309.4454179189893
454.33265686091784  -2.5280320997911776 -2.234285797780854 -1308.2144728129526
455.8564463701187  -9.250772103884799 -1.3890292272816471 -1309.0103101052705
449.7185601314436  -11.724869675057606 4.695834485420735 -1315.1145110946468
443.5833559887811  12.887183015783553 2.1296234977875437 -1312.7326582206617
453.51449483120416  -11.820617275703968 1.449775445723815 -1311.8465734716553
453.72432014773295  -16.279565659576672 2.698777810096745 -1313.0672716524214
452.4585087173603  -8.036220354836338 1.146512703210945 -1311.5722515072036
448.05512066841425  1.6975387405369116 1.8323238042072894 -1312.3420270753109
447.13041431787065  0.24834502662722047 3.0988084474142177 -1313.6049054365055
450.523219419695  -3.700036896440083 1.4269745051411853 -1311.8899548813013
448.2913617333594  16.741153399947365 -3.19601170939936 -1307.403891126089
438.2754216587621  16.57926702563608 5.58295231243965 -1316.2385882879705
441.04649779272853  17.817847124822833 2.761435036748485 -1313.4088506303738
450.99843546089824  -6.7983553541771515 2.009819024895099 -1312.4512796830302
453.8139200716741  -4.810651675877697 -1.0558061902389753 -1309.3819665936987
444.9709009797574  12.099304578471969 1.1746314849482937 -1311.7650240590863
457.8134332293856  -9.417226725779035 -3.0153049112134376 -1307.3721054404773
451.8789224195561  1.6259186161633004 -1.4515719774343203 -1309.036203883279
444.65361083621303  11.600614705819478 1.6105130053576013 -1312.199665022507
458.24127621660153  -4.8378199032678095 -4.850389671635462 -1305.562499777976
448.3976195196356  9.178271472294053 -0.8630881137039441 -1309.6902015081048
453.450513727297  -4.034802046029429 -0.991572285766303 -1309.4529552574759
450.0860742952469  -0.8464819606626538 0.8899078588731312 -1311.3727061907891
450.25871350070275  3.1788037406982323 -0.5500359258811365 -1309.9562833960472
453.38177350161163  -10.144162600204265 1.026569612895322 -1311.434310796633
448.4386764507295  0.8940116838683598 1.7576310239430946 -1312.2602854875522
453.30195004571976  -7.723754419978926 0.3192580938394294 -1310.7421727630913
445.47821601520593  -1.7347004683337062 5.169342704197185 -1315.6726984099955
453.69368042735834  -4.099536852634294 -1.1802705620560978 -1309.262501843228
447.0202723601345  7.209101973940351 0.9624522628742667 -1311.511521700934
446.0948473928745  3.9690559988532246 2.804713145852662 -1313.3392902935645
442.91125496746025  7.694796159413103 4.380151428307423 -1314.955400120112
450.84452811887815  -1.1969907749544226 0.34674211313580755 -1310.8231473240567
452.37753733058685  -2.5431015061038176 -0.5449805816029252 -1309.9146339210881
448.6320721572335  -1.4271022454129736 2.3343622903381194 -1312.8218056683334
446.9039089763244  4.454718501600778 1.9465946408732941 -1312.4795617704144
449.21991876153027  4.027200928447602 0.07651689926915817 -1310.5938381365795
459.18380656757927  -11.531461300244889 -3.5114228554042803 -1306.8554936769367
449.5245301383762  0.2844499017084292 1.0129978704965346 -1311.505833857274
449.4691533449992  -5.150710518954149 2.803657253606996 -1313.2637354492674
450.78428478462365  -3.2378035368007847 1.0531635666353862 -1311.5174901192374
453.64380770655697  -3.0608587361662813 -1.4703610494097334 -1308.9790101576843
450.455455876704  -1.4980535716741925 0.779493248389346 -1311.2562518153604
449.6655738695086  0.2693020367971609 0.8958287838887511 -1311.3877795449696
451.6787608014081  -1.816888493784516 -0.17490745698087956 -1310.293044046127
448.651425372438  1.5857832196388966 1.3515412953947827 -1311.8572070660637
449.7151927236865  -2.30280814894692 1.677632971069714 -1312.1536552502112
449.72043978360045  1.5454174604238342 0.4391888795747848 -1310.9385954550842
448.5461262754003  3.3300021333099887 0.8834726031744076 -1311.4003434748975
445.355798463273  4.106859820953988 3.4026965036689445 -1313.9422856208985
448.80232916576307  0.7377873607154639 1.4927619497683842 -1311.992418928161
452.23887890565675  0.6903961249820527 -1.4621756163134836 -1309.0178897940477
451.73650389059424  0.3032302909398472 -0.9045482516953638 -1309.575978792226
451.03775519597775  1.675599316028587 -0.7412563527520497 -1309.7515417299257
451.64036744066584  -0.6418201207496999 -0.5185438585417279 -1309.956772508628
450.2665250633378  -0.8211820561388692 0.7257767143332974 -1311.2077149944585
449.2676917473131  -0.14981834456899845 1.3744996146955166 -1311.8661378508905
449.2830318891789  -0.8313389838663505 1.5797476982291858 -1312.067153066632
449.7119591546221  1.4118274760717249 0.48935967929383717 -1310.9880011304954
451.23389567893315  -1.7101592665080403 0.17495824147728234 -1310.6460553463753
450.7626094968865  0.8746515738899784 -0.24673663147139288 -1310.2427330872317
449.56269290074664  2.042850505112495 0.41616071067433746 -1310.9194807568558
449.3288648965389  -0.5112296414006208 1.43744111893893 -1311.9265363386858
449.06170097053314  2.8298769942400357 0.5973837216204472 -1311.1083101471181
449.60717728920105  2.07749154530069 0.36656653597676964 -1310.869847219111
448.5970832902578  1.9868250628040003 1.2700159123692638 -1311.7784276310817
449.83247029457766  2.4545204024470273 0.05078637231873828 -1310.555094412798
449.67488002751173  2.6217844657782536 0.13347196563726982 -1310.6396836355125
449.44324287693735  2.6933585071605304 0.3109347183244218 -1310.8188843694913
448.48019933417794  2.8776608848008998 1.0856189367907154 -1311.6001087655272
449.93839471436144  0.7577842267869194 0.503219754369553 -1310.9966089267475
449.3054716361614  1.861522396794221 0.6968809856653366 -1311.2005443395296
449.736969457268  1.6374302457040186 0.3953868847916561 -1310.8952603652426
450.22447463626185  0.48001040114197285 0.34491323787957195 -1310.8350046461014
449.70569229586283  0.40792869769808804 0.8166735952095368 -1311.3092422484292
450.49002384665744  1.6646296063785588 -0.26447562586810014 -1310.2313315048193
450.3444437193164  0.11676976803937783 0.3576700689351585 -1310.8448773625664
450.2834767365538  0.17159628895586437 0.3927947446173353 -1310.8806781514756
449.26376826298446  -0.0741125644031908 1.353620821344218 -1311.845741744006
450.24405860800175  -0.15088337082231162 0.5302733289194393 -1311.01641614553
451.03249116960257  0.6449440802606448 -0.40623738239329943 -1310.0803194261725
451.2220052124561  0.6120982465590884 -0.5593879012387665 -1309.9259052737393
450.18931254316897  0.013317683606305475 0.524955156037302 -1311.012404636536
450.3470026030782  0.9969103844364854 0.07324746532325838 -1310.5657954307383
449.41035746284587  0.9605961515243897 0.8949888209683221 -1311.3925807525966
448.60729054888844  1.9551896468264915 1.2713188421413486 -1311.7794806242896
449.70506920373265  0.38691042313410173 0.8239519613452861 -1311.3163962359736
449.8855332479883  0.9815639477471001 0.4771842331526398 -1310.972232075623
451.0284861999229  -1.1812414498341324 0.18277497095871956 -1310.6582431849022
450.3950870072485  -0.9088106309454076 0.6427377411828119 -1311.1234205739665
450.26376416572157  -1.3515277019571519 0.8982149857453188 -1311.3769419912658
451.14636734021235  -0.884652840193296 -0.014141798789448573 -1310.4624692267323
450.8373698398258  -1.3756966672184048 0.41022736955961875 -1310.8855854724807
450.64590257132727  -0.31506536942266544 0.23558377905888778 -1310.718470303979
450.9280395554458  -0.7447012576484637 0.12957115365055505 -1310.6082593382976
450.12098510764474  0.5038104203239717 0.4267600166675874 -1310.9175777595299
452.13142831384056  -3.306278619695992 -0.08797546682366697 -1310.368375378407
449.95204493611215  1.4179515483801084 0.279736874150033 -1310.7770659861549
450.7552528045768  -0.20624868125105164 0.10620258927461433 -1310.5891370881225
450.5703397565575  0.1775463355669642 0.14293226466665696 -1310.6292403887433
450.4451985280989  -0.4178470718561845 0.44199888019290784 -1310.9253873780956
450.5619383513416  -0.3653732398072891 0.32427618595966967 -1310.8073282078485
450.47126564439395  -0.21064502586475908 0.35303032817001534 -1310.8375330776319
451.04184656269206  -0.004493730035786375 -0.2060809532712919 -1310.276471955285
450.4691117340207  -0.26676320814293897 0.37288588653121446 -1310.8570592948531
451.03762108297184  -0.7175468326528723 0.026204139806294824 -1310.5044423335821
451.0916082119794  -0.46498213321274057 -0.10141050636152876 -1310.3780613050124
450.6195704982579  -0.12366116509954317 0.19696678351588343 -1310.6811657603912
451.0577347523043  -0.8566763660357253 0.05344139400631279 -1310.530720167667
450.28436179934744  0.19316692412255304 0.3851131400318035 -1310.8731228165827
449.92310666289677  0.37605953481732934 0.6388387151303605 -1311.1299912860056
450.9696849626026  -0.1162140008640011 -0.10792468124716613 -1310.374353602131
451.51495997841704  -0.35064584062857385 -0.5036470012601272 -1309.974144552401
451.2297289400571  -0.387475174645465 -0.24555227601164348 -1310.2336158344676
450.83451136524866  0.11700539340180062 -0.06592688121222877 -1310.4185293335088
451.1576487531103  -0.87638129280396 -0.026537439607829644 -1310.4500605889348
450.90055888602654  -0.16089854270758858 -0.03388036274778769 -1310.4485141505284
451.0025833044897  -0.4688071520891719 -0.02328686154703896 -1310.456661440532
450.90332311420343  0.05206470957026571 -0.10455350357076189 -1310.3791212238639
451.18443658211254  -0.252747650469164 -0.24963634938212165 -1310.2306056998038
451.10221896626786  0.17036784362028562 -0.31429554818527405 -1310.168982366272
450.79352182389584  0.7558597856036363 -0.23535607610180043 -1310.2532172908407
450.70944543228154  0.03305170092536314 0.06905360473310003 -1310.5537013219298
450.7793296600873  0.1765026886946268 -0.03732716837560503 -1310.4478009049412
450.6767306680955  -0.4536934555116532 0.25339402426396973 -1310.735263957815
451.1247772082737  -0.10417677662883582 -0.24574857525919955 -1310.2357322978223
450.79923180869724  -0.2770995153337716 0.0909212056108645 -1310.5731776651694
450.6462304955344  0.18307611422723 0.07557501159306523 -1310.5614905417592
450.78914673098933  0.1880916870849906 -0.049525273501899836 -1310.4356181842502
450.6465677914209  0.26119717112049257 0.05023459524212141 -1310.5366235437598
450.78776777279137  0.3391492853721709 -0.09676933092613753 -1310.3893009513454
450.70763840555645  0.35294050343593286 -0.03195493427470617 -1310.4546492333936
450.6573772352376  0.29157733318626844 0.031152438337563357 -1310.5176655210842
450.61963685777704  0.19482387884752736 0.09478955832120617 -1310.5809259240646
450.7072684024876  0.2444000931898446 0.003167465631102165 -1310.4891133177393
450.5437232814628  0.5532814002811349 0.0454586429338258 -1310.534202354819
451.05075032885514  -0.1496363376864541 -0.1672328739776181 -1310.3143869585012
450.4178199828898  0.528596443595846 0.16219371530279042 -1310.6514944696685
450.7815872714609  0.24459373039887974 -0.061110695390604514 -1310.4244189874898
450.6814169998971  0.06265056451529913 0.0837825530364528 -1310.5687677647804
450.8080758888589  0.18303707399507993 -0.06425952248390435 -1310.4207468886527
450.7268913454922  0.3196704284736776 -0.03792335555173338 -1310.448370266012
450.70629933967297  0.3371775381318458 -0.025743572456304716 -1310.4607722084659
450.60986621336184  0.2214105115481864 0.0947084030436685 -1310.5810614063205
450.49423486420534  0.4301964161584507 0.12769666811876385 -1310.6159694711075
450.6660408527899  0.27582007751865495 0.028718300782009244 -1310.515086855361
450.8091412945367  0.11675202698993754 -0.043926221906475285 -1310.440670907991
450.5959589652978  0.3510418260271958 0.06516168320397878 -1310.5523815137576
450.76965278587204  0.09245865501272493 -0.002017933800028727 -1310.4826531295532
450.84016013608095  0.0793932225697932 -0.058747198643095896 -1310.4254484538444
450.79766454880826  -0.009854806016829159 0.006585289916909168 -1310.4904765496187
450.7870425371484  0.10724866122652364 -0.02178548917516355 -1310.4628779103937
450.68039952125804  0.24020535157158945 0.02773014719163041 -1310.513801371396
450.7144143117828  0.22697195108253274 0.002580935671794987 -1310.4883806192818
450.7553299608158  0.16130141799225642 -0.011716304030595398 -1310.4734540500929
450.8494655759271  0.12141757541523193 -0.08026157420614326 -1310.4041375173472
450.7725525019033  -0.08097420329862581 0.05108657326278335 -1310.5346861341784
450.7592632122099  0.1012478039628401 0.004140921497596952 -1310.4889238034732
450.8785744005332  0.024516155370140597 -0.07433932744318916 -1310.4093067431331
450.8651262971003  0.10058180838606506 -0.08711087145881115 -1310.3970735150106
450.7110512833046  0.09239166209412047 0.048639077543900885 -1310.5336388192188
450.7492773294314  0.1151798763470119 0.008302027866477338 -1310.493225753307
450.7881641827753  0.26023442313629136 -0.07180836889433453 -1310.4137795449483
450.8223721264274  0.1444807794300728 -0.06424858955832331 -1310.4204429570532
450.835267995265  0.02774039831169559 -0.03795842868008558 -1310.4459504216568
450.89091943954026  0.05673368036201257 -0.09533485186919971 -1310.3884379256988
450.78901402697574  0.0680526756786336 -0.010920991774310752 -1310.4734928566634
450.83279445646843  -0.012852013008606061 -0.02280569439860442 -1310.4608700682472
450.869589886341  0.08188563529335566 -0.08497237129805746 -1310.3990731994138
450.7893755215491  0.03365269279677064 -0.0002032292047695226 -1310.4839992891716
450.8685757241901  -0.011208023415958925 -0.05424639946161166 -1310.429238454994
450.83723553674093  0.0010064631093519918 -0.03108629336203801 -1310.4526488515771
450.88589655865843  -0.03862559139221152 -0.06041922031694867 -1310.4228015640742
450.8424395765808  -0.030783102949497928 -0.025389338234437023 -1310.4581231682696
450.8762253997681  -0.004188798219830064 -0.06310591417044051 -1310.4203786957619
450.8392745509188  0.08245262576164983 -0.058963054531539896 -1310.4252561849062
450.74135415983267  0.094502632195716 0.021778132563586954 -1310.506620544808
450.9092430520123  -0.028633572831845366 -0.0837924670940949 -1310.3993580287947
450.7570723734269  -0.00016873247056205937 0.03855237590264485 -1310.5227305110404
450.8574522418535  -0.03393693817369893 -0.03734843208067632 -1310.446060589785
450.7858058060178  0.0583466396368609 -0.005036854942408003 -1310.479335954296
450.8248728346551  -0.018792280575334185 -0.014056863892410907 -1310.469627237071
450.88209510265654  -0.015835763923513657 -0.06444242696436087 -1310.4189383620615
450.7912638365776  0.057715890684897866 -0.009550453234540016 -1310.4747878695434
450.75619767850816  0.059565117115325486 0.02015493789889169 -1310.5047014241613
450.78300056376014  -0.045679276603019695 0.030742081592357903 -1310.5144977174707
450.70899793738425  0.08017239497833853 0.0543313801997449 -1310.539268307346
450.7969458895856  -0.039923232854522615 0.016847438380560138 -1310.500559787957
450.800103972166  -0.0011768191231222222 0.0016950730094760997 -1310.4856254341942
450.81170467572514  0.0005732777826762854 -0.008889120345151071 -1310.4749867481376
450.7534249256504  0.06370325233207591 0.021223876755004735 -1310.5058111112915
450.8597091329196  0.026196288859865496 -0.05857955324230534 -1310.4251826655227
450.8325130727187  -0.03101862215027548 -0.016737596197459625 -1310.4668292151691
450.7879167119872  0.025978563980390067 0.0035178628951950223 -1310.487681881232
450.8210657258184  -0.011331963546833974 -0.013159669915920212 -1310.4705911993826
450.82724726521246  -0.010468274668099532 -0.01877736319076816 -1310.4649440508808
450.80515674483274  -0.0020344921357394966 -0.0023955448967431458 -1310.481501225263
450.7957433332404  -0.020119590159023783 0.011536569314950569 -1310.4953761631064
450.83924569434237  -0.042988372406974076 -0.018716393135565355 -1310.4647397864792
450.79159380531274  0.003393074578396828 0.007582658371445849 -1310.4915886114384
450.80127012615327  0.0015343518985797585 -0.00018180984055182243 -1310.4837584986653
450.80966267523314  -0.0773598044361966 0.017863831553948075 -1310.5012769973255
450.810272992449  -0.04720404544176251 0.007667296750091553 -1310.4912605124243
450.78620252046  -0.018343428245940062 0.019210479398464653 -1310.5031144548307
450.7853425996345  0.012521030398176623 0.010057008944052441 -1310.4941536020713
450.79655257964686  -0.006208820366725608 0.006376985116849228 -1310.490296672168
450.8028101803615  0.00814282508986334 -0.003631384489100151 -1310.480340484189
450.7828009298608  0.010238530848827782 0.01298493797490717 -1310.4970819161217
450.7861581662406  0.04093196762385414 0.0002425842322527766 -1310.4845074585826
450.78813099260964  0.037429058742944506 -0.0003387964127928144 -1310.483893687015
450.8071566956306  0.01476141549580352 -0.009508990852666162 -1310.4744787405893
450.79715570843166  -0.013473444309869156 0.008185223111309287 -1310.4920573231902
450.79984351714097  0.005094292332057471 -9.06772988726462e-05 -1310.483879301798
450.79628575500243  -0.0036500431855804195 0.005787071704617313 -1310.4897238254505
450.78079491945766  0.0032605003997753616 0.016955636420647437 -1310.5010214226186
450.7878126803146  0.013160567927520267 0.007717744149068956 -1310.4918043580062
450.7990490062046  0.01155394263778659 -0.0014754520809648708 -1310.482538290936
450.79529156011193  -0.012225068808998266 0.00939558695599613 -1310.493285750306
450.79051842301845  -0.0026519281876247053 0.010450092258156414 -1310.4944253042959
450.79337279537816  0.00094087235817781 0.006831864042441941 -1310.4908129075322
450.80259253426084  0.003780732785537195 -0.00204466433055352 -1310.481901886169
450.7968560813767  -0.013032359261449146 0.008302673547100646 -1310.4921791398208
450.7856133472385  0.001325356454958359 0.013412887231089372 -1310.4974398420638
450.79788050908763  0.0014966486519458065 0.0027589378447815593 -1310.4867180506283
450.7908201941136  0.007155749283890374 0.007044597460994643 -1310.4910777878952
450.7923020720876  0.006785601795219762 0.0058829157730583975 -1310.4899055328701
450.8026668339475  -0.0020208629785969856 -0.00024862082485970454 -1310.4836622137582
450.78575171468975  0.006761669803616435 0.011550220967167256 -1310.4956094750275
450.79691073472884  -0.005696745332185919 0.0059033419768712726 -1310.4898241335009
450.7921720649055  0.010222406876486666 0.004893257833641314 -1310.4889375155499
450.80273210679667  -0.003234856535374262 8.424113862065714e-05 -1310.4839873228843
450.80835057538627  -0.0009818168985231534 -0.005492552651337521 -1310.4783926881748
450.79768787301157  -0.007823263598538558 0.005913738479991477 -1310.4898172277424
450.804054143675  0.0040324114195698126 -0.003388201133323523 -1310.4805516733334
450.8094919461444  -0.0014083983538966689 -0.006341916425914066 -1310.4775343198876
450.8047035634923  -0.004342622723480554 -0.00126390959413172 -1310.4826213619133
450.79341369404415  -0.0039630857840427455 0.008368944981028683 -1310.4923199216123
450.80204695399436  -0.012064738903910998 0.0035074538358046766 -1310.4873606591627
450.7976342825107  -0.0033458103451713115 0.004524378896933738 -1310.4884554112973
450.7960295852928  -0.00036109390406041317 0.0049538280742201565 -1310.4889120312773
450.80133014050233  -0.0031277172835972697 0.0012611954146518718 -1310.4851728014517
450.79151140042427  -0.00306411055016656 0.009724306290180326 -1310.493691434576
450.80093719941465  0.0019017126067001572 -1.1950250153546199e-05 -1310.4839324628683
450.79807131710885  -0.010826218679590514 0.006545314226873492 -1310.4904283794283
450.7990819327699  -0.001364957284523119 0.002638448969720963 -1310.486573404509
450.7963363175943  0.0003626883048396118 0.0044567322966705455 -1310.488417616818
450.7996619796404  -0.0023383358822519334 0.002449390013910497 -1310.4863751660857
450.7991094752964  -0.002018793063514566 0.0028242995926619392 -1310.4867551223333
450.8019037805971  -0.0022934974729041722 0.0004980801163674785 -1310.484411540658
450.7982719784748  -0.0025473961726221153 0.0037173974744367953 -1310.4876497068208
450.79945476015615  -0.001333537961074727 0.002306248404356917 -1310.4862393015749
450.80134157705254  -0.001641419212574333 0.0007747436498161499 -1310.4846953285648
450.7994304121758  0.0017211552992565209 0.0013478204259325865 -1310.4852995960164
450.8012478857564  -0.006194519409932792 0.0023156115555640535 -1310.4862090201027
450.80087929880585  -0.0006680848905918652 0.0008620629012089547 -1310.4847911657046
450.79517173245813  0.001024222670073541 0.00525083206511418 -1310.4892222810747
450.8006001903289  -0.000174750693418134 0.0009450307553272132 -1310.4848787024293
450.79949128931565  -0.004102054353741855 0.0031623912379348997 -1310.487078394776
450.8027376590997  -0.00426478900181669 0.0004096841608592918 -1310.484306468301
450.8036791978758  -0.001366059001276302 -0.0013332665733003597 -1310.4825758673474
450.79830644005676  0.001823701219440388 0.0022860622124854205 -1310.486244773156
450.8028692944033  -0.004287806082929244 0.00030333078613537824 -1310.4841992357156
450.8005662161533  0.0019531955533450334 0.0002920744463026881 -1310.4842388839782
450.7979456745866  0.0018303940409955925 0.002595621191694196 -1310.4865563986618
450.7989536790073  -0.003252708951579684 0.0033545550349207923 -1310.487278745091
450.8014530982174  -0.002158587051340077 0.0008442146453728398 -1310.484761026729
450.8014734507292  -0.0020039149154736932 0.0007770354573767465 -1310.4846946743294
450.80473304340256  -0.002916513702994553 -0.001746651676947406 -1310.4821471311818
450.80581277377496  -0.004664501778275317 -0.0021190626736244202 -1310.481758021926
450.8014500321691  -0.002668807027951997 0.001010462001525722 -1310.4849241869658
450.8017164580757  -0.0011715599977748777 0.0003001870212383247 -1310.4842215256451
450.80100258993434  0.0001863084698230676 0.00048158353821157676 -1310.4844151924212
450.80181447330193  -0.00032490546575962315 -5.597230138082027e-05 -1310.483869967248
450.8011769806905  0.0015177846022188398 -9.601932208051263e-05 -1310.483844711421
450.80176242406344  -0.002020759575737668 0.0005327616827887746 -1310.4844486754018
450.80227132260865  -0.004416131866680352 0.000861128579896924 -1310.4847596105085
450.8017293265858  -0.001113374797212761 0.00027041188868099866 -1310.484192032269
450.7996755445895  -0.00045502179960940376 0.001833799022340512 -1310.4857709575888
450.802458827269  -0.0006359307613806568 -0.0005129701466131138 -1310.483407458806
450.80042925473856  0.002281038842916732 0.0003052896394705765 -1310.4842548629485
450.8009996274684  -0.001249670855492331 0.0009445793018154305 -1310.4848694678772
450.80066895402587  -0.0018313264557910337 0.001416787187723661 -1310.4853399936144
450.80282535464636  -0.0006289213972462682 -0.0008318993898318199 -1310.48308651406
450.8024616306659  -0.001715135724961903 -0.00016935319226382185 -1310.4837444938016
450.80145795604346  -0.0008318111006827496 0.00041459653486589543 -1310.4843394538561
450.80145711637005  -0.001113413186542673 0.0005056156488341659 -1310.484428764331
450.80122956271674  -0.0010484446183538912 0.0006813918930583995 -1310.4846062136405
450.8014851355558  -0.001698269271801411 0.0006689366680221313 -1310.484588369569
450.80028802453626  -3.297096671008135e-05 0.001169283813223339 -1310.4851055710178
450.8010549907585  -0.0006232448943920581 0.0006958861574271413 -1310.484624275222
450.80164080703736  -0.002078961142102496 0.0006565014984132731 -1310.4845727440143
450.802453088989  -0.0008750905914076193 -0.0004313274049032502 -1310.4834876786472
450.80104655259106  0.00021049935677160868 0.00043584285490892336 -1310.4843693520602
450.801905772385  -0.0006821324878699321 -2.0313089979048674e-05 -1310.4839029403104
450.8018021937039  -0.0021948258877534845 0.0005542135320741303 -1310.4844688448604
450.8013653195802  0.00024558845744180897 0.00014917486033678702 -1310.4840811075933
450.8013076054046  6.164551273179228e-05 0.00025802025664381815 -1310.484189157905
450.80108838435495  0.0011162126868434184 0.00010928961533245699 -1310.4840480745638
450.8012944092296  -0.00022418957193083572 0.00036107275412708965 -1310.4842905453934
450.8004880391109  0.000733879775253236 0.000750584619065548 -1310.4846904144426
450.8014173057018  0.0007273333563183987 -5.020945315732455e-05 -1310.4838843624484
450.8014595295637  0.0006271420700054363 -5.456556268581036e-05 -1310.4838791596453
450.80121156043936  0.0001794864483594882 0.00030321895482086783 -1310.4842356129027
450.80145008170217  0.00023228712585064313 8.02047777150632e-05 -1310.4840115806185
450.8015251351174  0.0009502314754270649 -0.00021484544024484074 -1310.4837204771504
450.8023381301353  -0.0005405061355887573 -0.00043928430931791294 -1310.4834824029833
450.80072086506226  -0.000248286581470223 0.0008643456086336045 -1310.4847968922447
450.80129356656283  0.0005309651732616403 0.00011966602889630632 -1310.484053737995
450.80127381485374  -0.0007097792164608072 0.0005345671741913207 -1310.4844612009788
450.8017404005379  -0.0005304918578271704 7.394680925725753e-05 -1310.4839990514463
450.80172097526446  -0.00042887569957840595 5.8147902009701805e-05 -1310.4839839798815
450.8012945763898  0.0006170306964352732 9.119725658162411e-05 -1310.4840257872015
450.80151349649606  0.00014374245710366016 5.3805158387189056e-05 -1310.4839842861743
450.80152563254006  -0.0008305337186257109 0.00035571399861522644 -1310.4842801990696
450.8018838727071  -0.0002115895192483524 -0.0001522677574633723 -1310.4837739715447
450.80172178617715  -0.00022237115605359872 -8.766889519310962e-06 -1310.4839183169743
450.8016416318876  -0.0009988566519175666 0.00030946128998391446 -1310.484232270864
450.801359572243  0.00045154661886380064 8.810163518341657e-05 -1310.484021319754
450.80135506907556  0.0003007365201957155 0.00014034854807763416 -1310.4840726743782
450.80145679793367  0.0002717701226700398 6.17419761255453e-05 -1310.48399332033
450.80145354508636  -0.0003278654662030409 0.0002568211839314948 -1310.484184769435
450.80146415735226  0.0007246871287629449 -8.984110664445227e-05 -1310.4838444516095
450.8013871870662  0.0002833341170001569 0.000118178334231961 -1310.4840502179313
450.80149486770995  0.00018545344429073314 5.6526235840909905e-05 -1310.4839873656401
450.80162935533  -1.3307934761934652e-05 4.059395869816244e-06 -1310.4839329342894
450.80155144701274  -8.655469390624485e-05 9.485873696764128e-05 -1310.4840237254514
450.8015404729333  0.00018164924283960228 1.834280303495425e-05 -1310.4839489029755
450.8016773518023  -0.0002267605995285024 3.103214620601528e-05 -1310.4839583388143
450.8014947864427  -5.505828260356529e-05 0.00013371476139925316 -1310.4840630912745
450.80155502686785  -7.146698787387624e-05 8.692795654076686e-05 -1310.4840158663671
450.8014858224807  4.673084581768565e-05 0.00010882175264723647 -1310.4840388679172
450.8017353703796  3.0123413310585907e-05 -0.00010146424973141386 -1310.48382707959
450.80159814209986  2.0481519388247467e-05 2.019349616787745e-05 -1310.4839494492462
450.80154670106464  5.947357992068249e-05 5.2136380060294966e-05 -1310.4839819182253
450.80154514607443  0.00021317583079985238 4.196409945566519e-06 -1310.4839349221588
450.8014596514678  6.747146374364223e-05 0.00012478336023270226 -1310.4840551026746
450.801542871801  3.2050998506391624e-05 6.423773788628006e-05 -1310.4839938742382
450.8014612164831  0.00021267296228479537 7.687338757636137e-05 -1310.4840080673648
450.8014892986949  3.449326826080899e-05 0.00010974216880083452 -1310.4840396943564
450.8017003383079  -0.000224089517272384 1.0315190775146167e-05 -1310.483937509035
450.80173701730905  -0.0001194732179072676 -5.492015190043601e-05 -1310.4838727042477
450.8016973063405  -0.00019632770301983873 4.033209670030998e-06 -1310.4839314129908
450.8015454165256  6.656019310038186e-06 7.018179130609393e-05 -1310.4839996494914
450.8015290991679  -6.939296183825148e-05 0.00010866464302000314 -1310.4840377612638
450.80161892643724  -0.0001943886562383458 7.113222555983888e-05 -1310.483998963929
450.80158284430934  -0.00015403055368536276 8.936689779786602e-05 -1310.4840176467637
450.801655811907  -0.00011271650837721365 1.3075362656492685e-05 -1310.4839411968628
450.80162840258015  -8.212804711418778e-05 2.6949239158147542e-05 -1310.4839554107598
450.8016002377275  -1.3824158898915783e-05 2.9382722460626104e-05 -1310.4839584179786
450.8015482329514  5.89858467922127e-05 5.096920766166225e-05 -1310.4839807394835
450.8017262357382  -0.0002209058293929718 -1.308118561869393e-05 -1310.4839139866078
450.80156811162925  1.1338666607588138e-05 4.907161255176496e-05 -1310.483978440364
450.8016033133711  5.21021646084085e-05 5.586556818485387e-06 -1310.4839350056586
450.80153131966296  2.6760295060047516e-05 7.591528822764911e-05 -1310.4840055844666
450.8015459477923  8.665278615251064e-05 4.4072400482722296e-05 -1310.4839740238424
450.80162163494316  -3.584384050313998e-05 1.795583349375802e-05 -1310.4839467369636
450.8015860588974  5.81863935086922e-05 1.8543674525998e-05 -1310.483948096683
450.80164608425196  -4.5729597665026955e-05 1.2628553823395877e-09 -1310.4839285849555
450.8015599587451  0.0002151033610106574 -9.219885851718722e-06 -1310.4839214344138
450.8016905377128  -5.3506307273139644e-05 -3.5913277498325696e-05 -1310.4838923734808
450.8015506210714  0.00015938336568588964 1.6714132476606555e-05 -1310.4839470818479
450.8016090326232  -2.5406408920943755e-05 2.5497636529762476e-05 -1310.4839544130368
450.80160689187124  -4.722959961700535e-05 3.4344705675634316e-05 -1310.4839631393477
450.8016102814692  9.225422684715083e-06 1.3314184069983253e-05 -1310.4839424332824
450.80164931182577  -7.1360530091377685e-06 -1.5162117610858647e-05 -1310.4839136382664
450.8016968683731  -0.00012952810123122852 -1.7007182709233168e-05 -1310.4839107814869
450.801655500345  -4.3788905975603215e-05 -8.756572686686334e-06 -1310.4839197860538
450.8016760158594  5.267612614898984e-06 -4.221172368797324e-05 -1310.4838865141776
450.80169835325296  -7.62502121561887e-05 -3.5373290714034804e-05 -1310.4838927312003
450.80177854222995  -0.000150222282926821 -8.093849453191579e-05 -1310.4838462656444
450.80170850972684  -2.7617264398386774e-05 -5.97423468800838e-05 -1310.4838686010105
450.80165211976237  4.03954464504016e-05 -3.282881808177512e-05 -1310.4838962449949
450.8016498439025  4.3614817344637345e-05 -3.189472759033586e-05 -1310.4838972114526
450.80162537531834  4.188386022797221e-06 1.8880862414176712e-06 -1310.4839308917815
450.80158001677023  0.00015721988091684446 -7.990243815170249e-06 -1310.4839221992434
450.80161665020523  9.065857164606981e-05 -1.8299384393147706e-05 -1310.4839112794164
450.8016158972374  0.00013320621697201164 -3.129140366071653e-05 -1310.4838985504982
450.80169634326893  0.00012483322640182947 -9.811257172535252e-05 -1310.4838312266597
450.80173152028556  -0.00013809661277031673 -4.419923341629457e-05 -1310.483883342723
450.80158918019174  5.6439751686274524e-05 1.6406903194985096e-05 -1310.4839459317577
450.80164174514204  -3.9434549925544266e-05 1.7318219853092302e-06 -1310.483930378181
450.80159571761334  0.00015238394663996032 -2.0005270859214736e-05 -1310.4839100666281
450.8015737595425  2.8241678920987127e-05 3.877195141899712e-05 -1310.4839682118313
450.801692959845  5.5226527180932314e-05 -7.287039665129232e-05 -1310.4838560643248
450.8016407249075  2.377143313905964e-08 -1.0038708045463629e-05 -1310.4839188534565
450.8016359396913  -5.610502466443627e-06 -4.097661031608726e-06 -1310.4839247870932
450.80165119349215  1.9418432723568552e-05 -2.530238971429749e-05 -1310.4839036489939
450.8016284657817  1.6900157696747632e-05 -4.85803040402406e-06 -1310.4839242056537
450.8016289623312  4.1244970458077715e-05 -1.309303694457434e-05 -1310.4839161159803
450.80164382354855  -1.3389595380434744e-05 -8.415057467939661e-06 -1310.4839203780964
450.8016275549453  -4.325882411810211e-05 1.5218471797351782e-05 -1310.4839439212446
450.801636764644  -1.029356652155424e-05 -3.3088358730372995e-06 -1310.4839255427928
450.801609076567  6.6743094905159e-06 1.5173223285933422e-05 -1310.4839442835657
450.8016570916704  1.0870295720911028e-05 -2.7657558034017767e-05 -1310.4839012086961
450.8016721627664  -2.766240368767369e-05 -2.832385922394318e-05 -1310.4839002233218
450.80163206843  1.3019625576997182e-05 -6.726478431765396e-06 -1310.4839222933654
450.8015945330378  6.637862013031592e-05 8.595183420849484e-06 -1310.4839381504514
450.80164226228  -3.3465894385513207e-05 -6.287940368081946e-07 -1310.4839280509761
450.8016152802135  2.5467431038132072e-05 3.787355633383897e-06 -1310.4839329772062
450.80164629225015  -1.0942556000938654e-05 -1.1332657212663186e-05 -1310.4839174615224
450.80163240232366  1.0379811185151877e-05 -6.168527901800501e-06 -1310.4839228333794
450.80163410297496  -1.7159425694168653e-05 1.1923510399520648e-06 -1310.4839300171516
450.8016283437811  1.2836720814597116e-05 -3.449709929673963e-06 -1310.483925589936
450.80163187188236  -1.3757178817712084e-07 -2.337901820382555e-06 -1310.4839266029933
450.80160605882594  3.456953450708083e-05 8.836173750357412e-06 -1310.483938133185
450.80164751442163  -1.6354481650200802e-05 -1.0653327501740994e-05 -1310.4839181010618
450.8016133274103  1.4273241952418526e-05 9.063924834876146e-06 -1310.483938196632
450.80162322540036  1.3396669511505442e-05 7.930617291019172e-07 -1310.4839298648556
450.8016411394094  -3.382138562602304e-05 4.553592002550655e-07 -1310.4839291392718
450.8016279123773  -1.5997555821057646e-05 6.168523628353277e-06 -1310.4839350351551
450.8016358713263  -2.6612745660239522e-05 2.695621067673217e-06 -1310.483931452975
450.80161838539345  2.3266846184032847e-05 1.810060625904204e-06 -1310.4839309690856
450.8016269970164  5.354236617297725e-06 1.1310711035049502e-07 -1310.4839291147896
450.80162949225763  1.023742112443311e-05 -3.608555091080651e-06 -1310.4839254088267
450.80161553184496  2.7064920470409394e-05 3.0577211684397567e-06 -1310.4839322558782
450.8016166365171  2.007763795950701e-05 4.343697643905202e-06 -1310.483933493139
450.8016324126852  1.6088006738577995e-06 -3.36512071119194e-06 -1310.483925583363
450.80162214293745  1.927181991849175e-05 -1.5550674737096787e-07 -1310.4839289581116
450.8016322301129  -5.692286648277891e-06 -8.663370924369391e-07 -1310.4839280387498
450.80162326806106  7.836767041117225e-06 2.538944172067425e-06 -1310.4839315766703
450.8016271279882  2.8476005662652325e-06 8.036808899732475e-07 -1310.4839297893768
450.8016220423132  1.5252702278003273e-05 1.220133663674753e-06 -1310.4839303098634
450.8016267944654  5.063343848053342e-06 3.813849899828652e-07 -1310.483929382435
450.8016253411163  9.658254493516462e-06 1.6376414545422426e-07 -1310.483929200932
450.80162531404665  5.933333246556481e-06 1.381521016680029e-06 -1310.4839303961774
450.8016255092962  5.0575479370424906e-06 1.4936382271249918e-06 -1310.4839305018695
450.8016390326238  -1.5399983428499835e-05 -3.6310506503682346e-06 -1310.4839251767735
450.8016219529874  6.713267339413622e-06 4.035418677472803e-06 -1310.4839330736938
450.80162257760765  5.864115285373171e-06 3.7680169505022156e-06 -1310.483932797618
450.80162970434236  4.4636410570531904e-07 -6.523676134026475e-07 -1310.4839283042515
450.80162594172054  1.1218970290712206e-05 -8.555938481047945e-07 -1310.4839281876973
450.80162634622803  -4.9207626540814615e-06 3.969995249983232e-06 -1310.4839329128158
450.80162354401455  2.9932829150071174e-06 3.8535459802351964e-06 -1310.4839328602534
450.80162574093  -7.47118433310068e-06 5.310750505556524e-06 -1310.4839342414525
450.8016271731605  -5.8591086256228875e-06 3.5563938208699223e-06 -1310.4839324888617
450.80162335720763  4.686282351568503e-06 3.4721007442248008e-06 -1310.4839324901577
450.8016276516507  -2.377561912216775e-06 2.0266428407390716e-06 -1310.4839309776069
450.80162762770243  -5.13094701104367e-06 2.930186756443024e-06 -1310.4839318645327
450.8016255308057  -5.624932228875172e-07 3.277078488372687e-06 -1310.483932250995
450.80163148232293  -2.4297019792788317e-06 -1.2663653225344524e-06 -1310.483927662771
450.8016272418469  3.0097639884494384e-07 1.5218622933116375e-06 -1310.4839304914244
450.801621964068  6.3415327162147464e-06 4.145038928128351e-06 -1310.4839331809899
450.8016221190105  1.0721693643927118e-05 2.606701162349517e-06 -1310.4839316684324
450.8016254132869  3.89534727253039e-06 1.9492419215762025e-06 -1310.4839309509412
450.80162662864507  8.129911933596915e-07 1.8874990391711815e-06 -1310.4839308636197
450.80162536802715  2.7774363624062474e-06 2.346796498794319e-06 -1310.4839313419484
450.80162785163935  -7.1141803977611476e-06 3.372612967600926e-06 -1310.4839322936348
450.80162553042965  -5.160146528446024e-07 3.2625005464938615e-06 -1310.483932236702
450.80163143075015  -4.865540442197502e-06 -4.4077245808962966e-07 -1310.4839284738332
450.8016276404273  -1.965017825252679e-06 1.904060566724906e-06 -1310.4839308575977
450.8016303629904  -5.207900828725023e-06 5.915543929315594e-07 -1310.4839295100728
450.80162206828913  1.981433104126483e-06 5.453024805765469e-06 -1310.4839344618622
450.80162566639194  8.12461900384295e-06 3.7447274586457425e-07 -1310.483929400483
450.80162987842664  -1.436512972856243e-07 -6.135934535555085e-07 -1310.4839283384583
450.80162771192073  -1.5250040504950983e-08 1.2171111071313802e-06 -1310.4839301821098
450.8016309867981  -4.6203375940340535e-06 -1.3581737826947588e-07 -1310.483928782773
450.8016287959601  -3.597224618492729e-06 1.429027624623403e-06 -1310.4839303661452
450.8016283220502  7.56510260156325e-07 4.424960430698528e-07 -1310.4839294087642
450.8016303148268  -4.2441037421409505e-06 3.24133811626865e-07 -1310.4839292487868
450.8016279627422  -1.1494444162093265e-07 1.032366100410248e-06 -1310.4839299953496
450.8016267066419  -1.5616911477559184e-06 2.5815337152220787e-06 -1310.4839315427682
450.8016295482583  -4.4733147016526376e-07 -2.3095298555882884e-07 -1310.483928721105
450.80162727529904  -5.187140876522003e-06 3.252683817685271e-06 -1310.4839321886668
450.801631894773  -4.5839181467123113e-07 -2.254810809500277e-06 -1310.4839266840036
450.8016300136213  4.285508475912513e-06 -2.150579937874317e-06 -1310.483926827661
450.8016278843678  3.993542704509099e-06 -2.1727409056596163e-07 -1310.4839287711468
450.8016269435433  3.538668700639711e-06 7.41456692583514e-07 -1310.483929732393
450.80162909347325  -1.3478831880776103e-06 4.5073949232236405e-07 -1310.483929399872
450.8016297126235  4.582743821599997e-06 -1.9858221320181463e-06 -1310.4839269959175
450.8016281616029  1.1533331663529225e-06 4.538852836999145e-07 -1310.483929423469
450.8016290043105  -2.0549883749617743e-06 7.545047627135268e-07 -1310.4839296998357
450.8016285797288  -3.122332201531589e-07 5.62544633791884e-07 -1310.4839295208633
450.8016284991332  -1.1317767048759825e-06 8.949605021962334e-07 -1310.4839298487454
450.8016288905962  -2.4445393618087572e-06 9.776613773152893e-07 -1310.4839299212608
450.8016293783296  1.3500883507038847e-06 -6.604628593896222e-07 -1310.4839283034855
450.8016288092847  1.6245369412750944e-06 -2.568043119896133e-07 -1310.4839287120092
450.8016289334535  -1.1575822632294332e-07 1.9392590171482352e-07 -1310.4839291514536
450.8016301528456  -2.782082216430405e-06 -4.699876710024107e-09 -1310.483928929758
450.80162840111893  1.0408190689635637e-06 2.830186710158921e-07 -1310.4839292505726
450.8016289618983  -1.5825459615442604e-06 6.396640032477972e-07 -1310.4839295881077
450.80162860735106  6.207802654708034e-07 2.395150449104184e-07 -1310.4839292033553
450.80162873123186  4.86378255712227e-07 1.7557608445656502e-07 -1310.483929137903
450.80162970001413  -5.473280660683145e-07 -3.300079753929918e-07 -1310.4839286205895
450.80162786904873  2.3267057446709396e-06 3.304205594453671e-07 -1310.483929308786
450.80162801803726  1.081304300401593e-06 6.010224189917195e-07 -1310.4839295709737
450.801629208578  -1.1175159836201348e-06 2.774228215621086e-07 -1310.4839292273105
450.8016268581755  1.300827336353474e-06 1.532762170478169e-06 -1310.483930510562
450.80162962854126  -2.9453833727485917e-09 -4.4280724166192356e-07 -1310.4839285115038
450.80162881946967  1.72666235896122e-06 -2.983498948671319e-07 -1310.4839286710276
450.80162779362735  2.185955239831886e-06 4.407158563727238e-07 -1310.4839294186484
450.80162928442735  -9.052906676306512e-07 1.438399136313281e-07 -1310.4839290945931
450.80162965309006  -1.6408186835202416e-07 -4.12350245866023e-07 -1310.4839285408425
450.8016289841529  7.553913162797926e-07 -1.292064982875387e-07 -1310.4839288333371
450.8016293787947  1.042137126586202e-06 -5.621226164718934e-07 -1310.4839283999495
450.80162881185134  1.4973461414592183e-06 -2.1823895152257034e-07 -1310.4839287497864
450.8016289622115  5.038515775900583e-07 -2.959458094134213e-08 -1310.4839289315416
450.80162903622596  7.403581645576198e-07 -1.6937763919373826e-07 -1310.483928792782
450.80162857632655  4.393500377702225e-07 3.2449472375260693e-07 -1310.4839292874053
450.80162950960346  1.836224216271558e-07 -3.9986568814135087e-07 -1310.4839285562484
450.8016280409178  1.6204894362765126e-06 4.083676440913218e-07 -1310.4839293814712
450.80162965333557  -5.673779347965054e-07 -2.8324853945672217e-07 -1310.483928667489
450.80162897419996  4.979992340459557e-07 -3.807606411873185e-08 -1310.4839289229571
450.8016290866868  1.0961531982575792e-06 -3.270592346746447e-07 -1310.4839286369815
450.801628963984  3.060452456509083e-07 3.2299227020396983e-08 -1310.483928992222
450.8016285422246  1.812324712915974e-06 -8.627542368891955e-08 -1310.4839288851804
450.8016292865228  6.546990855664117e-07 -3.581697964646263e-07 -1310.483928602063
450.8016302212371  -1.1750997927257561e-06 -5.790577341145556e-07 -1310.4839283647934
450.80162980215357  -9.485205529378852e-07 -2.896176451392903e-07 -1310.4839286579654
450.80162880762555  2.0834972798628559e-07 1.987192750681592e-07 -1310.4839291589258
450.80162995884507  -8.502048524641657e-07 -4.5652447654039606e-07 -1310.483928490777
450.8016296410477  -5.376489118036776e-07 -2.8216411482718683e-07 -1310.4839286688234
450.8016291261524  -8.354006544189067e-09 -7.005500618747939e-09 -1310.4839289500937
450.80162915446454  -3.2953434695048977e-07 7.151656032743797e-08 -1310.4839290265027
450.8016289588076  -8.484766642738633e-07 4.0696047502577147e-07 -1310.4839293598877
450.80162920812796  -1.0017008057283034e-06 2.4067625894756987e-07 -1310.4839291912713
450.80162881384615  3.207711522059974e-07 1.5729759761335708e-07 -1310.483929118153
450.8016292531157  1.6202111230988618e-07 -1.7133239515892688e-07 -1310.4839287860902
450.8016290903915  -5.5768077713729835e-08 3.9094935088288675e-08 -1310.4839289961064
450.80162943598594  -2.499905048130397e-07 -1.9722489524453453e-07 -1310.4839287566645
450.80162896897843  -2.9985568281248755e-07 2.2226168401054175e-07 -1310.48392917847
450.8016285309448  6.952054538682814e-07 2.8166654834741536e-07 -1310.4839292463885
450.80162873220206  -7.486435641913564e-07 5.707385504981435e-07 -1310.4839295255458
450.8016292270161  -1.8923322513063176e-07 -3.615503399701692e-08 -1310.4839289192773
450.80162915739305  -1.1380329622017353e-07 -1.8631153111991191e-10 -1310.483928956096
