 Dim = 2
7151.56440726078  -1698.5842122160911 -1352.5021905788863 -658.7064644379553
3831.281001243745  -1070.2645708845955 -934.3823386748869 -592.4098759095164
6937.306929704515  -2196.5694716317394 -1316.3572448959767 -292.6637646071781
3308.4091566964626  -1786.4897420442603 -833.8328036106477 -10.6402042076881
3535.989901393164  -1023.901697794593 -889.0070732826604 -570.9778128811196
6213.334764479357  -1606.4769985517628 -1245.008082897395 -596.3693757621402
2765.0292426346373  -1461.4380009960714 -747.255413006056 -124.09430658112439
1651.4911014979841  -1081.586120338773 -528.0931438552782 -122.2966878357789
1506.866149044165  -2137.220936639864 -468.38613069600973 634.3818726235542
789.5403198217954  -1063.9842454872874 -289.0114679769813 138.51289448394184
4961.583394207021  -1643.4197266374406 -1083.967260105938 -388.85743494883735
5801.607207803786  -832.467640145265 -1212.5614353744315 -1064.365627875888
5473.558870189456  -2402.3930852919275 -1133.7397900870224 49.596958289312965
1520.9604442274306  -1648.9745697587978 -483.38217276640574 298.77937268532094
75.51737585632465  -567.3996370519322 69.94376943828689 223.36787518455893
2158.722000275314  -1359.1151465462954 -632.75869225884 -60.44636968331838
50.46899901877324  -492.87558113344306 98.47299132252142 207.24193454334923
22.560686305644907  -238.8416274128362 318.85824918923225 292.51383144892264
535.7071986575379  -722.9505503953092 -202.46440977080402 14.59790044628771
1034.6056223033784  -247.02504282367897 -385.9819497555988 -504.8976649520851
4935.244381166977  -2695.8019755894397 -1055.5255054143618 330.09086289658615
84.86335113329422  -599.7850318356301 60.738083869053355 234.01108122647426
5708.831128580993  -1053.9118190268982 -1195.6505892581174 -900.6393922040261
365.403529441084  -950.3397861221996 -120.12543449201351 256.71939866601224
8683.235499598646  -1894.4089725770204 -1512.4503178302275 -713.1205062711099
4193.455234687155  -553.5232672897591 -1001.2064974539267 -1005.6295805139017
2139.7336461596465  -955.354735212144 -638.3876149314474 -330.26340322237786
438.78457887161085  442.4583798531038 -188.01903180898853 -729.2423921064817
3316.723674951614  -230.23402890941588 -871.9840322765731 -1069.3649152236899
7056.673529295467  -1129.0133470623248 -1355.2090040383914 -1033.3673000040508
5487.815646664993  -669.4754221945801 -1176.5246058958787 -1129.6561452362262
637.1835740357814  1333.2337679914503 -291.1023343173119 -1427.7712912309826
1549.92230593855  -637.7400269650325 -514.3346320869257 -396.1843542409308
1796.4816419028316  -451.4300134754465 -576.3369181654293 -588.3448124913441
4923.384867329757  104.20649782526425 -1120.0716664303168 -1570.0977538106486
4481.139166804  -2599.934356093625 -994.5733448795825 336.96759621768786
3.025356438953088  656.5323138938401 240.21015146246145 -381.1855608754853
2766.390867354019  -345.3955446624261 -773.8729037155746 -882.4957300067339
800.7708330907258  -1344.2752391411739 -286.191657876571 324.5813221911851
2197.822472208338  -146.28723270021942 -669.4162635271896 -893.4236811224187
2737.1864443657414  -424.2714256011585 -766.6927481039394 -822.8609346035593
1446.058716465482  -492.1310905643893 -492.14480205592673 -465.9048235564512
2355.375993335123  -506.46632369214126 -692.4435767496259 -684.6752350918516
1958.6764557483139  -399.1519907258654 -613.3257396569583 -664.5770485970995
1233.9820469740637  12.701986363753178 -448.70527229148615 -745.7752894606729
2174.061980056507  -146.95220878577686 -664.5474668706727 -887.4447366472554
3020.231966647921  -789.7501173828192 -808.4499870403781 -631.9868394942138
1254.0791078912973  -454.06836763410206 -443.11749782843776 -434.89854154953986
2135.6411980860435  -481.6674882259025 -648.7348244257885 -651.0731831003106
1134.1367242674244  -219.3586754728331 -415.5068584149552 -556.5729579185792
978.714368967679  106.00810005353378 -377.49975546523234 -725.5498151576032
1049.4814284530223  173.66238747894997 -400.3228189257018 -795.6797191566977
1696.1143914197294  -267.1669190888918 -557.7526195461002 -687.3889538803813
664.3732692124081  48.092402992016815 -270.9155033164099 -566.3766622053388
1613.7638978151126  -710.2699922809184 -527.9502377445367 -364.3740425833445
1293.678412015222  -330.2493496986388 -456.6385512743485 -531.0751670770196
1044.9413078081084  16.18535174462869 -395.26212594671506 -687.1807918002118
1286.6057436420842  -546.9728701650096 -449.63731375797573 -381.71476757303077
1053.9992403855963  -468.05666241276174 -386.49028845113924 -361.2794758352085
827.8598718735471  -387.63219329603066 -317.8618039564916 -335.58525345796454
1745.7533549914745  -578.5361348776373 -561.8224712289389 -488.892351755299
545.3215130827665  -374.06135587260655 -214.65750809073074 -226.89812764442405
2339.9679965315127  -556.8958451807978 -688.2152686010963 -646.9602357094329
967.0882248930777  147.14714693368657 -374.91234847223825 -749.4413797545841
1462.0308416199239  -669.2966636807726 -491.95860203562546 -350.1130540010671
948.0278249275709  -33.241928258573864 -364.767904503556 -620.2051011682046
588.8785103911202  -318.36347432504346 -233.44345206471462 -284.6299631664026
586.7637730034818  -22.88617003598489 -239.59229809304443 -484.3971483037536
478.42862542670184  -534.0520889683936 -182.6275038463523 -86.0436647217151
231.85104036995543  -415.6902594770987 -58.485090671506214 -21.873688465540077
812.1972170694236  -542.3628613189071 -308.9824991905173 -224.52894936421197
487.6193438610425  -269.0299118991325 -192.88324276877768 -270.61984567814903
1234.8954581249052  -517.929744392774 -436.4155267515423 -385.6035542298353
497.2655879401985  -596.5549479915425 -189.29522748660546 -52.86184204428841
686.3320315270256  -448.84020098948815 -267.2429288233503 -238.0038350258755
784.7602358881692  -479.3829814983096 -301.19803991693107 -256.75010959255405
3.683963907360333  -177.97981066550273 190.06493728218078 106.12454072356866
2236.9273652320485  -469.4984373375124 -669.709773849379 -682.9006572381545
364.27190828550243  -572.631686059802 -128.48483914437463 0.7886590567577514
353.0222737113653  -540.8991863020782 -123.56182607616671 -14.306192310681155
101.50692886379152  -675.7853428633161 46.052563563611045 266.8668479018544
63.69541370549859  -530.6488879025926 82.61936828721377 213.8287109134618
372.1268378879302  -660.7534222883559 -130.311767502536 56.19702139577027
465.86034148201554  -701.063511420069 -173.1574253123376 33.69722630216603
678.8420827716519  -748.0317511379775 -257.4356359690822 -31.646896098370846
314.25677623616  -1115.4342759411822 -89.7099814231521 399.06463272656043
553.6044871826186  -427.9998463477238 -216.75742923365314 -194.1012281664586
754.810938716711  -1010.8889267321232 -278.330362703452 116.03926988272717
423.1869694083572  -654.9097352872444 -154.91423046337093 24.364688573541628
577.7773270808708  -852.2018053063825 -216.43995294785418 83.00224717238939
492.18164498612066  -771.3094844738714 -182.9831382691833 68.33385182752158
395.27555110328495  -313.65082141535555 -149.80018781721378 -192.4421864385185
877.1707350983917  -527.6990669419798 -330.68157718281 -258.80866823010825
373.04943358048035  -534.1378437362863 -133.7600808402089 -30.332077205187687
635.3972641258557  -590.2214862914697 -244.97792190604792 -120.41131085657774
528.5232047141295  -571.8294442579501 -203.061252477044 -84.67060230987265
731.0542060290086  -645.088170789036 -278.650393621273 -122.96719713481903
749.9441444540633  -612.81699749082 -286.04208637392423 -152.43882281492944
252.80005771049971  -644.6998469207467 -65.92789958234594 119.05144259809914
513.8779263695849  -527.5422803619779 -197.98157601274045 -107.77747012266221
631.4665413924429  -518.4765099974462 -245.18175480928647 -167.44861922631287
455.7555229727342  -385.2165289349171 -176.125403200432 -175.73605315480262
606.2987789842047  -309.7144433974442 -240.4531037503934 -298.2558078262495
214.80136040962103  -378.4613184596775 -48.4677633060583 -34.75235117292905
255.4466754821029  -309.22586257148464 -75.44058239360496 -110.63998374827952
600.7984587345433  -188.3808572814364 -241.1820509118207 -378.2419115648019
314.1223626268099  -461.93311259240784 -105.07980675308613 -44.7728961442538
523.8398404730568  -568.8484114871007 -201.18196930687182 -84.47503950627787
459.9050014361263  -239.3583111244941 -181.4238367437301 -276.9258333524125
192.77149954102435  -446.1647598870019 -32.12557514800311 28.028480257503922
396.0626559699711  -572.0875080141569 -144.07135676733725 -17.318008549475636
512.2654711539042  -606.6377066016627 -195.43280977757786 -53.27418724884508
408.3157321092826  -591.9143583588209 -149.43764116137982 -10.495040051459867
812.4898320316549  -219.10804164841022 -316.7186556126387 -444.2255022193724
174.76367354331666  -308.9601176588541 -22.67835013516944 -50.72186757986486
172.6199867648071  -319.0765517860093 -20.885988526304715 -42.08074361750239
280.39538877147703  -423.77311903315933 -87.29331630701594 -49.41057633863701
729.7793326888352  -532.2512054949349 -280.86615033993877 -199.10359853711904
59.968950645855784  -409.28105639366845 84.27732774805864 136.5387401448669
103.02216582187377  -304.415384735588 35.84567260116361 12.966878262043176
283.6926520941397  -241.66014805404342 -93.47148791381272 -175.2542632410765
162.52186062727424  -303.7903511937086 -13.796888558139386 -43.979338564759175
74.78669259724782  -381.1552807393738 66.34735543362733 97.76933711847805
239.49318211334096  -271.34155044689453 -66.65002133323424 -125.34337660504464
182.02362871652923  -387.0331589145034 -26.024460830511785 -3.5993105094425175
123.58153884075543  -517.4599320022904 22.416119275923293 136.65832916957962
172.88985257820858  -311.58569030997705 -21.259071825918284 -47.392558563233216
274.9191158267379  -171.3992332362711 -90.1183459575484 -217.2723184253849
88.52153081887793  -352.23820080721663 51.13591046695805 61.57986163074222
307.0647730787803  -487.7668444626881 -100.64508295909741 -22.868668337425753
122.85051906417115  -343.5068842126184 18.93434519470732 19.208989295051026
53.49162717788604  -339.1989053925322 90.83707074529039 98.28934033285374
147.92176272391453  -359.34917674725074 -1.2900437678764547 6.510444525797556
266.6763236018532  -324.64492610613866 -81.71370160272696 -107.72538194157573
209.68439811805058  -325.2131350403959 -46.37183488475662 -67.10345382154935
158.92018888852957  -321.85529348007253 -10.656951760345933 -28.61797953607208
328.14221628455704  -381.849770241529 -114.44367714171932 -107.68247478542668
265.0546617836123  -366.6888819138161 -79.77045744424872 -78.0834625173367
135.38256699966104  -270.66420005245925 6.677788146809604 -42.27142375358284
170.05376745093136  -227.69861552563026 -21.173054211200984 -102.0210445348826
197.87746887061144  -279.32790049773496 -39.55688694496856 -89.2765551557372
114.78770590460843  -249.66471107749186 23.78144561243991 -36.491578487971594
185.74433808474296  -292.4413139117846 -30.879936105457546 -70.83932062655094
157.90569566708268  -290.75380942732284 -10.62216039493616 -48.86841652318833
155.88867615990168  -289.0956644835273 -9.123581631235197 -48.24341337815987
144.87303980030475  -247.37370752642633 -1.5298205086314596 -66.8134667765859
154.51707518247213  -279.2953521298149 -8.303778104365037 -53.70328160764727
144.75309590863864  -305.8947130869225 -0.05176073090042621 -26.95201343433679
149.39164963284327  -284.25629994268064 -4.215794518564493 -45.810997272799106
182.42393625451143  -293.2690028185973 -28.523314705789588 -67.61536904850162
159.4166934624963  -253.0502686691588 -12.658655368974202 -75.78492987238127
129.88212322353073  -353.64105211208766 13.199807697918658 19.289214731729277
119.5422034520966  -274.96874473278854 20.184576931152918 -24.080185007767145
172.52086886026856  -272.2070424520991 -21.921471880096647 -73.83691059108511
131.87582388471475  -295.4778323750784 10.161141672803566 -22.116216957549874
138.93806983097411  -308.2775907479712 4.667396172962768 -20.022766533054515
162.71901556994976  -309.8289176203531 -13.801835411378207 -40.04551804587274
135.60926361504735  -340.9848375716718 8.153525643127637 5.2852571017040795
185.83963112341843  -361.2975782723986 -29.319614236747157 -24.141637000893397
142.75033048242304  -317.8016904953795 1.824791482864569 -17.04688492239368
115.89879043353433  -302.26413829701363 24.036455368611456 -1.886203768392411
121.85422878225313  -313.5712975142212 19.08707791936142 -0.14651205705640535
124.23107492660317  -322.1928687505756 17.244538070474533 3.379560611806699
165.36199592311615  -316.7303187520188 -15.609387302823862 -37.60180593540693
149.46087391753613  -285.4286912822589 -4.24216952697563 -45.0761885658052
155.40918926178696  -295.32620300222004 -8.609333257949572 -43.593036519514456
164.51864077867472  -309.31161330398027 -15.157601188025993 -41.92709475821337
128.82956679131732  -310.7492985612032 13.070014138967721 -8.840434306211849
158.3850050858043  -377.3180025310079 -8.940590085124683 9.519699583506812
105.34747957903694  -313.26417800830336 33.87921123415812 16.500051019021775
97.84777523225267  -310.42163387442577 40.918657484267214 22.662927551827977
158.17185518391997  -256.40023869628305 -11.636128549149063 -72.43490135800542
150.72265426885733  -276.07924935707877 -5.446637234209831 -52.5473815082787
151.232361909742  -288.35502709802785 -5.5526965909350565 -44.65967215011788
148.6126310977182  -291.86693542365254 -3.42650459003022 -39.947021590068424
145.62968024204673  -315.70525921928686 -0.5146505078196242 -21.07897589358813
161.65226464151965  -278.9073881171562 -13.732609747492873 -60.13933825028794
151.55478876553843  -269.3685302361274 -6.251597542795608 -57.84211475067303
140.71572175826324  -291.9478835359129 2.8459005450872894 -32.75050164401727
149.71217262171078  -292.2808071652769 -4.276464525970994 -40.64504761267701
141.87592711275573  -297.0977092118605 2.0355079638124636 -30.313810912024124
142.5137600383706  -274.2781152644457 0.9854712524432756 -46.39681100088198
128.5827809876575  -270.01717324515266 12.315220966763931 -36.272998758679904
143.88893810524485  -280.887605582075 0.044240914871465975 -43.15687327778006
124.51950211966196  -351.4299064542514 17.688455858440605 22.95887267973123
147.57713917349923  -294.73220747670143 -2.5462251153526694 -37.07520856762011
138.57824075858971  -303.70369181884337 4.851022823218429 -22.797563358436108
146.9002131512109  -291.60823647839976 -2.08730629009726 -38.59056463948889
157.01822589595264  -283.73600625188254 -10.112610120959658 -52.86637552074956
153.82382618600306  -306.5117544136153 -7.127465269623258 -34.6080638229875
131.2061832278694  -248.9380175883423 9.618945220946465 -53.09548715788099
148.687474375521  -284.49277049397966 -3.659380365235009 -45.02302187789308
129.86755769851817  -272.9028424705632 11.30411549807826 -35.54199798121232
150.8287933307855  -296.73378851381983 -5.0411079660961775 -38.610861668070136
146.79584058903205  -292.6453306539009 -1.9805491374283548 -37.79239574847588
141.0460121541269  -293.44594570597246 2.615561890124596 -32.03552744255693
143.2124939224224  -255.762248281077 -0.010326786669992316 -59.6103622854305
146.6602529138682  -281.1876673795206 -2.1444059701560434 -45.453792116520766
144.2482240458304  -273.1697014963031 -0.423987869504586 -48.72516906277139
127.02020444236501  -229.20234070771556 12.670700963169601 -62.49501769109772
136.33752560581385  -215.65933848055033 4.595605776943842 -80.52704842020651
133.7659428929043  -256.99591520293706 7.685605278089753 -50.040558467511325
143.5024296428054  -241.84490363200663 -0.5704462499523899 -69.32771937162163
140.27861157624204  -263.1952563350824 2.518623534057511 -51.88094936183102
127.98987204310015  -274.3705286589407 12.91799340081323 -32.746442124888645
135.78107712715087  -212.27448932640138 4.971180166581597 -82.30751870263296
122.04857356573733  -169.9870093060875 15.526028238636457 -97.8740950848144
152.36743387685436  -261.69952045856246 -7.062353007828804 -63.76862013227291
126.13522774050593  -295.54752854168237 14.98965010742576 -16.571507329702538
126.38691981061872  -199.89383285248243 12.515391324498644 -81.79225665077652
142.99091497441177  -315.7607719783936 1.5843513251832064 -18.652184197552977
139.1853918641456  -235.88070575620787 2.756339444547706 -69.42974456242648
143.398574356932  -302.8321186691095 0.953514786347867 -27.805076891434247
155.86804320863402  -289.1263026726455 -9.107075982367292 -48.20462709832589
142.8428903237949  -272.46086039983936 0.6793968526108358 -47.9309475988647
145.69070282686639  -295.33157920455324 -1.0443743623591075 -34.9737147416872
149.6124664262127  -258.55033010856374 -4.995698154196305 -63.46936071622216
145.76958009876142  -258.76164878933173 -1.9709341699364984 -59.88656333603669
146.82493675754407  -258.2544205208215 -2.8161525946314896 -61.18009864801793
136.18694630308417  -219.1483413889512 4.8012385933215995 -78.01668681546923
130.41384606947778  -193.47120241820443 8.96980466302422 -90.02037523277875
146.74665503700749  -303.0754457487516 -1.6953103167656707 -30.663110468736953
125.48525084316226  -198.18423701910768 13.242278810454849 -82.07970679892952
144.63082208952923  -261.57785898433445 -1.0019154939670472 -56.94569135993505
139.9196427396098  -244.03955774761613 2.355582430416682 -64.56347954979377
139.19369297398538  -233.5324012755911 2.6941288034552286 -71.03258948858742
140.60105130524425  -242.1734165485491 1.762038920313259 -66.45691044693947
150.48749128031503  -289.40939323891655 -4.948648173035011 -43.2838648708709
152.15940305321675  -294.1845749150412 -6.1337236710738665 -41.51831576846895
131.21063306012798  -212.03396227045775 8.743173675685249 -78.16846965538207
141.01109755469142  -255.92909539386793 1.7570971297009947 -57.48857573127323
143.50093569095915  -268.6087887392498 0.06318647047953618 -51.14578015357526
139.81667781416394  -224.75318293827678 1.9829780449055292 -77.56993452096866
140.59317683015422  -243.0256083363945 1.7885184536814691 -65.87079768075449
126.88685369122327  -182.5758653906732 11.681913559043615 -94.03945101813261
146.2675898306191  -249.42172616058116 -2.585206747510739 -66.67936636771081
144.02013924414516  -238.93868312108455 -1.051455895812353 -71.77151367229374
126.0161725440791  -177.03225050296527 12.290320024452036 -96.9630871036596
141.37073430361642  -243.88216648528578 1.1833914816023068 -66.00117993549749
139.03428218692227  -263.03109963718646 3.520263871323337 -50.84726316784016
145.51491111005996  -252.68064070151183 -1.913111465936538 -63.787851163474805
146.530214158983  -262.39300011229375 -2.4859671432352144 -58.10411028004171
138.022545974928  -229.1234709156589 3.539897538556886 -72.94564285702906
144.2537045604822  -237.10150351456224 -1.280651744158483 -73.23109099826235
138.85743807270546  -216.6082232638119 2.5665398182074313 -82.21893809044458
147.42922621971098  -260.451440895196 -3.239990990588467 -60.22951537743044
139.98083693843265  -231.91877941424306 2.0197654319355465 -72.85332783478334
140.05455303136645  -224.6629851603035 1.78881649224531 -77.8499106813493
139.95001197783708  -242.70572977479188 2.299547166976147 -65.49746463742017
147.16391194177368  -271.441755188366 -2.771524864094147 -52.52608640931547
139.3739499216349  -230.27215582585947 2.471231226196501 -73.41337677517905
137.2727255668022  -226.57484767356328 4.089992555281185 -73.98181060883388
141.04745674605635  -236.19400674972377 1.2615107697468844 -70.92782923328681
139.71547349712614  -229.31928849543095 2.1726260077440074 -74.37509541437097
139.25685602808363  -229.77100177152283 2.554125615546326 -73.64591154027116
138.11514094928748  -223.5474656776558 3.3328811176461883 -76.81910388247996
143.9533258649719  -234.48455616463718 -1.1035362023516058 -74.73662260042751
142.99548514227007  -247.47139552514872 -0.033008013875772235 -65.04500072048289
143.5214970123167  -243.74771603322318 -0.5406815959187625 -68.05245873334098
141.09414624488966  -235.62125269142422 1.2104371585146154 -71.3596522031419
141.85848247838808  -231.10053632821436 0.48995156777936444 -75.12945697896534
146.5533617465955  -253.09725946633114 -2.7238894788724224 -64.43946035574479
140.32730599746034  -222.84335565650775 1.52583251313321 -79.33652030066231
144.0303737681242  -237.62842647024598 -1.090561668301028 -72.67084006154171
146.38377027613066  -253.5800290400991 -2.578662975897558 -63.95910992282748
138.85551091342782  -210.50277207291134 2.4238273351669406 -86.36456388662292
145.2087287803581  -242.96088517026652 -1.900277678095243 -70.11423220171793
140.14855006413362  -223.2706997050303 1.680079953912717 -78.88205446097268
141.74282805592438  -233.97977177821218 0.6507376641360381 -73.06797336088775
143.111689005842  -235.26475959109047 -0.4142359496124186 -73.44258000747374
137.83372501230104  -220.4219647186738 3.4878124897416853 -78.68167270946127
142.46279886964348  -239.85224175899776 0.21274242390811082 -69.7357147873362
139.18647694421608  -222.01495773186798 2.4278076610860637 -78.84968317616209
141.71465420229868  -246.89238089054788 0.9784675922068544 -64.27075905357749
140.02624308833637  -221.52003837779012 1.7373926788199228 -79.9588810348785
144.32100067901035  -245.50748144332536 -1.1355160109451532 -67.58188214861181
143.32585400678522  -247.2219997536398 -0.3025779732879528 -65.51471831156283
144.1016609508531  -254.28858298779926 -0.7535927784448262 -61.41826937577807
141.46171153607972  -231.12576286001428 0.8088944733957817 -74.74975206917799
140.8641488853609  -227.0450559545016 1.192760263135753 -76.97474454515402
141.659065977496  -236.48721057872314 0.7771857607346107 -71.28815126216243
143.2991998336603  -242.53360196257393 -0.3921045402760228 -68.67530936802179
143.06615950806452  -236.89283112292804 -0.3394165172734347 -72.29524210099916
137.30424422595206  -203.43012432459972 3.517384742322747 -89.7331704067123
143.00422948603023  -235.4774035113345 -0.323413883230657 -73.20041660851567
141.65417572474234  -233.86651340080942 0.7191813367359359 -73.06390988715667
141.8448954532872  -230.44180180432778 0.4852795108224015 -75.56452485479755
141.2612518789652  -221.9748162737149 0.7536613524341007 -80.78257430166599
142.3592951492244  -231.97726013474295 0.1094797982825213 -74.990821245608
142.13527348148028  -227.67911363562519 0.18728395556986754 -77.70624442977406
139.77492832610076  -211.88063346012856 1.712514633256653 -86.27579316543141
142.99100348905617  -233.81102670434683 -0.3522289664918006 -74.32034934647359
140.89442690763929  -225.1324417822011 1.1232038139918075 -78.30171899724525
142.57833275357723  -227.06013066992216 -0.18195783771452056 -78.53059154877623
143.84368256989669  -236.47494876872452 -0.9692177515158562 -73.28514871508175
143.61502356394297  -256.05515246923767 -0.3243919585858066 -59.776969003807736
142.28151690116184  -230.57149672868078 0.13852101717805 -75.8748412084723
140.5724014852818  -208.52696667091345 0.9900344046426568 -89.28650703749675
140.53821213011454  -210.92107404908324 1.0741472746739262 -87.62883641832639
141.82322848038694  -217.2347596651068 0.19056570612680446 -84.51621966695878
140.1821146338169  -211.06064205125733 1.3644779575683401 -87.20712391748731
139.02730088824504  -203.5490300932937 2.12033110296381 -91.2467180462558
141.07427874921052  -221.50319456520816 0.8927948475009728 -80.9317913509955
140.43717788787058  -220.55127100817873 1.3831142954710387 -80.99437935651919
141.94842256973428  -216.1198112944261 0.06385030735749098 -85.38790993058775
136.76412426896405  -185.44376639838282 3.5329760151308207 -101.44939694341697
139.81770227668045  -197.10415185289222 1.328793381142141 -96.35273424229193
143.15682362902734  -223.8682716703139 -0.7195658192541146 -81.22519183993126
140.47591442766523  -223.80709870214156 1.4288378996516542 -78.81825951211592
144.0240743707931  -231.06189141103238 -1.2407188082951919 -77.12574766615208
143.1254518355535  -223.03064520839388 -0.7143188412063992 -81.76566877272197
143.44182088414934  -242.64944363149056 -0.5031136499864814 -68.72616578973947
142.68133314822043  -213.83988744377743 -0.576717402570246 -87.6048417285255
143.79400759455527  -215.78418070935496 -1.418592089682896 -87.29523928415097
144.12191898449512  -220.61625439853663 -1.565397869589141 -84.31007809348338
145.12441045443404  -244.04372922821278 -1.807859435332574 -69.30254763328583
140.07059475905868  -202.2369499046796 1.24593640527754 -93.0985537734694
143.1569618753987  -221.1160780117253 -0.7847115134650906 -83.0948697272183
141.7624819627109  -208.12831838402246 0.024093899735937896 -90.64669837663882
140.05549422946754  -199.24323253155052 1.1873784540737162 -95.11829463217911
140.9856346560821  -211.7950795238827 0.7346701198926979 -87.44528486165271
141.0535932448915  -193.61503274504878 0.25041922902332203 -99.85714630754462
139.068596606444  -193.65589422062317 1.8531094601269729 -98.00516756370257
139.27045593807085  -195.29047239870783 1.7283318008707909 -97.08090814661641
140.82207493839962  -220.2076040237583 1.0650441057560087 -81.58083527190222
140.44929984925173  -198.65136496242064 0.8558432157692692 -95.88200773536883
141.29167172325418  -183.57619223544572 -0.17815218547787737 -106.89441398772986
141.3248317412549  -178.5068342667666 -0.3245815797650451 -110.3683440170626
140.8159412962622  -200.62187753359427 0.6071620023805124 -94.8797057410437
141.76876359105867  -197.63653385085738 -0.2288688277207669 -97.77945611781715
142.4054867914684  -217.8535930087271 -0.2612352969059515 -84.62706478074338
144.0737355768201  -251.00984055589555 -0.8088545923401398 -63.620201563622466
142.0896160946305  -206.19132026204397 -0.28390603089965794 -92.26114637805347
143.0831275105188  -196.19053437638698 -1.314773208648269 -99.95954912396661
143.1023012044264  -141.88999034889954 -2.6132173593257733 -136.86308137953603
139.42397088111798  -170.0577007599966 1.007882941420192 -114.3628517139335
137.94810823127932  -174.2714484676892 2.3042374894109514 -110.13744443595253
142.94914717317866  -140.64305580730593 -2.520388737028547 -137.57083601284873
138.90054340280378  -153.7017406082524 1.0451073899078693 -124.99079715388174
140.590235681059  -166.59723248492426 -0.015143498972165048 -117.78553636540774
141.1486857783783  -151.87246159186452 -0.8124186357100669 -128.29974332470232
141.52746081039663  -194.3731255739664 -0.1123683725767819 -99.77576264550686
146.06254241359045  -94.36049365521518 -6.087381082231179 -171.8272522489644
143.56503158213957  -192.67128123750467 -1.7823359110925523 -102.78796025954466
143.08170182367954  -142.18807341281862 -2.5897287211689175 -136.64186576370804
142.23303840926522  -154.4572969707488 -1.6212681635614388 -127.53464975486698
138.916718038273  -158.53472148771993 1.1462067180338238 -121.72270228889613
140.2152288356278  -152.0167606520202 -0.057455903972090994 -127.34576984187727
140.0536140245523  -158.75811142972407 0.2322187147171917 -122.61791755414207
144.1062080301214  -133.4315774797827 -3.6130992666440065 -143.51997762977584
138.01297048316155  -160.83253577362424 1.9339403094486087 -119.32649025336616
141.98122948803197  -131.05429275925866 -1.9725680675439108 -143.20245744701884
143.47501384531805  -128.07914646511378 -3.2369099106208346 -146.58336332470168
139.49076137933528  -153.20025143439258 0.5555256761177034 -125.87554984114102
141.58318948748243  -128.92574324230804 -1.7036391587176354 -144.2847996437542
138.66205386674602  -172.94196724999188 1.6930850889178402 -111.70082275669483
139.83609019933215  -192.44282857000948 1.2037948001704137 -99.53606183048537
141.1302072573306  -132.98676628677984 -1.2438391999353016 -141.11178842285997
145.34926939414413  -101.73175447102257 -5.348908824964486 -166.17731718990157
142.9918878532567  -115.90975766675263 -3.138977302733224 -154.41092205079352
140.80764791148053  -141.3374820380497 -0.7870727001736313 -135.14371195708324
139.9307105059338  -123.42414560927782 -0.503536127696286 -146.5071347201902
139.92157170685965  -140.37750625596638 -0.09554604390276467 -134.98239600212307
139.4529560403423  -134.97100268915185 0.15533321035172065 -138.2237747248135
140.7145315187642  -141.09114609712807 -0.7179442000446272 -135.22568598796184
142.4084962849835  -124.31923415761813 -2.4738883429875322 -148.1672503833757
143.06806077983623  -130.9083506599872 -2.845380701223661 -144.29172336213026
145.27382119448822  -150.13539696343167 -4.145351216385883 -133.22888711525164
137.01307503370683  -151.10446326474795 2.5183308257288957 -125.00734493137594
139.052699372793  -145.1851894341988 0.7206044532887077 -130.91642531427453
132.3417604372919  -150.12092189869892 6.339166558135965 -121.29739841119293
142.45567222879217  -105.90800773931944 -2.9466980468932604 -160.71689886760598
135.29703561194145  -138.9115877469622 3.634627611055194 -131.69039987879412
137.97245568928858  -159.827681277088 1.943131171494187 -119.97157208248703
139.35659711389184  -144.39182136511292 0.45588557731182533 -131.7354959141549
138.6569143823159  -160.61735596608213 1.406018477697991 -120.06812572473963
140.81374249597766  -146.17426554879987 -0.6776828686953351 -131.86369417736452
140.11836609387498  -155.85975043735215 0.11148511924013604 -124.64626210834868
139.0483388277632  -160.07796518392053 1.0760565845156904 -120.79581199498362
138.12288320832857  -157.62012599421524 1.7687024474841806 -121.61040110938603
139.4598564083753  -151.25316412126875 0.5345052691117331 -127.1697357347518
141.88785737537697  -169.40623756692204 -0.9914572664501975 -117.06492527782197
140.49184879722623  -119.70674516981353 -1.04392481980409 -149.54775598636203
141.2829018266482  -179.58452385339615 -0.2654308626066424 -109.59791088389078
140.49932879619772  -144.68395545316935 -0.4597332908932472 -132.5877211172934
136.98397058648072  -132.56420537774028 2.1039645597258456 -137.57460940594953
141.47539107680674  -116.62300452694222 -1.9078244837136111 -152.54343892922154
141.55458419765355  -128.51445859034217 -1.6903992733536342 -144.53803546768665
141.27473856369332  -132.85335924088832 -1.3631430672713591 -141.334697313093
137.88834023918542  -144.24225708631423 1.6432385599493031 -130.4807797192709
139.700367058643  -165.15570710534857 0.6686220243517909 -117.94721413866206
138.2993217272158  -165.62843439674458 1.8146216619044822 -116.33362364390786
137.97627217046445  -132.0983535802238 1.2847759879583691 -138.8115057516546
140.27426745163217  -183.22334573772645 0.632357844338884 -106.20150609879138
136.4409361651979  -140.0366288430272 2.7240542785991764 -131.99350478132754
138.42989152025993  -125.04281451888052 0.749569339976631 -144.02396806440004
135.0940648221602  -131.98462669717534 3.6376416070751034 -136.20599477898182
138.69074566572337  -131.06771729696567 0.6803167607978509 -140.17229996425075
138.18576861745578  -157.51367944372322 1.7150952320065258 -121.74089881109448
138.46520475761366  -146.9329785971055 1.2381799372095657 -129.18672602023352
138.40967994424403  -138.77983502525794 1.0905842618923458 -134.6737918366797
140.83390590796077  -117.88562782171516 -1.3623764547877464 -151.09850896915654
135.72740419132137  -132.2101128039812 3.1232203318166682 -136.64477162579664
138.74785913796228  -131.24278574637552 0.6381458992052487 -140.10611724212959
141.50332439372616  -101.29672511830198 -2.292413290472897 -162.98004649059808
142.06967521913964  -106.27951739148797 -2.628873903145351 -160.11255910986114
137.10400955070847  -143.04675871379126 2.2537493712985253 -130.5653843924769
138.4284042260369  -136.31197133568196 1.0170697751288102 -136.36750916171542
141.88588651145412  -126.61114385490085 -2.001136706784692 -146.13362679195012
140.15726665315944  -126.1493819100246 -0.6219596675468964 -144.86411234779933
139.3719757171752  -122.90791537747303 -0.06422504633081871 -146.34357804901958
140.95963430890924  -113.79193087970866 -1.5602615956668764 -153.99453841505712
138.6821016211289  -130.3678682244985 0.6707885851522946 -140.6397209352423
138.79754487797587  -122.88299542808772 0.4003242409528056 -145.8307551208512
140.6293567981336  -118.1748102134053 -1.190884017787262 -150.71453684987486
139.31327658436416  -126.10230848742225 0.05874613879350932 -144.11955893192012
140.31412937673915  -117.83717432229616 -0.9448743939350202 -150.65462151599917
139.8633734101756  -120.98404697303637 -0.5068294497174648 -148.1027629600369
140.42338721984927  -115.28488551322985 -1.0932501163959785 -152.4886765845431
139.71801872629473  -120.25756701684296 -0.4065948512664619 -148.46254742715334
140.55488996770262  -116.88889875860582 -1.1612959827293317 -151.51974473251042
140.72962539306135  -117.47180453019129 -1.288225884399946 -151.28402911142769
139.37905639141343  -127.42952967252047 0.036894357594064786 -143.27859040355443
141.02014321452947  -109.57641546710124 -1.7085392777877395 -156.91354161148396
138.99451991364236  -124.63434924348667 0.28210287311583215 -144.8228462995504
140.1964469093998  -115.15633403777599 -0.9133299125232739 -152.36762821815114
139.80509198496594  -122.57032951365221 -0.42227921843292293 -146.9716049431829
140.31477210113547  -113.95751270269722 -1.037069851192264 -153.2906469447299
140.90279430184054  -108.8629546587489 -1.6310114404823821 -157.29069359415422
140.43400019393326  -116.92393124656714 -1.0630715819712044 -151.38502130895301
140.07861666554246  -119.53999313926411 -0.7146905758915381 -149.2815735968079
139.74216101554953  -117.00857776460171 -0.50287296326335 -150.69178307439546
139.68673229813243  -123.63301278348835 -0.3015545154504764 -146.1408343811879
139.538191983618  -120.01709775702528 -0.2669484265982689 -148.46038050280848
139.76644528899  -119.89685248160588 -0.4542390460060943 -148.75213374107472
139.8890656505077  -118.90331161784042 -0.5767427467208819 -149.53982313324633
139.66771202698493  -124.3393932626748 -0.2694938486857339 -145.64348993469753
140.4691749918859  -115.41438156975201 -1.1270859915786282 -152.44273168292085
139.90219150241077  -117.21462450466072 -0.6272444675671132 -150.699009871393
139.66830082020846  -120.9334192384348 -0.35045363511187944 -147.957693477943
139.81183218982082  -117.54803899368503 -0.5464008167361669 -150.3894224038241
139.88138455379107  -116.98425254183869 -0.6158887261893682 -150.83636731060565
139.6919952931634  -119.04946230505536 -0.41411735456182797 -149.25926115701253
139.45073733204842  -119.85712900090579 -0.20001733522062182 -148.48851275401606
139.82427474350928  -115.42735074572033 -0.6065619248200065 -151.84144026703711
139.4970570237  -120.3868688135266 -0.22495385936640488 -148.17132029624878
139.6326594108374  -118.94958890372243 -0.3685303817369423 -149.27249730567732
139.03781005484183  -117.08902860191068 0.06874276115724598 -149.98827896157317
139.34590391635643  -117.19136478936892 -0.17821803346500076 -150.20278298298865
139.1980207037524  -120.9972513988427 0.031382010309013 -147.48117370562375
139.4834415551688  -121.33750625460348 -0.1914811485819783 -147.5130187108776
138.96105578364566  -116.53898990977856 0.11791505382066347 -150.2911116694874
139.61883618373182  -115.2834130166107 -0.4439915297328305 -151.7501895089641
138.91808905188506  -120.14479110294474 0.23793096136198955 -147.80206295177462
139.9723740187395  -120.34564899660394 -0.6099136086271173 -148.63664624936996
139.9468744855717  -119.78051491065082 -0.6026845848764637 -148.99709657452448
139.9659887226668  -114.49140017102121 -0.7430968533148956 -152.607539086193
138.75524946377504  -114.66584169844761 0.24043701552978192 -151.37357901944665
139.7067856152457  -114.2253112556501 -0.5400630943138047 -152.549893446136
139.141161164038  -115.25391426688299 -0.058307229958366236 -151.33017390658222
138.59497348867757  -120.64120354200155 0.5116092528976957 -147.16651700635867
139.44544493344299  -118.99250914096567 -0.2161686514151917 -149.07097045636132
139.97538780879543  -114.87676812517839 -0.7415771810473224 -152.35440103850806
138.44544314011122  -115.03341400033285 0.500422508368672 -150.83768099199273
138.6197536909466  -118.22497727270866 0.4344132383406176 -148.83073991875906
139.11008983039392  -116.98930509636929 0.0078563906467366 -150.12268097627782
139.92754745554467  -112.08271011163876 -0.7689834598719649 -154.20840866174152
138.478479590808  -114.45831206288223 0.4600217766819661 -151.2588802176536
138.50561325185694  -121.11068067554612 0.5952008393348827 -146.76503500834437
139.17052759125414  -111.63140056437328 -0.1676811036128001 -153.81800524268394
139.0666366815359  -117.11294289387493 0.04596314643766419 -149.99862165043234
139.18009560793  -116.22446789584514 -0.06689087313953834 -150.706777792054
139.18567208439026  -108.27192480809789 -0.2593252442950913 -156.11404266155185
138.46846827818644  -120.46790586739829 0.6101544032557307 -147.16733921199278
138.36244161425773  -112.13899260811783 0.49940111692823663 -152.72711388164925
139.61455891213862  -117.06214313642558 -0.39850285023713994 -150.53796970439143
139.0433561713997  -108.0155315359545 -0.15015775830146438 -156.15697707947325
139.61435263340803  -104.47711971828116 -0.6957231485950892 -159.08672511462484
138.3055029112248  -111.36267220793604 0.527286791671461 -153.2018123585664
139.95238173495002  -107.95180881943665 -0.8866452845323423 -157.03734235905355
139.6388639182055  -103.21296127519042 -0.7454046309572497 -159.96802263546945
139.43513330293575  -102.79819475276513 -0.590505019525672 -160.06219215884866
138.51886925792442  -115.4039194223537 0.4495925821265132 -150.6538605292911
138.41588928672448  -104.94621339567458 0.2860468351703638 -157.66254807492433
138.91998461516744  -110.73171130954942 0.013961752036955488 -154.19807165558063
139.15956901213434  -112.68368856795678 -0.13394428211531562 -153.09308781935246
139.3438006186996  -106.58087886609374 -0.4272447884770507 -157.40849670155225
137.6401780641251  -117.59333782153375 1.2154240027795247 -148.35330868590404
139.86894505063646  -103.6700729512919 -0.920461599755729 -159.8691853133053
136.76214852581143  -105.02963390970463 1.634378099970089 -156.07249677193795
139.06229274187788  -106.12025696193439 -0.2102789337183637 -157.4618935461173
139.0736583055951  -110.67498994111074 -0.11185320377456875 -154.37836770830532
138.9130945600606  -104.91353773128512 -0.11794053971649276 -158.14397074415356
138.8899915758452  -106.49788670187763 -0.061782337431044 -157.04641014678214
139.0127703523179  -102.11956168162132 -0.26470935708007204 -160.13386819642403
138.72561072904858  -107.07356697787824 0.08505908106388915 -156.50360716067954
139.05054574688188  -106.2565362199449 -0.19754567977839343 -157.35848531256215
139.12210781294033  -103.06020469975401 -0.3310218322967877 -159.5957332366921
139.575704892098  -106.74634958344981 -0.610863490332541 -157.5096718635888
138.19627254577085  -102.14635013161362 0.3982170990921645 -159.36137769017068
139.181257272704  -103.6129433020831 -0.3658444711856106 -159.2747961771929
138.8762421231142  -112.3039923875711 0.08655883038784751 -153.08966152332675
139.2433966449804  -104.21556359827866 -0.4018978963048383 -158.9227189337224
138.510478763577  -105.66673767931573 0.2263086824402798 -157.26052713883095
138.64413611149345  -99.92902772408729 -0.01769997349168051 -161.28161233922182
138.3209594076268  -94.50551896287385 0.11639779871729417 -164.66708865904343
138.9912095049073  -107.18230548879026 -0.12761175909392364 -156.67488121463182
137.41100245719963  -95.08850222759457 0.8702501615461884 -163.4281899270382
139.36055841020243  -102.85045706030111 -0.5289518666620623 -159.95799358936728
138.94923949793773  -107.79450664342605 -0.07914664038989727 -156.22029449350717
137.67996206763686  -105.18595348961477 0.8898535372552274 -156.81846379570007
138.26651301400204  -98.87053696535278 0.2637572986408898 -161.65159832984472
138.3302124537185  -98.73623129525522 0.20885740513704576 -161.80174307640527
137.09860699320598  -84.97741976874133 0.8859618734558765 -170.00658807188103
135.69933616264817  -79.43865669553253 1.8992252322195426 -172.46596297444944
138.09458695365842  -98.7182169965638 0.3998275549752499 -161.59599729543675
138.64295073533876  -98.16758023732127 -0.05836200062292818 -162.47706013074531
139.37122749275375  -97.13838706929225 -0.6725597486465738 -163.84800418828323
138.5886417700596  -89.30322655270405 -0.2237782869026823 -168.4484030063763
140.24370318764542  -96.60054932577856 -1.3899170620590375 -165.01588616517648
137.44250488807097  -88.33231707350353 0.6849379073094184 -168.04686046257817
134.98390297644022  -81.43446770679779 2.5336561441223004 -170.4413706629942
138.0420078814819  -89.35321369515675 0.22126210450704775 -167.90893090370378
138.07312563269886  -104.32846888484521 0.5498399993281566 -157.76511681005488
136.66609114251557  -76.031700423938 1.0276029766436885 -175.68130145363054
140.43675898818975  -100.25936446249285 -1.4590820837101113 -162.70771231265647
137.7783128907528  -91.17972741806166 0.47885393909852425 -166.4239713132862
137.2861772394154  -93.73528488298784 0.939985724627693 -164.23158252972792
135.85356574668373  -70.5660910792808 1.5631669449655128 -178.637009211399
133.45618489891314  -54.84208740599212 3.164545364395307 -187.07124529070128
136.9897664567513  -77.76661859783178 0.8043550157257755 -174.80373089154267
136.42486787713082  -77.05011630939516 1.248803541830089 -174.76497709617794
137.1545886212001  -81.82536479250919 0.7658252534844259 -172.199758217831
135.74194557254413  -75.28042224955597 1.76603785434785 -175.33041056299422
139.10150003527085  -100.23705942704859 -0.3810481277761184 -161.49447906068917
138.18233847513636  -88.26007063369235 0.08140067356863057 -168.78136792690188
134.24604357943738  -70.65230476622483 2.886181928510645 -177.0739686811748
134.54175252420254  -51.32662217620124 2.18592273401741 -190.47923700332132
139.55097793205164  -90.11501905744893 -0.9838773922961543 -168.78448903796908
135.74058919466222  -66.66836250348702 1.5636448513172212 -181.1792744970785
133.49371964830013  -66.09526851293266 3.3994350511414666 -179.46234939826843
138.6497280509199  -86.10765476463868 -0.3488371010487654 -170.67556869587992
138.57287088466927  -86.88113618378208 -0.26821931534610144 -170.0791465422642
139.84675081955598  -92.33065096774999 -1.1704927628351172 -167.55158803005017
138.33358643029445  -87.00164445533082 -0.07117287109418413 -169.77611071431596
139.55089774876902  -103.8608457899247 -0.6589957994701834 -159.4469422081861
139.0396662644481  -86.0843796820218 -0.6654072801777708 -171.05129819038655
138.91729402585977  -84.91295890700435 -0.5939610174103649 -171.73414157351604
138.98803880364906  -89.11242732198085 -0.5520385990821985 -168.94673632948087
138.64606238583247  -84.89211076050059 -0.3745877542137208 -171.49789592852426
139.14129071908434  -84.1122342896355 -0.7942968146320233 -172.4846848634562
135.70807258755684  -67.00254196189192 1.5981954269400234 -180.92191166668476
138.90557504535587  -96.58612742975795 -0.308626426300048 -163.79380102340295
139.17624454788276  -86.55836948538001 -0.7647900294431373 -170.85526367840075
137.90155119167443  -85.47038556653932 0.24370080250955795 -170.41646401384426
137.04377939741892  -76.20057463225194 0.7232840016394135 -175.9177230994277
137.20471227860784  -76.8747240306596 0.6079727716739107 -175.6092491084922
139.23756938762804  -86.60349396427199 -0.8133589080276664 -170.881140889025
138.3514293973867  -81.9050146398917 -0.20609407702144011 -173.25472561527042
136.4192919375178  -76.23201113374587 1.2340304373544129 -175.3155197760838
135.77676454342583  -67.24927303347695 1.54772271810673 -180.81843257473088
136.33739729865  -71.7109263666088 1.1941641222613804 -178.3104001539448
135.75359173977634  -72.6874435179293 1.6952196828266786 -177.10267987830065
138.31346335927407  -81.87042322974986 -0.17608550482971452 -173.24311535180405
138.13157543123484  -81.69726417166498 -0.03243730089662833 -173.1924787653681
138.33587846941  -81.83076226472657 -0.19522283640426963 -173.29078518418848
137.673035451151  -81.11574734215574 0.32670655110240787 -173.16281725688842
138.79210665087885  -81.79699667370444 -0.5661390692583304 -173.73525381696504
138.47363436277553  -83.11015063308894 -0.2768103168520355 -172.5490555855988
138.06330714800274  -80.33559091443858 -0.009137325366349813 -174.05427385536046
137.4636872115828  -77.0304000397467 0.40061764394589616 -175.74384784103128
137.57026235506785  -78.59121258098419 0.3507116257115541 -174.78243969723403
137.98526524989674  -79.60405894539224 0.03701211318175268 -174.4789523470605
137.0714641937636  -75.66105613640725 0.6879525042803252 -176.30993490711836
137.743623369715  -79.85495841712344 0.23947128638715043 -174.08468697692345
137.58089939433816  -78.54285119832075 0.3409085224138835 -174.82515467439367
137.8877563186666  -80.14057830625558 0.1289746817211075 -174.02419937584494
137.28025537856007  -74.81218334518194 0.49765531859623735 -177.08045613447104
137.66411967227998  -78.14470552801602 0.26375670501295545 -175.17276695680715
137.83776207091944  -79.33189335158514 0.1505264875690031 -174.5272256315262
138.0606754774953  -79.7464434889982 -0.02092015725451546 -174.45204287125893
138.09740750158633  -81.53583105957878 -0.008487961436035363 -173.2705187240849
137.84689927668555  -79.59513955004381 0.14931504847523414 -174.3568681622636
138.47537195028877  -82.33094766450095 -0.2966331226764112 -173.07997030984535
138.04664869508753  -80.72865344264747 0.01368999497373835 -173.7718484894085
136.97548900517648  -73.91101102742078 0.7248955737169354 -177.40955869450772
136.9697363743197  -72.50727288947559 0.6964188561651241 -178.357765215067
137.0379308855652  -74.0746373265076 0.6778186159216091 -177.35642823667098
137.8852709994779  -79.29255214664018 0.11095683371162934 -174.59795745341233
138.0199330202531  -81.03179556880866 0.04256820170088815 -173.54119419174077
137.67317161956467  -78.5446878938568 0.265841073228291 -174.90945158555294
137.8005133239486  -79.51088957068599 0.18505605283051807 -174.37112554637443
137.67817472573637  -77.77512041825895 0.24358416339909184 -175.43685251129725
137.78639704796225  -78.52230845392562 0.17317958405189415 -175.02958472223634
137.9210379489994  -79.29309289575808 0.08188398962675336 -174.63071605834838
137.977868828606  -79.79817911751452 0.04761225920492862 -174.3402391382536
137.214679621756  -74.75972360657698 0.5498690055984383 -177.05521320611084
137.89213874056418  -79.31059904816863 0.10579815768347345 -174.5920592447814
137.85772998471168  -78.50326458283907 0.11470468886857077 -175.10860630660397
138.01517971449329  -80.491837704282 0.03367266730063889 -173.90358442844072
138.02920985412928  -80.01511556240095 0.011003263856935064 -174.24040800185648
137.7323436982052  -77.98501391419222 0.2044622321198979 -175.34447808116235
137.94253681347055  -79.14625929021135 0.06093325743107414 -174.75036873850524
137.65199439971914  -77.27367620783266 0.2530431341462709 -175.75321297066358
138.19908013527453  -80.04914521421071 -0.1262252821762253 -174.3744987476486
137.5468696547895  -76.18764980536461 0.3129616742563961 -176.39347561629822
138.13499720391104  -80.12472183827171 -0.07237704976857984 -174.26386554625557
138.10926974422952  -80.07407587958787 -0.05266888881214271 -174.27446023895735
138.05176317034386  -80.03906210389985 -0.006762067358383916 -174.245018829353
138.19896412543895  -80.17930844291922 -0.12305526148657364 -174.28597217501462
138.08211652236253  -78.79548702108347 -0.06081664046883262 -175.11786868881774
137.68432010942422  -76.92154379468867 0.21841253791448878 -176.02237912936016
137.9656949984553  -78.38940514676719 0.0242199272703445 -175.28594028517756
137.9958968609747  -77.43191770060633 -0.022958879801137755 -175.96432071639316
137.6843123015603  -76.31576100890044 0.20410412600483951 -176.43387717251795
137.06138089490577  -71.65250241556188 0.6014542969898287 -179.02355861573247
137.8085995080805  -76.08115386082093 0.09743269862565285 -176.70842000568993
138.19992804099377  -78.63582069968682 -0.16031119285433704 -175.33534762311393
138.22186077881932  -78.7712937220551 -0.17492573584134163 -175.26361206858653
137.9236630030359  -78.13456605683879 0.05237323075965605 -175.4201287206077
138.66796965619852  -81.65558387185376 -0.46883398330397696 -173.71668721524833
138.25723516918308  -79.01010623597459 -0.19801392105735616 -175.1341103708977
138.39351033125064  -79.24328908983095 -0.30315323505096003 -175.1017302925403
138.04548994818666  -74.91514422272645 -0.1227425575415424 -177.71986419616178
136.76953073755294  -70.53722487150993 0.8132866525637397 -179.50988788554307
138.42480593702948  -79.49231302232661 -0.3226717210637666 -174.96150127547676
137.37375387154566  -73.25167270335118 0.384588003822838 -178.2272794361042
139.0691781193199  -79.85429935538195 -0.836524716279559 -175.31058055478545
138.3128804010603  -80.82134064590183 -0.20040217630490886 -173.95521290376396
137.9025665976598  -69.7098156154467 -0.12955028281219683 -181.12348243283455
137.68644482692991  -73.8069725615343 0.1430854312814347 -178.14006149560052
137.83477700555093  -71.64404998602484 -0.028710697951716213 -179.7467746381255
138.1477109929813  -68.65912850462217 -0.35364109432227053 -182.06415170335774
138.26102246034642  -73.7618983038477 -0.3251059251952775 -178.70269540600745
138.59224374024066  -74.16071488845586 -0.5845206435102988 -178.73796474007116
137.64857275601403  -69.50136517149708 0.07216696308728388 -181.02973385880924
137.19047363184254  -72.28264169665367 0.5110695338625035 -178.71540702563559
137.63753881124654  -67.7718679171773 0.040279881888647395 -182.19434399864264
138.2107946377474  -79.08972368669552 -0.15841240777402987 -175.0370667495057
138.84608172310203  -58.987375110839 -1.1488818154683855 -189.2795418889467
138.43224910276098  -50.96754859562127 -1.002758057984929 -194.34511372716224
138.39551266009838  -70.51851937868669 -0.5109465696490965 -181.0302747224484
139.8922428734987  -86.75642238583544 -1.3389459741484302 -171.37996993506596
138.21784207369802  -39.203365230205314 -1.1066580918711004 -202.13819295816194
139.2926103455788  -77.64124825410508 -1.0696782858202596 -177.0198773259192
140.69524452914712  -37.8977740717196 -3.140895670806117 -205.3067531010097
139.39912348061674  -56.5039280207771 -1.6553233759433468 -191.47649093037856
137.2190379095331  -50.97920118942704 -0.015622009464719255 -193.2132517361119
138.94157230369893  -62.337026555394345 -1.1471043452033225 -187.09226381225147
139.26541791554484  -39.44403032944672 -1.9502810229849477 -202.94199866417938
139.86081747073774  -82.77718318954857 -1.4076019665412751 -174.0541486696555
141.306364059765  -23.04670181614574 -3.9832999460499243 -215.95475491761124
137.58889067776792  -71.50539432810339 0.16810603459208195 -179.6130744213542
138.37153286096904  -54.336435171033585 -0.8738654725530015 -192.00051419420583
138.63927666325904  -26.87888224600755 -1.7399458952376996 -210.8997273287208
137.193127058075  -24.23435172842292 -0.6264824247488701 -211.3568368058725
136.42958546912658  -10.995990057917927 -0.3159228864110899 -219.63961149810515
138.56586603154693  -39.74431214472462 -1.3763877034536645 -202.09248670923228
139.0660088905723  -28.139935883540243 -2.0559763379437586 -210.43696864034186
139.6515152578004  -26.228939882689033 -2.5747729270003106 -212.27453193534328
138.2953348933473  -43.997204059391585 -1.0563154306686027 -198.95344100161594
137.68550084818807  -52.37873306987899 -0.36249937324785897 -192.69528417313708
138.0990700821515  3.13124784053107 -2.010533368885743 -230.78598348082497
139.98370374432696  -33.36342365638234 -2.674463524927571 -207.7336588989583
136.30826925277276  4.77386002219157 -0.5893584429933572 -230.23900311252197
138.47007525993604  -28.844513377754947 -1.5562274905087872 -209.4081452446146
137.16452839340877  -16.986650165303296 -0.7744287423191216 -216.25360752897956
139.50755498042756  -37.819739699418 -2.184518033843796 -204.26843240082147
138.53052340523175  -24.497203232558604 -1.708005117646235 -212.41711513254072
139.37925035810014  -29.577361255351583 -2.275527158375345 -209.74926643696267
138.7461647344167  -28.89228708720935 -1.7790422874673144 -209.63074472629071
138.61007594833362  -27.849019502193297 -1.6933373680235322 -210.2137438818688
134.5045869333373  25.284217037151052 0.4061991969252148 -242.48574785317413
137.34345441245753  -35.603812235911874 -0.48034888251535435 -203.77316762125344
138.04767905796152  -31.126319097593758 -1.159258563744297 -207.46742306714094
137.6159144241558  -7.334514791468912 -1.3702603886545957 -223.22909008674776
140.02306919394405  -25.449192759999704 -2.8932484643301324 -213.1459405189785
134.74683399413124  -17.17948894330498 1.210242509639464 -213.86743910258926
137.782064686656  -28.938492903520277 -0.9949692888284449 -208.7076115493032
132.91570510591384  -13.040496815687712 2.623999593596849 -214.95750137169065
133.72027209106383  -7.993201575873345 1.8393024643543676 -219.14396816994253
138.06686587645444  -27.428988527254987 -1.262220888197076 -209.99676142858462
135.2685181387051  -7.202363710566809 0.5457241848124563 -221.13316733860862
134.26109455527072  -6.045239959111564 1.3471013276253774 -220.97535733111775
135.50904183435034  -18.34204645698464 0.6115549762704111 -213.79085880577927
135.44927371767065  17.783963149560197 -0.19306996492981732 -238.27522831807747
135.91196639900272  -7.134026986357042 0.016414413707943165 -221.78058570407129
137.65947444671494  -36.657001783740185 -0.712823836679318 -203.35085354965653
139.55329120172615  -34.22611426820099 -2.3064108931275715 -206.7516755464294
137.63911727603008  -21.859131824175666 -1.04592964262127 -213.38410152612664
136.13979057132556  -10.663121913253386 -0.08673284272568749 -219.5957417741318
137.45615944630578  -22.194158545062606 -0.8890398710077356 -212.98685250802814
132.41188027597093  0.20220045735310777 2.7287944021869865 -223.47745223630747
135.41758518196397  -17.72326890494484 0.6719723086954215 -214.12572843828235
134.02063715742628  18.641560575371223 0.9620123883664675 -237.51917386978516
135.01856464606428  -3.74701569280953 0.6694003604142102 -223.24651947131602
133.21129520634702  14.830752863814894 1.7206931430253096 -234.16900012403676
135.98510575288236  -31.605812965429116 0.5347829188545212 -205.22524732465456
139.37399362402053  -24.021890669951418 -2.4025513834016463 -213.51822702925867
136.63872886825715  -2.032667120092682 -0.6986525283362844 -225.92302073198053
135.97649809996335  -10.611464013082497 0.04573285139160799 -219.47857585171187
134.81160051587548  4.918297246288713 0.6347944548306492 -228.9390302913598
134.4899085648294  -4.321817535593137 1.1178790433155217 -222.36075157960585
135.84314954482588  -6.208340911810671 0.05091764371003271 -222.34519091416703
134.29085510659112  4.360167860412817 1.0766944936349594 -228.07163170706366
135.34544163719633  -6.856253663534332 0.47439428444343923 -221.44020185049104
134.2241406570181  -11.973984904143183 1.5176560868572437 -216.91330170932002
135.716782392241  -0.5294801489014453 0.020287397848877953 -226.08486493105545
132.69571205806108  -7.4221480358620555 2.6735360831290786 -218.56639566309306
136.5292093842116  10.645938745820724 -0.9087589493144304 -234.43361273755139
138.11347461635035  0.436854789024236 -1.9585697908600441 -228.9690269494526
137.27097449887214  -7.875053794625937 -1.0765143144828173 -222.54190132974838
136.5610726110333  -11.391039677918151 -0.4140628676108613 -219.49366077137717
135.17219561084218  0.06874857202103651 0.4530095133232674 -225.982306877511
138.09962346940318  -0.7765116267384955 -1.9186424349528783 -228.1319743353403
135.8546106642488  -4.56001337915084 0.002577137197565804 -223.4755863410893
134.6027047011756  0.054840062274136736 0.9215953890588033 -225.4395556306881
135.56557131508478  -2.4524554177454916 0.18971303473917733 -224.63738897141047
135.1410468325407  -2.467090579400851 0.5385178370500445 -224.23058364444904
134.55765301507472  -0.19027574746901021 0.9644729659168001 -225.2308126456377
136.5826109613857  -0.7126917569099865 -0.6839933457503891 -226.76745394279118
136.35521184360152  -2.7936351484617514 -0.4489308492617077 -225.14216782048928
135.50000630944152  -1.186698819448006 0.21358460779923116 -225.4359587212027
134.63066242637404  5.4109763382361376 0.7720183444520518 -229.10415967786724
135.89739402260426  -3.8235608146647353 -0.0498752036966168 -224.01577358791664
134.81111452210334  -0.2227280063981918 0.7566771073810341 -225.4463023389384
135.90121210356668  -2.774957296718581 -0.07778146860810753 -224.7316468329374
135.8197376515896  -2.531404865657209 -0.016785587595279705 -224.821067279806
135.63518708272937  1.9040291088279235 0.02967884573217261 -227.66174755303922
136.23650917451505  -6.631666261364485 -0.2611415758596147 -222.42442855933268
135.605215501128  -4.974822945244556 0.21680389316182835 -222.96098667914092
135.0434118950253  0.5339270859914128 0.5478217534507999 -226.17779846210618
135.49232533685586  -10.316044684059715 0.43561339798174936 -219.2272630074546
135.82580748951997  -0.8975589423026227 -0.060367159458306535 -225.93659515675773
136.29166794208308  -4.069222814601232 -0.36681630854089176 -224.2164757105746
136.31799432326258  -8.319562536683012 -0.287914067623259 -221.3537661959299
135.33903367872827  -1.6237630798349372 0.3560099904146107 -224.98861585759232
135.77363844907364  -0.7780837333062238 -0.020439337807808017 -225.96906444920708
136.04151595586802  -3.342814627266129 -0.17926534132023697 -224.47676778941948
136.22143295395188  0.02926530050528786 -0.4062049670849788 -226.93511745605227
136.2053326112335  -3.1884981441809503 -0.31699520147597127 -224.73430319355106
135.80599098712074  -2.0495989584356407 -0.01690625555092007 -225.1355264108241
135.99871223950828  -1.7149253079074058 -0.18268453147492586 -225.54266830681857
135.7060882918522  -3.583939298466821 0.10123092419292934 -224.00000202918795
135.8965967540121  1.4914207561176849 -0.1748156145275333 -227.62547009746896
136.04676694130123  -7.093311629071305 -0.09493988957561594 -221.93397032125043
135.49577410215204  2.3316327271571735 0.13391813075470405 -227.82198937194832
135.8253480697718  -2.0046577451088052 -0.03382986360598339 -225.1841197504129
136.3034278101709  -1.8736998003926333 -0.42831598127109216 -225.7188389651793
135.68364530307255  -1.907311176484779 0.08001052647316287 -225.11797287433131
136.32708524609376  -4.2780647174945585 -0.39085051003194116 -224.10760374074812
136.04615157672208  -2.643385146759564 -0.19958827558876657 -224.95620929467253
135.85721054177577  -0.00728017863744794 -0.10713447203183712 -226.57066116984183
135.7450756837739  -0.8873658784868759 0.005552855979260751 -225.86816790566917
135.80101072370994  -3.1513727054785567 0.013209891814542352 -224.38244898407746
135.83798172646476  -0.6934186467916472 -0.07516627026274289 -226.08662756477338
135.77232833096068  -1.246545272027904 -0.008295837095822933 -225.64961801378598
135.85725417212018  -0.28620341528113985 -0.10057923624042156 -226.3812307255743
135.74933361588057  -0.019917716246207293 -0.01843495427502317 -226.4613958115042
135.39831188207694  -0.49503149253198564 0.280683883040313 -225.8107702232494
135.49942737993607  0.5137014574084869 0.17387892559554202 -226.5904911948416
135.80666942362228  -1.642336494171858 -0.027085852518297926 -225.41281093484162
135.99228603625818  0.05305532570228699 -0.21919978061541256 -226.73765539763818
135.78216024970175  -0.6888166303631897 -0.02953266023908213 -226.03765722172736
135.94122276885108  1.2252971067560465 -0.2050807890772404 -227.48632504696388
135.56541414558603  -1.1500158472755273 0.15906516645115892 -225.52198283528134
135.89885240225885  -3.45288135617949 -0.05982906328339477 -224.26893490753105
135.28217329657716  -1.9559293716934951 0.41053870784295865 -224.70981305741068
135.79371357466115  0.03569307189403352 -0.05612092179692474 -226.54059627238166
135.8364815734766  -0.2705506676035465 -0.08392951768251741 -226.37247975630024
135.99952224804923  0.8955051609786162 -0.24503253583836815 -227.31667606258185
135.86119619874793  -1.4176329894172788 -0.07707311910010622 -225.61633459448083
135.79293127934974  -1.0315992053395941 -0.03025962103127794 -225.81485984149236
135.67683267906253  -1.0729376196445553 0.06587940608307119 -225.6783975973372
135.79116927178825  0.20688335751529474 -0.05808112512414256 -226.65451030122676
135.80139245314587  -0.8970315626735312 -0.0403732217822414 -225.9141678956239
135.66867728344565  -0.4863233432858861 0.05870389370489368 -226.06926670473337
135.771474353004  0.3599747699514888 -0.04555817515619941 -226.74012192177122
135.78244889851513  -0.2952624207385992 -0.039068937932978 -226.30526603813018
135.81158193959703  0.4656302343852872 -0.08092283148442618 -226.84932688267963
135.95683321533465  -0.1193779037985072 -0.1860912824143724 -226.5874553603065
135.75803166609091  0.3053928585930475 -0.033251084734243555 -226.69049696275698
135.73677061816926  -0.724899757202319 0.008521002966916214 -225.9707774910378
135.80871337961594  -0.45526405599590586 -0.05681140114314147 -226.22109087046547
135.60821355596767  0.02621330116016657 0.09617034268170777 -226.36096564966095
135.57927994031795  -1.4981657470526508 0.15591983695543532 -225.29843821330525
135.5217612202714  -0.12960915360428696 0.17075896120030737 -226.17436002688112
135.74580875387326  0.15670327174993545 -0.019719446712971232 -226.57808316055255
135.36042827813873  0.04436838483282979 0.29903049757921984 -226.14177005751358
135.63398620779287  -1.13534409395859 0.10248420282196558 -225.59599510753856
135.62571846677696  0.05194333883638318 0.0812079050047089 -226.3947923577013
135.61368535314804  -1.778479891577435 0.1343283165365723 -225.1401570137367
135.6571830168685  1.1340633239390507 0.02983797339159916 -227.15925418315499
135.53351673873374  0.08055515873784691 0.15614978310504304 -226.32810608110057
135.75931015574488  -0.42674635160042784 -0.01699841043973435 -226.19435186868893
135.83646351021113  0.07795754535286653 -0.09214999890394275 -226.6092027816477
135.4035624780481  0.4210091761528292 0.2547287084863063 -226.43793967847557
135.42628537329642  0.8308393690060955 0.22639718289421823 -226.73757277354105
135.30126798145645  -0.3576539457846225 0.35709440271243376 -225.81336814216704
135.48581728234453  -0.033943894590915874 0.19798555475636595 -226.20576169429017
135.7703090858252  -0.1536067361189339 -0.03246719175053773 -226.39016091471512
135.70510152707797  0.31237909121687485 0.009969448859439345 -226.64583031957093
135.5479450610406  -0.03298625856192018 0.14699789052489626 -226.26445684773327
135.57646880240952  0.3945064472948834 0.11350134135201018 -226.58149515752953
135.81302141630132  -0.1227230356962607 -0.06819954422021796 -226.4510048648563
135.62902346180607  -0.07564840176480594 0.08151284105359075 -226.31120645492513
