 Dim = 2
3994.4203021827066  -83922.77166713083
3792.3713992875264  -81503.08730168329
6014.023155874358  -105364.67547411828
2935.1738705674175  -70437.52779694537
3909.121805149162  -82908.8664073804
4179.789201536553  -86089.35417402996
2895.5718909647494  -69889.49219641087
2075.1744238926717  -57551.527066323666
310.3897496722038  -15805.439623618717
916.3933967886985  -34714.866183651
4998.190270582535  -95125.02546463255
1758.9271320739113  -52150.233149616564
4358.619184551075  -88134.45990823279
176.68062483102756  -9341.34317085362
20.706417181022115  17322.989376296864
1789.8023207412657  -52697.880145135605
61.04277352788284  -1153.8014472561827
44.12593827897201  20449.294986194516
427.95114503182816  -20391.61741531726
3.769154032523262  7618.942008202659
704.3466265645382  -29137.377357756544
2725.018991765541  88529.4955079326
3223.3628317626863  -74318.93278967716
1326.9327019935831  64956.79513218247
5453.2327819816555  -99829.4381569303
3484.796618431882  -77692.50312905805
621.7101944947461  -26738.35160430825
1184.9942189228243  -40919.02624437422
3616.272967008573  -79341.18639555328
2791.945782607946  -68437.58170066183
4193.699530564946  -86250.03500196277
3537.5537739808046  -78357.71377855778
518.6823372378884  -23511.30224072992
755.5189701973427  -30552.78321759512
2890.6820187895023  -69821.64655929437
369.67039542776644  39253.511396107235
643.5671239304074  -27387.597986695077
1099.9193331265485  -39038.13457699193
6.984058370203495  14473.005246972592
1320.1821523852668  -43774.11503987441
974.9520670527386  -36137.903787183015
540.5012765113948  -24219.735572928752
746.8361941668735  -30316.07531914158
547.8736474542255  -24455.871975275237
938.149037408348  -35248.76066832909
583.4105547362863  -25572.433462368488
228.94571007840435  -12089.155934581653
787.8865531477006  -31423.387531935958
463.8775533341068  -21663.131291710986
286.54822566405784  -14774.136687419143
453.62124524301964  -21305.33562330011
675.3393684649258  -28312.138439693834
552.6599486526915  -24608.324822983788
246.34723393284605  -12932.698043932238
157.45927735136485  -8229.805269686767
164.47711886738497  -8643.11793348556
114.02629114539398  -5435.497976685734
124.08555677887497  -6124.447018738314
33.74219102510223  1840.9111961111175
2.8695925515079423  7988.094674063679
426.13480900944575  -20326.027477841497
54.579940387888875  -518.5738718024469
205.58530942158632  -10904.583610320205
666.6302171189271  -28060.932959591744
21.601821667105312  3575.6834253032594
433.65619432821296  -20597.067590223254
78.90671117401854  -2752.6937121322844
242.75300901340648  -12760.974328129745
7.692109627172576  6375.814497943602
2.1619207497352293  8321.597307001228
33.16985300935072  1914.7889951466927
72.98183472252835  -2244.6309244466556
74.99668756602978  -2419.6365104157267
64.18538099920659  -1450.6254550900471
103.31309068636828  -4667.419098209955
98.11938136029846  -4280.720909970778
24.494988388808668  3125.1963809287395
117.68226969444822  -5689.275154353284
60.044256020696245  -1057.9995416291767
63.85418741001272  -1419.7004740751313
32.11425305311389  2052.8225155566915
47.22197063986864  252.45969484709394
48.1542980048003  151.59296053333173
45.3462779671265  458.46032798690567
43.55227317496694  659.5138697035272
3.1601585045980656  7862.932501710331
93.80584953590092  -3951.70726702312
15.344779403217254  4667.132558811777
52.09817259386085  -264.6716150116613
30.42043126568194  2279.157566332742
39.72070700507348  1103.263659128581
82.82306357717795  -3078.1081674680045
72.18139392955668  -2174.4309288306376
55.50794154934663  -612.025674978566
57.7837073776413  -837.9483187779865
57.39798282788132  -799.9738451229923
52.075159347658364  -262.28743730598126
43.670042883211714  646.1894776445015
33.547867990072966  1865.8870279711127
51.06377775791825  -157.0623367053836
54.63798087537532  -524.4371671791764
66.07309139842592  -1625.3923917633992
80.35258351532033  -2873.7510902964095
65.19313833401536  -1544.24187453866
72.59361005670664  -2210.6314971408947
74.59050380402016  -2384.5487301280136
53.534093484947824  -412.2940757763263
38.47402177422794  1252.2292265794113
72.76446312434908  -2225.6027860151944
52.67572757659006  -324.2906068810348
42.78021498037069  747.3033793541499
39.52690243964294  1126.265622258064
41.34360749879334  912.8033840686321
63.700874102289546  -1405.3529751770088
65.19013185827345  -1543.9634931892626
61.61439629941191  -1208.4141345889407
55.022562739679266  -563.2432256723523
50.351255990245605  -82.3023758966965
58.757562333045136  -933.2671453272792
65.2950159215886  -1553.6650272041218
67.19847057391758  -1728.3952904843673
56.202214421648165  -681.4297732874361
56.338224286645215  -694.9780875764691
55.291181056533766  -590.2631938822519
50.26783359626226  -73.51752879383093
46.20771809394789  363.33225750374777
55.082807160452106  -569.3086159337236
59.16931577044388  -973.324943519222
52.91693585101926  -349.09149392032305
42.334146472661516  798.3930086473583
51.657619186661634  -218.9722043397719
55.069781320087344  -567.9992250334822
49.616033189587334  -4.608431924132219
47.842153126085485  185.25669070298864
48.938861012908646  67.46451476258198
50.60586260090298  -109.07991289665961
44.602225191829  541.3546191199139
46.088627059623064  376.43263289257175
55.22434232834698  -583.5491866770822
54.92536799823365  -553.4483821618173
50.780931990400504  -127.44880460500872
53.25408090968613  -383.6638083093617
49.82347361989769  -26.58789345051855
50.22411520875675  -68.91036059719545
50.38325518894986  -85.67424083339483
52.59718153792707  -316.2000006943995
50.45793558793363  -93.53147451978339
49.203515915118516  39.23697841215699
50.348389645331956  -82.00348334982391
48.55215466025865  108.84675906118673
51.92577909440869  -246.81073560244522
47.65154244049937  205.86342552889164
51.712967600711224  -224.72457427805512
50.27755846781845  -74.54179249221215
50.43357450793189  -90.96944505089505
49.52592694975474  4.952679552355221
48.577535572113305  106.1248625793969
48.594710013693565  104.28355175767092
46.72352505924807  306.79925798797285
49.19041508345131  40.63281863460452
50.688926564212686  -117.7996810150371
50.09939600830874  -55.75388316771432
49.696573577335556  -13.148277010811398
49.28828340951098  30.21262904882815
50.2384963877043  -70.42590011576294
49.895318221931106  -34.190030605986976
49.39802918179418  18.54009486489622
50.643825834877546  -113.06581990869972
48.904658130504124  71.1169359221085
51.180465125580774  -169.257232940015
51.482287224156195  -200.7314935215627
49.53568000845897  3.9184402485866485
49.78248811277166  -22.249049637446205
49.66573551300079  -9.878993971126874
49.740444063316524  -17.796294357476654
49.51688700774011  5.91267618841357
48.92361901873978  69.0931565358701
49.56620498475847  0.6788474056397718
50.03048856487383  -48.477305431632885
49.5389893768695  3.5667943929643116
49.91852193987427  -36.644012758884855
49.74411704771968  -18.184152578961857
50.35515812073134  -82.71514557449564
49.621493572906246  -5.186637693165721
49.40250738901598  18.063247670665532
49.29988007293626  28.979470431534537
49.567217840368805  0.5708344030749686
49.370810368210606  21.434321034102595
49.09301699701834  51.01436320110679
49.02534483161135  58.232221950982876
50.07030886882106  -52.68176852124634
49.36708250453581  21.83090622961845
50.02127595262114  -47.503836780119855
49.75176647081018  -18.995128990532976
50.032981929297435  -48.74029675828206
50.35199145351557  -82.38224682208102
50.484216759418636  -96.29391680845401
50.157613896627055  -61.896010537965594
50.36026008712153  -83.25215824683755
50.29803616512829  -76.69927872434027
49.732534774807185  -16.957078592537982
50.2012476757871  -66.49836507245936
49.688811960237516  -12.324239940437565
49.96909859831491  -41.99042691093746
50.47110917433299  -94.91678643569594
49.48118030425084  9.706310225652032
49.52884185729128  4.645838869100771
49.309635835744494  27.94158846647497
50.481689491853906  -96.02951843528126
49.775977257050236  -21.558180560421988
49.85957289964455  -30.40861881526871
49.207039636339516  38.86598680202678
49.819918447859685  -26.210824826418502
48.788449517134296  83.54237465743927
49.62955490579654  -6.040348279150749
49.61886693659769  -4.90761336184687
48.82755170320247  79.36191672398581
49.425839588814014  15.585813884318668
49.33381742019034  25.369749342172327
49.33395424380212  25.356200588083993
49.08510907758869  51.86018284683087
49.730601552288526  -16.753217846354346
49.723085955653744  -15.95430307609513
49.77920743593422  -21.899474463412844
49.84588496061547  -28.957278443575888
49.66728850566559  -10.040296583948475
49.74911278303349  -18.711484904348254
49.61597897766768  -4.601374473429587
49.519864880544155  5.5980202812302196
49.70225863199825  -13.74832304364736
49.741848881126074  -17.94400527554717
49.696387871449225  -13.127331157842491
49.28050361920727  31.04254859648472
49.58695426645936  -1.5223684963498272
49.31317573264952  27.566771868915566
49.493137738948995  8.4357668344187
49.504030294516696  7.279248655464016
49.6146945678476  -4.46428083390947
49.70378129107663  -13.91064890336611
49.95651327272771  -40.66015376881296
49.56315159116696  1.0028847920389126
49.452010375500336  12.803972001996044
49.668707036338915  -10.192653834768407
49.376846938160305  20.793381183950714
49.42781773180627  15.375877425587078
49.39099525733238  19.288506944965775
49.58150552417105  -0.944261034387182
49.64146498295012  -7.304215313771692
49.710527882562715  -14.625556627568585
49.492584570780615  8.494111945929035
49.69023384473338  -12.474576615073147
49.743558479470714  -18.124829949220384
49.65801722592634  -9.05952563294204
49.57912638705025  -0.6922256676079996
49.596194839896256  -2.5031977613193703
49.62076399533884  -5.109179872064033
49.43925924404589  14.159153396994952
49.47557939087396  10.300004472179808
49.46163781900667  11.781125699459153
49.64565797677379  -7.749144500899547
49.610711393191856  -4.04270790382634
49.49607379074788  8.123758085553618
49.62973350264107  -6.0600233274058155
49.55984402163658  1.3542105141891625
49.50073185079567  7.629080843201336
49.56914837785481  0.3674039362813346
49.4987275044321  7.842143900794781
49.595889337784946  -2.4702938379523403
49.585587522363234  -1.377609837736145
49.54589029375521  2.835130342179582
49.659536140321606  -9.220373211659535
49.587413823373446  -1.5712943587432164
49.62902864643529  -5.984797786952186
49.64360992647569  -7.532344345846923
49.57806114228136  -0.5780070486889599
49.51856617726148  5.7356640387333755
49.56980705238145  0.2965694735908073
49.54374277807888  3.0626809724590203
49.58582372990183  -1.4021975772161568
49.58692687918253  -1.5190842024803715
49.60259419238974  -3.181625660678492
49.55919394654714  1.4231909580776119
49.54881717239698  2.5247573196234043
49.57180642759358  0.08605141482803447
49.55818002898926  1.5309852673326532
49.59504206343836  -2.3804445770747407
49.577243998597645  -0.4919195686011335
49.556703993369126  1.688135163102288
49.56670029990662  0.6268855529870052
49.56567632763947  0.7360709363347269
49.548734472132125  2.53523633009263
49.553566340784876  2.020877080531136
49.61946438678057  -4.970382053609683
49.534788423195316  4.014556225756678
49.517686433064036  5.829542277624114
49.50623108752251  7.044430268103497
49.58484718295699  -1.2984625923836575
49.48501623649986  9.300830257370762
49.514682148873234  6.150302962932074
49.516519556936345  5.954784856843617
49.534192660314055  4.078891441177802
49.59661007691471  -2.5456199776344874
49.60617128933302  -3.560575945406981
49.62115364861751  -5.149756273845924
49.56396516977033  0.9178180801873168
49.57627238359956  -0.38712131068132294
49.54172817992076  3.278680320014246
49.55935067005807  1.4075934647626127
49.654159003044875  -8.649676708069364
49.542513178626876  3.194321009318628
49.558107340433395  1.5395959503021004
49.55419091689536  1.9541693561091051
49.53819288424275  3.653873132998342
49.5392998095866  3.53584273483375
49.540442264564156  3.414355288839033
49.51296677247965  6.330253857545358
49.58416209698782  -1.224792223928489
49.55961877551188  1.3789009053552945
49.56416837101117  0.896618371925797
49.585007229409705  -1.314222855114167
49.59732456921421  -2.6216367609422377
49.54178918882691  3.2726386497943167
49.59050514822165  -1.8973128981197078
49.591114461814385  -1.9620314430658254
49.61326720401312  -4.3132720230833
49.59931599341459  -2.832341127406835
49.54082088012401  3.3758502734990543
49.52862455779793  4.67080490385797
49.594597152025045  -2.3318071040202994
49.5633602135453  0.9829031799381482
49.581818436631146  -0.9768305789484657
49.528886289838255  4.640296474405659
49.573347974060525  -0.0778340105443931
49.56244301464389  1.0796544415507014
49.57505406447588  -0.2575974613955623
49.59032549656949  -1.878527047987518
49.60197601324266  -3.114642041231491
49.575584115007366  -0.3143951253086925
49.588389375618796  -1.6733063948531708
49.57498236397962  -0.2509003189916257
49.57805776177718  -0.5770353355583211
49.56745788385455  0.5471787544138351
49.583228319207144  -1.1247999986426294
49.5581925312069  1.5305392976424628
49.57256338931823  0.006027357408129319
49.570405858836445  0.23483943785140582
49.58124102472839  -0.9149757719897025
49.57874277422842  -0.6498089589913434
49.57690793768495  -0.4551902405974033
49.56400582803901  0.9143419067077048
49.578063960483114  -0.5778575774083947
49.57397044312923  -0.1430846195880804
49.56926480346879  0.35631071867646824
49.57421356821356  -0.16917482670578465
49.57680982084385  -0.4443547769305951
49.574546137984505  -0.20465253499514802
49.57269948734408  -0.008914287954212341
49.57399986696061  -0.14625535902632691
49.56828668794973  0.4603885086135051
49.57384149147329  -0.12925752343289787
49.572586636956494  0.003623570056333847
49.58184916922154  -0.9791823339965049
49.57592326499472  -0.35057221928764193
49.578898381742185  -0.6662099422683241
49.57364651869497  -0.10898052601078234
49.57453907003337  -0.20350241653432022
49.57055942069477  0.21873454489286814
49.56253063092593  1.0706222723038081
49.573178509884606  -0.059390684295976826
49.57084884517625  0.18787526192227233
49.57978995012696  -0.7609630419428868
49.57038851024081  0.2370090796994191
49.57657639184782  -0.4198789811007373
49.57160406931137  0.1076331176855092
49.57050701230873  0.2241564718524387
49.57066382826075  0.2074079224603338
49.56844785811611  0.4426680184878933
49.56882812807237  0.4022494285418361
49.57014268438276  0.26271661459486495
49.57214145844776  0.050509308140135545
49.571186578379766  0.15191046849668055
49.567621246385805  0.5301134374449248
49.57285029757297  -0.024337980253221758
49.567758895119354  0.5153961214064111
49.57060032443134  0.2141912247370783
49.57586141811726  -0.34416632909869804
49.57276555919051  -0.015504572602367261
49.571289472330236  0.1410413304629401
49.571102769229135  0.16081986020981276
49.57350694885735  -0.09440696586443664
49.570132720508724  0.26350926559643995
49.571927540785225  0.07322664562980208
49.573438755213154  -0.08695700864245737
49.57072063770245  0.20120695411696943
49.57396904253159  -0.14327782297641534
49.573636661520204  -0.1079179140197084
49.575434809245394  -0.29877848573687515
49.57229954509311  0.03382313199017517
49.57130108822193  0.1396594080124487
49.57154086433566  0.11426268616833113
49.57197387609068  0.06834770204113738
49.572047980229456  0.06058406273405126
49.57376113317773  -0.12128968175511545
49.57228075270726  0.035816639132463024
49.57233664167894  0.030034377758056507
49.57183474269456  0.08327206047033542
49.572510268087626  0.011403751810576068
49.57212976324999  0.051815870508107764
49.570728112358175  0.20060966704295424
49.57192176787478  0.07387126727371651
49.572641114819255  -0.0024502355545337196
49.57230893414662  0.03285184189280699
49.572485931995345  0.013977899619021628
49.57299383997961  -0.03988201636002486
49.57221942876643  0.042326065172346716
49.572696283566316  -0.008338676061612205
49.572684444987374  -0.007022957743174629
49.5727496507197  -0.01396554998063948
49.572791367865406  -0.018351469142544374
49.572906927446496  -0.030651075069727085
49.57258644744182  0.0033837838582257973
49.57230125259922  0.03362060304971237
49.57241040602924  0.021955605054245098
49.57252431983305  0.010012381060732878
49.5728825638544  -0.02812974605785712
49.57280745409323  -0.02008123374889692
49.572533023530376  0.008982141029264312
49.572879530514015  -0.027746801860303094
49.57263203976921  -0.0014344804430947988
49.57259220291129  0.0027181401337657007
49.57267202730946  -0.005777513103566889
49.57312591388161  -0.05392248392854526
49.572625854771374  -0.0009153331502602668
49.57273139545685  -0.012115506458940217
49.57253635213031  0.008586147970163438
49.57253741084462  0.00848968230002356
49.57203384249949  0.06184564937848336
49.57231715142831  0.03192096923430654
49.57270222238392  -0.008974648795629037
49.572505704678804  0.01182078306828771
49.572741722141515  -0.013170695663575316
49.572726632619464  -0.011559855276573217
49.572702588316794  -0.009042606905495632
49.57283802078577  -0.023429530380781216
49.572911513129824  -0.031155144552940328
49.57260652321915  0.0011346708197379485
49.57263664854043  -0.002044840913185908
49.57314460527445  -0.0559317191818991
49.572943621495696  -0.034602494733007916
49.57273700449077  -0.012720992316644697
49.57253494586345  0.00871950701912283
49.57271197432273  -0.010051449019556458
49.57262173602214  -0.0004622518181349733
49.5725857361401  0.00331806240046717
49.572379376343065  0.025221475825674133
49.57240563508528  0.022438913480073097
49.57257443460208  0.004565311525766447
49.572743643656835  -0.013418507008282177
49.572605755616955  0.0012221972847328288
49.57266591062117  -0.005171308636818139
49.57256407294262  0.005597455038696353
49.57249847791101  0.012573640956361487
49.572545408696094  0.007623335467542347
49.57265430227  -0.003967223719882895
49.57254231586821  0.007896210761828115
49.57252429051775  0.009819952752877725
49.572544015384004  0.00776449241766386
49.57266532730408  -0.0051331428594494355
49.57245815241469  0.016807729497486434
49.572633569290126  -0.001742644737532828
49.572537768931134  0.008386199103370018
49.572546527447635  0.007463277820534131
49.572668607457686  -0.005437984664240503
49.57250799400842  0.01152055082093284
49.57271769094718  -0.010677248339561629
49.57251057629435  0.011262409404480422
49.57268743035828  -0.0074761181422218215
49.572683541529294  -0.007049476199426863
49.57269390118726  -0.008176312254363438
49.57262269015381  -0.0006029911055520643
49.572692220296446  -0.007965973603859311
49.57269192922397  -0.007953478907438694
49.572622190747985  -0.0005806508797832066
49.57274668038166  -0.013769985509497928
49.57265306698392  -0.0038469599012387334
49.57261323824691  0.00037598296967189526
49.57266736124315  -0.005354488959710579
49.57247844590018  0.014631107503191743
49.572567844586196  0.005195040695070929
49.57272960785614  -0.011984659970039502
49.5725866244999  0.0031917080741550308
49.57252179932108  0.01005620534033369
49.57260974368552  0.0007418075774694444
49.57257942210435  0.003951798133130069
49.5726423199947  -0.002701566926589294
49.57257875921734  0.004018755967990728
49.57257364288765  0.004566888259432744
49.57262194440906  -0.0005433340429590316
49.57253054105268  0.00914067043686373
49.57264420669667  -0.002925854169006925
49.572555742382704  0.0064596339616400655
49.572404105027054  0.022515674061651225
49.572542026824046  0.007912919133559626
49.57256666317279  0.005290152780617063
49.572642165492866  -0.002698706508454052
49.57270660068284  -0.009515395576272567
49.57245157885289  0.017481662654063257
49.572787797678224  -0.0181401721383736
49.57251672098482  0.010594125113129849
49.572438879819416  0.018825780324732477
49.57261102023899  0.0005666493725584587
49.57256435071079  0.005513458978384733
49.5725583464889  0.006151533490083239
49.57266148555154  -0.004733320261038898
49.572739226935106  -0.012963975195816602
49.572585162770736  0.0033048897530534305
49.572527355566635  0.009444334817089839
49.572376752775135  0.025398057090569637
49.57247411858911  0.01509510416235571
49.57227033698277  0.036696433639917814
49.57261404763202  0.00024496708738297457
49.5728520682918  -0.02499649383025826
49.572544517100006  0.007621878059580922
49.57251567078156  0.010641156373822014
49.57262778590531  -0.001180489106445748
49.57239667348223  0.023286449395527598
49.57262355341144  -0.0007714864896115614
49.57265189238268  -0.003787421018387249
49.57263270481945  -0.0016896881124921492
49.57269877087405  -0.008698425236616458
49.57260552502636  0.0011405631221350632
49.572672441031955  -0.005960335770396341
49.57264912041011  -0.0034982561846845783
49.57273563945728  -0.0126638079100303
49.57242511660177  0.020220552276441595
49.57258852353922  0.0029109724737281795
49.572899677315256  -0.030066744197938533
49.572558910522154  0.006149970216029033
49.5723871411402  0.024280057702526392
49.57257494482264  0.0044109635391578195
49.57291390566199  -0.031565262635012914
49.572567763587095  0.00514189017485478
49.57258584337373  0.003221027185645653
49.57247556678087  0.014912630379512848
49.572615998181384  2.0035775378346443e-05
49.57247989702805  0.014422684010241937
49.57251993927413  0.010218148157036921
49.572587494104056  0.003048259826755384
49.572600602280346  0.0016490611333210836
49.572604043483175  0.0012914623293909244
49.57256922881847  0.004988682727343985
49.57264631661389  -0.0031669275176682277
49.57260846976524  0.0007995427586138248
49.57258567878789  0.003220189120838768
49.57267189092208  -0.005929876127083844
49.57266307893011  -0.004969557102413091
49.572657920604385  -0.004423595871230646
49.57258145216269  0.0036687993142550113
49.57261771848567  -0.0001684685303189326
49.5727771955773  -0.01709735324311623
49.57266472068787  -0.0051343801387702115
49.57268661209496  -0.007469767125257931
49.57279188641738  -0.018647042627890187
49.57262076128772  -0.0005083244304842083
49.57264348490744  -0.0029198757565609412
49.57261472677226  0.00013182345355744474
49.572705741551935  -0.009526960367111315
49.57254115089483  0.007942207187625172
49.572617180747585  -0.0001335147690042504
49.57262721759323  -0.0011885531730513321
49.57264680695371  -0.00325611087919242
49.572643371121366  -0.0029121707839294686
49.572600186968025  0.0016685127338860184
49.572657094343015  -0.004359520774414705
49.572641897103935  -0.00275984323980083
49.57264076497307  -0.0026353709126851754
49.57262538578006  -0.0010081110185637954
49.572616210449  -1.2408361726556905e-05
49.572638970610306  -0.0024428944552710163
49.572636775388304  -0.0022151785506139277
49.57260301984185  0.0013661601287822123
49.57264011982089  -0.0025802902000577888
49.57264193562715  -0.0027641370179480873
49.57260729487331  0.0008900452348825638
49.572656529891255  -0.004329333044552186
49.57268070356904  -0.0068677752369694645
49.572637889657564  -0.0023177819875854766
49.57267307914853  -0.006059094665033626
49.57265252659453  -0.0038983910517345066
49.57263500446614  -0.0020641822711695568
49.57266269241565  -0.004982370994184748
49.572656757563934  -0.004360418325632054
49.57263115913156  -0.0016285570309264585
49.57262579510158  -0.0010652548780853976
49.57261116790681  0.00048111701016750885
49.57260376283092  0.001233033734933997
49.57266019772427  -0.0046888818687875755
49.57262521506339  -0.0010371328044129768
49.57258916260872  0.002801337669552595
49.57262130940872  -0.0006397349961844156
49.57258550858947  0.0031676057524236967
49.57266165057988  -0.004889429971626669
49.572595930906886  0.0020527807237158413
49.57264823871003  -0.0034445049896021374
49.57246285138449  0.01615446810865251
49.57258069283672  0.003757055622372718
49.5725011548531  0.012083978006558027
49.57251930834449  0.010150121349397523
49.57254000135788  0.007953239421112812
49.572486338187076  0.013649170427925128
49.572527984027495  0.009259019619094033
49.57263437260281  -0.0019990146602140157
49.57256631154913  0.005197730341023998
49.5725390849249  0.008076940160208324
49.572622056136716  -0.0007109026382750017
49.572567867078476  0.00512981030078663
49.572572663552634  0.004540170335531002
49.57247572088927  0.014778351914173982
49.57246764344903  0.015632920570169517
49.57258436565964  0.00326250620855717
49.572444767081265  0.018043606393803202
49.57253487893989  0.008508418298333709
49.57251528607893  0.010586920971945801
49.5725504055775  0.006909419760631863
49.57266502970272  -0.005221516129495285
49.57252414182045  0.009632156866246078
49.57262172226734  -0.0006887084027766832
49.57248596583672  0.01368705525965197
49.57251330710436  0.01077113783594541
49.572581685667195  0.003588598825444933
49.572601365674664  0.0014706273559568217
49.572521952442656  0.0098582332730075
49.57253269035636  0.008735770040402713
49.57248796205997  0.013457251223371713
49.57247318178454  0.015026006190964836
49.57254516458224  0.007404576533190266
49.57253729273039  0.008222346641559852
49.57256014160694  0.005807122385704133
49.57242883561431  0.019693021164130187
49.572560396553534  0.005819166563014733
49.572601664561454  0.001464880556341086
49.57251545704614  0.010541677347646328
49.5722519380521  0.0384389070850375
49.57262110356454  -0.0006418576776923146
49.57245160075136  0.017294110656621342
49.57258174141818  0.003541015784321644
49.572529198400304  0.009090915973501978
49.57257990052253  0.003714137700626452
49.57251426108496  0.010667804848708329
49.57258913161718  0.002747869807535608
49.57244835916968  0.017634237208767445
49.57261737554272  -0.00021810666021337966
49.5725147063426  0.010606050358546781
49.57254931490263  0.006955813882086659
49.572668184844034  -0.005620873982479679
49.57271417464338  -0.01049238642463024
49.5727273151047  -0.011868857232002483
49.57260877949084  0.0006681126051262254
49.57265755483163  -0.004487483633056399
49.57264223325346  -0.002855743705367786
49.572595808910734  0.0020391985945025226
49.57253794561943  0.00816226609822479
49.57260845359139  0.0007146056532292278
49.572551906221015  0.006692160682177928
49.57262671912014  -0.0012238551789778285
49.572582669052856  0.0034303289221497835
49.57260045815958  0.0015504067714573466
49.57255931563154  0.005905058849748457
49.572593234227014  0.0023163483010648633
49.5725776888385  0.003961750939197373
49.57258799517873  0.002868124934138905
49.572591462005185  0.0025011523503053468
49.572647179774705  -0.0033790163424782804
49.57258167294182  0.003531244035002601
49.572588736939906  0.002785074244457064
49.572609289733435  0.0006199491826919257
49.57257507428495  0.004241870758050936
49.57262412656857  -0.0009621820463507902
49.57259781585828  0.001823218512981839
49.57264899957564  -0.0036000408081235946
49.57264317547115  -0.002978755018375523
49.5725980741996  0.0017975854007090675
49.572629306589334  -0.0015057016025821213
49.57263977254508  -0.0026163036773141357
49.57261981965757  -0.0005051135776739102
49.57264866376221  -0.003547897608768835
49.57262740578974  -0.0013071349394522258
49.57256855263277  0.004919138017612568
49.572542278143956  0.007709820069067064
49.57259476334146  0.002149357787857298
49.57262292911415  -0.0008341571938217385
49.57260008267691  0.0015841998592804885
49.57268353269059  -0.007261752895828977
49.57262580965242  -0.0011446273520050454
49.57266991127689  -0.005804210113637964
49.57264224260343  -0.0028809082086809212
49.57267483780422  -0.006330528740363661
49.572631288738876  -0.001740827468893258
49.57255199996234  0.006683043259727128
49.57261088606483  0.0004468558645385201
49.57262220787729  -0.0007611123592141666
49.572647897793104  -0.003477267124253558
49.57265497583813  -0.004234968405398831
49.57260566112555  0.0009865373795037158
49.57266363612001  -0.005146762521690107
49.57262479966541  -0.0010471731984580401
49.57265249708578  -0.003998248223069822
49.57261366481537  0.0001490394843131071
49.5727102041517  -0.010116465764440363
49.57262278915156  -0.0007930462306831032
49.572556296247605  0.00623199174333422
49.57257127695362  0.004611883716279408
49.572579538729215  0.003720515683198755
49.5727069998794  -0.009772658049769234
49.57255314359011  0.006562511065567378
49.57259111319182  0.0024983465009427164
49.5727337307521  -0.012615946620826435
49.57265469642183  -0.004238448018440977
49.57268093428466  -0.007025614222584409
49.572741946364786  -0.01349022729027638
49.57258568959974  0.0031011273631520453
49.572571834083604  0.004559013895232056
49.572665194291766  -0.005343540022295201
49.57278579670499  -0.018104239981767023
49.57260095775151  0.0014558349957951577
49.572742177146225  -0.01351099907515163
49.57262867855984  -0.0014771817395740072
49.572597952358606  0.0017752061739884084
49.57265959265905  -0.004738865774925216
49.572475782030864  0.01471614782440156
49.572550133509196  0.006831600559053186
49.5726976586101  -0.008791400954578421
49.57246627446089  0.015696046003540687
49.572608591980334  0.0006595550703423214
49.57250268455129  0.011875083378072304
49.572425068467744  0.02008117282184685
49.57265025389159  -0.0037717088298450108
49.57261612980594  -0.00013979512004880235
49.5725548980046  0.006338757907542458
49.57260627162669  0.0009074794643311179
49.57256413001171  0.005361612160413642
49.572617739823365  -0.0003227023053113953
49.57260766975556  0.0007483651634174748
49.57260896816965  0.0005974612904537935
49.57265202233608  -0.0039422193467544275
49.572480600008184  0.014189666960191971
49.572699560932826  -0.008989305865725328
49.572612185608634  0.0002584408539405558
49.57258893496849  0.0027295089084873325
49.57262127462517  -0.0007067097021717927
49.57252180228259  0.009835679205025372
49.57258472593091  0.003169507468555821
49.57264900775103  -0.0036331490828160895
49.572642434571065  -0.002944411013231729
49.572596063867906  0.0019568561310734367
49.57263777463521  -0.002447078804834746
49.572628933889064  -0.0015142344063860946
49.5726073418849  0.0007668138441658812
49.57262050634467  -0.0006293967262536171
49.57264325799776  -0.0030486103451039526
49.57264974554649  -0.003730911652382929
49.57259054536632  0.0025419799030714785
49.572600353988385  0.001511302917606372
49.572624309116904  -0.0010405996872577816
49.572651996252965  -0.0039595440657649306
49.57264116653938  -0.002835531458913465
49.572527660435036  0.009188906870804203
49.572669021764  -0.005804764231470472
49.572641539272404  -0.0028620512184716063
49.57262160360691  -0.0007653628590560402
49.5725870807394  0.002944024337011797
49.572464439325756  0.015874331537816033
49.572559806143865  0.005763401824879111
49.5726172270225  -0.0003345634941069875
49.57268727060455  -0.007719207220361568
49.57237142501051  0.02569898821093375
49.57266163211254  -0.005076784976154158
49.57278628460299  -0.018234621174087806
49.57261411905878  -9.247239177057054e-06
49.57273182697975  -0.012441801773093175
49.572454304524534  0.01697703797981376
49.57285121131106  -0.02509594022831152
49.572484770463966  0.013679495158612553
49.57250064822518  0.0120321042222713
49.573041312731604  -0.04531483034770645
49.57202178529608  0.06272378793710232
49.57311389001777  -0.05304559482738114
49.572507239630326  0.011342586622049566
49.57269028354089  -0.00812523215154215
49.572104002703476  0.05403271541763388
49.57255320999523  0.006446143629545986
49.57177830199577  0.08855220688110421
49.57265846281478  -0.004638697846530704
49.57270876084551  -0.010086615626278217
49.572404103800345  0.022225536817131797
49.572498930076655  0.012210641720230342
49.57290160809106  -0.03053518923570664
49.5729396097415  -0.03453656590227183
49.57266136948322  -0.0051120783673468395
49.57274806139017  -0.014336479939629498
49.572380829723016  0.0246782262911438
49.572731995989216  -0.012520760850748047
49.57271014095324  -0.010299371382643585
49.572970793575124  -0.03787769226437376
49.57235479667116  0.0274570712726927
49.57275210856178  -0.014753519724763464
