1	   	2	   	15	   	0.959	   	16	   	1.000	   	22	   	0.993	
2	   	2	   	22	   	0.954	   	25	   	0.996	   	62	   	1.000	
3	   	2	   	37	   	0.969	   	33	   	0.970	   	25	   	1.000	
4	   	2	   	22	   	0.948	   	15	   	1.000	   	32	   	0.972	
5	   	3	   	48	   	0.944	   	28	   	1.000	   	35	   	0.956	 
6	   	3	   	-	   	-	           	84	   	1.000	   	38	   	0.901	
7	   	3	   	22	   	0.940	   	35	   	1.000	   	55	   	0.969	
8	   	5	   	98	   	0.909	   	47	   	1.000	   	98	   	0.908	
9	   	5	   	43	   	0.967	   	65	   	0.999	   	29	   	1.000	
10	   	5	   	12	   	0.961	   	91	   	1.000	   	63	   	0.990	 
11	   	7	   	28	   	0.996	   	65	   	0.997	   	61	   	1.000	
12	   	9	   	100	0.925	   	56	   	1.000	   	134  	0.961	
13	   	9	   	72	   	0.927	   	82	   	1.000	   	53	  	0.944	
14	   	11	   	84	   	0.988	   	200  	0.997	   	142  	1.000	
15	   	12	   	33	   	0.982	   	178  	1.000	   	165  	0.995	 
16	   	15	   	115  	0.973	   	255  	0.996	   	200  	1.000	
17	   	16	   	19	  	0.983	   	32	  	1.000	   	28	   	0.980	
18	   	17	   	102  	1.000	   	205  	0.996	   	175  	0.962	
19	   	20	   	305  	0.909	   	280  	1.000	   	391  	0.913	
20	   	25	   	200  	0.927	   	111  	1.000	   	124  	0.929	 