154 8019.667180998719
239 7899.494194235641
261 6911.067728002908
283 6905.561636606767
307 6564.654507882864
455 6564.605358974829
457 6523.498204745026
505 6518.080309364675
529 6484.112573732421
550 6463.969366319464
554 6452.574817876585
577 6448.016307519975
728 6443.172473139961
730 6439.209948957835
732 6432.928809517632
741 6431.937987007129
743 6429.402963752186
744 6415.564045678012
759 6415.518386325862
761 6412.586650782274
765 6410.83678301046
767 6407.46718787822
768 6395.047892831142
778 6391.11069550355
779 6379.5194820567
811 6356.367357766504
880 6353.081561253712
882 6343.634634035577
1001 6325.806885449365
1003 6324.812453245806
1061 6321.881084503984
1101 6315.525007210873
1262 6313.917695840116
1267 6313.112404829007
1270 6310.842784990045
1393 6310.7931192627175
1403 6310.739112999269
1426 6310.738293963676
1428 6310.71166103239
1434 6310.685734142221
1445 6310.66758972075
1451 6310.643568804302
1479 6310.641903100235
1488 6310.633117107134
1491 6310.515304305801
1532 6310.305458999064
1579 6310.144559803559
1581 6309.863528659841
1583 6309.6208183596755
1605 6309.272615134948
1645 6308.920087802578
1699 6308.89339509383
1720 6308.668576471956
1722 6308.64547494626
1908 6308.589009486056
1910 6308.566914885218
1912 6308.521078007414
1937 6308.458211247063
1939 6308.375691163873
1962 6308.274827954268
2002 6308.27135655671
2010 6308.264862039064
2066 6308.030746942281
2087 6308.003127389868
2127 6307.993869083512
2203 6307.935737161398
2206 6307.827427118646
2248 6307.607071147632
2403 6307.588422217888
2462 6307.563091854418
2590 6307.559648833356
2592 6307.5593845812
2594 6307.558957236381
2596 6307.558432381323
2603 6307.554024367955
2609 6307.550619649647
2611 6307.546899195228
2613 6307.53969423106
2860 6307.539609183526
2864 6307.539449572506
2889 6307.538393489689
2895 6307.534395506572
2897 6307.522604588557
3067 6307.517951769679
3073 6307.517720383852
3079 6307.517262647336
3104 6307.517201289781
3105 6307.5170172174085
3113 6307.51678767874
3128 6307.5163687630375
3136 6307.51619323655
3143 6307.516088865728
3170 6307.515891954813
3178 6307.515754017922
3180 6307.515628686018
3243 6307.515548973858
3247 6307.515524256818
3249 6307.515476591349
3261 6307.515434097396
3265 6307.515431357883
3267 6307.515405884666
3269 6307.515364021932
3271 6307.5153139378435
3273 6307.515273563973
3278 6307.515271964734
3283 6307.514769307139
3285 6307.506187535259
3287 6307.500214685229
3310 6307.498621813989
3448 6307.498304086586
3450 6307.4960975655595
3463 6307.495964751486
3464 6307.49556630938
3470 6307.494747775521
3489 6307.47368390679
3491 6307.469357902728
3493 6307.458789232029
3614 6307.451911648644
3701 6307.451797439482
3705 6307.4514576762
3713 6307.451396524179
3715 6307.451107443756
3735 6307.451040248091
3737 6307.450908861576
3743 6307.4507947148495
3744 6307.450236249465
3747 6307.450206197996
3749 6307.450206156984
3753 6307.450185279877
3755 6307.450018368746
3756 6307.449438601876
3761 6307.449358353254
3762 6307.448583101299
3769 6307.44834066295
3770 6307.447407918725
3774 6307.447255642782
3775 6307.446129827301
3779 6307.4458564074675
3780 6307.444394358005
3786 6307.444267102558
3792 6307.44423386974
3802 6307.4439017315535
3808 6307.443797162375
3815 6307.435216699938
3817 6307.426253686069
3819 6307.422038791698
3821 6307.420600008321
3827 6307.418208326423
3964 6307.416073900639
3966 6307.411397233782
4073 6307.410201834429
4100 6307.40924854821
4167 6307.40869782952
4188 6307.408352999145
4198 6307.405681746456
4244 6307.403663514662
4287 6307.402699558676
4308 6307.401237393434
4453 6307.400441167922
4510 6307.400417819222
4539 6307.399786987828
4558 6307.395895999256
4560 6307.394511129116
4743 6307.3943678464
4745 6307.394155237199
4751 6307.393940880758
4771 6307.3939077594505
4773 6307.393835194988
4775 6307.393822479589
4777 6307.393636751767
4779 6307.393338689549
4883 6307.3932774909135
4904 6307.39320140963
4925 6307.392455747559
4949 6307.391384961197
4951 6307.389786713283
4972 6307.386670230726
5025 6307.386480272996
5027 6307.384563460524
5126 6307.383421504615
5286 6307.383393374053
5311 6307.383036999553
5449 6307.383036157204
5495 6307.383016844072
5520 6307.382987696543
5522 6307.382935885743
5561 6307.382872516507
5589 6307.382871057921
5595 6307.382834997563
5620 6307.382832742012
5622 6307.3827177394005
5624 6307.3824556440195
5630 6307.382295833006
5655 6307.382083539531
5718 6307.381945683437
5762 6307.381924656444
5768 6307.381904592049
5834 6307.381570130667
5977 6307.381553755318
6015 6307.381488540897
6040 6307.381486858893
6041 6307.381434651994
6042 6307.381278032636
6067 6307.381220431914
6069 6307.3811461528285
6147 6307.3810485680015
6153 6307.381019062299
6155 6307.380695756187
6199 6307.380357573518
6242 6307.378043094731
6244 6307.377392321682
6343 6307.376678042075
6354 6307.375404369505
6438 6307.375263572241
6440 6307.374955241085
6448 6307.371141800489
6468 6307.370778149784
6489 6307.36796186969
6582 6307.36637650403
6660 6307.36604717978
6700 6307.36530158896
6725 6307.364613689927
6749 6307.3632315493805
6751 6307.361848728844
6756 6307.360567633322
6924 6307.36055583819
6946 6307.360433986751
6948 6307.360003768143
6949 6307.358713118432
6950 6307.354841224304
6951 6307.343226036976
6952 6307.308384930464
6953 6307.203901710165
6967 6307.196826560872
6992 6307.195833348756
7000 6307.191850430181
7061 6307.190714465743
7065 6307.1893293353705
7075 6307.189324288505
7081 6307.187777670254
7088 6307.187322165744
7090 6307.186568271425
7101 6307.186470637411
7105 6307.1863379173665
7136 6307.175345173429
7142 6307.1673148945465
7144 6307.1439595699585
7192 6307.142825269915
7213 6307.141642418522
7234 6307.106817538744
7337 6307.075400596267
7376 6307.0705150617505
7452 6307.069687008987
7456 6307.068700211647
7460 6307.06769474792
7491 6307.067351901529
7495 6307.0668693496145
7496 6307.065507206951
7511 6307.065417727946
7513 6307.064973844617
7515 6307.064698985249
7516 6307.0633133252695
7523 6307.058973545909
7525 6307.057225649061
7527 6307.055097979231
7529 6307.050975435634
7531 6307.040536720782
7636 6307.038623468613
7642 6307.034874642248
7646 6307.034664607859
7648 6307.031924547739
7658 6307.030889639293
7660 6307.029400744697
7662 6307.027706216158
7688 6307.024450746599
7713 6307.010271198095
7734 6307.000295401316
7773 6306.998308886283
7892 6306.991782683105
7968 6306.991765474383
