251 2491.5495959176137
270 2460.812099673024
302 2213.83744184563
374 2112.784975149016
383 2109.8373678281077
434 2006.5965744083046
442 1993.6759934649408
472 1989.1047374345453
473 1982.60816616383
486 1971.7381186631007
494 1971.7061131760256
496 1963.6738881825318
533 1963.1520446466425
543 1960.7746394822263
588 1959.7302007571454
592 1959.5570519818045
605 1958.489635077155
617 1956.7837232780337
624 1956.0892804835048
630 1953.4706100162866
674 1953.2213891072238
679 1949.7285497036528
714 1949.006672676927
745 1947.3312839979371
766 1945.033981242504
774 1944.971105947343
777 1944.6234065482831
796 1944.4467032551402
822 1944.4385011469228
825 1944.293040567925
852 1944.2582460919816
855 1944.2084612787103
857 1944.1795778966052
884 1944.1535289198937
886 1944.1282701269483
891 1944.0784768297976
895 1944.0696173002345
903 1944.068111841521
929 1944.0466074791561
936 1944.0392193282496
938 1944.0132226316014
970 1943.9980415039588
977 1943.9946421648315
982 1943.9807983162734
988 1943.9725313114548
992 1943.964262849155
1000 1943.9554755109737
1010 1943.9438580535143
1011 1943.9407652245209
1017 1943.9357921425742
1024 1943.9293227354374
1027 1943.9226845109633
1032 1943.920318486782
1034 1943.920311387609
1036 1943.9201411495992
1039 1943.9103880210237
1044 1943.905612033958
1046 1943.9008716979229
1048 1943.9004157537547
1055 1943.8996402599867
1059 1943.890396741572
1061 1943.8886111823797
1071 1943.8734651975365
1091 1943.8724632359213
1095 1943.8723106986822
1115 1943.872053421298
1117 1943.8720476086123
1119 1943.8720465937122
1159 1943.8720427547148
1327 1943.8720422719598
1364 1943.8720422716267
1420 1943.8720422715546
1440 1943.8720422715191
1531 1943.872042271496
1552 1943.8720422714846
1572 1943.8720422714835
2321 1943.8720422714832
