19 1504.3678019447518
25 1332.5996182272866
30 1006.0437035151715
34 937.0810133383313
35 690.4529846716089
45 658.8291838495827
53 577.2657367452152
56 495.12787757600705
59 280.07074794828173
100 275.86296349714956
132 231.47053259937476
137 219.58649573341535
143 202.31097916246065
160 199.47139827292077
185 194.53050594853087
211 192.05198564434545
230 189.00074432071526
261 186.64239436985454
314 181.6669945585566
336 180.67234124526115
433 180.11601714675672
435 179.8848192180124
472 179.82195978588953
482 179.71888158769227
529 179.64398280772411
546 179.44706573101416
597 179.44217072887133
698 179.3639938191506
711 179.34334491594842
760 179.31671645318673
762 179.14420656543388
808 179.11581045663573
895 179.0474961368328
919 179.04301622493986
921 179.03437468562325
944 179.02689686593823
966 178.98015819626696
973 178.9677948971582
1039 178.96401278950609
1128 178.95891425309782
1185 178.95191338949957
1211 178.95006391485538
1219 178.93967081476606
1242 178.9384340611238
1283 178.93797392877545
1305 178.93774001220584
1488 178.93684360777306
1490 178.9344362445768
1508 178.93166274716364
1509 178.90464146974452
1537 178.89874091551795
1543 178.8947960240927
1561 178.89393920015527
1569 178.8938382258617
1579 178.89334006596326
1598 178.89305850519915
1632 178.8926145230257
1653 178.8911714282195
1694 178.8907611077926
1696 178.88842142858468
1719 178.88771234714318
1857 178.8876890675534
1952 178.88768905387738
1967 178.88768900288864
1968 178.88768876030667
1969 178.88768722688073
1970 178.88767539872381
1971 178.8875754922572
1972 178.8867215585543
1973 178.87956017735112
1974 178.82898725190054
1981 178.79879752541913
2042 178.7960432726308
2056 178.79446682630604
2128 178.78373219765356
2168 178.78230067077564
2175 178.77752339839074
2176 178.76246127081438
2235 178.7572010949036
2266 178.74748558799274
2287 178.73342912889635
2289 178.73058856561866
2312 178.7241068568615
2316 178.69590473240672
2416 178.69546771891447
2470 178.69545213830102
2480 178.6954103063323
2492 178.69505596246913
2560 178.6942671184352
2562 178.69382853569405
2594 178.69129915324555
2677 178.69125993087147
2733 178.69113582393325
2734 178.69070509853935
2735 178.6888430165061
2736 178.67811420046223
2771 178.6765592671576
2795 178.67645858121918
2849 178.67569969512644
2850 178.66273510685483
2872 178.65678189543308
2945 178.65653029542491
2954 178.65609499244073
2962 178.65579681563614
2974 178.65245193416482
3043 178.6507043548565
3047 178.65005217043105
3081 178.64966957118105
3114 178.64884121908943
3177 178.64841185491514
3179 178.64462531390095
3183 178.6438850583542
3246 178.64387073740295
3352 178.64348173687975
3402 178.64330985590558
3484 178.64322964936963
3485 178.64271486134152
3496 178.63871779750184
3497 178.63794917444832
3500 178.62745261268492
3525 178.6273288173335
3530 178.6223957076599
3571 178.6212958274919
3661 178.60363311935336
3675 178.6035717826254
3676 178.6033924370083
3677 178.60289628726625
3678 178.6017574728733
3680 178.60047500809736
3777 178.59852156245506
3785 178.59753074719643
3791 178.59480331148563
3793 178.5893997192554
3837 178.58442674900468
3858 178.58334804579428
3932 178.5826854888894
3954 178.5819483413847
3973 178.57804044779604
4014 178.5768564795954
4015 178.56449184520721
4016 178.54625730210591
4150 178.54552581058007
4174 178.54268387054518
4175 178.53998854139994
4215 178.53654873222914
4232 178.53618807030003
4242 178.53241834761775
4319 178.5281189600739
4320 178.51935196209692
4322 178.5165856986971
4398 178.51619218345255
4493 178.51504921366612
4513 178.514999478514
4519 178.51484626196583
4520 178.51415673068584
4521 178.51229405447458
4584 178.5079260668158
4670 178.50746357194123
4676 178.50716681933463
4711 178.50711841654584
4712 178.50462948519265
4716 178.50416505064086
4806 178.50391505354168
4807 178.5031650946333
4866 178.50207464546983
4887 178.50177510289527
4907 178.50166047820133
5089 178.50165043964867
5090 178.50161868361187
5120 178.50160440936423
5121 178.50156599609784
5122 178.50149060756627
5128 178.5014652700329
5136 178.50145349639274
5146 178.50145322612698
5147 178.5014524154435
5213 178.50145136793316
5240 178.5014510191425
5275 178.5014508012427
5281 178.50145077629344
5301 178.50145047729424
5385 178.5014503832898
5403 178.5014503804253
5417 178.50145037184268
5418 178.5014503461909
5419 178.50145027010092
5420 178.50145004961777
5421 178.50144945828328
5422 178.5014483161471
5442 178.50144108385314
5444 178.5014126461895
5445 178.50133364370282
5446 178.5011539397299
5447 178.501144233488
5510 178.5008276899925
5520 178.50062077865408
5577 178.50060285326026
5594 178.50058105894982
5606 178.50051725381846
5625 178.50051192189073
5627 178.50049586663286
5628 178.50044716547717
5629 178.50029624057
5630 178.49979766575552
5654 178.49863344176123
5698 178.49816751419795
5700 178.49812608793377
5727 178.4966106788506
5787 178.49479219064372
5808 178.49378274874815
5931 178.49366522227817
5954 178.49361227255946
5955 178.48288414380764
5962 178.47980355757707
6077 178.47875598891153
6134 178.47802224578567
6153 178.47785110426116
6224 178.47784797175424
6244 178.47783921556456
6245 178.47781873002506
6246 178.47780961844566
6250 178.47521177131932
6272 178.4746810007303
6276 178.46973666088323
6404 178.46925806551897
6463 178.46891293247123
6464 178.46448533433013
6471 178.46443731251185
6472 178.46420860937636
6477 178.45568624180834
6541 178.45080632377343
6578 178.45035334400453
6624 178.44944539537371
6677 178.44923692259889
6702 178.44860878967162
6703 178.44679436748032
6706 178.4450455669188
6749 178.43356868877837
6801 178.43281642636856
6823 178.431229449913
6833 178.4301736639055
6921 178.4297307180928
6937 178.42947841883696
6963 178.42866985467856
6965 178.4279061760375
6987 178.42696109550295
7007 178.4253987244471
7009 178.42504383646053
7011 178.41660814419294
7054 178.397374575546
7204 178.39729248433218
7214 178.39698159515896
7291 178.39436051903473
7403 178.39423980111044
7583 178.39423877232403
7590 178.39423594999533
7594 178.39422990865424
7732 178.39422978097642
7739 178.39422939793465
7763 178.39422810204553
7765 178.39422805885005
7767 178.3942275528757
7806 178.39422748386096
7812 178.39422577101874
7858 178.39422515695895
7947 178.39422478320245
