416 11594.256613724516
434 11588.744051015476
459 11582.642218041008
481 11576.762136597417
489 11556.336016377261
495 11534.47588175784
513 11481.054758319506
536 11438.016605711127
537 11412.83906223283
586 11403.324929048247
602 11401.137912401055
665 11380.660085064163
676 11380.469355279301
682 11378.743456260656
685 11356.172223534979
689 11343.51836563558
711 11339.057807190338
726 11336.626302226325
727 11331.829380607349
729 11328.14540861598
747 11327.821582020435
750 11317.380073763108
768 11311.610999692193
810 11310.982725995618
814 11303.979771057577
815 11302.435347873796
827 11300.793382901193
828 11296.77282742897
849 11295.566155058474
874 11270.943658513268
967 11269.88374266177
984 11269.763300967617
998 11269.06727825239
1012 11268.99516194605
1014 11268.527695590463
1056 11268.167768009818
1080 11267.021507171092
1265 11267.006853985558
1267 11267.0020497687
1289 11266.69175422296
1310 11266.603246299701
1338 11266.510461048718
1384 11266.488925100606
1580 11266.481616184958
1582 11266.480356586073
1654 11266.480079662962
1660 11266.479444126397
1666 11266.479155828321
1668 11266.478737882091
1683 11266.478665228808
1690 11266.478261125452
1744 11266.47818895088
1750 11266.47790102586
1752 11266.477875531773
1753 11266.47699879019
1755 11266.476891263348
1759 11266.476832838916
1762 11266.47650108796
1764 11266.476160359407
1765 11266.47495221829
1771 11266.474901363628
1773 11266.474761188618
1774 11266.473554900038
1777 11266.473415980068
1778 11266.47175383401
1785 11266.471292057417
1786 11266.46957838557
1789 11266.469447397707
1790 11266.467273008302
1795 11266.466758272263
1796 11266.464688492915
1798 11266.46441674554
1799 11266.461708642746
1806 11266.461452961288
1807 11266.458988365583
1811 11266.458938224998
1812 11266.4563269758
1822 11266.455987678293
1824 11266.455498896245
1826 11266.454151354177
1834 11266.450114551619
1836 11266.436110310968
1838 11266.42865306609
1883 11266.42645867292
1945 11266.416313596197
2142 11266.415798511061
2144 11266.411851926712
2427 11266.411850222914
2459 11266.411845759983
2460 11266.41183237525
2461 11266.411792257542
2462 11266.41167223296
2463 11266.411315116204
2464 11266.410270385277
2465 11266.407375937526
2466 11266.400854931937
2509 11266.398089909548
2533 11266.391346777475
2695 11266.391232954833
2785 11266.389311303246
2786 11266.380556684362
2787 11266.35593636684
2930 11266.35574214541
3028 11266.355195715922
3030 11266.354302993564
3069 11266.352070494513
3090 11266.350411085416
3132 11266.344503029271
3287 11266.344058347993
3289 11266.343861006988
3303 11266.343739910999
3332 11266.343553396118
3333 11266.343085115263
3334 11266.341683933935
3335 11266.33751333806
3336 11266.325298001637
3417 11266.304181476331
3562 11266.30405972075
3568 11266.303698600523
3569 11266.30265256915
3570 11266.299850726335
3571 11266.294479232914
3615 11266.288606299804
3618 11266.263386332073
3640 11266.24229804789
3740 11266.24152830429
3761 11266.239534795139
3882 11266.239500684722
3895 11266.239398618432
3896 11266.239094804057
3898 11266.238204815745
3902 11266.234995704908
3922 11266.233401090518
3923 11266.229035708946
3924 11266.219697327988
3947 11266.209395367432
3949 11266.203767000568
4110 11266.203457599699
4126 11266.203287076432
4165 11266.2030559358
4167 11266.202867728156
4203 11266.202801768508
4206 11266.201931945634
4210 11266.20182145555
4212 11266.20142603289
4214 11266.201090907442
4215 11266.200243580457
4277 11266.195327430367
4280 11266.194148400564
4322 11266.18953317592
4324 11266.187852482746
4482 11266.187559263682
4561 11266.187459684737
4727 11266.186755650611
4745 11266.186748661914
4755 11266.186691630934
4766 11266.186677424368
4774 11266.186664988354
4821 11266.186632900046
4825 11266.186631805196
4827 11266.186621094073
4833 11266.186609192098
4835 11266.186607200347
4836 11266.186601284764
4838 11266.186587246404
4840 11266.18656079319
4842 11266.186525338519
4848 11266.186511331358
4916 11266.186510042282
4917 11266.186464528017
4918 11266.186328413169
4938 11266.18597042059
4940 11266.185927200822
4941 11266.185798089546
4942 11266.185415687587
4943 11266.184312858644
4944 11266.181403495822
4945 11266.176260271159
4967 11266.155344843648
4969 11266.152965294012
5030 11266.123576333013
5053 11266.118387727685
5075 11266.1143477638
5226 11266.11316372003
5233 11266.112608761883
5255 11266.110744040092
5280 11266.110666158558
5284 11266.107715943377
5357 11266.107598793918
5358 11266.105385228035
5359 11266.101021754657
5573 11266.100793474092
5577 11266.099928149159
5583 11266.099729142517
5597 11266.099452401197
5600 11266.096083678323
5602 11266.09565980341
5663 11266.095370440744
5664 11266.094643859833
5703 11266.092191403923
5724 11266.090435556596
5963 11266.090267089716
5965 11266.090152731615
5966 11266.089051934247
5967 11266.08669823681
6127 11266.086549576876
6129 11266.085750592789
6177 11266.085460364813
6198 11266.085377423213
6204 11266.085358592945
6211 11266.085297874575
6212 11266.084975891217
6257 11266.084850582638
6283 11266.084074071061
6304 11266.083601201499
6306 11266.082978034166
6331 11266.07870099229
6355 11266.076145882405
6629 11266.076073770173
6635 11266.076043910844
6636 11266.075970090686
6637 11266.07589038858
6774 11266.07581714352
6921 11266.075778320075
6954 11266.075482462398
6973 11266.075366669007
6979 11266.075235935268
6981 11266.07520904838
6994 11266.07517440711
7015 11266.075077281437
7021 11266.075003455811
7102 11266.074883020774
7121 11266.07482790692
7123 11266.074748405646
7169 11266.074625676601
7187 11266.074620729021
7215 11266.074444132559
7376 11266.074050485839
7528 11266.074046918835
7530 11266.074013777747
7554 11266.074008430449
7583 11266.074004901198
7592 11266.074003367612
7593 11266.073991109002
7594 11266.073960972746
7596 11266.07394699023
7749 11266.073946255918
7760 11266.073945417393
7784 11266.073945034796
7824 11266.073945022892
7825 11266.073944991169
7826 11266.073944931895
7870 11266.07394058764
7872 11266.073929659642
7874 11266.073927791947
7876 11266.073910759407
7900 11266.073883805358
7906 11266.073862780422
7926 11266.07386271712
