334 2022.1969343443564
412 2014.977684368851
465 2014.4810531957557
478 2013.8406533440098
486 2012.3490937713673
488 2012.3435564722404
498 2011.9815465999181
544 2010.8383987561792
570 2010.6316405096495
571 2009.9504723152504
574 2009.602805472489
576 2009.1539913036215
578 2008.9738105735614
590 2008.8087694344513
592 2008.7154268174995
594 2008.4257497612457
595 2007.4359699188747
598 1999.1937185973966
620 1998.0971326726394
641 1994.543767140894
771 1992.981613077945
868 1992.6615607158587
921 1992.3533945038287
993 1992.3250084727524
1023 1992.2424301992032
1025 1992.0560850119832
1087 1991.8778236067305
1217 1991.8386971768143
1339 1991.838526470819
1341 1991.835278039814
1357 1991.8350531446963
1361 1991.8329286306694
1400 1991.8326736363438
1403 1991.8200432150338
1471 1991.79948641503
1543 1991.7967587088744
1601 1991.7863966266555
1672 1991.7861788287485
1693 1991.786052119824
1713 1991.7860237746606
1756 1991.7851870096015
1763 1991.7851636811858
1765 1991.7846900199368
1767 1991.784430109657
1809 1991.7841988700889
1830 1991.783924421252
1907 1991.7839234770565
1917 1991.7838850997082
1919 1991.7837699955383
1973 1991.7828836354772
1975 1991.7823413308145
2101 1991.7823302587426
2109 1991.782322243841
2111 1991.782318425661
2136 1991.7822937171582
2138 1991.7822417293132
2161 1991.782172406201
2163 1991.7820638584462
2294 1991.782050222182
2295 1991.7819544686176
2310 1991.7819284889952
2311 1991.7818252880743
2315 1991.7818160662457
2316 1991.781692170145
2320 1991.781661853249
2321 1991.7814994029686
2325 1991.7814761955697
2326 1991.7812780449349
2330 1991.7812217938335
2331 1991.7809619510172
2335 1991.7809350995276
2336 1991.78063323563
2339 1991.7806223291113
2340 1991.7802439944985
2343 1991.7801562147383
2344 1991.7795952996405
2348 1991.779507843141
2349 1991.7787807892032
2353 1991.7787243878802
2354 1991.7778528415643
2358 1991.7776097949486
2359 1991.7764543254043
2363 1991.776208713679
2364 1991.774734506621
2368 1991.7745609960612
2369 1991.7728044258888
2372 1991.7727886529499
2373 1991.7706093215693
2376 1991.7702600978446
2377 1991.7671629840647
2381 1991.766483998062
2382 1991.7623587437836
2386 1991.7620551322716
2387 1991.7571282726692
2391 1991.7558558104424
2392 1991.7494203769247
2396 1991.7478895611507
2397 1991.739588817006
2401 1991.7385890304965
2402 1991.7286778088692
2405 1991.7286026050067
2406 1991.7162986856536
2409 1991.7142808572407
2411 1991.7128489506108
2413 1991.7099809034603
2415 1991.7050814300433
2419 1991.704166933782
2421 1991.7033743896538
2431 1991.7033205163236
2458 1991.7031588963318
2459 1991.7026740363572
2460 1991.7012194564325
2466 1991.7006426415778
2467 1991.6989121970146
2475 1991.6966172745442
2483 1991.6945215301962
2490 1991.6936597045935
2516 1991.6928976594374
2524 1991.6928588649807
2525 1991.6927424816095
2565 1991.686259474854
2567 1991.685695127487
2662 1991.685621069353
2666 1991.6855837326802
2678 1991.6855489028826
2693 1991.6855175911915
2724 1991.6854906134681
2732 1991.685477774186
2733 1991.685369097535
2744 1991.6853623494055
2746 1991.6853367357267
2748 1991.6852949334364
2750 1991.685272027164
2751 1991.685145209146
2756 1991.6851307180923
2761 1991.684394070673
2800 1991.6838443537767
2843 1991.6837062430088
2864 1991.6830376386024
2980 1991.6830318814523
2990 1991.6829653753564
2994 1991.6829611830049
3004 1991.6829441408527
3006 1991.682907822476
3012 1991.6829023935388
3016 1991.6829020479704
3017 1991.6828306588163
3020 1991.6828210876133
3022 1991.6828034266964
3024 1991.6828000644173
3026 1991.6827705057613
3027 1991.6826730709638
3036 1991.6826698736443
3040 1991.6826460950774
3041 1991.682553813208
3044 1991.6825389045034
3046 1991.6824969033562
3047 1991.6823495856734
3052 1991.6823348666212
3054 1991.6822710625365
3055 1991.6820716569825
3060 1991.682032255684
3061 1991.6818009129668
3065 1991.6817481052367
3066 1991.681447365018
3070 1991.6813954727422
3071 1991.6810242066265
3075 1991.6809331753034
3079 1991.6807955803147
3101 1991.680628488549
3109 1991.6804860543655
3111 1991.679897624906
3248 1991.6797212693095
3254 1991.6796469562014
3256 1991.6795660936145
3258 1991.679481938229
3279 1991.6794434314975
3281 1991.6792654856467
3283 1991.6789662896927
3285 1991.6788317163405
3291 1991.6787645116938
3312 1991.6778769840973
3371 1991.6775169169332
3502 1991.6771820637405
3563 1991.6771801376403
3565 1991.6771345696318
3661 1991.6771256092643
3663 1991.6771058254672
3667 1991.6769294625688
3810 1991.676921536542
3812 1991.6769004790385
3821 1991.676879779447
3823 1991.6768608794227
3844 1991.6768590313159
3846 1991.6768231199749
4003 1991.6768226812885
4007 1991.6768223486697
4015 1991.6768208226651
4038 1991.6768046684938
4148 1991.676804635958
4152 1991.676803766712
4157 1991.6768028251456
4161 1991.6768020628933
4165 1991.6768019106703
4167 1991.6768010802386
4180 1991.6768009616267
4196 1991.6767993089297
4198 1991.6767983720333
4272 1991.676798050404
4344 1991.6767979676797
4353 1991.6767977567506
4356 1991.6767975652976
4358 1991.6767974709128
4364 1991.6767959385365
4385 1991.6767957457678
4406 1991.6767952785694
4427 1991.6767893926835
4492 1991.67678845552
4513 1991.6767875863068
4519 1991.676780546488
4525 1991.6767736716042
4530 1991.6767734733994
4695 1991.676768553446
4701 1991.676768549952
4702 1991.6767685394698
4707 1991.676766308707
4781 1991.6767653430998
4823 1991.6767651303533
4825 1991.676764847648
4846 1991.676762387477
4849 1991.6767589231315
4851 1991.6767552456854
4879 1991.676754989062
4898 1991.6767539371028
4900 1991.6767500485912
4902 1991.676747323644
4908 1991.6767458675604
4910 1991.6767347162358
4911 1991.6767012622604
4912 1991.676600900334
4913 1991.676299814555
4914 1991.6753965572188
4915 1991.6726867852094
4936 1991.670589855172
5073 1991.6703801204733
5075 1991.6700791447536
5086 1991.6699205598952
5099 1991.6697340113046
5102 1991.669622316792
5106 1991.6695076135256
5108 1991.6692937451448
5110 1991.669286204779
5111 1991.6687392469303
5120 1991.668708987274
5122 1991.668550762893
5124 1991.668336108312
5134 1991.6682985971534
5138 1991.6682263630275
5144 1991.6681675980199
5146 1991.6681553840008
5172 1991.6680082486682
5174 1991.6670331334312
5176 1991.6669426635726
5178 1991.665842917523
5180 1991.6650188510362
5182 1991.664446551436
5183 1991.6627076167345
5186 1991.6602499670062
5331 1991.6600681861926
5333 1991.6600256805996
5334 1991.6589315052934
5345 1991.6587708105294
5347 1991.6583972439228
5348 1991.657166100817
5355 1991.6569611094326
5356 1991.6556578367467
5363 1991.655623097797
5364 1991.6540492414306
5371 1991.6538207894191
5373 1991.6532319905064
5375 1991.65289585121
5377 1991.6524186329416
5382 1991.6521861621964
5384 1991.65185873117
5388 1991.6517186734618
5390 1991.6514679039306
5394 1991.6507155953373
5416 1991.6431303960894
5438 1991.6429163260725
5510 1991.6381829825095
5514 1991.635004942953
5568 1991.6328871468033
5570 1991.6290510707308
5572 1991.62360784023
5741 1991.6235889385405
5769 1991.6232221733615
5771 1991.622919681221
5773 1991.6225680105297
5812 1991.6223112852763
5844 1991.6222762787866
5848 1991.6221571457713
5858 1991.622156216859
5860 1991.6220671112305
5862 1991.621969497528
5873 1991.6219265461878
5875 1991.6218915433433
5888 1991.6204780129992
5890 1991.6183199624602
5951 1991.6179698347494
5953 1991.617890917567
5998 1991.6130334448185
6069 1991.6128290076301
6071 1991.6120506397351
6171 1991.6120504922105
6184 1991.611560792203
6186 1991.6112364451992
6207 1991.609610487198
6247 1991.6095967748774
6249 1991.6056682848111
6377 1991.6056600591724
6381 1991.605541280676
6383 1991.6054981121079
6385 1991.6053093948794
6387 1991.6051394392725
6398 1991.6051214300596
6409 1991.6051092663474
6416 1991.6051082789982
6442 1991.604675307925
6444 1991.6044038641417
6465 1991.6042564765162
6557 1991.6042101241183
6707 1991.604124848071
6807 1991.604100828407
6868 1991.6040698910558
6870 1991.6040561691923
7103 1991.6040542205271
7105 1991.604052147129
7107 1991.6040520915449
7112 1991.6040503287495
7135 1991.6040482827318
7222 1991.6040459593382
7365 1991.6040459432356
7399 1991.6040458949283
7422 1991.6040457604665
7424 1991.604045516442
7449 1991.604045269717
7522 1991.604045077888
7568 1991.604044730741
7570 1991.6040445585345
7572 1991.604044253743
7573 1991.604043339369
7574 1991.6040405962463
7576 1991.6040403901393
7812 1991.6040395662767
7814 1991.604039244044
7816 1991.6040386843101
7869 1991.6040382390602
7875 1991.6040378519206
7877 1991.604037057732
7902 1991.6040356387712
7904 1991.604035158446
7906 1991.6040315533046
7953 1991.6040310369078
