228 757.78998999026
231 744.2285835629166
235 717.497514943809
236 705.4332216426751
270 695.8430956370659
276 684.8369853725644
304 672.5623470126164
310 670.9384324447
337 661.3224690057239
363 657.8004530823433
391 651.4597879252956
401 646.5504927649782
409 642.3411145281666
423 635.2097133934028
459 632.6787852933383
539 632.0896354235241
545 631.6749894183731
547 630.4315653045772
554 630.031950920219
555 628.5119872561064
568 627.3707064250799
570 626.4571303618748
597 625.4755223364184
598 623.8528569068147
604 619.9161151086979
605 617.3092505322371
650 615.7971659695148
652 615.0805772492766
657 614.130565790703
661 613.333822394656
665 612.5771762387519
684 612.2559785986941
711 607.5243431323623
718 606.7169044243757
791 605.7586297307308
803 605.5519677212787
807 605.0407011243111
862 604.7542443030555
872 604.5560441748693
927 604.5033622887302
929 604.4326121587345
939 604.3438594934282
1000 604.339413652806
1002 604.313799800823
1003 604.2649158471555
1028 604.1923422387772
1036 604.1824586152778
1039 604.0469583119857
1101 604.0246519165344
1110 603.9638937593496
1232 603.9638095084224
1239 603.9631283470028
1246 603.9622666096152
1273 603.9587989430491
1300 603.949532645646
1370 603.9481821488362
1444 603.9476529426134
1486 603.9473733040704
1527 603.9472698043987
1572 603.9472408130682
1603 603.9469605727924
1613 603.9469108365363
1698 603.9468460297782
1700 603.9461751621577
1702 603.9461263039151
1783 603.946079247511
1832 603.9460325679927
1861 603.9460139784059
1863 603.9460043690967
1865 603.945993099842
1874 603.9459550553307
1881 603.9458545061244
1901 603.9457413108908
2042 603.9456625217302
2048 603.9456624761096
2049 603.945662339584
2050 603.9456619330126
2051 603.9456607403885
2052 603.945657406311
2053 603.945649598936
2054 603.9456459488492
2079 603.9456402641382
2100 603.9455686750732
2207 603.9454664586337
2308 603.9454654072069
2399 603.9454565849196
2506 603.9454565280663
2514 603.9454562760609
2536 603.9454559293263
2605 603.9454557189351
2614 603.9454555017817
2616 603.9454538830846
2617 603.9454493445443
2618 603.9454385803457
2619 603.945431968955
2626 603.9454249461921
2664 603.9454063208258
2735 603.9454038621254
2782 603.9453995591692
2814 603.9453887523443
2845 603.945379162666
2847 603.94537777239
2954 603.9453776809414
2974 603.9453774954852
3000 603.9453770207756
3064 603.9453757627404
3072 603.9453749873865
3073 603.9453726618841
3137 603.945372432267
3139 603.9453721267602
3140 603.9453710811113
3141 603.945368123185
3142 603.9453608601763
3143 603.9453535568408
3149 603.9453511590626
3155 603.9453498136457
3156 603.9453467754548
3157 603.9453466438966
3249 603.9453441495856
3272 603.945341885251
3282 603.9453376717028
3333 603.9453320718455
3395 603.9453276514063
3396 603.9453192538532
3461 603.9453185046993
3483 603.9453176268587
3522 603.9453173484479
3551 603.9453173067755
3596 603.9453171726803
3621 603.9453170519237
3622 603.945316508687
3623 603.9453149177588
3624 603.9453104940536
3625 603.9453003665851
3626 603.9452983020793
3628 603.9452809432435
3706 603.945280864789
3712 603.9452807505377
3739 603.9452805145207
3740 603.9452800453769
3780 603.9452771142909
3782 603.9452648074025
3803 603.9452643281713
3842 603.9452614466301
4083 603.9452614169578
4089 603.9452614125189
4092 603.9452608511909
4244 603.9452608381991
4267 603.9452608291446
4272 603.945260094158
4273 603.9452586907454
4274 603.9452554765917
4275 603.9452547988891
4461 603.9452545233029
4463 603.9452544350742
4465 603.9452526760276
4507 603.9452481119052
4678 603.945248100839
4718 603.9452477009336
4720 603.9452470015088
4737 603.9452469149869
4773 603.9452468949632
4810 603.9452450710332
4817 603.9452450640617
4818 603.9452450431638
4819 603.9452449806264
4888 603.94524496556
4944 603.9452449515561
4955 603.9452449328497
4982 603.9452449296801
4983 603.9452449201691
5005 603.9452449192167
5022 603.9452449182123
5131 603.9452449181998
5132 603.9452449181654
