205 10429.651005727974
207 10424.682063583503
217 10418.123638118892
226 10413.825507171665
250 10411.821667466324
274 10403.992076868024
275 10394.588733340166
280 10389.389636483185
281 10385.032793068256
291 10379.557318002087
292 10369.053392334448
302 10363.210868972175
310 10361.11044659215
314 10360.554766502575
315 10353.22112387822
318 10350.044840022081
319 10337.564290383523
327 10336.357837682164
331 10335.710670668417
333 10332.27654286411
337 10330.308841040232
341 10328.294131212971
343 10324.947984454278
344 10315.208189932568
355 10313.551953619039
356 10303.150273949968
362 10299.500876089787
363 10285.591713742291
369 10284.598546870257
371 10280.928877376657
372 10264.528567067337
388 10260.007725124455
392 10257.573711608695
398 10255.386036195907
400 10253.350870130267
408 10248.663766489757
426 10193.988477431136
535 10169.308339231296
581 10169.182699247938
584 10154.931947167324
662 10150.735877254718
730 10150.37465067417
753 10149.521537174574
756 10148.285426104627
851 10147.427795109737
874 10147.154048702192
937 10147.152095777228
939 10147.05478097394
975 10146.160041501425
1043 10145.792083742146
1102 10145.643585254813
1130 10145.629113226041
1176 10145.62597464327
1199 10145.543756413392
1248 10145.52900076181
1250 10145.502802685887
1272 10145.487861835414
1378 10145.48510562197
1380 10145.481854116215
1413 10145.479000608128
1415 10145.477510986782
1595 10145.476709846489
1597 10145.47533001771
1618 10145.475126805697
1639 10145.474744284376
1695 10145.47472452182
1697 10145.474128312128
1750 10145.473706725239
1755 10145.473637701496
1757 10145.473089441055
1759 10145.47281962357
1783 10145.47278540301
1804 10145.472784169657
1848 10145.472753256005
1900 10145.472727125136
1902 10145.472653213448
1923 10145.472633691634
1956 10145.472589339966
2023 10145.472582144466
2044 10145.47254223563
2046 10145.47250267048
2048 10145.472486866356
2053 10145.472484935495
2078 10145.472465918865
2118 10145.472448138506
2269 10145.472443772673
2298 10145.472440804966
2304 10145.472439596953
2325 10145.472439100535
2483 10145.472438706942
2504 10145.472438569286
2510 10145.472438554201
2593 10145.47243855035
2632 10145.47243852566
2653 10145.472438465957
2741 10145.472438446888
2764 10145.47243844585
2788 10145.472438445213
2794 10145.472438444147
2800 10145.472438443305
2805 10145.472438443017
2812 10145.472438442386
2818 10145.472438442153
2826 10145.472438442082
2864 10145.472438441984
2872 10145.472438441668
2879 10145.47243844108
2881 10145.472438437935
2883 10145.472438436735
2925 10145.47243843607
2935 10145.472438435943
2957 10145.47243843477
2959 10145.472438432314
2965 10145.472438432225
2966 10145.472438431967
2986 10145.472438431721
3033 10145.472438430777
3037 10145.472438429133
3039 10145.472438428897
3088 10145.472438428558
3108 10145.472438428209
3112 10145.472438428164
3141 10145.472438427982
3149 10145.472438427949
3151 10145.472438426606
3193 10145.472438425908
3216 10145.472438425524
3226 10145.472438424833
3270 10145.472438424442
3276 10145.4724384243
3283 10145.47243842333
3334 10145.472438423125
3353 10145.472438423014
3359 10145.472438422988
3396 10145.47243842294
3404 10145.472438422878
3408 10145.472438422807
3438 10145.472438422097
3469 10145.472438422075
3470 10145.472438422012
3486 10145.47243842193
3492 10145.472438421852
3509 10145.472438421819
3511 10145.472438421226
3563 10145.47243842117
3567 10145.472438421164
3568 10145.472438421151
3572 10145.47243842115
3573 10145.472438421146
3577 10145.47243842113
3578 10145.472438421088
3586 10145.472438421084
3587 10145.472438421071
3589 10145.472438420471
3605 10145.472438420467
