349 4200.686722755708
353 4184.964167701641
356 4169.922831090735
358 4158.905092585441
376 4141.892608764825
378 4141.293034122349
380 4133.535336836426
426 4125.961385175638
447 3983.669997924804
486 3861.601122306301
535 3858.232595650642
588 3849.271335329399
669 3821.663860029111
703 3761.274807971554
727 3738.6529672212746
785 3728.318496057684
825 3724.4297517904665
827 3715.4663326733003
829 3713.504146833109
840 3708.9639947154265
844 3707.7628703588166
849 3705.433330918378
851 3701.277214322235
853 3698.898910491979
854 3686.779546037432
856 3685.798492518308
861 3685.281284846615
862 3673.0189232436965
865 3672.698515473629
867 3666.848640351204
869 3660.793897368889
928 3648.1320512961224
940 3640.777966779961
958 3639.242501078214
960 3635.3625310727493
962 3633.830952983493
978 3633.0999787772625
979 3627.073419816688
1005 3620.0339304673653
1045 3615.4554969908677
1074 3615.027201929761
1076 3613.7693061717914
1082 3613.498352694864
1113 3587.331214095393
1187 3587.1791618780585
1202 3586.6335334000955
1208 3585.100266033189
1212 3577.1126898512744
1255 3570.7830607493515
1393 3569.5485474496063
1455 3568.9025542342256
1509 3567.8158519794893
1511 3566.951546119871
1555 3566.5952104452103
1694 3566.399660172365
1718 3566.2382947073297
1815 3566.235670683569
1818 3566.1937055055023
1821 3566.156845831907
1824 3565.790843415867
1913 3565.6372149292433
1916 3565.5497631333665
1939 3565.357683194325
1983 3565.0891323001533
2109 3564.9571468677814
2130 3564.948365448129
2132 3564.9053515530877
2154 3564.9026459402407
2156 3564.8625355068484
2159 3564.832974546255
2181 3564.791558158145
2184 3564.766398621124
2250 3564.5395876149687
2312 3564.5166564376377
2451 3564.490515973282
2507 3564.487531885948
2511 3564.486437394573
2516 3564.466225161866
2545 3564.4147655410134
2638 3564.409180121914
2647 3564.4077590011
2655 3564.4045213163863
2659 3564.401961020461
2665 3564.401012510793
2668 3564.3690073158705
2674 3564.3544490007603
2677 3564.1845214821797
2832 3564.144491838508
2858 3564.14240934314
2885 3564.141799417969
2886 3564.1399696465783
2887 3564.1344803681322
2898 3564.121245130607
2900 3564.063532990008
3007 3564.063151210998
3033 3564.05990060568
3035 3564.0571980077907
3045 3564.056492869705
3053 3564.0543774563844
3073 3564.050210106951
3075 3564.0193784473363
3133 3564.006814280125
3163 3563.9945762670286
3268 3563.9931150587745
3276 3563.9928268072613
3283 3563.9903735608495
3304 3563.9883094294596
3309 3563.9872929180883
3328 3563.986623853095
3365 3563.9855492476377
3392 3563.985517673808
3396 3563.9852917224403
3403 3563.984984565396
3408 3563.9848175988304
3410 3563.9845171430916
3412 3563.9843677738936
3413 3563.983455779107
3428 3563.9832167878994
3430 3563.983063592411
3434 3563.9829843021325
3435 3563.9822178818285
3441 3563.9822116765663
3443 3563.9820572024364
3445 3563.981819079918
3447 3563.981640531947
3461 3563.9815952633458
3463 3563.9814518659787
3467 3563.9813133308585
3468 3563.980780004171
3478 3563.9807398232774
3482 3563.980539906946
3487 3563.979723974106
3538 3563.9788062613907
3540 3563.9781492841244
3542 3563.9688760811314
3650 3563.9537455999516
3728 3563.9525732593047
3796 3563.9525277537596
3806 3563.952303358064
3831 3563.952036726518
3832 3563.951271364673
3839 3563.948595471729
3849 3563.9437887123318
3926 3563.9349305176625
3928 3563.932344413159
3930 3563.931086620194
3993 3563.918794540895
3999 3563.913046847011
4068 3563.879986582962
4262 3563.8798988529275
4264 3563.8755007314594
4310 3563.8748709290135
4327 3563.8725822047923
4329 3563.8634068354063
4481 3563.862928486518
4483 3563.8629093897857
4504 3563.86207183823
4516 3563.861476193753
4518 3563.860931692962
4524 3563.8551652979518
4530 3563.8497474122482
4554 3563.846562582455
4805 3563.8465014849025
4810 3563.845917987107
4818 3563.845360879485
4820 3563.8449746813626
4826 3563.844717866904
4851 3563.844031909744
4853 3563.8440069437224
4898 3563.84395782021
4900 3563.841296907129
5023 3563.8411220213125
5025 3563.84023119851
5049 3563.8401894785266
5074 3563.8387570659534
5076 3563.838289539863
5078 3563.836049403275
5084 3563.8260520183812
5229 3563.8234598667823
5231 3563.8211757711106
5313 3563.8060185905874
5315 3563.804783623042
5317 3563.803964451996
5525 3563.803941125715
5553 3563.803708104267
5555 3563.8036909811776
5557 3563.80293704171
5589 3563.802352188135
5591 3563.80134719119
5616 3563.801208470216
5618 3563.8005481313385
5666 3563.800216379203
5668 3563.7986462664867
5749 3563.7976571281124
5917 3563.796810060542
5969 3563.7967448837157
5993 3563.7964436981842
6055 3563.7964329451033
6134 3563.7964320967817
6158 3563.796194230528
6161 3563.796189371559
6162 3563.7961747955637
6163 3563.7961310757514
6168 3563.79607134182
6170 3563.794373856412
6311 3563.7943698357494
6323 3563.7939663175807
6325 3563.7936839717318
6327 3563.7933511255565
6329 3563.792961060593
6339 3563.7923635821912
6438 3563.7918764294795
6496 3563.7917156378016
6594 3563.791014091396
6596 3563.790858289455
6602 3563.7905445775878
6739 3563.7905247331128
6810 3563.7904201891947
6958 3563.790419377851
6960 3563.7903936831126
6985 3563.7903872211377
7042 3563.7903790777864
7171 3563.7903667365867
7196 3563.790356200641
7247 3563.7903199363627
7275 3563.79031984881
7323 3563.790318702731
7381 3563.790318364916
7385 3563.7903180109784
7389 3563.790317738417
7393 3563.7903174885096
7394 3563.7903163083624
7418 3563.7903127610803
7424 3563.790307436286
7430 3563.7903058841243
7453 3563.790305205706
7532 3563.7903049093734
7629 3563.790304908766
7693 3563.790304849627
7707 3563.790304834666
7806 3563.790304834071
7810 3563.790304833836
7818 3563.790304833774
7822 3563.7903048334892
7838 3563.7903048333847
7845 3563.7903048331327
7850 3563.7903048329863
7855 3563.7903048328253
7861 3563.790304832768
7864 3563.790304832691
7865 3563.7903048324624
7871 3563.790304832424
7894 3563.7903048319663
7900 3563.7903048308053
7904 3563.79030483044
7911 3563.7903048299268
7916 3563.7903048295016
7917 3563.7903048278968
7918 3563.790304823086
7931 3563.7903048209437
7940 3563.79030480905
7979 3563.7903048074754
7981 3563.7903047952764
7983 3563.7903047946365
7992 3563.7903047901127
