173 1664.4895236462135
176 1284.015577124889
196 606.1227375928505
208 600.2842486799149
209 533.6108596612805
314 454.33230922196555
361 445.31981043809543
372 411.4680744945332
377 379.398652561634
466 376.5757644653855
509 375.6938511916534
537 360.70961812734254
564 354.84986480124513
574 349.8786074313255
598 349.3588570561557
624 344.1189613008581
637 343.0328281745901
679 340.65025966053025
681 339.8540670035423
685 338.4773117871978
687 338.3930745756322
702 338.2304548015814
708 337.45489908672613
761 337.21434787320345
763 336.8742524469511
772 336.7395068395171
774 336.29572587609704
775 335.00791195676595
786 334.9791309567745
787 333.666926141334
826 333.2990430728558
828 332.99206958150876
858 332.6876622341159
859 331.6391098756669
875 331.62546699809985
877 331.41673552753065
878 330.7162620638176
880 330.547713104843
882 330.18837944706746
886 329.86449173379924
887 328.7636128697442
892 328.69471445438353
893 327.3633837916171
900 327.17284989854585
901 325.99707184007036
903 325.85236725145745
904 324.00380401783957
930 323.4046540103071
965 323.38868953236266
971 322.5676742864722
972 321.2375521578023
1008 321.14376820498387
1038 320.77583431009253
1048 320.41148401860363
1056 313.99910635112417
1121 313.90796941000184
1152 313.63420154411875
1154 312.47802387017265
1158 312.1655076412723
1169 311.77702451433953
1179 308.7475816465454
1298 307.99935483294286
1301 307.8332079504367
1308 307.6163259480643
1361 307.4508549793344
1367 307.3692595183939
1415 307.305583721614
1425 307.2922511632134
1430 306.26189626131054
1507 306.2260275813622
1517 306.19396637380606
1521 306.15476910365686
1527 306.13101674279994
1561 306.1211238509745
1563 306.0822482895981
1580 306.0613317861589
1587 306.0234921433591
1612 306.00278694904216
1638 305.9724534159462
1646 305.9686236920918
1647 305.8741316695896
1687 305.40886728072036
1742 305.37666909832234
1914 305.3603566661581
1953 305.3505314521734
1958 305.34405484930954
2005 305.3436212438748
2007 305.23367051121187
2072 305.2187731962632
2109 305.1926036990257
2157 305.11908566113095
2223 305.11728270294645
2265 305.1171502953284
2267 305.11426255278286
2308 305.09242787726873
2359 305.0913389688258
2361 305.0816278967891
2433 305.06840358853094
2435 305.05989313027476
2557 305.05968784233295
2592 305.0350370632891
2611 305.02443282282184
2664 305.0222285589322
2666 305.01427428589625
2668 305.0032073132151
2669 304.97459822716587
2670 304.9392365230084
2677 304.93431684620725
2681 304.81295186367356
2760 304.78606562948664
2787 304.78551129837825
2788 304.7838498349653
2808 304.7804716337784
2848 304.7658874556722
2851 304.7624574200185
2864 304.7617320475398
2866 304.73320438411145
2963 304.7157958949863
2982 304.7026122845962
3039 304.70225202160947
3064 304.7001242247059
3202 304.7001012696574
3204 304.6999161775403
3232 304.69979660199647
3239 304.6997213858593
3250 304.6997086053629
3254 304.69967218015387
3255 304.6994462183368
3289 304.6993079452014
3316 304.69929779889435
3323 304.69928511893687
3325 304.6992669887702
3329 304.69922073997975
3330 304.69910412143486
3338 304.69908520278983
3339 304.69897386035353
3344 304.6989308428913
3348 304.69890004914095
3350 304.6988648541806
3352 304.69882762949163
3353 304.6986766655467
3367 304.69866128173345
3369 304.69861615126774
3371 304.69856713967755
3375 304.69853095089536
3378 304.6985286871483
3380 304.6985054259627
3381 304.6983834822734
3389 304.6983534026113
3390 304.69820039956215
3395 304.69816096433186
3396 304.69797605105344
3402 304.6979648654946
3404 304.69790003466136
3412 304.69785589639264
3414 304.6977872418158
3415 304.6975807732912
3442 304.696758045904
3464 304.6961018992855
3486 304.69582940961556
3492 304.6917810799236
3493 304.6800986453967
3537 304.6713649427296
3559 304.6707363442653
3565 304.66947803971874
3587 304.66836447499355
3610 304.64296449853225
3803 304.64126223766453
3831 304.64123995119974
3832 304.64027754092604
3850 304.6398774145072
3892 304.6334020898892
3991 304.63307679678974
3993 304.6328602214635
4006 304.63283483812984
4019 304.6320799208762
4020 304.62982484432297
4041 304.6297600085608
4046 304.6283371881791
4066 304.6247513521579
4095 304.62122469247277
4097 304.6206246656674
4099 304.607736080498
4122 304.6052258043638
4214 304.6045244540691
4220 304.60414709976885
4224 304.6035098950707
4228 304.60218384513365
4230 304.6016286163526
4234 304.6006200034991
4244 304.6001637997649
4246 304.59919585105894
4248 304.598482848192
4249 304.595164224463
4261 304.5950490608166
4263 304.59411411838414
4265 304.5933825476274
4266 304.5900292136975
4270 304.5899451718003
4271 304.586315926993
4275 304.5847687357
4276 304.5795779638388
4280 304.5793961312452
4281 304.5737112020184
4284 304.5732743108484
4285 304.56596815524966
4288 304.5638859076089
4289 304.552883455317
4293 304.5525448336768
4294 304.5396642446339
4298 304.53743333846955
4299 304.5215332044128
4303 304.51715600282205
4304 304.49705377349727
4308 304.4936256313568
4309 304.47000062936036
4313 304.4660917738562
4314 304.4395582203173
4317 304.43856835001725
4318 304.40697156099424
4362 304.28562984075205
4473 304.2847158503763
4476 304.2832003018725
4478 304.280514184977
4482 304.2798446281972
4521 304.27940288723306
4529 304.2781278903333
4590 304.27441166394243
4592 304.2723564982398
4615 304.2666045101681
4657 304.26292507954776
4662 304.25634170867914
4666 304.23839276110823
4708 304.23748797609494
4728 304.2242790472121
4831 304.22350687588033
4832 304.2211917175872
4840 304.2183728986275
4848 304.2183535097936
4856 304.2137236403479
4858 304.19773977761713
4861 304.1952388754008
4998 304.1899218893699
5000 304.1898664377886
5002 304.18803916225863
5008 304.18577400199354
5009 304.1744687302282
5065 304.1662862296567
5122 304.15728415646566
5123 304.1303927824286
5129 304.1303782159147
5173 304.1299942867745
5213 304.1294849778475
5219 304.1290138307484
5226 304.1288858393906
5230 304.12844869603197
5244 304.1284211879847
5245 304.12763472734656
5260 304.1275847083892
5284 304.12536900196005
5304 304.1249667757362
5306 304.1239690463673
5308 304.1239168552069
5333 304.1238119747713
5334 304.12198268437953
5352 304.1217142391389
5354 304.1212619746338
5356 304.1205787281473
5357 304.11841143740793
5369 304.1179313804695
5391 304.1145890228953
5412 304.113659122612
5414 304.1069171957474
5436 304.10600549645767
5526 304.105733925941
5528 304.10499276739813
5532 304.1049151715619
5537 304.1046018958528
5541 304.10422540724375
5585 304.098614450372
5627 304.0983771112741
5633 304.0981861990619
5642 304.0980582803076
5644 304.09758041015846
5645 304.09594056532615
5663 304.09560718483567
5667 304.0950963642312
5668 304.0936163691839
5671 304.09354381428534
5672 304.091609265779
5681 304.091307134231
5685 304.0907838146531
5686 304.0886061882197
5693 304.08821629753527
5694 304.0858779248721
5700 304.0852922671839
5701 304.0822852024313
5705 304.0821264240199
5709 304.08110405338755
5711 304.0810494869819
5712 304.0778752738564
5724 304.07761830112867
5730 304.07724680757093
5737 304.07660604282484
5738 304.07309437881594
5739 304.06256137554357
5740 304.0309832956974
5741 303.9364366935101
5742 303.6543870093094
5765 303.61251778675876
5861 303.61095366974126
5878 303.59146405912753
5906 303.5710774968133
5955 303.5703714395943
5957 303.5691571930746
5963 303.5650950590277
5975 303.563738951792
5977 303.5628131414664
5979 303.56112393092224
5988 303.5599732588329
6088 303.5508065747286
6092 303.54351757395665
6124 303.5236304299306
6209 303.5234317096719
6211 303.5228638667578
6217 303.5220679758785
6251 303.5210917473845
6276 303.5178268589119
6282 303.517328567773
6284 303.51610666470253
6286 303.5122474272844
6287 303.4951392599874
6310 303.4876578007483
6312 303.4852505005145
6332 303.4822554050411
6334 303.43873506511534
6393 303.3994853625558
6463 303.39908389921015
6467 303.3975469338826
6469 303.3944229401607
6478 303.39224057410297
6519 303.3873480946632
6560 303.3738469800778
6562 303.3700466433819
6682 303.36668636822714
6683 303.356636248681
6748 303.35657815947076
6762 303.35643505106924
6770 303.35622916898336
6780 303.3561706430216
6782 303.35603364533335
6798 303.3560063016157
6800 303.3559281255585
6801 303.35557455834976
6820 303.3525610842368
6822 303.3514696486886
6861 303.34996224338727
6882 303.34921147580906
6884 303.34330601250485
6924 303.3422423073428
6926 303.34022611161436
6947 303.3389908457777
6968 303.3273740611585
7112 303.32654603667896
7114 303.32623711009074
7118 303.32485633695296
7181 303.3241714967347
7183 303.32333272580337
7283 303.32320568061533
7309 303.3231566062668
7317 303.32309626838816
7333 303.3230783884746
7334 303.3229539176776
7339 303.3225913049419
7359 303.319909065952
7397 303.31714686074775
7420 303.3148981658473
7622 303.3148726548801
7624 303.31484808105455
7626 303.31484645023545
7630 303.31477961010427
7631 303.31457914656335
7632 303.3139782677028
7680 303.31395762134997
7711 303.31394566680336
7715 303.3139115604106
7719 303.31386614472194
7721 303.3138533748335
7723 303.3138295795884
7727 303.3138162386671
7745 303.3138031155622
7771 303.31356578277916
7777 303.31340932311457
7778 303.31230928529794
7802 303.31188311754136
7826 303.3108162800281
7828 303.3090943895884
7830 303.30787347649994
7832 303.30595845511414
7835 303.3053900205581
7838 303.30233164904377
7881 303.30194107744813
7941 303.29205509677945
