159 1033.2393003661828
164 1019.0958240601788
166 1006.3219035782425
182 1003.4453598702063
183 986.1766298405679
192 980.6201459966055
194 961.3744507140224
234 960.6680917455545
236 948.3822759317566
237 903.1329892568431
244 893.5383571733928
246 886.5492376264023
259 883.9451417034695
261 875.6947231531682
271 874.3615466138505
276 766.155052109097
343 722.2854532158229
362 721.7935785926493
364 712.2760053764965
374 703.9437209234585
424 702.6237009725857
430 692.7439971476435
431 679.1682032112415
443 656.5217256077669
464 521.2913224981966
504 516.6368541904959
589 515.0340076711271
597 506.7481875126499
599 503.34896006973423
617 503.1888949264437
625 502.8109991712685
626 494.614555386923
633 491.88747639588183
643 489.85285620024086
645 488.78554021217315
646 480.1237247907973
648 478.5166245070672
671 445.8161307834959
728 442.25415624901814
754 399.11945723889426
795 382.4666743021251
817 376.4028982370337
870 373.414314691662
881 372.5182197080913
883 361.1991167331733
944 360.7916184280639
963 360.6528942755428
1002 360.3559235762014
1080 360.32864821055233
1084 360.248578627315
1090 360.2200070561383
1101 360.20352235353886
1103 360.14080801770314
1107 360.0751558265486
1116 360.0725137680641
1117 359.9064770611507
1124 359.81945976430166
1125 359.5488933448066
1140 359.5448965250266
1148 359.5229980040522
1152 359.50708516271743
1158 359.50312731027157
1159 359.38496795148825
1167 359.3539721603389
1168 359.2062072309655
1177 359.1813665570694
1178 359.011602743168
1192 358.5119684746294
1219 358.5002478118719
1227 358.2130793265367
1235 358.1746964587052
1240 358.059740701932
1248 357.8968094293336
1258 357.8057358220828
1261 353.6593914959474
1270 352.2344134805424
1317 351.70603820465396
1322 349.342488884732
1347 346.7317594719308
1395 346.3578989687108
1403 346.09997138048357
1416 345.93049072731384
1418 345.58015750830833
1434 345.16651326475164
1466 345.01106908858185
1470 344.69610139397474
1474 344.44115337109713
1476 344.349424977788
1482 344.16569931504415
1485 343.5635048761627
1490 343.4598142802378
1494 343.1715442417426
1504 342.30939688901583
1524 342.09767067920956
1580 342.0145692999819
1582 341.982978874425
1593 341.9101370551037
1595 341.77623968790016
1620 341.7417397791834
1661 341.5108837190498
1662 340.87500119666595
1664 340.71781887800614
1691 340.49213060865117
1700 340.38512844213534
1728 340.25231316081783
1731 338.1825029072925
1763 336.75240505465587
1794 336.5446663937207
1798 336.20576396794644
1803 336.182836407271
1805 335.99989331872825
1812 335.86589284793035
1814 335.8042430359882
1815 335.3397865185913
1828 335.3289046802476
1829 334.91454184316206
1843 334.7642679244418
1883 334.55466620380463
1889 334.44291576658105
1890 334.0019209353592
1901 333.92578123622854
1902 333.528081196538
1946 332.17293410811493
1975 331.90101884727426
1993 331.75338309833563
2007 331.74259751127
2014 330.68423118656915
2059 330.5111607459185
2122 330.38822111372775
2124 330.12797892506796
2185 329.9950630449241
2198 329.9459364856738
2207 329.9058969026422
2229 329.5101046643333
2242 329.4210213587778
2249 329.3938337891794
2250 328.9503864431171
2256 328.9501300050306
2271 328.91000912828434
2275 328.83115195350854
2279 328.7611547448945
2281 328.7410315186979
2283 328.71703559910384
2285 328.649498375983
2293 328.59836083919055
2297 328.56240673958973
2298 328.40739948098104
2307 328.3940549814387
2309 328.3767287566864
2319 328.3728154768921
2329 328.35267385574537
2354 328.31669070885647
2356 328.30899968241755
2358 328.2759752589131
2407 328.27242213705256
2413 328.2700906575102
2415 328.26602061175646
2417 328.26194207528806
2419 328.2562629533519
2420 328.23207330821265
2487 328.2316043677163
2495 328.2241515144628
2497 328.21874574357975
2499 328.2168857805837
2501 328.2100569071519
2503 328.19964952469957
2508 328.1987747126947
2526 328.1952151635131
2532 328.1908920025313
2536 328.05860940342103
2632 328.0569989804168
2634 328.0541366539168
2650 328.0431934550043
2652 328.0407804541682
2664 328.03650260557043
2670 328.0302039850975
2675 328.0263342037446
2686 328.02526499100094
2690 328.0222004220375
2694 328.02169498329044
2695 328.0107297278674
2747 328.00558987607184
2755 327.98557805380153
2764 327.97545977457685
2793 327.96780789062467
2794 327.94153052909894
2806 327.9371061649837
2808 327.9355910479112
2809 327.9126620835506
2854 327.91027120871615
2855 327.89419056972645
2862 327.8858141781409
2865 327.82687815863807
2892 327.81183129644603
2943 327.75797556684745
2951 327.75574839259957
2977 327.75292852500024
2987 327.74654397833103
2989 327.74129847842914
3020 327.7361853231603
3037 327.7342770748857
3041 327.7340999425716
3042 327.7282324256174
3047 327.7111105455932
3050 327.68796813242915
3126 327.5788912713129
3156 327.56916965652573
3184 327.5679542191424
3193 327.5652014483847
3197 327.5618657378738
3201 327.5595012656152
3202 327.5500357430434
3215 327.549511417531
3216 327.54201660004935
3223 327.5408363478723
3227 327.53907344621086
3232 327.537950999839
3234 327.5369441708441
3238 327.5339093818083
3239 327.52565158992206
3249 327.5239263630472
3251 327.52133520010415
3252 327.5131617345766
3255 327.50938131322243
3256 327.49604806392244
3262 327.49239089841814
3263 327.477631869075
3267 327.475930739355
3269 327.4725297151839
3271 327.46983601293516
3272 327.447249143413
3276 327.442062874908
3277 327.40568619532985
3283 327.40217262440626
3285 327.393686030337
3286 327.34586665558487
3302 327.3406861266731
3304 327.33831071675803
3305 327.3046033264477
3313 327.29494848085733
3315 327.2912279880652
3334 327.28847569586566
3364 327.27815746362177
3371 327.27691093844805
3372 327.2750093035829
3378 327.2564669774107
3389 327.2531322999862
3415 327.2252485926696
3421 327.22497241606544
3422 327.22459609908185
3429 327.2232648890731
3454 327.2082963739413
3462 327.19353695400883
3489 327.14456526526095
3514 327.1053660845484
3521 327.07659819376494
3545 327.06407863767726
3547 327.0463480530636
3557 327.04471891926494
3597 327.04036882745476
3603 327.03729240974303
3641 327.01705302195217
3676 327.0020995231348
3732 327.0018048294809
3743 327.0004559788811
3745 326.99927432139475
3747 326.9986170256014
3755 326.9971823816605
3757 326.99631768822206
3775 326.9956086129135
3776 326.991914951698
3813 326.987405103017
3830 326.9832515256862
3886 326.9815102575375
3921 326.98115931403925
3923 326.98041589908365
3925 326.9796709730411
3926 326.9753122913573
3936 326.9748049381651
3938 326.97312964518767
3940 326.97259731596654
3942 326.97057688495835
3943 326.96457024077483
3992 326.96197226814695
3993 326.95373361792144
4020 326.95060412512635
4027 326.9499879375066
4034 326.9493387288695
4061 326.9475030983454
4069 326.9462814712266
4082 326.9459321616521
4086 326.94573402903814
4088 326.94520883374963
4090 326.9445313291057
4091 326.941676564644
4103 326.94145984305624
4104 326.9389420351308
4109 326.9384015174803
4110 326.9348463132233
4121 326.93404111444306
4122 326.9300842133626
4132 326.92907909098335
4136 326.9280882096783
4138 326.9277733887591
4140 326.9264200738757
4141 326.9219956240679
4154 326.9218456067633
4163 326.921840134105
4178 326.9217694451906
4184 326.9198163790982
4191 326.9190005689101
4198 326.91789022180603
4199 326.91331994307046
4247 326.9127488139541
4277 326.9115705931144
4279 326.9103385562
4281 326.90966964751533
4282 326.9060098279663
4292 326.90505108545267
4294 326.90401245801854
4296 326.9034374602333
4300 326.90287499804225
4307 326.9028564969307
4308 326.9007571047219
4390 326.900467825653
4391 326.89934071431736
4401 326.8990555931171
4404 326.8987896809659
4405 326.89766455717836
4416 326.89724208331063
4419 326.89682486284215
4420 326.89547367251595
4423 326.8953506741036
4424 326.893678624014
4429 326.8931167159953
4430 326.89087692010355
4439 326.89084603702014
4443 326.89035030295514
4444 326.8884336457079
4452 326.88829581845954
4454 326.8875914087752
4457 326.887005090478
4470 326.8868568903499
4496 326.8864979853789
4504 326.8864602571022
4514 326.885289584467
4548 326.88412021857596
4572 326.8840265568511
4573 326.8824372797043
4576 326.8824247151536
4585 326.8822109563175
4589 326.88220666932904
4600 326.882054205486
4628 326.88101502805125
4630 326.87626016490935
4684 326.8753373997032
4688 326.8750497865709
4701 326.8748896493727
4713 326.87486130946274
4721 326.87324557062624
4776 326.8732010144593
4778 326.87288923420203
4779 326.87195576944987
4783 326.87191849328127
4784 326.87066608670153
4808 326.87066582403907
4865 326.87058065150325
4890 326.87053861036486
4892 326.87017833024396
4919 326.8697979685319
4921 326.86903656680374
4922 326.8650580104808
4950 326.86417315042956
4987 326.863528800121
4990 326.863414505336
5033 326.86311559863015
5040 326.8627819130114
5043 326.86257886209063
5049 326.86214440752474
5052 326.85809234603255
5073 326.85655538709534
5075 326.8525758308418
5117 326.8461769545411
5189 326.84592602344105
5226 326.8450075288815
5228 326.8439838869149
5232 326.84344055456677
5234 326.8428800710595
5236 326.84284732875045
5243 326.8424093414887
5254 326.8417364590874
5300 326.8417196841289
5309 326.8416160788528
5315 326.8415548714402
5323 326.84142513865567
5327 326.8412885621914
5337 326.84122213136766
5339 326.8410797961686
5354 326.8409968464209
5355 326.84065931020206
5369 326.8405785102822
5370 326.8402374690758
5378 326.84021086827113
5380 326.8401741592956
5381 326.83979229715396
5386 326.8397457479962
5390 326.8396900991934
5392 326.83952258369425
5446 326.83949977689474
5510 326.8394945964279
5518 326.83934982442673
5520 326.8391541259326
5539 326.83909749888113
5540 326.8388945619942
5545 326.838840367695
5547 326.83878650441
5548 326.8385177979911
5558 326.8384391994821
5559 326.83814719071785
5570 326.83814634708614
5572 326.83805082721557
5576 326.8379864849486
5582 326.83796300282927
5586 326.8378743421183
5628 326.83785383220777
5635 326.83781832072117
5642 326.8377884666246
5644 326.8377231652534
5650 326.83771238706885
5697 326.8375698769302
5722 326.83739792880425
5755 326.8373964311813
5762 326.83738253039746
5769 326.83735189175155
5776 326.83727398784407
5783 326.83722649101014
5790 326.83722413552545
5791 326.8370329885759
5834 326.83701174791133
5838 326.8369354624841
5852 326.83688274163706
5864 326.8366935716713
5907 326.8366650288205
5911 326.83666222718165
5913 326.83662444770175
5915 326.8365725310518
5924 326.8365564030322
5925 326.8364286109376
5973 326.8363739222077
5977 326.8361120727773
6016 326.83608401460214
6017 326.8360194767818
6045 326.8360120582604
6046 326.8359842212801
6052 326.8359681845297
6100 326.8359335887878
6101 326.83582726984264
6108 326.8356196972498
6115 326.8355736222917
6160 326.8355230569916
6166 326.835503796533
6176 326.8354476619311
6183 326.83504646816573
6192 326.834965945497
6224 326.8349236866819
6226 326.8347605890416
6242 326.83473442666474
6244 326.8346141834838
6246 326.8345901499063
6248 326.8344399587098
6250 326.8343013552599
6332 326.8342991414618
6338 326.8342112806691
6340 326.83420888555474
6350 326.8342030934914
6360 326.8341990577978
6362 326.83418066022153
6363 326.83412846709757
6366 326.83411292927326
6368 326.8340887455817
6371 326.83408736633356
6379 326.8340677969921
6381 326.83406680046176
6383 326.8340547051279
6385 326.83403414867826
6469 326.8340309212616
6470 326.83402134916014
6478 326.8340127753816
6485 326.83401098353386
6511 326.83400507650924
6519 326.833989925729
6526 326.83397559158726
6533 326.83393248404496
6561 326.8339319869445
6572 326.83392521149244
6575 326.8336611474983
6627 326.8336277717095
6634 326.8335777490945
6660 326.8335749421157
6661 326.83348143772383
6670 326.8334417936403
6697 326.8334356647249
6705 326.8334195124113
6717 326.833388635496
6725 326.8333499245624
6740 326.8333412991037
6742 326.8333332543313
6746 326.8333235829164
6752 326.8333175563933
6754 326.8333113885708
6762 326.83329947678476
6763 326.8332629949837
6816 326.8332545670457
6821 326.83325227412774
6828 326.833246691548
6854 326.83324081670236
6862 326.83323351023324
6869 326.8332314577846
6871 326.83322734669514
6876 326.8332219319853
6878 326.83322069957836
6879 326.8332019128232
6912 326.8332012533063
6921 326.8331921663894
6923 326.832954678861
6948 326.83294774724527
6958 326.83286321750063
6964 326.8328471438582
6968 326.83275240702034
6979 326.8324498956136
6992 326.83244900701436
7036 326.8323494856848
7037 326.8320806620189
7054 326.83203675859636
7092 326.8320061409424
7094 326.8319630128138
7102 326.83195157330533
7108 326.83193556400295
7110 326.8319132891714
7112 326.8318911616309
7113 326.83176627898536
7154 326.83173758402097
7155 326.83165116793884
7181 326.83163780201636
7204 326.8316146135023
7211 326.8316054303539
7218 326.83157616926746
7220 326.83149005416107
7244 326.83148920370434
7252 326.83146059489025
7272 326.83138897470906
7306 326.8313820128654
7308 326.831368441058
7316 326.8313616901798
7318 326.8313552657705
7319 326.8313168420984
7321 326.8313148869362
7323 326.8313124223833
7325 326.83130731637584
7333 326.8313000789057
7335 326.831295915123
7337 326.83128550536617
7341 326.83126246239215
7350 326.8312578159262
7351 326.83122857629587
7366 326.8310919495301
7375 326.8310199872828
7400 326.8310107288416
7406 326.83099884438275
7409 326.83087578212655
7457 326.83086922215733
7463 326.8308641954587
7465 326.8308504653779
7467 326.83083043472743
7469 326.83080601775737
7471 326.8307774962192
7473 326.83074448420246
7492 326.8307368202069
7494 326.8307327576269
7505 326.8306154309545
7545 326.8301666415284
7590 326.83009794285874
7594 326.83006070933124
7617 326.8300303176558
7644 326.83002066782694
7652 326.8298950460818
7678 326.8298771955353
7687 326.82986874470953
7691 326.8298526642545
7692 326.829761404999
7695 326.82974406210957
7696 326.8296286531536
7707 326.8296146193818
7709 326.82957761689687
7713 326.82956911315443
7714 326.8294458916876
7726 326.8294401084915
7732 326.8294128752473
7741 326.82940882685006
7743 326.8293933850577
7747 326.8293669612236
7749 326.82935997357487
7761 326.8292880758546
7814 326.8292775703003
7823 326.82925935862784
7848 326.82923481691284
7875 326.8292283343686
7877 326.82921525180467
7878 326.82917016708666
7892 326.8291661620372
7896 326.8291642773905
7898 326.82915079638894
7900 326.82914090825284
7905 326.8291377845649
7912 326.82913315351044
7913 326.82910064941063
7920 326.82908049708806
7922 326.82893714436545
