328 411.9196003531865
353 377.4397582301717
411 332.4598281801056
436 322.8503825163285
488 321.95326769556624
512 316.84279078024844
572 305.4818133472625
697 305.46143617576945
732 305.4145315553924
768 304.8735495105711
772 304.8541245349422
774 304.38990143180166
788 304.2859564071389
793 303.9566146436671
797 303.87698459551586
798 303.3653889831894
814 303.2087218940249
816 303.1295104698688
827 302.8428985727773
837 302.8094527608717
838 302.4607444050702
863 302.3303853748004
881 302.28438392419855
883 302.2680582841501
885 302.25388646056615
891 302.2105648431136
893 302.1313815603605
916 302.07823396316746
969 301.9451858694563
978 301.93447137416024
988 301.87826425991165
992 301.8731364896413
1006 301.87149170048417
1009 301.8694818999986
1015 301.77192939178855
1038 301.7352327369474
1088 301.3963300302172
1101 301.32083184361056
1103 301.3159250335808
1115 301.1654377693954
1124 301.11093279501574
1129 301.05030240339244
1163 300.9308553767428
1191 300.8404785062754
1219 300.8245526674434
1264 300.7416448490649
1290 300.6565655396976
1301 300.6540966216575
1302 300.52740372832017
1311 300.5041116694547
1313 300.47871683352435
1321 300.4317896028594
1324 300.41163482683436
1326 300.37521114156175
1328 300.35086440259613
1330 300.32129767622723
1332 300.31541680310085
1333 300.1553373073388
1377 300.151922569713
1378 300.030446422793
1409 300.0052177007467
1415 300.00222480663405
1416 299.92311943332265
1417 299.5448832634743
1445 299.4881846409031
1452 299.3926313371112
1459 299.25422563471943
1465 299.1716059821041
1493 299.1057683351921
1495 298.99382111913764
1502 298.9853801250481
1549 298.9208855946645
1558 298.8597768098005
1603 298.7558126074201
1611 298.68791848218143
1625 298.66470670914396
1632 298.63551752453515
1633 298.577246638684
1635 298.5740202354976
1638 298.54758349015185
1639 298.4920664616644
1648 298.4061971160154
1655 298.3990417794446
1656 298.346152383637
1663 298.34495940866134
1664 298.2768466621022
1672 298.2622525235361
1684 297.8091508919107
1730 297.7521680320866
1742 297.7066207826552
1775 297.7026821785784
1781 297.65315774174206
1789 297.6133086380234
1801 297.5855501647111
1805 297.5844682618269
1806 297.4850619283802
1822 297.4295663470216
1852 297.3881704779802
1863 297.3396248157642
1892 297.30492270051946
1919 297.284771843414
1921 297.20902111142755
1927 297.1779039960436
1933 297.1553874335631
1941 297.14964646660644
1944 297.14621546030776
1951 297.1240835016859
1959 297.118364908609
1963 297.0999437918421
1980 297.09662814559584
1982 297.090783955964
1987 297.06727849431286
1998 297.06582202747677
2002 297.0580141115014
2004 297.056654802863
2005 297.03251384645716
2013 297.0314043679172
2019 297.0299716683332
2020 297.00849238648453
2022 297.00652900344915
2023 296.9659162956684
2026 296.9623999908871
2028 296.96121471027055
2037 296.9496716540161
2044 296.936250947138
2071 296.7406709626513
2118 296.7396427992397
2119 296.6773074666571
2149 296.6770335000105
2161 296.5090502235238
2181 296.4821825079609
2221 296.4736207849094
2251 296.4570888780361
2253 296.43302965218345
2267 296.4301255546083
2273 296.4165705383224
2275 296.40297231294693
2276 296.34552212236434
2286 296.33029028579034
2288 296.3220990850473
2290 296.30579327056114
2292 296.2814210176504
2319 296.21846479725883
2360 296.2065938746535
2362 296.19737771160834
2364 296.19011050021805
2365 296.1382303390563
2411 296.07790648041106
2447 296.0750968811463
2448 296.0663091270752
2501 296.06284009191813
2515 296.05810190171746
2537 296.0189301229082
2578 296.0180169204963
2580 296.0152422003025
2590 296.0129049054516
2600 296.00743098727065
2646 296.0047658755728
2661 296.00404118224213
2665 296.0022042928502
2671 296.0010853079013
2673 295.99995297167635
2680 295.9998054661904
2682 295.9984647628571
2684 295.9970429518077
2686 295.9965621897086
2687 295.9917452110079
2703 295.9914292241027
2705 295.9897589575313
2707 295.98942507065703
2709 295.9880498310993
2710 295.9829872744608
2717 295.9827555731895
2719 295.9817505217012
2720 295.97655231961267
2723 295.9764429578703
2725 295.97418369115405
2729 295.973912945119
2730 295.9676190787744
2734 295.96594040039633
2735 295.9577584613352
2741 295.95548862834465
2743 295.95369020742544
2744 295.9415950401815
2749 295.9363437348735
2750 295.9186557765478
2762 295.9123838135252
2794 295.91000300190524
2795 295.896760931608
2842 295.8925984630666
2845 295.89080215130525
2846 295.8807460214165
2854 295.8806016810747
2855 295.8687864720251
2891 295.86857937414715
2892 295.86317854827104
2897 295.8624753796776
2898 295.8550434052676
2928 295.85489991556364
2945 295.85374825890455
2995 295.85280912859895
3002 295.85130616820857
3005 295.8322200165062
3033 295.829167750696
3072 295.81814016792543
3074 295.8081100820231
3204 295.8080942264904
3206 295.8075257466048
3208 295.80691704787176
3210 295.8060552876409
3257 295.8059289089089
3263 295.8056667495589
3267 295.80565289368377
3272 295.802674586604
3293 295.7990389571917
3314 295.7879209958743
3392 295.785819572455
3413 295.7853413456538
3415 295.7846982972327
3424 295.78111024600383
3444 295.77607106455815
3467 295.774683962789
3488 295.76736451669757
3509 295.75748062429216
3630 295.7508846352938
3694 295.75004945526797
3696 295.7433014087401
3768 295.742779986146
3841 295.74275420476613
3868 295.74274645327654
3874 295.74271917263496
3876 295.74268692296425
3880 295.7426725086246
3884 295.74267235444546
3899 295.74265932798767
3902 295.7426434264175
3908 295.7426199203359
3918 295.7426023985332
3939 295.7424760623213
3944 295.7421526833055
3965 295.7421490930945
3967 295.742077986701
3969 295.7420596095068
3971 295.74180774448644
3973 295.74138053822554
3976 295.7411276973988
3978 295.7405964321406
3980 295.737174938912
4039 295.7364227155195
4043 295.7330071380216
4066 295.7299883806622
4068 295.7295851550199
4088 295.72767548534125
4111 295.72591632836946
4237 295.7258613097331
4247 295.72584350522686
4249 295.72576204503235
4251 295.7256702297396
4252 295.72531510303315
4264 295.7252723947001
4266 295.72517436404377
4268 295.72504525856294
4272 295.72493485059994
4275 295.72491437394604
4276 295.72459627117695
4291 295.7245671274066
4295 295.7245346369441
4297 295.72446521007475
4303 295.72442950320203
4308 295.7243479405785
4320 295.72432822085636
4322 295.7242908011136
4331 295.72427434399526
4335 295.72424837406066
4336 295.7241398066842
4378 295.7241310624247
4382 295.724101990276
4383 295.7240155460077
4387 295.72399903021443
4389 295.7239879715454
4390 295.72388753221196
4395 295.72388654297544
4397 295.723846657002
4398 295.72370393294085
4403 295.72366527049564
4404 295.72348980014584
4412 295.72348343855737
4413 295.72328187205784
4417 295.7232652652867
4418 295.72302141848235
4422 295.7229435710104
4423 295.7226137587401
4427 295.7225634616812
4429 295.72246185642746
4431 295.72233981041677
4432 295.721864062853
4444 295.7198452665465
4450 295.7194222889083
4452 295.7176295778173
4454 295.71602497617044
4476 295.71340900411866
4638 295.7134086701466
4640 295.7125932514263
4700 295.71219460103777
4703 295.71216915729985
4705 295.7117660001916
4707 295.7109891584058
4769 295.71093488886635
4770 295.7106468446158
4771 295.70961151921375
4821 295.7095910261438
4825 295.7095435036482
4827 295.7087469963043
4831 295.7087194626412
4893 295.7084454797929
4901 295.7084069692999
4905 295.7083999216279
4913 295.70835915959265
4917 295.70831703901797
4927 295.7082855716154
4929 295.70823826928915
4938 295.70819371222063
4944 295.7078994562229
4966 295.7077384867426
5051 295.7062805671252
5062 295.7061528406781
5094 295.7057708594711
5097 295.7050944527084
5107 295.70478452727895
5127 295.7047365671049
5188 295.70440685117086
5189 295.70423440917307
5196 295.70414924380685
5197 295.7037875800124
5203 295.7036977712438
5204 295.7033992672104
5206 295.7033521110693
5207 295.7027885738955
5219 295.7027129608321
5220 295.70214663439805
5224 295.7021232540098
5228 295.7020650277173
5230 295.7020258314791
5242 295.7019386689487
5255 295.7019352721436
5272 295.7017359939215
5281 295.70169472643244
5303 295.7016857177574
5306 295.70161809888083
5307 295.70146049106506
5311 295.70140979373684
5312 295.701197925084
5317 295.701130547615
5319 295.701030763937
5324 295.70100943688044
5326 295.7010013792008
5327 295.70084198392453
5332 295.70081359774446
5333 295.7006051724452
5336 295.7005677788963
5337 295.70030068146673
5342 295.7001880391298
5343 295.69984312744174
5348 295.6998112795497
5349 295.69957120809676
5352 295.6995446242096
5353 295.69925564445964
5356 295.6989465015306
5357 295.6982975940053
5365 295.69823659561024
5369 295.6982337152784
5371 295.69811093753196
5373 295.6978408945308
5381 295.69770434610183
5385 295.69755656545306
5388 295.69745162865314
5399 295.6974303163541
5401 295.69733522841057
5417 295.6968871487598
5449 295.69666665601096
5462 295.6963336263873
5474 295.696227325255
5476 295.6926175969745
5478 295.6919735391487
5516 295.68587425932554
5538 295.6847704788954
5559 295.684287253804
5561 295.6822119131594
5565 295.6818828749387
5704 295.6816318949943
5733 295.68063282319173
5736 295.6793042400552
5807 295.6792464189713
5831 295.6792345895399
5833 295.6792149300324
5883 295.67872218437964
5907 295.67870065367333
5910 295.6780775609186
5924 295.67783110183444
5926 295.67728045404175
5998 295.6772756824391
5999 295.6772613707284
6001 295.67663466592126
6051 295.67655802389766
6076 295.67652864089655
6083 295.67651463549754
6085 295.67648830810424
6086 295.67640301963047
6093 295.67640179815487
6094 295.6763242460015
6125 295.6762886037347
6127 295.67603637256565
6151 295.6756677982443
6153 295.6753155123965
6159 295.6750134509825
6187 295.673582426018
6216 295.67073799844025
6237 295.6677106671654
6294 295.66660416158186
6296 295.66308686619595
6325 295.66271340093755
6326 295.65950132031867
6337 295.65938218178695
6338 295.6565089341012
6343 295.65480495183806
6344 295.6515395210391
6348 295.6503023509994
6349 295.64595451602526
6355 295.64492686348524
6356 295.6422662060981
6359 295.6414152182983
6360 295.63741064641476
6362 295.63682840408086
6363 295.630343196603
6377 295.62903448980967
6378 295.6226539587738
6387 295.6221044523289
6388 295.6159139137678
6393 295.61563836169165
6395 295.61300494414456
6397 295.6124263650712
6398 295.60478024135557
6407 295.6027719023718
6411 295.6013888428221
6417 295.60076843352545
6419 295.5997313125183
6421 295.5981483565768
6423 295.59602362781
6425 295.59596546726453
6427 295.5933073914678
6446 295.59212234317255
6447 295.58856116898835
6460 295.58642573749825
6466 295.5863921942959
6467 295.58083697260616
6498 295.5768483912672
6519 295.5454381768483
6539 295.52936902211354
6541 295.50737082849474
6611 295.4904719584136
6634 295.4778187852977
6656 295.46673962440605
6677 295.4521100323558
6733 295.4472718232544
6736 295.44306077208415
6762 295.441901399236
6765 295.4396514701873
6766 295.433648248222
6782 295.4335246465819
6784 295.4314406963909
6788 295.4298249081502
6790 295.4274214768474
6801 295.42741011639004
6802 295.4240218469305
6807 295.4234403235025
6810 295.4222388042768
6812 295.4215999778419
6897 295.41590844985234
6928 295.41527559205963
6932 295.4138061907279
6934 295.4127689860512
6946 295.41238604102557
6952 295.4119771253835
6953 295.4096005222874
6964 295.4021842008963
7045 295.40187148203
7084 295.4016868784566
7090 295.40140275613015
7107 295.401395194064
7108 295.4009953419829
7123 295.39933874529504
7185 295.3986519028371
7196 295.39841166751427
7198 295.3982056792567
7259 295.39746439173234
7415 295.3974114347663
7417 295.3971367402046
7538 295.3971157576245
7540 295.3970920022643
7542 295.3970826922914
7548 295.3970651940624
7569 295.39698209365685
7574 295.3968380757609
7599 295.3968227921273
7601 295.39666009074693
7603 295.39653463300095
7607 295.39588242086637
7609 295.39550201722
7629 295.39537428416406
7710 295.39532946827956
7716 295.3934889644175
7737 295.3932748830624
7815 295.39325306428987
7816 295.3929660639929
7821 295.3929638609804
7822 295.39262887046243
7828 295.392614230835
7829 295.3922170736265
7832 295.39217042252125
7834 295.3920976219842
7835 295.39163742208723
7840 295.3915380737607
7842 295.39117204360014
7843 295.3904661638555
7852 295.3903314579635
7853 295.38963108624495
7858 295.3894190233916
7859 295.3885338806307
7863 295.38839821601994
7864 295.38732888120165
7868 295.387025674507
7869 295.38556948407705
7874 295.3849085614458
7875 295.38296738319633
7879 295.3825927405568
7880 295.38018941012064
7884 295.37999132301286
7885 295.37730930011384
7887 295.37682864508554
7888 295.3723127735141
7892 295.3719326250004
7894 295.37170970794466
7898 295.37055651837386
7906 295.3705234525493
7908 295.3694077633271
7912 295.3670917016891
7913 295.3625839210101
7921 295.35827026419867
7928 295.35715665609086
7939 295.3557550048754
7944 295.3551807326492
7974 295.3541967550108
7976 295.3527101139477
7978 295.35150037089693
7991 295.3510725874156
7993 295.3499961797257
7996 295.34862553711173
7998 295.34822434572396
7999 295.34474282330495
