420 2025.2549769195693
422 2024.487416097975
492 2019.7175892279597
547 2013.798451723785
603 2005.9618838949823
683 2004.335945838936
706 1996.0731679689923
826 1995.9855775782585
830 1995.691672571129
857 1995.665564854453
863 1995.5555581690355
865 1995.458946407588
874 1995.4499969858987
883 1994.8247050761806
886 1994.5399025622348
889 1994.203832186276
950 1993.275170765466
1011 1992.7264253610838
1013 1992.3280004878025
1120 1992.3051864215697
1133 1992.2169854760473
1155 1991.9916130543852
1176 1991.8219007822154
1309 1991.819659681031
1374 1991.7913067875454
1434 1991.7620344338552
1506 1991.7612992923982
1520 1991.7599442969663
1526 1991.7590768778348
1530 1991.7583326778135
1538 1991.7579423613054
1544 1991.7555546414849
1551 1991.7448596656143
1574 1991.74417110077
1576 1991.7440206510228
1616 1991.7439979924807
1618 1991.7402324981106
1639 1991.7341244592662
1688 1991.7323536377078
1753 1991.7322129803074
1782 1991.732035667111
1786 1991.731687579947
1795 1991.7311183761276
1889 1991.730405909022
1891 1991.7302049977388
1893 1991.7297371550258
1925 1991.729654681089
1950 1991.729652747893
1952 1991.7296034803412
1954 1991.7295970663645
1956 1991.7295160089175
1958 1991.729134604704
2051 1991.7290563481474
2135 1991.7290516285839
2184 1991.729037412426
2186 1991.7289981357048
2207 1991.7289904770107
2241 1991.7289649637178
2357 1991.7289531431823
2446 1991.7289487029052
2448 1991.7289477923127
2720 1991.7289477906297
2724 1991.728946954168
2743 1991.7289463764732
2768 1991.72894604606
2770 1991.7289447164799
2772 1991.7289445613646
2774 1991.728944179485
2799 1991.7289435622915
2824 1991.7289435543078
2881 1991.7289432993857
2902 1991.7289431858023
2948 1991.7289431600902
2950 1991.7289428842419
3173 1991.7289428341574
3175 1991.728942805632
3180 1991.7289427299424
3270 1991.7289427252485
3272 1991.7289427020457
3281 1991.7289427004016
3306 1991.7289426984785
3314 1991.728942696618
3319 1991.728942696607
3329 1991.7289426958332
3381 1991.7289426956854
3387 1991.72894269537
3397 1991.7289426703023
3452 1991.728942670024
3458 1991.72894266993
3465 1991.7289426699017
3469 1991.728942669884
3508 1991.7289426698824
3513 1991.7289426698817
3514 1991.7289426698758
3518 1991.7289426698742
3519 1991.7289426698655
3526 1991.7289426698635
3527 1991.7289426698528
3533 1991.7289426698526
3534 1991.7289426698412
3538 1991.72894266984
3542 1991.7289426698349
3543 1991.7289426698185
3548 1991.7289426698178
3550 1991.7289426698155
3551 1991.7289426697982
3554 1991.7289426697973
3556 1991.7289426697894
3559 1991.7289426697857
3560 1991.7289426697644
3563 1991.7289426697632
3564 1991.7289426697362
3590 1991.7289426697287
3591 1991.7289426697118
3598 1991.7289426696618
3621 1991.7289426696495
3628 1991.7289426696323
3641 1991.7289426689827
3643 1991.7289426685477
3657 1991.7289426685468
3659 1991.7289426678065
3667 1991.7289426677971
3672 1991.7289426677692
3677 1991.7289426677585
3682 1991.7289426677162
3702 1991.7289426676916
3707 1991.7289426676411
3726 1991.7289426676389
3731 1991.7289426676311
3732 1991.7289426676086
3733 1991.7289426675407
3739 1991.7289426662178
3745 1991.7289426662162
3765 1991.728942666214
3770 1991.7289426662135
3774 1991.7289426662117
