268 1825.0611328973832
369 1782.2466279038758
379 1764.1052493725647
385 1755.3008013773035
400 1722.4330804164538
467 1715.6021193822135
477 1644.9938628860018
487 1637.336283438284
538 1624.1002978692559
567 1592.438067662072
587 1584.253122886776
603 1581.206255821371
610 1576.1091459519002
611 1573.1854169562291
621 1572.4092247410144
633 1569.4666836134693
643 1568.448019613112
692 1565.2708568402898
702 1564.6298329929614
723 1561.7886324559868
734 1558.1712566942585
739 1556.306281657176
748 1553.7769273626145
779 1553.7391380367208
784 1553.3712900135376
827 1551.0236487323607
876 1550.913511848496
901 1549.8440914604973
942 1549.061203748239
953 1549.032918741525
1003 1548.905678912754
1027 1548.341009384659
1122 1548.274591348491
1246 1548.251102478071
1264 1548.2423210984716
1294 1548.2403538003841
1303 1548.2359149735798
1353 1548.2135369590708
1355 1548.1725409466667
1400 1548.1701292148896
1452 1548.1693563307579
1479 1548.16488929338
1521 1548.1629147007106
1523 1548.1621705773753
1527 1548.1434325425475
1537 1548.1353929633947
1633 1548.1306855748037
1698 1548.13048872956
1699 1548.1274986549113
1722 1548.1273248830746
1787 1548.1264127027684
1830 1548.126184901557
1842 1548.1261715076664
1896 1548.1259710269314
1931 1548.1255171942398
1956 1548.1254376757167
1963 1548.1253716604942
1969 1548.1251607308857
1970 1548.1251185932786
1977 1548.1251038074315
1980 1548.1243175011919
2115 1548.1241016900753
2161 1548.1240972964442
2171 1548.124073234812
2210 1548.1240719557343
2284 1548.1240705385208
2329 1548.124067770104
2331 1548.12406062619
2332 1548.1240496360476
2337 1548.1240328468493
2380 1548.1240287856672
2381 1548.1240141576318
2382 1548.123995217216
2384 1548.1239251383063
2408 1548.123924141957
2409 1548.1238783699666
2433 1548.1238493144742
2434 1548.1237992659921
2435 1548.1237801014768
2501 1548.123750010905
2577 1548.1235523380856
2656 1548.123540144462
2779 1548.1235393885734
2907 1548.123531962044
2946 1548.123531656446
2963 1548.1235315357376
2982 1548.1235291777568
3046 1548.1235278695935
3047 1548.1235242200246
3048 1548.1235157455621
3049 1548.1235125892122
3068 1548.1234933185556
3097 1548.123490260978
3133 1548.123489634852
3153 1548.1234894795853
3159 1548.123489015353
3160 1548.1234876367803
3161 1548.1234836281499
3162 1548.123472745484
3163 1548.123450371174
3165 1548.1234195038096
3185 1548.1234149275651
3420 1548.1234147582802
3441 1548.1234144273285
3442 1548.123413580461
3443 1548.123412353722
3448 1548.1234059654491
3450 1548.1234005844012
3458 1548.1233957866993
3473 1548.1233936456144
3479 1548.1233935054956
3547 1548.123393381851
3548 1548.1233930607334
3549 1548.1233925457268
3555 1548.1233893895887
3688 1548.123389344958
3769 1548.1233893393892
3787 1548.1233893319331
3793 1548.1233893097542
3794 1548.1233892449154
3795 1548.1233890656977
3796 1548.1233886657149
3800 1548.1233838347441
3801 1548.1233712723267
3802 1548.1233509668405
3811 1548.1233499293826
3815 1548.123349699902
3817 1548.12334948395
4052 1548.1233331682404
4076 1548.1233294707272
4120 1548.123325039583
4124 1548.1233246447632
4134 1548.123324324762
4157 1548.1233233764606
4165 1548.12332149148
4166 1548.1233155173
4167 1548.1233090068417
4169 1548.1232991465756
4171 1548.1232928416196
4404 1548.1232927958208
4433 1548.1232927067233
4436 1548.123292561374
4437 1548.1232925227844
4585 1548.123292266268
4621 1548.123292241811
4626 1548.1232922205277
4627 1548.1232921575631
4628 1548.123291976625
4629 1548.1232915054159
4630 1548.123290735964
4747 1548.1232866158973
4806 1548.123286558428
4835 1548.1232864350527
4926 1548.1232864345038
4929 1548.1232864328638
4930 1548.1232864280184
4931 1548.1232864141502
4932 1548.1232863785517
4933 1548.1232863257992
4935 1548.1232846932894
4966 1548.1232834148313
5076 1548.123282456057
5077 1548.1232814454074
5086 1548.1232808938512
5088 1548.123271512498
5285 1548.1232714989244
5286 1548.1232714582109
5287 1548.1232713361305
5288 1548.1232709704295
5289 1548.1232698781919
5290 1548.1232666452606
5291 1548.1232573406317
5292 1548.123232977258
5293 1548.123191923767
5296 1548.1231183604668
5303 1548.1231179751912
5328 1548.1231160729692
5334 1548.1231078371534
5336 1548.1231027639874
5360 1548.1230996106679
5662 1548.1230995127542
5665 1548.123099404982
5666 1548.1230992507908
5687 1548.1230976632655
5688 1548.123095614882
5692 1548.1230875080337
5693 1548.1230790369773
5847 1548.123075348512
5864 1548.1230715978736
5957 1548.1230713838522
5959 1548.1230608773167
6040 1548.123056553547
6183 1548.123056402237
6189 1548.1230556789005
6236 1548.123055458132
6261 1548.123054482692
6269 1548.1230543677716
6270 1548.1230540247743
6296 1548.123053890473
6463 1548.1230538097293
6467 1548.1230536230528
6468 1548.1230534975234
6469 1548.123053239475
6471 1548.1230531392507
6516 1548.1230506767279
6537 1548.1230495905947
6538 1548.1230480997112
6572 1548.1230463641884
6600 1548.123045221144
6610 1548.1230446134643
6630 1548.1230445170763
6640 1548.1230431955687
6763 1548.1230431031436
6771 1548.1230428268716
6772 1548.123042007078
6773 1548.1230396289484
6774 1548.1230332272182
6775 1548.1230206538312
6837 1548.123015777736
6851 1548.1230150418828
6933 1548.1230143074379
6981 1548.123011965372
7030 1548.1230089477299
7031 1548.1230029307021
7037 1548.1230028099094
7038 1548.1230024498968
7039 1548.123001391144
7049 1548.1229966741093
7077 1548.1229937251996
7078 1548.1229855587833
7079 1548.1229815770305
7111 1548.1229725673425
7123 1548.1229620771298
7189 1548.1229346103073
7365 1548.1229257269797
7366 1548.1229088825332
7485 1548.122905668736
7581 1548.122905179739
7616 1548.1229047754682
7623 1548.1229045400164
7649 1548.1229040944659
7655 1548.1229040624564
7656 1548.122903875203
7658 1548.1229020853405
7752 1548.1229020573344
7753 1548.122901974666
7754 1548.122901738809
7755 1548.1229011405885
7756 1548.1229003303135
7815 1548.1228966916183
7884 1548.1228960054423
7931 1548.1228957835074
7960 1548.1228956826137
7961 1548.1228953799587
