467 242.00673428911466
557 239.62616072561894
579 238.91832415692414
603 238.89240846256678
641 238.55250272863486
643 238.32102278569687
711 238.29830439332795
734 238.2539137031784
786 238.17854003767138
790 238.16491165113177
800 238.15967803134663
842 237.08077726881749
844 237.08000552906654
846 236.72621132134333
872 236.58085885611897
947 236.27650247493378
1036 236.10751905979305
1175 236.1063539959266
1177 236.10203070285763
1199 236.06772624310076
1201 236.04724201225247
1203 236.040410882839
1243 236.01933348911467
1427 235.99858907258033
1429 235.98625267918584
1435 235.98588529951792
1436 235.9847832085307
1438 235.97742548991903
1449 235.95919741324863
1452 235.9465760380386
1535 235.93397343974829
1681 235.9312485061767
1687 235.92571746166362
1797 235.92557906227597
1800 235.9248722494246
1801 235.92418178922463
1828 235.92400344746252
1829 235.92325493266372
1834 235.92309811581757
1835 235.92219533599524
1842 235.92184804494417
1843 235.92068158439574
1847 235.92066256571763
1848 235.91934641805813
1852 235.91889877164567
1853 235.91709248147248
1862 235.9166324018453
1864 235.91647957797605
1865 235.91465323755295
1868 235.91443757200906
1870 235.9135037992653
1871 235.91058587826836
1881 235.91052605565926
1882 235.9081334719363
1887 235.9075041709366
1888 235.9040411134486
1893 235.90333983439558
1895 235.90186626241825
1920 235.9014073532478
1922 235.89857561002063
1945 235.8975576473407
1976 235.89718924625174
1985 235.89713727311306
2000 235.8969580686374
2002 235.8967823834979
2008 235.8965318717128
2014 235.89650676919183
2015 235.89604643133305
2020 235.89599019231764
2022 235.89581275647916
2023 235.8951505256382
2028 235.89497643483426
2030 235.8946852754451
2031 235.89376205825545
2035 235.89363506023474
2037 235.89359574548945
2039 235.8934302607878
2040 235.89243089185652
2043 235.89220182731174
2044 235.8907275385746
2051 235.89048166684017
2053 235.88989816629942
2065 235.8772800779783
2067 235.877107284256
2150 235.87642422361648
2172 235.8730890723733
2196 235.8730381235967
2198 235.8648579565255
2333 235.86317600918045
2379 235.86303334194974
2381 235.86268566323724
2409 235.86262423962546
2455 235.8626154282625
2467 235.8625890101463
2507 235.86012294015532
2569 235.85990698504006
2580 235.859838104096
2586 235.8598117695559
2592 235.85972570951753
2596 235.85968605971027
2616 235.85966224919963
2619 235.858348941901
2640 235.85793854219395
2641 235.85670824882598
2642 235.85302552050047
2661 235.8424512498965
2687 235.83344299598843
2727 235.82325129844213
2729 235.82307026859633
2769 235.81842476771328
2790 235.81467902599934
2810 235.81082087196455
2856 235.8104860036201
2877 235.80835028776596
2912 235.7986256722176
2960 235.7975314585027
2999 235.79730926629827
3011 235.79704735793905
3021 235.7968482075915
3025 235.79672008442074
3034 235.7966349511724
3038 235.7966338872365
3041 235.79652573007877
3042 235.79613396756008
3048 235.79599381232975
3050 235.7959907816462
3054 235.79594898940036
3058 235.79585950552882
3060 235.79570569313142
3062 235.79556371826123
3116 235.7955009278836
3118 235.7953862818528
3132 235.79537947224566
3134 235.79536991722682
3136 235.79531086344355
3137 235.79511682469203
3139 235.79510772372942
3140 235.79481693109784
3148 235.7931808213131
3176 235.79216001805264
3407 235.79215365867532
3409 235.79092228346474
3455 235.79091762531306
3462 235.79089542153298
3464 235.79007752419238
3544 235.79006038374857
3549 235.79005320713406
3601 235.7900526384733
3604 235.7897927337389
3610 235.7896578040319
3612 235.7896091409848
3614 235.78904235484544
3661 235.78902829034405
3682 235.78872588847452
3684 235.78833667344696
3746 235.78824048553406
3767 235.7882361464616
3791 235.78787997291607
3811 235.78782022667696
3817 235.78780362945116
3859 235.78774565530756
3865 235.78752268481986
3866 235.7868540042388
3867 235.78485004043563
3868 235.77885685048693
3888 235.7787539662906
3912 235.77738159362013
3913 235.76650221315575
3914 235.7339134104035
4039 235.733366612564
4047 235.7330527044527
4049 235.73198022339176
4051 235.7286140552253
4073 235.72827971117974
4079 235.72700422462844
4127 235.72694608154217
4138 235.72333137462488
4140 235.71623787206207
4219 235.71563019235072
4221 235.71382737367338
4269 235.7127467264906
4385 235.71212271721998
4427 235.71207469911764
4430 235.70980305852822
4552 235.70972485069012
4553 235.70949022746197
4555 235.70875687896773
4557 235.70855346814488
4638 235.7078135462853
4644 235.70781182062382
4650 235.7076508180687
4691 235.7075487764314
4693 235.70737730720288
4695 235.7071815213431
4710 235.70714929183325
4712 235.70708688317956
4716 235.7070396097189
4718 235.7069214464653
4722 235.70689823630858
4727 235.7068622332033
4729 235.70676900761754
4827 235.70675497879682
4831 235.70673476092543
4840 235.70670791540857
4842 235.70668489047193
4844 235.70666678703986
4846 235.70663598301246
4847 235.7065198400266
4864 235.7064956390925
4866 235.7064660453551
4867 235.70634511142686
4881 235.70559133824565
4883 235.70527151355924
4885 235.70513615819493
4887 235.70491436846524
4941 235.70486460203233
4962 235.70454033745165
4968 235.7044067091917
4986 235.7043454644094
5007 235.70279302785218
5009 235.70238233448208
5028 235.70078487222645
5030 235.70066049769287
5032 235.69864488434817
5172 235.69644659987503
5253 235.69639177717107
5257 235.69619418109136
5291 235.69602665165684
5315 235.69574017189552
5318 235.69561655476514
5339 235.69527504048153
5385 235.69491876026086
5528 235.6949156017543
5549 235.6944969222679
5716 235.69436734159908
5718 235.69429636158077
5877 235.69428979429256
5910 235.69428755525587
5912 235.69427365266898
5937 235.69427114573296
5956 235.6942531640982
5958 235.69425282575259
5960 235.69421396319905
5962 235.6941552377213
6050 235.6941022633797
6052 235.69406451824966
6101 235.69398667575803
6103 235.69367898419011
6112 235.69366619742175
6141 235.69356012500828
6166 235.69354616992035
6167 235.69338583615684
6191 235.6928287889537
6193 235.69279930478478
6195 235.69244204016138
6243 235.6922499912362
6244 235.691750019974
6245 235.69025036837658
6246 235.68575377328813
6248 235.68522050074387
6270 235.6794226509387
6290 235.6766921328981
6292 235.668653821379
6490 235.66853977470217
6497 235.66840769305622
6499 235.6669193061341
6501 235.66644823744917
6503 235.66285912247196
6522 235.66097397593643
6578 235.6515925757049
6584 235.65051261732543
6604 235.64929715498664
6606 235.63958013469352
6609 235.61997228742604
6631 235.6190289773427
6670 235.6171423093361
6730 235.56023406876386
6765 235.55884720446022
6854 235.55855229442201
6863 235.55072463627715
6865 235.54554763690035
6867 235.5428936444882
6888 235.53807441641828
6928 235.5340307241284
7017 235.52938873254888
7133 235.5293208572602
7146 235.52931616761214
7148 235.52924381646534
7152 235.52919160914678
7158 235.5291819272059
7160 235.52914969459005
7162 235.52913882652803
7166 235.52912747176052
7172 235.52908786371248
7178 235.52907473565824
7196 235.52906629486174
7197 235.5290036379571
7210 235.52899457398956
7212 235.52898578240183
7214 235.5289651198713
7215 235.52889994348533
7227 235.52889399198307
7229 235.52887644806196
7231 235.52885212939458
7233 235.52883177165916
7234 235.52875037054278
7254 235.5287395530327
7258 235.52873270394642
7260 235.52872201401698
7262 235.5287082731421
7267 235.52851399658584
7288 235.52823508441384
7307 235.52725063288975
7309 235.52709404315664
7311 235.52644634397353
7313 235.52373912133746
7334 235.52312033482522
7372 235.52257141860986
7374 235.52135104154706
7430 235.52096889072104
7453 235.52096725593472
7454 235.51923598579805
7459 235.51911746790586
7472 235.51900900351347
7474 235.51874262732701
7475 235.51739382889068
7478 235.5170203547297
7480 235.5163033372375
7481 235.51397142356493
7486 235.51380152829358
7487 235.5111448146458
7491 235.51056985828993
7493 235.5096533318437
7494 235.5059718920561
7498 235.50548424552068
7499 235.50093769655666
7503 235.50039977898038
7504 235.49481771933978
7507 235.49480256766898
7508 235.48787310406175
7511 235.4875643377651
7517 235.48723050491333
7519 235.4853185616883
7520 235.47751540580316
7543 235.47664698562542
7550 235.47448606084345
7574 235.47412819498214
7595 235.46853574974784
7616 235.4622916108283
7695 235.4477184907267
7697 235.44475614826234
7737 235.4426522158775
7879 235.44262095427933
7883 235.44258232489688
7885 235.4424494590502
7889 235.44227619788336
7891 235.44213834415552
7899 235.44205101357852
7910 235.441987914048
7912 235.441907599904
7914 235.44183027419928
7955 235.44181999613437
7956 235.44168948317278
7962 235.4416491804696
7963 235.44148541839354
7981 235.44144936536873
7987 235.44143044508573
7989 235.4413885628682
7993 235.4413811170673
7995 235.44135054186953
7997 235.44134719299308
7999 235.44131450915637
8000 235.44119097327035
