110 -1825.632466537569
116 -1986.9600208519382
172 -2034.544780200655
175 -2066.906282833699
184 -2096.741346743998
196 -2106.5872415534195
212 -2193.0090379349763
363 -2222.81285349371
371 -2243.482041651535
386 -2386.568688483558
418 -2388.305413608009
442 -2394.907733315604
494 -2432.0089222822185
500 -2452.2125178468914
509 -2476.979172076416
553 -2555.2182710760558
606 -2560.85121127183
620 -2564.1881800198776
631 -2564.3656347379656
659 -2565.3253786160008
661 -2565.473821914547
663 -2569.301925785121
718 -2569.5285227042095
727 -2569.944510019178
751 -2570.610945608173
756 -2570.732193319713
789 -2570.846716559071
808 -2571.833754060513
879 -2571.900917727075
883 -2572.078268673729
894 -2572.148452345143
899 -2572.268549510891
907 -2572.321783215679
924 -2572.369946441383
943 -2572.5811307093018
968 -2572.5886788712137
972 -2572.645117084943
974 -2572.6696234722613
978 -2572.7035056709797
987 -2572.7295246301755
991 -2572.7599092347637
996 -2572.7624952961205
998 -2572.770121929273
1002 -2572.7803898665074
1004 -2572.7851586395755
1009 -2572.7913633832804
1011 -2572.797691159495
1043 -2572.7994598256546
1048 -2572.805737118675
1051 -2572.80636916814
1060 -2572.8087409074783
1062 -2572.810269036206
1089 -2572.811553242855
1096 -2572.812572725701
1098 -2572.8128782095355
1101 -2572.8135974596908
1105 -2572.815530262687
1110 -2572.8158134851583
1111 -2572.815917597638
1117 -2572.816288118219
1118 -2572.8183355989186
1129 -2572.820771580312
1135 -2572.821892668934
1161 -2572.829055165981
1167 -2572.833549383218
1192 -2572.841990441396
1219 -2572.87772429691
1240 -2572.8900907153948
1281 -2572.8937692325762
1283 -2572.894327103335
1345 -2572.894351305844
1349 -2572.8943688978243
1352 -2572.894372423367
1354 -2572.8943736261344
1356 -2572.8943831292327
1360 -2572.8943851201357
1362 -2572.8943887048576
1364 -2572.8943937460967
1366 -2572.8944243355186
1380 -2572.894427808799
1406 -2572.8944297094795
1408 -2572.894432261574
1410 -2572.89443295896
1413 -2572.89443691232
1416 -2572.8944381115975
1424 -2572.8944538553906
1453 -2572.8944739155595
1463 -2572.8944805739548
1476 -2572.8944876215255
1481 -2572.8944924702937
1484 -2572.894495317694
1488 -2572.894507529828
1500 -2572.8945090845045
1503 -2572.894510720491
1508 -2572.894513002535
1515 -2572.894513536443
1517 -2572.8945140301153
1520 -2572.8945158581337
1530 -2572.8945174898085
1534 -2572.894517932482
1564 -2572.8945198340534
1586 -2572.8945273669724
1594 -2572.8945275302412
1597 -2572.8945285899745
1609 -2572.8945294124387
1613 -2572.894530345732
1616 -2572.894531270009
1617 -2572.894531504792
1621 -2572.8945318438195
1628 -2572.894535354493
1630 -2572.8945375566923
1632 -2572.8945375951853
1701 -2572.894538204009
1703 -2572.8945382058355
1705 -2572.8945382158563
1797 -2572.894538215971
1799 -2572.894538217105
1823 -2572.894538221798
1833 -2572.8945382228576
1836 -2572.8945382240368
1839 -2572.8945382253455
1874 -2572.8945382258717
1876 -2572.8945382259953
1878 -2572.8945382260817
1880 -2572.89453822657
1912 -2572.894538226585
1916 -2572.894538226783
1920 -2572.894538226967
1922 -2572.894538227074
1929 -2572.8945382271204
1935 -2572.894538227165
1936 -2572.8945382272445
1981 -2572.894538227305
1989 -2572.894538227335
2014 -2572.894538227405
2021 -2572.8945382276197
2061 -2572.894538227647
2118 -2572.894538227661
2121 -2572.8945382277675
2157 -2572.8945382277716
2195 -2572.894538227774
2197 -2572.8945382277743
2217 -2572.894538227775
2332 -2572.8945382277752
