50 2836.8381194311173
57 2821.588177596041
67 2711.9927075192277
68 2666.0801064279403
75 2011.5859086460875
77 1780.751273832708
81 1698.8979043055183
141 1696.027892672534
180 1693.9947870490164
246 1691.7710210181572
287 1689.5897816322
370 1688.892155103291
466 1688.8717531254963
551 1688.8375582183573
609 1688.830990252218
655 1688.8134382416854
696 1688.80873856886
701 1688.8048266092896
704 1688.795647952349
709 1688.7945046509772
779 1688.7917185947867
888 1688.787281327551
971 1688.7851418938817
1010 1688.7839734221166
1028 1688.7836269487607
1033 1688.783619142093
1054 1688.7831416131235
1106 1688.7824403592094
1111 1688.7780666865428
1132 1688.776826657188
1315 1688.7763566559877
1316 1688.7754295112582
1466 1688.7754280171978
1480 1688.7754238289792
1481 1688.7754139099795
1482 1688.7754079638773
1484 1688.775357906341
1490 1688.7751336621313
1492 1688.774868459601
1553 1688.774468328449
1620 1688.774239820877
1723 1688.7739052346074
1788 1688.7738207189245
1872 1688.773680239944
1874 1688.7735761229815
2020 1688.7735450666707
2021 1688.7734866444248
2023 1688.7734144470624
2049 1688.773357104834
2051 1688.7732679303454
2072 1688.773222322203
2259 1688.7730744260257
2460 1688.773073490671
2461 1688.773070709321
2462 1688.7730625876975
2463 1688.7730402246684
2464 1688.7729911521499
2497 1688.7729376394998
2503 1688.7729340196572
2512 1688.7729135246843
2522 1688.7729066721563
2697 1688.772906279254
2742 1688.7729062372603
2879 1688.7729062317408
2914 1688.7729062296053
2915 1688.7729062231988
2916 1688.7729062039955
2917 1688.7729061465282
2918 1688.772905975396
2919 1688.7729054734336
2920 1688.7729040704562
2921 1688.772900787718
2922 1688.772899275245
2976 1688.7728975883817
3012 1688.772897533189
3020 1688.7728973685887
3110 1688.772897137922
3144 1688.7728968334332
3204 1688.7728967664805
3272 1688.772896686593
3394 1688.7728966773009
3398 1688.7728966494296
3399 1688.7728965658648
3605 1688.772896563321
3607 1688.7728965618032
3721 1688.7728965611743
3733 1688.7728965609679
3764 1688.772896560963
3765 1688.7728965609476
3766 1688.7728965609017
3767 1688.772896560763
3768 1688.7728965603474
3769 1688.7728965591
3770 1688.7728965553601
3771 1688.7728965441488
3772 1688.7728965105957
3773 1688.7728964106618
3774 1688.7728961173834
3775 1688.7728952962693
3776 1688.772893361412
3777 1688.7728923132017
3783 1688.7728637993052
3846 1688.7728598763802
3934 1688.7728573239378
3944 1688.772851960418
3954 1688.772850761134
3964 1688.7728500250823
3969 1688.7728494383355
3970 1688.7728476859916
3971 1688.7728425000262
3972 1688.7728275817335
3973 1688.7727885832846
3974 1688.7727233957917
4112 1688.7727003224243
4140 1688.7726880295643
4159 1688.7726799010852
4185 1688.7726767992228
4186 1688.7726693751745
4187 1688.7726640368728
4190 1688.7726140194445
4232 1688.772605554625
4409 1688.7726014169427
4411 1688.7725909115056
4412 1688.7725629315896
4413 1688.772510819394
4574 1688.7725103550645
4575 1688.7725096689894
4579 1688.7724407381488
4768 1688.7724406987563
4778 1688.7724403174388
4814 1688.7724400986822
4836 1688.7724399052343
4838 1688.7724380434418
4839 1688.772433233598
4840 1688.77241915096
4841 1688.7723800251072
4842 1688.7722907460757
4843 1688.7722757957306
4849 1688.772032775014
4852 1688.7719420911212
5003 1688.771930609419
5004 1688.7719018760356
5005 1688.7718670813897
5014 1688.7718143045083
5074 1688.7717325157491
5239 1688.7717317437732
5240 1688.7717296202864
5241 1688.7717249817763
5243 1688.7717183838652
5294 1688.7717060942641
5295 1688.7716641768632
5296 1688.7716423452293
5315 1688.771638708536
5485 1688.7716353453425
5505 1688.771632095544
5524 1688.7716290911283
5525 1688.7716203845944
5526 1688.7715970254085
5527 1688.7715517915956
5659 1688.7715512904572
5699 1688.7715498611296
5700 1688.7715456655105
5701 1688.7715339099277
5702 1688.7715061246538
5703 1688.771490102105
5889 1688.7714886597992
5907 1688.7714843690196
5908 1688.7714718219213
5909 1688.7714371077902
5910 1688.7713593098827
5916 1688.771349701431
5940 1688.7711516754803
6033 1688.7711369550723
6060 1688.7711192014046
6105 1688.771115043392
6108 1688.7710302964956
6111 1688.7710231884748
6118 1688.7710162028563
6180 1688.7709938250214
6313 1688.770986352783
6452 1688.7709861334426
6474 1688.7709854761652
6476 1688.7709843183534
6510 1688.7709814029135
6512 1688.7709740827527
6513 1688.7709649577005
6654 1688.7709635761448
6739 1688.7709619377706
6870 1688.7709615974727
6872 1688.7709614634443
7087 1688.7709611481546
7197 1688.7709611376308
7357 1688.7709611371697
7395 1688.7709611328319
7556 1688.7709611328225
7557 1688.7709611327955
7558 1688.770961132714
7559 1688.77096113247
7560 1688.7709611317373
7561 1688.77096112954
7562 1688.770961122948
7563 1688.770961103175
7564 1688.7709610438776
7565 1688.770960866189
7566 1688.7709603349515
7567 1688.7709587576915
7568 1688.7709541739882
7569 1688.770941755561
7570 1688.7709164944267
7685 1688.7709156028445
7920 1688.7709156022822
7925 1688.7709156005963
7926 1688.770915595539
7927 1688.7709155803673
7928 1688.7709155348666
7929 1688.7709153984842
7930 1688.770914990423
7931 1688.7709137760103
7932 1688.770910220701
7933 1688.7709003461384
7934 1688.7708778447463
7935 1688.7708744412237
7943 1688.770835989691
7995 1688.7708348165938
