344 3315.504479577853
435 3315.3171851967636
457 3313.190901234774
459 3311.878570919279
501 3311.0544635377505
510 3310.6651260395097
550 3305.5516817038733
606 3304.970398617944
607 3301.950689995666
641 3301.8361131458914
647 3301.7479852114298
649 3301.6413575138154
651 3301.2329032551534
662 3301.0660038373385
664 3300.6902360699414
671 3300.5172315247446
673 3300.242651637061
687 3300.210655372467
691 3300.0297866498454
693 3299.9440095036935
697 3299.8264860590075
701 3299.8140376811452
702 3299.3491868960464
713 3299.3099949522752
715 3299.1637586676334
717 3299.0981828654967
718 3298.5943523355936
729 3298.5146039181245
731 3298.4224740331933
732 3297.9473619970267
751 3297.944609577893
753 3297.9049447957186
758 3296.626126279265
820 3296.511809964568
994 3296.485472515087
996 3296.4828453546875
998 3296.226863049992
1146 3296.224350892519
1168 3296.2193797590626
1234 3296.219347005932
1256 3296.2103053872806
1357 3296.208774476223
1407 3296.203925296394
1409 3296.196994220928
1455 3296.1946541092493
1500 3296.1897733084706
1608 3296.189529583404
1614 3296.1894959917163
1623 3296.1894230966427
1657 3296.189417393224
1659 3296.189272052042
1673 3296.188343548014
1675 3296.188102185064
1676 3296.187378096216
1677 3296.185205829671
1756 3296.182441243209
1960 3296.182420685169
1993 3296.1823757439142
2014 3296.182375486328
2016 3296.1821507437926
2018 3296.1819955924284
2038 3296.1816255202384
2061 3296.181460939866
2105 3296.1813796083234
2134 3296.1808933087764
2290 3296.180885629159
2292 3296.180872138266
2302 3296.1807489929615
2304 3296.180677662933
2306 3296.180584024256
2335 3296.180317670844
2413 3296.1801776414472
2560 3296.180147437598
2586 3296.1799866556476
2611 3296.1799204712815
2617 3296.1798321684855
2619 3296.179704950956
2621 3296.179290993895
2665 3296.1789882678468
2667 3296.1786969277887
2692 3296.1772896559683
2731 3296.1771497479094
2733 3296.176469763957
2780 3296.1754540803076
2965 3296.1752615994897
3128 3296.1752279522725
3134 3296.17522059135
3239 3296.175211772463
3241 3296.1752070425155
3317 3296.1752023064455
3319 3296.1751971855674
3382 3296.175191961561
3542 3296.175190565178
3606 3296.1751886545326
3612 3296.175186876576
3614 3296.1751865010547
3615 3296.17518537449
3616 3296.175181994797
3617 3296.17517185572
3618 3296.1751414384867
3619 3296.175050186788
3620 3296.174776431694
3621 3296.1739551664086
3622 3296.171491370552
3623 3296.164099982984
3624 3296.1419258202786
3630 3296.1415344297675
3654 3296.140499004342
3662 3296.137532506813
3716 3296.135748219965
3758 3296.135130235726
3762 3296.1346929277206
3763 3296.132465436274
3772 3296.132458466418
3776 3296.1320881758684
3778 3296.1314256773835
3780 3296.130707611145
3782 3296.1303070412146
3784 3296.1293523973313
3788 3296.1289352398726
3790 3296.128848415717
3794 3296.1280368115695
3796 3296.1275968292593
3798 3296.1274935581187
3800 3296.126727134606
3802 3296.126632438585
3833 3296.126522429139
3841 3296.1261738535745
3867 3296.126163062867
3894 3296.124721855873
3896 3296.1242803200025
3965 3296.124047009905
3967 3296.1237542478193
3969 3296.123675394282
3975 3296.121849470541
3976 3296.116371699314
4002 3296.1060907898286
4049 3296.105655657068
4070 3296.105326670753
4091 3296.1044266401655
4150 3296.1043890796973
4287 3296.1043573093298
4289 3296.1043553978643
4294 3296.1042831508894
4296 3296.103668756574
4586 3296.103665172708
4596 3296.1036649222797
4607 3296.1036618097423
4637 3296.103658547522
4679 3296.1036521353217
4777 3296.1036489845847
4918 3296.103648892218
4924 3296.103648872294
4928 3296.1036488402647
4932 3296.103648686727
4936 3296.103648666107
4955 3296.1036486191406
4959 3296.103648559142
4961 3296.103648548875
4962 3296.103648377206
4980 3296.103647743878
4986 3296.1036476496497
4987 3296.1036472444152
4988 3296.103646028714
4990 3296.1036448302602
4992 3296.10364470292
4993 3296.1036443209005
4994 3296.1036431748403
4995 3296.1036397366606
4996 3296.103629422121
4997 3296.103598478502
4998 3296.103505647643
4999 3296.10322715507
5000 3296.10239167735
5001 3296.09988524419
5002 3296.092355458161
5003 3296.069770803907
5004 3296.003894186024
5114 3295.995798695494
5118 3295.976486851855
5131 3295.9705449985404
5136 3295.8960341618013
5138 3295.8634104333737
5163 3295.8585680997394
5243 3295.8081220045415
5373 3295.793867207492
5465 3295.7937931131446
5477 3295.7937928548663
5481 3295.7937284756213
5487 3295.793684896587
5493 3295.7936437552166
5529 3295.793293868992
5531 3295.7931265892694
5552 3295.7930544440705
5553 3295.792838008474
5554 3295.7921887016846
5555 3295.790240781317
5556 3295.7843970202166
5557 3295.766895836232
5558 3295.7143292694273
5559 3295.5566590715466
5581 3295.083677231879
5792 3295.0829335853086
5801 3295.0826006340185
5805 3295.081991204819
5820 3295.0662395833547
5822 3295.038558050958
5845 3295.0263032866587
5867 3295.0100314102256
5868 3294.961194330357
5869 3294.8147394245907
5870 3294.375365264841
5966 3294.353418368562
5986 3294.3465920941426
5995 3294.305090698632
6018 3294.2416442319163
6019 3294.050328378537
6042 3293.9776435856456
6064 3293.813021719933
6123 3293.627209681856
6217 3293.605934580878
6220 3293.579252666249
6362 3293.5787240351838
6364 3293.5772084255996
6388 3293.5770736405757
6390 3293.576857943477
6394 3293.576397122165
6398 3293.5757571687154
6399 3293.573672443732
6414 3293.573042506081
6415 3293.5710269388337
6417 3293.561485781169
6419 3293.5577209453095
6525 3293.5562379281578
6582 3293.552096381167
6601 3293.5511434547025
6694 3293.551126051101
6696 3293.5511132510337
6706 3293.551105681623
6708 3293.5510764584114
6712 3293.551046425448
6716 3293.551045993623
6730 3293.551037060516
6732 3293.5510278186584
6734 3293.551011162699
6735 3293.550953362492
6738 3293.550941978184
6741 3293.55093722982
6745 3293.550922983129
6749 3293.550902173546
6751 3293.550886286381
6755 3293.550872801984
6763 3293.5508699142965
6778 3293.5508691405985
6781 3293.550628860953
6783 3293.5505873894613
6785 3293.5505837949213
6787 3293.550516680434
6789 3293.550373726773
6791 3293.550202392622
6796 3293.5490038444823
6836 3293.545722886178
7037 3293.545170997596
7039 3293.544814790085
7041 3293.5442299503575
7062 3293.5441706418524
7064 3293.5440657060835
7066 3293.54373232553
7150 3293.5433395194095
7157 3293.543305515311
7159 3293.543256302428
7161 3293.5425808884816
7187 3293.5424329378966
7208 3293.5423414414654
7229 3293.5393505974425
7234 3293.5379621270204
7373 3293.53438510473
7375 3293.528071318781
7566 3293.527312774156
7572 3293.5271676593457
7574 3293.5267292879316
7575 3293.5254141736878
7576 3293.521468830958
7577 3293.5096770766986
7578 3293.4742862815883
7579 3293.3681438526073
7629 3293.3648720817337
7728 3293.363821641558
7739 3293.3619141992895
7741 3293.359715941235
7745 3293.356392900864
7791 3293.3559546222878
7795 3293.3554853051137
7801 3293.3548097265666
7827 3293.3511281993615
7829 3293.3492117063824
7861 3293.347527065599
7884 3293.338302671408
7885 3293.3046660393447
