160 -3798.604629133902
208 -3833.1106295698055
210 -4007.8591853037756
217 -4078.0550147352033
275 -4084.521343916228
280 -4099.675653059103
320 -4113.335459537865
342 -4168.5311696799745
450 -4185.902866085185
531 -4191.4431817806035
552 -4194.335161590996
638 -4196.944584161573
719 -4197.7500955097685
801 -4197.802259706266
814 -4197.960245312804
815 -4198.423093364216
856 -4199.4428234169045
878 -4199.6843875547365
902 -4200.087078989367
942 -4200.823702120801
1073 -4201.117351157053
1119 -4201.18982621889
1160 -4201.266673819608
1237 -4201.2697968388975
1248 -4201.282237190199
1251 -4201.28495360923
1255 -4201.29138913616
1257 -4201.294907432649
1259 -4201.297911506134
1260 -4201.319432858743
1277 -4201.359156652017
1279 -4201.382743235473
1281 -4201.429480968724
1324 -4201.432712736473
1326 -4201.4427171172165
1328 -4201.455534946446
1351 -4201.505608133375
1353 -4201.576501870782
1376 -4201.664757608104
1398 -4201.671419749817
1438 -4201.8530222890795
1558 -4201.853635125788
1560 -4201.8586844412785
1569 -4201.85984115409
1573 -4201.863338160736
1648 -4201.885563086088
1650 -4201.887902211038
1651 -4201.894915873452
1653 -4201.914071078179
1675 -4201.962866521804
1697 -4201.990458638683
1738 -4201.999313496268
1739 -4202.024507764703
1740 -4202.087865559066
1741 -4202.167817413133
1767 -4202.185842014624
1847 -4202.234230473033
1867 -4202.653806887121
2043 -4202.680831305389
2045 -4202.704673464175
2118 -4202.750478487474
2119 -4202.884321609461
2201 -4202.8857331957415
2203 -4202.88886921141
2207 -4202.889595040984
2211 -4202.8911173240695
2217 -4202.891887176128
2219 -4202.892935059963
2221 -4202.8943103969805
2228 -4202.895573065332
2230 -4202.897202151059
2232 -4202.898602861743
2234 -4202.9004164363505
2240 -4202.90125812783
2246 -4202.9016475891995
2248 -4202.902628686984
2250 -4202.903880343698
2251 -4202.908493214922
2272 -4202.90855795768
2274 -4202.909651274624
2279 -4202.9181953875905
2301 -4202.918648961596
2302 -4202.919843754053
2303 -4202.922230929746
2305 -4203.003606060503
2327 -4203.162969428513
2349 -4203.2598762561565
2351 -4203.279479357285
2391 -4203.461376589947
2494 -4203.467284939265
2496 -4203.523893779142
2498 -4203.558796929765
2596 -4203.567203627675
2816 -4203.567549095884
2818 -4203.56809316168
2820 -4203.5772910228625
2822 -4203.5775741303805
2869 -4203.578978246996
2887 -4203.579143377673
2945 -4203.57958704849
2947 -4203.584568763107
2971 -4203.586194086251
3017 -4203.588250187931
3101 -4203.588260790646
3109 -4203.588308582176
3130 -4203.589142675638
3132 -4203.589242054055
3133 -4203.589538694038
3134 -4203.590415156585
3210 -4203.591799449836
3226 -4203.591959603545
3236 -4203.592115576812
3251 -4203.5922208497
3256 -4203.592356604336
3257 -4203.5927767801695
3319 -4203.592822627063
3323 -4203.592878289098
3332 -4203.592904058893
3354 -4203.593544415538
3356 -4203.594101047104
3357 -4203.595770689175
3378 -4203.596293801773
3380 -4203.601838845197
3438 -4203.602466780134
3585 -4203.602473703258
3586 -4203.6025501115755
3589 -4203.6025643659705
3597 -4203.602580534643
3599 -4203.602607925903
3603 -4203.602624151958
3604 -4203.602709285323
3618 -4203.603094948252
3620 -4203.603891518952
3705 -4203.604169466162
3729 -4203.604368747541
3730 -4203.606370881972
3731 -4203.612372747314
3850 -4203.613873638293
3852 -4203.614275586708
3854 -4203.614781011534
3860 -4203.616357328968
3867 -4203.619083410236
3909 -4203.619577658338
3967 -4203.622292600676
3988 -4203.628126349184
4007 -4203.630913476105
4129 -4203.630925128624
4194 -4203.6309635557445
4199 -4203.631220025035
4224 -4203.631383026149
4341 -4203.631481316479
4456 -4203.631519334683
4477 -4203.631520049728
4483 -4203.6315408343535
4489 -4203.6315446346625
4490 -4203.631589538039
4491 -4203.631724247215
4498 -4203.631725463314
4518 -4203.631775481846
4520 -4203.63193789658
4659 -4203.632004307867
4717 -4203.632006150528
4735 -4203.63200687316
4761 -4203.632009344798
4763 -4203.632024995221
4810 -4203.632069681211
4852 -4203.6320746709525
4983 -4203.632075146602
4984 -4203.632079729683
5001 -4203.632083660789
5027 -4203.632084135923
5053 -4203.632084954277
5059 -4203.632085222407
5135 -4203.632085356752
5137 -4203.632091666571
5139 -4203.632094715882
5166 -4203.632100597961
5215 -4203.63210561848
5236 -4203.632107849055
5303 -4203.632107892116
5316 -4203.632112475972
5317 -4203.632122711478
5357 -4203.632142898854
5376 -4203.632148026899
5472 -4203.632152827505
5478 -4203.632158583483
5522 -4203.632161353451
5524 -4203.632161795871
5549 -4203.632163414146
5574 -4203.632169611793
5638 -4203.632190300279
5796 -4203.632191934131
5798 -4203.632200059348
5828 -4203.632220020828
5919 -4203.632220275746
5940 -4203.632220450205
5951 -4203.632220690356
5953 -4203.632221258747
6011 -4203.632221289024
6012 -4203.632221923121
6028 -4203.632222014428
6030 -4203.632222112363
6031 -4203.632222679942
6072 -4203.632222919534
6099 -4203.632222921765
6101 -4203.632223282242
6103 -4203.632223458099
6147 -4203.63222403203
6153 -4203.632225716641
6155 -4203.6322262981175
6157 -4203.632229768471
6159 -4203.632231423093
6203 -4203.6322331528445
6224 -4203.6322348199865
6226 -4203.632240913414
6227 -4203.632259193001
6228 -4203.632314025523
6229 -4203.632478466908
6230 -4203.632971285446
6231 -4203.634445190524
6232 -4203.638825950931
6233 -4203.651599638679
6234 -4203.686603360673
6236 -4203.761765870621
6249 -4203.848281811483
6276 -4203.849745705055
6301 -4204.278559375469
6323 -4204.503866895755
6328 -4204.590366610366
6388 -4204.604849378665
6433 -4204.706703476888
6504 -4204.713243626857
6506 -4204.74566702314
6629 -4204.748732473965
6658 -4204.754533944528
6699 -4204.761498912278
6701 -4204.769938701506
6888 -4204.771482406556
6890 -4204.772290213833
6892 -4204.774752912383
6941 -4204.775300790752
6943 -4204.7762250284495
7107 -4204.7765083745235
7109 -4204.7765521045485
7215 -4204.776717011141
7234 -4204.776774113541
7235 -4204.776945060976
7236 -4204.777454665384
7237 -4204.778954337542
7238 -4204.783191084442
7239 -4204.793540898946
7240 -4204.803346506719
7246 -4204.80597864015
7252 -4204.811235182209
7255 -4204.958344114535
7258 -4204.973046617725
7308 -4204.996914220329
7436 -4204.997689120483
7438 -4204.999799338397
7440 -4205.0015409428415
7466 -4205.012422732633
7468 -4205.023255662624
7469 -4205.055748337127
7514 -4205.057862525128
7536 -4205.097829856275
7692 -4205.097852569008
7698 -4205.0979542710875
7701 -4205.102419074454
7703 -4205.105203965596
7705 -4205.1085474561305
7707 -4205.112648301797
7771 -4205.123230017931
7792 -4205.1268948270645
7923 -4205.127799744004
7925 -4205.134297206713
7926 -4205.153781850574
7927 -4205.212166083746
