513 -3885.255912760508
536 -3888.479386407528
652 -3890.1676104441917
654 -3890.8786277031772
790 -3894.0198656803877
842 -3894.23146016032
913 -3894.4323297852675
917 -3894.9437433125076
1043 -3895.026935260902
1076 -3895.034509595872
1078 -3895.18226226785
1119 -3895.2928110741723
1264 -3895.295587023721
1273 -3895.2973043659567
1297 -3895.297917312283
1299 -3895.2983036115247
1303 -3895.2988848434316
1311 -3895.299153757327
1313 -3895.2996151037296
1315 -3895.3000673801575
1316 -3895.3019082824576
1320 -3895.3019309665206
1322 -3895.3022702321687
1323 -3895.3042534412643
1326 -3895.304643098835
1328 -3895.305471833248
1334 -3895.3061411023646
1336 -3895.306498877335
1338 -3895.3072814931397
1348 -3895.307633628723
1349 -3895.309323557938
1355 -3895.309609978394
1356 -3895.3116787009026
1360 -3895.31181932029
1361 -3895.314254068014
1364 -3895.314270692172
1366 -3895.314782275193
1368 -3895.315785331845
1370 -3895.316689476929
1372 -3895.31717019705
1374 -3895.317713761565
1381 -3895.31792561533
1383 -3895.3186143634275
1389 -3895.319062281758
1390 -3895.3214576949367
1394 -3895.3218878183948
1395 -3895.3249389508683
1407 -3895.325629195926
1408 -3895.3285007769323
1416 -3895.3286246350817
1417 -3895.3317597840037
1423 -3895.3320227919926
1424 -3895.3355669347657
1430 -3895.3365780135573
1432 -3895.3373134776975
1433 -3895.341719631847
1449 -3895.3421576703195
1474 -3895.3843284175437
1476 -3895.410973148615
1497 -3895.4145481638084
1610 -3895.415019900538
1612 -3895.417459642498
1621 -3895.4205617679772
1643 -3895.423310991291
1645 -3895.423667933461
1647 -3895.4298658048338
1649 -3895.4322394401447
1689 -3895.4326776957905
1761 -3895.4329612664055
1762 -3895.4377858568005
1781 -3895.438371955011
1784 -3895.4524708784943
1930 -3895.452584238129
1934 -3895.452701230991
1981 -3895.4549559753627
2002 -3895.4554138790436
2004 -3895.4564021391698
2029 -3895.458445899253
2035 -3895.460705424734
2056 -3895.4660026234315
2096 -3895.4699585847166
2117 -3895.4762932064386
2119 -3895.4817535351367
2237 -3895.482133478431
2239 -3895.4826109977867
2253 -3895.4828990847823
2257 -3895.4830839867623
2273 -3895.4831794962497
2275 -3895.483371937455
2283 -3895.4835009761528
2292 -3895.4835795884774
2295 -3895.4836409120335
2300 -3895.485775729706
2339 -3895.486438779718
2364 -3895.487545561932
2370 -3895.4902635135886
2372 -3895.4950018114423
2374 -3895.5019171556532
2377 -3895.5110572919807
2607 -3895.5111628931986
2609 -3895.5144916768168
2630 -3895.516220169779
2649 -3895.5171733344373
2651 -3895.5179431880924
2671 -3895.5182459531225
2734 -3895.520881391135
2736 -3895.524702193363
2757 -3895.5258351948673
2777 -3895.5273780131993
2783 -3895.5274930263104
2787 -3895.527832470118
2789 -3895.528875989585
2808 -3895.5291359665434
2815 -3895.529393640646
2816 -3895.5312845291883
2866 -3895.537982322187
2872 -3895.557074732543
2873 -3895.6315073322967
2914 -3895.6428807542025
3121 -3895.64995363658
3142 -3895.6525758387834
3178 -3895.653375937502
3180 -3895.6543350431066
3186 -3895.6562629694845
3191 -3895.66708866943
3194 -3895.6673760874087
3348 -3895.6703586599597
3350 -3895.6755108275343
3352 -3895.679643483391
3454 -3895.681900311296
3461 -3895.6844358665535
3604 -3895.6854256887027
3606 -3895.686143984094
3685 -3895.6861773562514
3691 -3895.687062970997
3827 -3895.6870999329803
3841 -3895.687114134071
3849 -3895.6871284289605
3850 -3895.68717131362
3852 -3895.6877225058197
3966 -3895.6877289877957
3996 -3895.687729444744
4011 -3895.6877313282985
4022 -3895.687760688402
4035 -3895.6878078460277
4082 -3895.6878193310126
4084 -3895.6878275094778
4086 -3895.687886552978
4088 -3895.6879116494865
4089 -3895.687986936251
4090 -3895.6882127716945
4128 -3895.6890513054223
4149 -3895.6898915341912
4151 -3895.6904396092223
4212 -3895.6919057091086
4358 -3895.6919217661516
4366 -3895.6919250491146
4387 -3895.691983844929
4389 -3895.6922988624146
4391 -3895.692460820526
4393 -3895.6929680194144
4395 -3895.693305325325
4397 -3895.6934200307574
4417 -3895.6938714135918
4438 -3895.6940722048516
4445 -3895.6943244858353
4451 -3895.6945017368794
4534 -3895.6951871927095
4542 -3895.6952143483936
4547 -3895.696001466292
4567 -3895.696663738452
4657 -3895.6968157468305
4681 -3895.6972723342164
4720 -3895.697527913024
4821 -3895.6977307078287
4823 -3895.6979560278924
4844 -3895.698680912097
4947 -3895.699268976342
4987 -3895.6992846270805
5041 -3895.6993221331686
5043 -3895.6993700598946
5053 -3895.699379988627
5062 -3895.6993922188094
5073 -3895.699400675621
5075 -3895.6994233202186
5081 -3895.6994406852846
5083 -3895.6994414003348
5085 -3895.6994631356392
5090 -3895.6994632603264
5117 -3895.6996612899084
5142 -3895.69967129383
5171 -3895.6997545805198
5192 -3895.699848742807
5316 -3895.6998954500623
5322 -3895.6998997476444
5328 -3895.699904609912
5329 -3895.6999191906743
5350 -3895.699970903929
5393 -3895.7001141552632
5399 -3895.7001391232825
5438 -3895.700146617638
5501 -3895.7003399350947
5595 -3895.700517869637
5604 -3895.700613730429
5643 -3895.700742867608
5664 -3895.700775928963
5757 -3895.7007811895505
5806 -3895.7007832498366
5815 -3895.7008201166627
5891 -3895.7009044413144
5953 -3895.700956406124
5982 -3895.700967720077
6031 -3895.701134190324
6094 -3895.7011712538697
6113 -3895.701441100475
6248 -3895.7014738998314
6273 -3895.701486069836
6300 -3895.7014950477424
6302 -3895.7015047109367
6311 -3895.7016142350717
6363 -3895.701631052142
6441 -3895.7016801763416
6505 -3895.701686563835
6506 -3895.701705726312
6520 -3895.7017293241774
6528 -3895.701729863986
6553 -3895.701744237499
6555 -3895.701821545565
6557 -3895.7018628373385
6563 -3895.7018785223268
6573 -3895.701956762413
6597 -3895.701978265769
6750 -3895.7019858832173
6752 -3895.702030105608
6806 -3895.702072741581
6951 -3895.702099658626
7123 -3895.7021005972038
7136 -3895.7021009423397
7138 -3895.7021017033076
7274 -3895.7021018873643
7280 -3895.702101995355
7282 -3895.7021025647014
7365 -3895.7021027994997
7367 -3895.702103281524
7373 -3895.702103485839
7424 -3895.7021036400756
7425 -3895.7021041027842
7426 -3895.702105490901
7485 -3895.702109116449
7487 -3895.702111063033
7512 -3895.7021189745074
7552 -3895.702120065578
7562 -3895.702120968216
7563 -3895.702129400901
7601 -3895.702144018744
7625 -3895.7021590562636
7735 -3895.702160959975
7750 -3895.7021857300883
7943 -3895.702185840625
7949 -3895.702186670319
7955 -3895.7021869167947
7959 -3895.702186955754
7972 -3895.702187177517
7977 -3895.702192127769
