213 927.7882059641811
222 921.5700873250777
223 914.5703053894442
227 909.8392245416032
228 897.2704570642369
253 886.1329302535293
278 863.59740213551
284 846.9342387913143
310 830.3771908033049
321 807.2941233239011
324 775.4841143476391
380 752.5767659723343
440 750.5437609970253
443 744.3447751925789
450 743.5956198647818
454 741.0188931754907
455 733.6727552743727
462 733.3546569601734
470 718.314050662501
512 715.8037177085727
517 714.544299405435
521 712.151363103576
549 708.0162402564074
573 700.8176761711726
639 700.1636954160691
646 699.8206846770544
650 697.6196809340522
669 697.375131973616
673 696.9488162714517
675 696.6174662061974
677 696.3257966677181
690 696.3240123776683
691 695.0088950537375
694 694.910263234613
696 694.2287509658813
700 694.1741902533948
709 693.9089280085832
711 693.3856707264382
713 693.2836690904511
715 692.9040181463444
755 692.7717952240588
763 692.7579663062186
767 692.5676013449934
769 692.3138821131977
799 692.3029315805821
801 692.1995204228776
809 692.0499572475244
857 691.9979224098325
862 691.9109773949942
874 691.834708824242
876 691.7555176125616
877 691.4963927908511
891 691.4612603869255
892 691.1909220426949
905 691.1823874904136
906 691.0118065491398
909 690.9493720257154
911 690.8605961324135
913 690.7262253675898
914 690.3172925056155
924 690.3159175238503
926 690.2329110827991
962 689.984795307562
989 689.5631053716322
1017 689.3236651582503
1024 689.1945394918619
1032 689.1302892544758
1034 688.9399742561724
1043 688.8427379278457
1046 688.3953499509345
1145 688.3077120728475
1153 688.2661896478868
1173 688.2482216048608
1179 688.2257922845134
1180 688.0639933774123
1188 688.0473164493691
1191 687.9949675162109
1195 687.9719723705969
1197 687.923681339577
1198 687.7350380978529
1212 687.7216862231128
1214 687.6617589597571
1215 687.4822148774123
1224 687.4704477481957
1225 687.3085138290447
1228 687.2449698963025
1229 686.9733279174479
1246 686.9275946944812
1329 686.9187969167235
1330 686.8290585516346
1350 686.8130147362058
1356 686.8015651807227
1358 686.7845913562938
1360 686.7818048144782
1362 686.7573441249324
1377 686.7414748063466
1381 686.7404681890958
1383 686.730273339541
1387 686.7192619684416
1392 686.7099331337606
1395 686.7009741712419
1397 686.6993888285396
1399 686.6883369481235
1400 686.6529247120321
1444 686.6511891264055
1445 686.6250219253343
1452 686.4351267165315
1492 686.1916128390204
1546 686.0851396945396
1634 686.0803999762832
1657 685.9802544898853
1661 685.9109500165094
1664 685.8736622382166
1667 685.8290811091136
1688 685.8020724617824
1694 685.7203604767558
1696 685.6916560114171
1738 685.6914328268468
1739 685.6195292082627
1743 685.6178785728288
1744 685.5159444692747
1795 685.5093671267472
1797 685.4983605006224
1805 685.4798310929109
1809 685.4753897476168
1811 685.4591210754446
1813 685.4444778875153
1814 685.3787626316418
1819 685.3682393739372
1820 685.2963796983265
1826 685.2782183122961
1828 685.2484344756433
1829 685.1469181625425
1839 685.1352384668608
1840 685.04845302567
1845 685.035952551125
1846 684.9259938572318
1850 684.9175046602119
1851 684.7886297993043
1855 684.7654028104798
1856 684.6205617395693
1860 684.6061986973807
1862 684.5623203525872
1864 684.5158764665551
1883 684.2929573435568
1891 683.9283535073457
1898 683.8215002326073
1905 683.5465406580386
1919 683.4772604580804
1928 683.0044044666936
1955 682.9884741119563
1987 682.849344626667
2011 682.7782999384159
2042 682.777590902945
2070 682.7327998798447
2103 682.709632580967
2105 682.6903020847816
2145 682.6807445745924
2147 682.6740770227025
2148 682.6276085229892
2156 682.6230888378583
2160 682.6203185984401
2161 682.5774810922726
2169 682.5706416601973
2171 682.5595268508621
2175 682.5531557181798
2177 682.5443620721944
2179 682.5380888039316
2185 682.5339186214936
2192 682.5295164356227
2199 682.5180851616782
2206 682.5112852132147
2213 682.5073085190043
2220 682.4947750858615
2291 682.4892970499227
2293 682.4847759821766
2295 682.479049202701
2299 682.4707468941692
2307 682.4652832543604
2316 682.4638080459418
2317 682.4497525954883
2320 682.4438262605388
2322 682.4403222194223
2323 682.4182936371892
2344 682.3950758188589
2371 682.3844517167756
2373 682.1473338593112
2503 682.1435582388381
2504 682.1184899984713
2517 682.1172571551457
2521 682.1133394759403
2523 682.1063452702685
2524 682.0831090420169
2571 682.0287889720429
2574 681.9961961412437
2576 681.971630537918
2578 681.9695301972795
2601 681.8846171786887
2765 681.8841821027792
2773 681.8833413894249
2803 681.8824560869169
2811 681.8820857317644
2832 681.8671364718048
2834 681.8561672539194
2862 681.8522440068804
2863 681.8366183376236
2865 681.8362805802345
2866 681.812940669305
2878 681.8115208427736
2879 681.7881290769444
2902 681.7858085136423
2937 681.7845863168181
2940 681.7683265637504
3009 681.7668232764455
3018 681.7648149191879
3020 681.7623118139263
3025 681.7615782241174
3026 681.7547600874103
3054 681.7536564343501
3075 681.7396023081017
3096 681.7333149967446
3098 681.7295234322793
3119 681.7273792939809
3246 681.7271050481679
3254 681.7268133797745
3256 681.7266949088178
3267 681.7266232862689
3289 681.7251717713984
3291 681.7239454868609
3301 681.7221616932461
3304 681.7193209937599
3328 681.7157240309333
3393 681.7147948400888
3494 681.7120535068161
3496 681.7105509870928
3633 681.7096611175533
3640 681.7087163349054
3646 681.7080990681497
3667 681.7057501714088
3762 681.7054670053108
3763 681.7045160282198
3769 681.7040200651072
3771 681.7032174341779
3814 681.7029844017785
3837 681.7028320208823
3843 681.7027070298981
3859 681.7026658863323
3885 681.7025775451539
3893 681.7008529933476
3895 681.699538710212
3919 681.6977547277389
3966 681.697538331346
4006 681.6964768172448
4049 681.6952527391093
4114 681.69452066534
4147 681.694351991964
4149 681.6941691170451
4153 681.6939861324266
4163 681.6939789971449
4165 681.6938205061099
4166 681.6933262975687
4172 681.6932106465954
4174 681.6930978934348
4175 681.692470408552
4187 681.6923378872447
4189 681.6922392060702
4190 681.6916539963427
4193 681.6915102288691
4194 681.690658538868
4201 681.6904843767076
4202 681.6894893706448
4206 681.6893774053995
4207 681.6882158911142
4210 681.6882007703723
4212 681.6877894657332
4213 681.6861801198709
4217 681.6860757294712
4218 681.6842573035702
4221 681.6842362173008
4222 681.68198056717
4225 681.6812680921627
4226 681.6777838741577
4230 681.6774545751605
4231 681.6730637793053
4235 681.6727193290781
4236 681.6674858536127
4240 681.6657209098576
4241 681.6585522522795
4245 681.6572183605033
4246 681.6481310953658
4250 681.6470757858722
4252 681.6438875179763
4254 681.6392254354607
4259 681.6379751955611
4263 681.6355115495635
4265 681.6349779888086
4266 681.6254534284444
4279 681.6250636701675
4283 681.6238935945391
4284 681.6203780409411
4285 681.6098367355513
4322 681.6030938436227
4324 681.5982576924798
4386 681.5943855287504
4422 681.5931583161698
4445 681.5830443380858
4471 681.5798350446753
4473 681.5734035089969
4475 681.572504734357
4551 681.5724628301265
4553 681.5712520005626
4575 681.5706868806673
4615 681.5683993251841
4825 681.568390535528
4827 681.5683465921577
4839 681.5683392655918
4866 681.5677432565165
4868 681.5674373385958
4870 681.5667022339442
4875 681.564507601626
4957 681.5639778310203
4990 681.5639625843813
4992 681.5639229010917
5017 681.5634855035601
5050 681.5630939720662
5052 681.5628350541216
5063 681.5624935491415
5108 681.5616354432691
5132 681.5610411482376
5212 681.5606880049119
5222 681.559829802564
5284 681.5588847370226
5346 681.557982485648
5394 681.5579401372846
5424 681.5578892789715
5432 681.5577928112639
5471 681.5577548971346
5473 681.5560729521525
5498 681.5558171859524
5537 681.5557869447764
5539 681.5557344933443
5544 681.5557127888341
5546 681.5556685034878
5599 681.5556543694303
5601 681.5556296404441
5644 681.5552096216487
5646 681.5550188260532
5648 681.5546658790201
5669 681.554517065627
5671 681.5542976823398
5673 681.5542124473902
5743 681.5537803343158
5778 681.5537558804044
5780 681.5537528941647
5823 681.5530028379978
5887 681.5523518580405
5970 681.552332657556
5979 681.5523250057596
5981 681.5522501054919
5983 681.5521678931148
5997 681.5521571542497
5999 681.5521262476645
6001 681.5520787100725
6003 681.5520543554882
6005 681.55202984369
6006 681.5518688737354
6013 681.5518378528267
6014 681.5516610643825
6020 681.5516183202894
6022 681.5515427078474
6029 681.5515373968055
6031 681.5514712036033
6033 681.5514359869682
6035 681.551379772979
6036 681.55116329149
6078 681.5510479946121
6098 681.5510400311834
6137 681.5509829495497
6139 681.5509754269609
6160 681.5508679372901
6162 681.5505646069744
6261 681.5501457511649
6263 681.5501254836405
6265 681.549887534789
6328 681.5488521052284
6513 681.548658505927
6515 681.54853397016
6540 681.5485147852063
6561 681.5482609598822
6630 681.5482419692581
6645 681.5482388441386
6649 681.5482356915297
6651 681.5481947801004
6657 681.5481838537173
6661 681.5481835289612
6663 681.5481552819919
6665 681.5481347863378
6667 681.5481017462857
6669 681.5480735181567
6677 681.5480615774243
6681 681.5480578182442
6685 681.5480309347239
6687 681.5480279985848
6689 681.5480078029157
6690 681.5479340606133
6704 681.5479219161721
6706 681.5479068699782
6707 681.5478364502644
6710 681.5478216611498
6718 681.5478103014128
6720 681.5477887621514
6721 681.5477124241052
6727 681.5476975024442
6728 681.5476064649272
6734 681.5475895649381
6736 681.5475567753732
6738 681.5475389881135
6752 681.5475338975413
6755 681.5475087048411
6780 681.5474640137604
6782 681.5472263729915
6999 681.5472249075364
7016 681.5472116285343
7041 681.5471495849193
7043 681.5471453019123
7045 681.5470670916013
7089 681.5468218365351
7226 681.546747062306
7231 681.5466802815895
7271 681.5466357434655
7355 681.5466215526782
7381 681.5465810419055
7406 681.5465707810181
7408 681.5465447046377
7452 681.546465577722
7532 681.5464607338636
7534 681.5464458203905
7536 681.5464453128556
7584 681.5464121962086
7624 681.5463942881113
7686 681.5463600324449
7733 681.5461879632462
7835 681.5461878865394
7906 681.5461870623683
7908 681.5461864872692
7909 681.5461835668257
7935 681.5461532721333
7936 681.5460882618429
7960 681.5460620255602
7962 681.5460595515309
7964 681.545997221095
7974 681.5459919026051
7976 681.5459418813347
7977 681.5457918250758
