566 -1807.9604645947084
656 -1807.976854242715
659 -1808.134790699255
714 -1808.4953875525462
859 -1808.5579702289406
860 -1808.677555666
923 -1808.6951032380439
929 -1808.7178815116004
930 -1808.7474284738425
976 -1808.7551597331194
1070 -1808.7600068506977
1092 -1808.99433456103
1242 -1809.0088952932908
1326 -1809.0290395866054
1327 -1809.1000252043366
1328 -1809.264590208761
1329 -1809.3176259542333
1357 -1809.3229368207687
1359 -1809.3747437404704
1381 -1809.4831496105544
1521 -1809.4847401767574
1551 -1809.486161378
1578 -1809.4885468133998
1682 -1809.4925520582105
1687 -1809.4926601326426
1693 -1809.5058677210745
1694 -1809.5172524639906
1745 -1809.6564798674103
1923 -1809.6565255043465
1926 -1809.6572553427623
1948 -1809.6592184525048
1949 -1809.6630695552815
1997 -1809.6663923120514
2273 -1809.6664447551157
2275 -1809.6664730566465
2276 -1809.666557327192
2277 -1809.6668044324
2278 -1809.6674943901692
2279 -1809.6691020427807
2280 -1809.6697650143574
2301 -1809.6797000371403
2458 -1809.6800122094103
2460 -1809.6801365072647
2487 -1809.680850494712
2488 -1809.6829301307976
2510 -1809.6886087009839
2551 -1809.7006013689147
2729 -1809.7006209957399
2948 -1809.7006210024374
2973 -1809.7006211627888
2979 -1809.7006219884856
2980 -1809.7006255966905
2981 -1809.7006363829985
2982 -1809.700668397161
2983 -1809.7007613367944
2984 -1809.701012230007
2985 -1809.701513578459
2987 -1809.701687508583
3010 -1809.7019065418715
3150 -1809.7019837744315
3159 -1809.7021332837903
3160 -1809.7023367361314
3202 -1809.7026032532453
3223 -1809.7027016598747
3409 -1809.7027350248795
3430 -1809.7027457411866
3432 -1809.70275155317
3433 -1809.7027688897606
3434 -1809.7028200053057
3435 -1809.7029653038942
3454 -1809.7033287672402
3455 -1809.7037678923916
3476 -1809.704378777747
3639 -1809.7044107745503
3803 -1809.7044152385024
4008 -1809.7044157646699
4062 -1809.704416724636
4064 -1809.7044185168984
4089 -1809.704418796423
4215 -1809.7044190222528
4238 -1809.7044191898342
4246 -1809.7044193536087
4258 -1809.704419598487
4288 -1809.7044235128214
4415 -1809.704423634428
4418 -1809.7044236658417
4439 -1809.7044238669312
4440 -1809.704424470031
4441 -1809.7044262778095
4442 -1809.7044316874535
4443 -1809.704447793164
4444 -1809.7044950013058
4445 -1809.7046266448208
4446 -1809.7049317471779
4447 -1809.7050386005471
4449 -1809.705991806642
4470 -1809.7072540704348
4674 -1809.7072738660368
4679 -1809.7073320160762
4680 -1809.7075035684811
4681 -1809.7079921462687
4682 -1809.709223164796
4683 -1809.7108037868556
4840 -1809.7108364443955
4842 -1809.710853987285
4848 -1809.7109499282249
4868 -1809.7109584749992
4896 -1809.7110374463034
5002 -1809.7112497402977
5004 -1809.7113043068432
5159 -1809.7113287644916
5161 -1809.7113521767708
5162 -1809.7115268891143
5163 -1809.712008625615
5185 -1809.7130722303348
5277 -1809.713770804324
5283 -1809.7137782585983
5340 -1809.7149354826263
5341 -1809.719492751383
5388 -1809.7194966297436
5389 -1809.7195082648202
5448 -1809.7195860062823
5496 -1809.7195865742474
5497 -1809.719587712219
5503 -1809.719640674085
5505 -1809.7196572158873
5507 -1809.7197169982335
5529 -1809.7198938145561
5531 -1809.7201709753901
5534 -1809.7203550762292
5574 -1809.7215301346798
5575 -1809.7219447033888
5595 -1809.7228719088957
5762 -1809.7228810293723
5763 -1809.7228976707695
5782 -1809.7233193752786
5934 -1809.7235450917342
5935 -1809.7242476176257
5936 -1809.7246042111387
6069 -1809.7246047944259
6090 -1809.7246086487303
6093 -1809.7246104633887
6095 -1809.7246133837598
6097 -1809.724636043874
6123 -1809.7246636738719
6164 -1809.7246951724405
6185 -1809.7247008446366
6186 -1809.724723960054
6188 -1809.724728651132
6189 -1809.724796249226
6212 -1809.7248815994722
6252 -1809.724917081661
6272 -1809.726149508244
6471 -1809.7261923138585
6492 -1809.7263540034355
6537 -1809.726509258016
6538 -1809.7265853796714
6690 -1809.7266620914595
6877 -1809.726662167318
6880 -1809.7266641526196
6881 -1809.7266700428654
6882 -1809.726687122675
6883 -1809.7267330437523
6884 -1809.7268229418173
7014 -1809.726858274581
7016 -1809.726861437705
7042 -1809.72687166849
7063 -1809.7268936422338
7107 -1809.7269318443998
7114 -1809.726960365651
7135 -1809.727041283603
7136 -1809.727242070003
7137 -1809.7274673964453
7338 -1809.7275229467728
7576 -1809.7275237106455
7578 -1809.727526758851
7601 -1809.7275456123145
7603 -1809.7275598570034
7605 -1809.7275915740468
7606 -1809.7276759752638
7607 -1809.727908380469
7627 -1809.7284184100745
7728 -1809.728435700733
7733 -1809.7284429941892
7876 -1809.7284446792562
7877 -1809.7284620264156
7883 -1809.728482313774
7889 -1809.7285218479863
7899 -1809.7285349099247
7900 -1809.7285648289653
7922 -1809.7285711851166
7942 -1809.7291601132017
