355 1955.7464157689487
368 1945.5090811012917
456 1945.4559003698632
476 1945.4084273383262
823 1945.4041167652817
825 1945.3780582578772
858 1945.3764363655434
922 1945.375682733229
924 1945.375644313941
1079 1945.3756205539364
1187 1945.3755907195991
1312 1945.3755894463677
1334 1945.3755886878234
1354 1945.3755868553299
1408 1945.3755867238601
1577 1945.3755865162336
1579 1945.375586411312
1581 1945.3755862962544
1789 1945.3755862029875
1945 1945.3755861925026
2334 1945.3755861752998
2336 1945.3755861744355
2541 1945.375586174381
2549 1945.3755861743493
2553 1945.375586174346
