190 -99560.86628997733
220 -99564.72032203586
247 -99569.35493637917
257 -99573.56604865429
264 -99602.85354726757
267 -99650.46950747551
339 -99663.02813333951
358 -99839.22106243002
379 -99871.72001896177
439 -99896.26477043823
472 -99898.13709875278
474 -99900.46069076475
499 -99905.2136309806
501 -99908.58702808271
538 -99909.03138680561
544 -99910.17674484653
557 -99911.24829869167
564 -99911.54704108472
611 -99912.09489125448
612 -99913.67485010026
637 -99941.86593305512
639 -99954.77468693399
659 -99968.96232878265
759 -99969.05897349438
761 -99984.1081840268
806 -99985.96495883704
827 -99986.84800167303
877 -99992.0935475608
920 -99993.15386304398
964 -99994.98505478729
966 -99995.20857663463
1069 -99995.7692190415
1071 -99996.678109157
1278 -99996.73689821339
1280 -99996.8202936385
1282 -99996.83478070698
1304 -99996.95129665239
1325 -99997.02746459859
1352 -99997.03447687253
1375 -99997.07479157903
1402 -99997.14672829355
1405 -99997.20135524862
1408 -99997.27673496345
1531 -99997.3793230081
1554 -99997.40007253058
1577 -99997.43047763484
1579 -99997.62766788555
1602 -99997.71897803279
1655 -99997.7289469663
1663 -99997.74525038959
1668 -99997.75819304615
1671 -99997.8725608993
1674 -99998.49776974942
1749 -99998.5065366202
1752 -99998.77463099957
1842 -99998.80714103223
1850 -99998.83390685634
1851 -99998.9156417711
1865 -99998.92340493458
1871 -99998.9365789808
1880 -99998.93902856357
1888 -99998.9526974459
1912 -99999.20372928111
1953 -99999.26130197429
1974 -99999.31987624572
1996 -99999.44571485122
2018 -99999.46244530223
2088 -99999.48396449164
2110 -99999.5325283396
2112 -99999.53814306293
2181 -99999.5908646347
2261 -99999.59469206534
2262 -99999.61997680539
2267 -99999.625647042
2268 -99999.66075325011
2275 -99999.66881333901
2321 -99999.67617317154
2330 -99999.67865544281
2336 -99999.68836167139
2337 -99999.71442674632
2381 -99999.72004059576
2403 -99999.7206648094
2444 -99999.76204219794
2560 -99999.76218972327
2566 -99999.76287485
2568 -99999.76355332731
2576 -99999.76384055677
2578 -99999.76448074549
2592 -99999.76470856619
2596 -99999.76484446076
2597 -99999.76599470178
2611 -99999.76624361747
2612 -99999.76726043163
2617 -99999.76738748026
2618 -99999.76872586654
2666 -99999.7713796934
2668 -99999.77168106998
2670 -99999.77369809606
2676 -99999.779516481
2703 -99999.78274453143
2705 -99999.7921078847
2727 -99999.79289258333
2730 -99999.8059309514
2733 -99999.80865810462
2756 -99999.81237437374
2821 -99999.81756003413
2824 -99999.82610596466
2827 -99999.84189015625
2830 -99999.85920411717
3043 -99999.8623268542
3045 -99999.86645665774
3066 -99999.86703712936
3091 -99999.87193275569
3141 -99999.8720080352
3143 -99999.87315830708
3162 -99999.87381418441
3166 -99999.87389854102
3168 -99999.87455188771
3170 -99999.87464448228
3201 -99999.87484989391
3232 -99999.875492282
3234 -99999.87753863368
3259 -99999.88039483303
3382 -99999.88041531944
3384 -99999.88096888467
3405 -99999.88113789946
3407 -99999.8814652322
3445 -99999.88147095524
3447 -99999.88168661014
3509 -99999.8817609169
3511 -99999.88184292405
3512 -99999.88212191977
3528 -99999.8821259087
3533 -99999.882141272
3558 -99999.88248951078
3606 -99999.88286908054
3627 -99999.88324492646
3798 -99999.88325271737
3808 -99999.88329888516
3938 -99999.88330211352
3940 -99999.88330697273
3942 -99999.88331580302
3954 -99999.88331583823
3980 -99999.88336724653
3982 -99999.88341237463
4049 -99999.88341650192
4116 -99999.88345395753
4118 -99999.88347766596
4166 -99999.88349294146
4172 -99999.88350649198
4258 -99999.88352276993
4279 -99999.88353402673
4327 -99999.88355467287
4450 -99999.88355952971
4492 -99999.88356375712
4718 -99999.88356462572
4720 -99999.88356560236
4760 -99999.88356838214
4876 -99999.88356852077
4885 -99999.88356867156
4891 -99999.88356879902
4919 -99999.88356880545
4927 -99999.88356883683
4928 -99999.88356900938
4933 -99999.88356902091
4935 -99999.88356904143
4937 -99999.88356908169
4946 -99999.88356911327
4947 -99999.88356926719
4958 -99999.88356927552
4960 -99999.88356932587
4962 -99999.88356936225
4972 -99999.88356974261
4974 -99999.88357028757
4999 -99999.88357044588
5052 -99999.88357065419
5094 -99999.88357077976
5136 -99999.88357130018
5201 -99999.88357131579
5222 -99999.88357151937
5265 -99999.88357171929
5267 -99999.88357198311
5312 -99999.88357224902
5314 -99999.88357225474
5339 -99999.8835722789
5383 -99999.88357238293
5469 -99999.88357246871
5523 -99999.88357263886
5572 -99999.88357276219
5666 -99999.88357276264
5667 -99999.88357276397
5668 -99999.88357276798
5669 -99999.88357277999
5679 -99999.88357278648
5687 -99999.88357278894
5695 -99999.88357279054
5728 -99999.88357279163
5739 -99999.8835727919
5817 -99999.8835727921
5824 -99999.88357279217
5830 -99999.88357279218
5911 -99999.8835727922
5913 -99999.88357280035
5915 -99999.88357280687
5931 -99999.88357280692
5932 -99999.8835728071
5938 -99999.88357280716
5942 -99999.88357280732
5946 -99999.88357280738
5959 -99999.88357280743
5965 -99999.88357280762
5980 -99999.88357280765
6053 -99999.88357280767
6055 -99999.88357280768
6056 -99999.88357280777
6074 -99999.88357280781
6082 -99999.88357280784
6084 -99999.88357280786
6095 -99999.88357280788
6109 -99999.8835728079
6144 -99999.88357280791
