107 10250.60225068494
135 9490.630857162829
137 8857.471565539041
142 8032.917356058973
189 7934.559211248136
209 6656.33510984306
234 6227.529748631794
235 5923.137957682503
260 5628.7486041076
295 5362.602314016769
299 4761.534457288447
303 4642.845423183514
323 4604.910479092133
349 4225.0698818135215
387 4215.559214539026
436 4142.06033868516
457 3960.8598865304984
478 3873.4589974841933
500 3810.546136052842
597 3786.4626973374793
621 3777.819890257574
633 3774.557826798884
640 3758.624511203111
665 3750.8094366234664
720 3739.877224990342
744 3739.3341951593356
763 3738.773547870241
923 3735.264553680732
925 3733.4457351100014
947 3730.8412738619613
997 3727.9219564949367
1020 3720.619731667074
1092 3720.4665858206945
1100 3718.2246051347092
1101 3715.8839994038262
1113 3715.8446090633133
1116 3715.08899435424
1118 3714.4375393469954
1175 3714.0826198071245
1180 3713.8147434931207
1217 3713.8014188910074
1246 3713.6142227587916
1310 3713.47139394901
1338 3713.371736035233
1347 3713.185318502735
1349 3713.1502980472587
1361 3713.03442211796
1366 3712.9348261849063
1368 3712.8934099098037
1400 3712.8202557124005
1406 3712.8155493388044
1491 3712.649125608597
1596 3712.6465977852413
1598 3712.592729236562
1611 3712.5839217363523
1621 3712.575436687371
1627 3712.5631691577755
1820 3712.5594636865612
1846 3712.544421735947
1868 3712.5169446114446
2078 3712.516241726198
2080 3712.515923240238
2086 3712.5138512306744
2092 3712.513520760027
2094 3712.5078454796844
2276 3712.5077329914848
2278 3712.507435059929
2279 3712.506541394117
2302 3712.506019728149
2328 3712.502543329381
2409 3712.5022107777463
2503 3712.5022095850245
2647 3712.50220441578
2651 3712.502191251412
2653 3712.5021796177134
2691 3712.502175097936
2693 3712.5021568436046
2740 3712.50214160898
2743 3712.5020752565006
2746 3712.5020543468827
2748 3712.5019012559237
2958 3712.5018620361407
3102 3712.5017587371335
3233 3712.501758304031
3267 3712.5017575992592
3269 3712.5017566936554
3276 3712.5017419284954
3278 3712.5017218768257
3318 3712.501679255454
3320 3712.501666306085
3321 3712.5015012133435
3322 3712.50100607845
3323 3712.4995219637135
3324 3712.495081228889
3325 3712.481863505012
3326 3712.4431505539405
3481 3712.442607045874
3508 3712.4406764868077
3515 3712.439772662312
3715 3712.439472720778
3891 3712.439440632793
3893 3712.439090822711
4082 3712.4390813892755
4107 3712.439075846501
4112 3712.439065199236
4114 3712.4390642236494
4115 3712.4390613138917
4116 3712.4390527376436
4117 3712.439028386157
4118 3712.4389677284757
4265 3712.438963729316
4267 3712.4382716420346
4443 3712.4382687126654
4467 3712.4381215063104
4612 3712.438082356107
4613 3712.437837638283
4758 3712.4378370643453
4792 3712.43783593115
4793 3712.4378325304788
4794 3712.43782231871
4795 3712.4377915955
4924 3712.4377879558883
4934 3712.4377566920903
4936 3712.43773338012
4937 3712.4376634487085
4940 3712.43750179977
4980 3712.437276631969
5001 3712.437034250691
5022 3712.4366780783266
5312 3712.436635042929
5313 3712.4364893158863
5314 3712.4360521875255
5315 3712.434741277487
5316 3712.430812828184
5356 3712.4299321523827
5360 3712.421146758546
5361 3712.390835955483
5552 3712.390282899541
5557 3712.389933105484
5558 3712.3888880506465
5559 3712.3857918466065
5560 3712.376854261879
5741 3712.3765614320087
5758 3712.3765399237536
5781 3712.3760073973613
5783 3712.3749947721735
5803 3712.372705298967
5861 3712.37211325696
5870 3712.3713665689434
5893 3712.3711162385525
5895 3712.3677322283597
5897 3712.3566852757453
5898 3712.3242221202545
5899 3712.22691461724
5977 3712.2197639338256
6060 3712.217848554733
6071 3712.2141884941348
6075 3712.211764786149
6079 3712.2113742057177
6126 3712.2104693241727
6138 3712.2102491444575
6144 3712.2098407886606
6146 3712.2090668744117
6148 3712.208686791832
6160 3712.20841176435
6182 3712.2072956507827
6240 3712.20674500068
6361 3712.2066332550094
6363 3712.2063503777968
6436 3712.2058861240994
6485 3712.2057698960484
6619 3712.20576916957
6622 3712.2057220414054
6648 3712.205642450815
6713 3712.205600538598
6714 3712.205473293676
6715 3712.2050783691825
6716 3712.203784024617
6771 3712.2037426671895
6772 3712.2036185949037
6799 3712.20355459504
6808 3712.2035451557495
6865 3712.2034485114623
6930 3712.203429960658
6949 3712.203218551352
7102 3712.2031242642165
7315 3712.203124261762
7362 3712.203124259458
7363 3712.203124252548
7364 3712.2031242318176
7365 3712.2031241696254
7366 3712.2031239830467
7367 3712.2031234232754
7368 3712.203121743651
7369 3712.2031167019904
7370 3712.2031015516222
7389 3712.202977218818
7390 3712.2029621191764
7391 3712.202900655759
7395 3712.202088018696
7396 3712.201183803163
7397 3712.1984771874377
7398 3712.1904116180913
7399 3712.1667034105762
7419 3712.0999752927087
7558 3712.098206115292
7580 3712.0980017190027
7582 3712.0925377551675
7583 3712.075182119682
7721 3712.0749405717816
7733 3712.0749299717377
7735 3712.074541326388
7850 3712.074461558461
7901 3712.0744384834234
7904 3712.0740658976215
7905 3712.073160797279
7906 3712.070490643611
7907 3712.0628865012113
7908 3712.043730734697
7909 3712.019167826847
7915 3712.0104907207847
7942 3712.004571682197
7943 3711.986815000024
7951 3711.983812719398
7959 3711.9736954418595
7967 3711.9723802956373
7975 3711.971996828518
8000 3711.970222644327
