176 1863.1821555286397
182 1863.1814266219342
212 1753.837326758781
247 1753.8319338962026
252 1753.7305324083984
292 1726.7652077606906
314 1699.5186163390429
403 1690.0214913158716
407 1679.994505976924
450 1677.0455703390917
452 1671.5278112972726
456 1668.1137015578734
458 1662.8134007748638
460 1661.6689501989042
471 1656.511313178358
473 1655.6155056210494
520 1655.2746709185822
522 1654.6380744556577
531 1653.9051211648853
537 1653.6069944107576
630 1653.4077017521524
737 1653.3960976072622
738 1653.3708504606982
784 1653.3080982886065
795 1652.913019498122
907 1652.8868301962045
921 1652.808107569775
948 1652.7628865559836
1022 1652.7345806101278
1097 1652.7241326449207
1106 1652.7236400761453
1124 1652.7176245472428
1131 1652.7111194954116
1204 1652.7010357652061
1208 1652.698053105556
1276 1652.6889208823227
1428 1652.6865215437224
1453 1652.6848866356547
1475 1652.6826794028675
1503 1652.6801703919139
1597 1652.674550490703
1681 1652.6744908674234
1685 1652.6744871742678
1692 1652.674477354115
1698 1652.6743823759057
1699 1652.6742553155802
1714 1652.6742293883253
1716 1652.674189629777
1721 1652.6741857236807
1725 1652.6741711250252
1726 1652.6740764529782
1734 1652.674071484272
1736 1652.6740492422543
1738 1652.6740166083837
1742 1652.674008954469
1748 1652.673992445749
1758 1652.6739796993038
1759 1652.6739196044136
1762 1652.6739189083353
1771 1652.673917650563
1773 1652.673903448899
1775 1652.6738828011662
1779 1652.6738705775233
1781 1652.673846533021
1786 1652.6737431406345
1791 1652.6734705890942
1804 1652.6708035902636
1805 1652.6628082333707
1826 1652.658363786675
1845 1652.6466294398087
1846 1652.6116777136458
1949 1652.6116456167404
1957 1652.6116005224999
1982 1652.5930444706942
1994 1652.5928369822645
2106 1652.5925560144817
2110 1652.592335972699
2114 1652.5919100624649
2121 1652.5918090811945
2122 1652.591294838552
2124 1652.5912455454818
2132 1652.5911440752539
2133 1652.590609701611
2140 1652.5905780067533
2141 1652.589912551029
2154 1652.5859301933158
2159 1652.5854302263783
2220 1652.5834217069805
2242 1652.5820227314757
2244 1652.5798852748192
2266 1652.5774575474143
2267 1652.5701874157585
2308 1652.5662379867563
2330 1652.5491661495687
2445 1652.5491609537316
2455 1652.5489516680764
2522 1652.5488437057536
2546 1652.5488100097702
2567 1652.548450855605
2572 1652.5484361696856
2630 1652.5481665825084
2632 1652.5478258511685
2633 1652.5468049915005
2634 1652.5437542922423
2635 1652.5347064034315
2638 1652.5296548646747
2784 1652.5296183778958
2786 1652.5294800251795
2788 1652.529379582679
2794 1652.5293476380841
2796 1652.5292921247196
2797 1652.5289290600065
2825 1652.5288745719197
2827 1652.528846909497
2836 1652.528814657866
2847 1652.5287834256226
2849 1652.5287642444564
2850 1652.5286507944102
2883 1652.5285050255263
2908 1652.5283318999727
2949 1652.5281350856237
2968 1652.5279227225278
2995 1652.527887875234
3019 1652.5278843210688
3020 1652.5275423950236
3021 1652.5265305365235
3192 1652.5264870903272
3196 1652.5264864205972
3198 1652.5264732108608
3208 1652.5264603033315
3253 1652.526218859314
3326 1652.5244321712962
3374 1652.5244303540098
3382 1652.5244090903216
3422 1652.524377821377
3435 1652.5243348941776
3437 1652.524333868303
3440 1652.5241599932763
3441 1652.5241064427084
3590 1652.5240537507254
3616 1652.523924625024
3619 1652.523769286972
3621 1652.5235118131418
3633 1652.5233367909184
3712 1652.5231278155545
3715 1652.5229533747945
3777 1652.5227801513518
3977 1652.5227765897462
3979 1652.522445864523
3982 1652.521900799843
3984 1652.5214376434963
3985 1652.5200695411804
4086 1652.5199604596276
4093 1652.5196343969696
4094 1652.518666631696
4220 1652.5183039611188
4222 1652.5170690273656
4247 1652.516646999945
4290 1652.514273326332
4418 1652.5140140444414
4420 1652.5139862560825
4448 1652.5135321583036
4471 1652.5130728989018
4475 1652.5130455889284
4477 1652.512654889036
4478 1652.5114874783058
4501 1652.5106797931608
4523 1652.5104462786971
4524 1652.5032826558174
4615 1652.4983119383303
4617 1652.492401830667
4662 1652.4893397266026
4738 1652.4786484303572
4740 1652.4783420007782
4892 1652.4783361285565
4894 1652.4782834157124
4896 1652.4782563678968
4900 1652.478175224529
4942 1652.477181999739
5054 1652.4771777161616
5065 1652.4771754625542
5067 1652.4771741913246
5069 1652.4771584639907
5071 1652.4771399739873
5084 1652.4771339829995
5096 1652.4771287937108
5100 1652.4771241114836
5104 1652.4771229538387
5108 1652.4771181673002
5109 1652.4770988105947
5114 1652.4770929394092
5118 1652.477088391317
5123 1652.477082233655
5124 1652.477061424571
5133 1652.4769280071066
5204 1652.4768413942027
5205 1652.4765821638482
5246 1652.4761651395206
5248 1652.4758927394707
5276 1652.4749760161342
5319 1652.473757946381
5341 1652.4735358384266
5679 1652.4735339311278
5744 1652.4735246603354
5746 1652.473518818714
5748 1652.4735165908119
5750 1652.4735118498033
5771 1652.47351104542
5772 1652.4735086322955
5773 1652.473501393137
5774 1652.4734796776377
5775 1652.4734145493937
5794 1652.472511385243
5925 1652.472478327706
5949 1652.4724233003615
5952 1652.4722866842453
6140 1652.4722831226193
6141 1652.4722724381274
6142 1652.4722403881203
6143 1652.472144268717
6144 1652.4718561705204
6145 1652.4709937949892
6146 1652.4684125072336
6147 1652.4604075330876
6156 1652.4601720126243
6164 1652.4592300157321
6206 1652.4591914001376
6230 1652.4586682953468
6237 1652.4580407896178
6243 1652.4558290699567
6287 1652.4518666514448
6465 1652.4518189813766
6467 1652.451590005313
6491 1652.451509972177
6493 1652.4508037486046
6495 1652.450731947535
6543 1652.450421938006
6564 1652.449393259776
6621 1652.448471880751
6639 1652.447817910622
6643 1652.4465501780169
6814 1652.4465431943793
6815 1652.4465222275746
6817 1652.445946424986
6838 1652.4447700852245
6839 1652.441240363922
6897 1652.4403371083654
6918 1652.4389943685137
6967 1652.4380106784845
7112 1652.4379283640744
7113 1652.4376814052598
7114 1652.436940387869
7115 1652.4347160486986
7174 1652.4338107071153
7197 1652.433237442727
7221 1652.4322273379505
7300 1652.4321700385465
7301 1652.431955886704
7326 1652.42809454957
7494 1652.4280300836404
7500 1652.426973776421
7563 1652.4265049295614
7569 1652.4240145615622
7593 1652.4237131284754
7616 1652.4228161345507
7617 1652.4201249818013
7638 1652.4149469983563
7640 1652.4050634349242
7742 1652.4050595956069
7743 1652.4050481218574
7744 1652.4050141073042
7745 1652.4049159852916
7746 1652.4046640635156
7748 1652.404488003878
7759 1652.4036931990727
7761 1652.338897132265
7908 1652.3371999319045
7909 1652.3321083105643
7943 1652.3279027873823
7955 1652.3084882539085
7982 1652.3019576989068
