102 2063.5539350375075
109 2057.126921504989
116 2047.598642679338
121 2035.7434896559241
143 2017.3766110291429
167 2007.7812616409005
191 1964.9356463657828
230 1963.9130941142519
257 1959.0942640216313
283 1945.1270850941264
288 1926.2267285572393
319 1888.4636820916476
340 1879.8937893076989
361 1854.088254681246
402 1853.0334015220578
421 1842.5106097632258
461 1840.873370511786
477 1840.1047875411844
486 1837.935858788055
488 1837.670008257653
509 1834.7975389423325
520 1833.5004329351684
575 1832.726795847818
583 1831.760003937005
663 1831.2871669632482
703 1830.4670328199786
731 1830.4538956995543
750 1830.4175963962698
776 1830.003056355394
804 1829.2764755127585
848 1829.0092851714544
856 1828.3718674145196
912 1828.2724531302217
934 1828.2429720498567
960 1828.2176245703297
961 1828.1773678982295
1010 1828.1323873251993
1016 1828.1113071452037
1027 1828.0487517540962
1077 1828.0344031618174
1139 1827.9278096067067
1141 1827.9103364913392
1224 1827.8940902545917
1259 1827.8886346486797
1265 1827.8820151069206
1293 1827.6690758944324
1314 1827.6594107050005
1321 1827.6390015744355
1333 1827.5779429702259
1339 1827.5063067188842
1429 1827.4998947037595
1450 1827.494253346131
1452 1827.491696950503
1460 1827.484754004605
1508 1827.4814153089924
1511 1827.440488165144
1514 1827.4100196768427
1632 1827.408477151711
1634 1827.4050223845609
1643 1827.4035657572974
1648 1827.4004383617462
1651 1827.3984563956326
1687 1827.3982030144819
1695 1827.3909850205005
1697 1827.3560400732958
1743 1827.355219641763
1797 1827.3502176266338
1844 1827.3442214033203
1845 1827.3356789963839
1930 1827.3352307008317
1940 1827.3352197916563
1944 1827.334518722635
1959 1827.33429537091
1988 1827.334265460971
2010 1827.3327214723981
2012 1827.3313358183118
2052 1827.3303234219547
2054 1827.3302615624136
2096 1827.329490454644
2152 1827.3287550021325
2195 1827.3264966746715
2196 1827.32465625841
2198 1827.318551306887
2262 1827.317395059224
2263 1827.3142928755415
2272 1827.3126144148073
2273 1827.3100314866242
2275 1827.309681078923
2277 1827.3089330689015
2278 1827.3060966618536
2279 1827.305765024413
2284 1827.3044226045033
2285 1827.3021533988665
2288 1827.2997335772977
2289 1827.2973383659373
2290 1827.2972708740363
2294 1827.296937460276
2296 1827.2944896169151
2297 1827.2915222414092
2301 1827.2902538936237
2302 1827.2867524155338
2307 1827.2836222252959
2308 1827.2790861646085
2311 1827.2782198180312
2316 1827.2747662571765
2317 1827.2686746777013
2329 1827.2678913018656
2337 1827.2618881368494
2348 1827.259335987709
2350 1827.2586437092766
2351 1827.2583193340392
2352 1827.2576347173067
2354 1827.2537529017384
2362 1827.2537146169345
2366 1827.2514247458353
2368 1827.250455910499
2369 1827.250257074935
2380 1827.2481950529204
2381 1827.2467336031714
2387 1827.2464387248729
2460 1827.2454028075188
2514 1827.244869714584
2517 1827.2448460646374
2582 1827.2416365360875
2751 1827.24136941507
2777 1827.2411350075486
2798 1827.23977965705
2818 1827.237253123811
2870 1827.2368312687188
3037 1827.2367990185153
3039 1827.2367771619765
3040 1827.2367473753409
3042 1827.236738553332
3049 1827.23667096028
3055 1827.2365198685648
3057 1827.2364906971115
3058 1827.2364288550766
3086 1827.2362954554833
3087 1827.2360709727996
3109 1827.2354034419473
3130 1827.2334542653268
3131 1827.228091720777
3198 1827.2165174245097
3331 1827.2163007074503
3337 1827.216282429824
3343 1827.216227965712
3362 1827.216167728605
3482 1827.216145349088
3486 1827.2161412016537
3686 1827.2161404592896
3717 1827.2161387581316
3773 1827.2161368654067
3792 1827.2161340637763
3793 1827.2161258539968
3794 1827.216102980869
3795 1827.216050171841
3796 1827.2160340831515
3846 1827.2160168119437
3865 1827.2158061979264
4017 1827.2157986892175
4023 1827.2157906962195
4024 1827.21576872763
4025 1827.215720920034
4164 1827.2157100090499
4165 1827.215636244971
4166 1827.2154607027762
4167 1827.2153564672394
4296 1827.215340719904
4300 1827.2152940412614
4321 1827.2151502314887
4322 1827.2150492458086
4346 1827.2149300335443
4388 1827.2145927858119
4570 1827.2145884051752
4571 1827.2145757293024
4572 1827.2145418973878
4573 1827.2144781944291
4775 1827.2144640094748
4778 1827.2144411685379
4780 1827.21439248709
4782 1827.2140485734785
4828 1827.2140473281215
4860 1827.214027872756
4966 1827.2140173026205
4992 1827.2139904416686
5013 1827.2139760827745
5015 1827.2139718532699
5043 1827.2139258212853
5044 1827.21378824806
5045 1827.2133802222818
5046 1827.212198094242
5047 1827.2090254580967
5048 1827.202557407597
5049 1827.200907419412
5052 1827.198491045115
5169 1827.1983653188292
5177 1827.197998204668
5226 1827.196443584937
5301 1827.1964350188166
5313 1827.1964303927664
5315 1827.196345413611
5326 1827.196306041758
5336 1827.196300879539
5342 1827.1962632115378
5347 1827.1962167867475
5350 1827.1961944988032
5352 1827.1961466138987
5372 1827.1961386541107
5374 1827.1961141097381
5375 1827.1960404291126
5397 1827.19601700312
5399 1827.1952149480967
5422 1827.195050881253
5423 1827.19472916089
5425 1827.1944599475914
5427 1827.1937625211556
5454 1827.1928107033355
5513 1827.192177440563
5514 1827.192043247316
5578 1827.1916391938173
5580 1827.1913432045196
5601 1827.191322673059
5607 1827.1912354771878
5608 1827.191070914564
5635 1827.1910503716672
5697 1827.1901782497523
5789 1827.1901537992517
5807 1827.1897359347588
5853 1827.1895255145726
5877 1827.1894117726208
6083 1827.1889056326174
6084 1827.1888823311801
6086 1827.1887023297431
6107 1827.1885385142266
6134 1827.1883644036868
6201 1827.1881129320427
6202 1827.1873844779273
6387 1827.1873766354656
6394 1827.1872800066517
6396 1827.1872642340616
6405 1827.187169764721
6428 1827.1870375560131
6451 1827.1867419826294
6472 1827.1858051022966
6493 1827.1847127410235
6574 1827.1836067723264
6738 1827.183395585617
6847 1827.1833647078604
6874 1827.1833482392087
7070 1827.1833463270748
7091 1827.18334348372
7092 1827.1833350750367
7093 1827.1833109488746
7094 1827.1832486704864
7095 1827.1831581637841
7129 1827.183114650164
7135 1827.1830157663128
7136 1827.1828762645187
7311 1827.182812307052
7317 1827.1827530382811
7356 1827.1827484157402
7358 1827.1826787656494
7483 1827.1825852497361
7650 1827.1825802417613
7651 1827.182568122802
7652 1827.1825388816965
7653 1827.1825152486883
7881 1827.182511289418
7904 1827.1825074260896
7905 1827.1824994379404
7907 1827.1824894501847
