49 540.6230230179884
52 518.5919320514937
53 336.7928765081227
57 333.24363031685397
62 332.9128052976129
67 332.84668669954226
68 332.7378139875331
69 332.7358747629434
100 329.45058602527837
110 326.2955668942458
140 309.0251567493075
259 298.14300667038185
267 296.80091423703897
268 296.7191555714519
269 292.78532202236903
278 292.2714055507991
300 288.7633263091315
308 288.76028619386403
315 288.750810179371
316 288.6659205096278
317 288.6051646026911
338 272.00405892434907
346 271.56160675004725
347 270.8551240296826
352 268.92567964324394
356 268.35106725043744
363 268.34186630134093
364 268.3399270767512
371 268.13705972125683
377 267.0446619379441
463 266.63825085273567
465 266.62913747848927
474 266.2145629409415
485 265.7259237407505
495 265.7249917495012
506 265.65772356982217
514 265.5677192343354
535 264.93694070568944
542 264.6970673333498
551 264.3148656831098
581 263.5717150665448
588 263.56213793778653
589 263.56015132183325
596 263.5038434151583
660 263.04075869965305
665 262.93470454118557
666 262.23341103389566
785 262.1854821723157
793 262.1560175802656
819 262.1549295948279
966 262.15124122511565
976 262.1434575507611
1011 262.1387492009163
1065 262.1385005446469
1121 262.13836637408826
1160 262.13784886787016
1162 262.1366028607381
1191 262.1360597121495
1219 262.1334112741473
1247 262.1322328659339
1281 262.1321728339298
1282 262.1319931777978
1330 262.1314662343955
1356 262.1314368450671
1377 262.1311882141071
1452 262.1310630295859
1578 262.1309509634025
1606 262.1309028416824
1633 262.13084818602977
1650 262.13081261817035
1667 262.13077944417944
1682 262.13076871454126
1685 262.13073964531435
1736 262.1307366551734
1737 262.13067005581826
1738 262.13029839355124
1765 262.13003201921606
1789 262.13002163057297
1791 262.13001052447856
1807 262.1299664457091
1815 262.1299459541981
1825 262.12992800315965
1881 262.1299165253438
1882 262.1298572664251
1886 262.12983754321806
1887 262.12971663231167
1900 262.1297140756156
1901 262.1296052395223
1908 262.12957433606203
1909 262.1294375847815
1918 262.1294190238912
1920 262.1293692312462
1921 262.12920185808804
1926 262.12918634252276
1928 262.12917339187675
1933 262.12915315005637
1934 262.1289986374028
1937 262.128923702774
1938 262.1286492415108
1948 262.1285883987758
1949 262.12827831682324
1956 262.1282713748824
1957 262.12798315237205
2032 262.1279640458257
2033 262.1278556527297
2038 262.12750624625176
2045 262.1273694596681
2078 262.12729930862463
2079 262.1269752539702
2097 262.1269244744077
2098 262.1266516736779
2100 262.12663161396034
2101 262.1261441797415
2108 262.12601812295884
2110 262.12576106483834
2119 262.1256801626344
2128 262.1256702072057
2130 262.1255581203731
2132 262.1254870031301
2167 262.1254582209888
2168 262.1252713276395
2176 262.12523480014966
2183 262.12519497003603
2186 262.1251322355816
2188 262.12505063984
2189 262.1247854510309
2201 262.12473743192055
2202 262.12446074274146
2233 262.12434056810054
2234 262.1240499417726
2241 262.12398555917235
2262 262.1233897310088
2270 262.12325265874216
2294 262.1225121735189
2320 262.1224014426936
2362 262.1223149017713
2369 262.1222113342003
2376 262.1220973174566
2378 262.1217157603505
2379 262.12057364141594
2389 262.1198446347572
2394 262.1174816230022
2421 262.11735374143643
2427 262.1169108702966
2475 262.1159945031326
2524 262.1153954033651
2563 262.1152689159248
2564 262.1147147259097
2567 262.11460469399765
2591 262.11363727781304
2630 262.1135062589846
2636 262.1134889453496
2637 262.1132015608568
2638 262.1131523262646
2639 262.11246842405995
2710 262.11140789710873
2859 262.11139475478575
2869 262.1113829793588
2879 262.1113708951882
2894 262.1113643642532
2895 262.11128436589917
2899 262.11103960212614
2982 262.1109453759288
3032 262.1109349778508
3069 262.11051708840216
3073 262.11038112367595
3075 262.11022605755966
3117 262.1094692498437
3129 262.10943555689886
3168 262.1093686029787
3176 262.1093419810099
3177 262.1092622970089
3203 262.10881537302504
3210 262.10862978668683
3220 262.108495644101
3302 262.10846817729583
3303 262.10812402074725
3316 262.10804361969576
3322 262.10801234993465
3324 262.1079028308341
3330 262.1078038313143
3336 262.1078009722019
3342 262.10757652451844
3387 262.10744759220205
3411 262.1073419375291
3434 262.10733319197004
3490 262.10704257091106
3531 262.10700029945065
3554 262.1069917202264
3572 262.1069799076196
3605 262.10696281458047
3606 262.10688824026664
3625 262.10688538868095
3627 262.1068746413658
3635 262.10686208406486
3637 262.1068429464473
3639 262.10682330108006
3643 262.1068173185796
3645 262.10681063260165
3655 262.10679817822273
3657 262.1067839583552
3661 262.1067723634813
3665 262.10672931002927
3689 262.1066213984243
3693 262.10659806790727
3695 262.1065826052539
3696 262.10654945384584
3698 262.1063681504703
3700 262.1062166780275
3709 262.10584521288513
3796 262.105484882835
3808 262.1053707186865
3812 262.1051423697699
3884 262.1050558636927
3927 262.10503789612557
3928 262.1048671603355
3939 262.1048180005918
3944 262.10481278242696
3945 262.1046782125141
3948 262.10466395047365
3949 262.104495031204
3953 262.10449022671537
3954 262.10426807556166
3958 262.10426462187894
3959 262.10397097777957
3963 262.10386763921906
3965 262.1037636148538
3967 262.1036269533229
3971 262.10361617164943
3975 262.10358348653534
3986 262.1033981493522
4011 262.1033766723073
4018 262.1032753581097
4143 262.1032554895683
4170 262.103199526407
4172 262.1030113311799
4311 262.103009818625
4322 262.1030063722267
4337 262.1030050052642
4355 262.10299528346354
4423 262.102989676837
4425 262.1029742728249
4426 262.10291279577007
4448 262.1028857471364
4450 262.1028176791093
4458 262.1027511786087
4520 262.1027036831438
4521 262.1024899609068
4535 262.10245990304975
4548 262.10240402889303
4584 262.10236642279835
4585 262.1022302709739
4603 262.102205110507
4609 262.10219859335575
4615 262.10217502515655
4616 262.1020720440882
4617 262.10157965807156
4669 262.1014568868308
4728 262.101436101382
4734 262.10136070293595
4747 262.1013435555562
4748 262.10122728499135
4750 262.10121373825615
4752 262.10117754710814
4753 262.1010450341638
4764 262.10097017586077
4765 262.1008516374831
4781 262.10081208416955
4782 262.10071434126314
4830 262.1007133844775
4831 262.10070967541924
4832 262.100690877274
4900 262.10068362634655
4909 262.10067899848826
4942 262.10067814909894
4944 262.10067129438403
4945 262.100612649349
4989 262.10059963062866
4990 262.10050487410206
5036 262.1004832732083
5042 262.10044250739463
5048 262.10032775796765
5049 262.10005591878576
5057 262.1000245159997
5058 262.099931090522
5059 262.0996694975982
5060 262.09890368961135
5061 262.09679025112194
5063 262.0926445955604
5182 262.092004265743
5186 262.0849836774071
5279 262.0848386222218
5280 262.0844567184549
5312 262.0842585401502
5370 262.08416658793004
5386 262.084047579208
5433 262.08402388646425
5451 262.08401559336767
5518 262.0840098376551
5519 262.0839933664095
5520 262.0839518543123
5521 262.0839197108315
5536 262.08364332129554
5582 262.08358260552683
5596 262.0835819425095
5653 262.0835399812683
5654 262.08336680547586
5668 262.0833118887171
5688 262.0829585233793
5712 262.08293666641106
5714 262.08290631252066
5720 262.0827377681075
5804 262.0826569322957
5814 262.0826430201457
5818 262.08262538754224
5819 262.0825472229688
5822 262.0825365800517
5823 262.0824136429933
5828 262.0823978590901
5830 262.082337737442
5832 262.08228474826905
5834 262.0822781957822
5836 262.08225118790097
5843 262.0822352513604
5844 262.08210184909905
5871 262.0820863242065
5872 262.0819819505678
5875 262.0819755965387
5876 262.08183504094677
5883 262.08179866592627
5884 262.0816261153102
5888 262.0816080794516
5889 262.08141698519626
5893 262.0813485140271
5894 262.0811364536959
5898 262.0811296966479
5899 262.08096127983083
5903 262.08091212587607
5904 262.08088878369983
5905 262.08085627074496
5915 262.08081199778405
5916 262.08076375161863
5924 262.0807145781486
5925 262.08065050525767
5933 262.08056243001516
5934 262.08041768562657
5953 262.08038068496705
5985 262.08038024727097
5986 262.08037893502814
5987 262.08037500589563
5988 262.08036328667157
5989 262.0803287372249
6012 262.0802487123798
6033 262.07976974424236
6066 262.0797463890751
6076 262.07972719425885
6208 262.07972339181106
6209 262.0797057214699
6224 262.07970552563347
6228 262.07970140021206
6229 262.0796851422003
6234 262.0796851329302
6235 262.07966687265576
6239 262.0796657939819
6240 262.0796464747584
6243 262.0796425478987
6244 262.0796198154926
6248 262.07961033804725
6249 262.07958137114497
6253 262.07957490261566
6254 262.0795437271143
6259 262.0795426047144
6260 262.0795289918157
6261 262.07952485349153
6262 262.07950741864386
6267 262.07950597312583
6274 262.0795005394006
6275 262.0794956088709
6283 262.0794914576574
6284 262.07948918815634
6288 262.07948307050987
6289 262.07947056456675
6292 262.0794699166471
6293 262.07945514477103
6296 262.07945163244875
6297 262.07942835026284
6302 262.0794247323572
6303 262.0794123700385
6305 262.07940532223944
6306 262.0793845198954
6308 262.07937533706547
6309 262.0793387001566
6313 262.07933694012775
6315 262.07930969633264
6316 262.079262642848
6321 262.07921400439943
6322 262.0791350806214
6326 262.0791215338475
6329 262.0791185254291
6331 262.0791027660984
6332 262.0790627172623
6334 262.0790335161198
6335 262.0789654269889
6336 262.07893491176117
6347 262.0789119906108
6348 262.0788863939959
6351 262.0788083081218
6352 262.0787197208839
6366 262.07867829376306
6367 262.0785777452427
6379 262.0785585757719
6385 262.0785395289393
6386 262.0784647827618
6391 262.07844176829195
6399 262.0784323481967
6400 262.07838520521227
6402 262.07835790756656
6403 262.07825885668416
6412 262.07825183478224
6413 262.0782003392889
6416 262.07818804777804
6417 262.0781523533857
6419 262.07811638823955
6420 262.07803711171323
6426 262.0780235386079
6427 262.07798560785386
6431 262.0779682319134
6432 262.0778812895645
6436 262.0778596078718
6437 262.0777829764389
6439 262.07775698440963
6440 262.07760467713285
6445 262.0775703856808
6446 262.07737165622666
6453 262.0773511101025
6456 262.07722098737617
6457 262.0769840567882
6471 262.0769793997451
6473 262.0768569341154
6474 262.0766820237982
6480 262.07665760170937
6485 262.07663971158775
6486 262.0766043913479
6487 262.0765792981761
6488 262.0765489483882
6489 262.0765257910807
6491 262.07631049646704
6492 262.0760625727779
6500 262.0759111696233
6505 262.075716747795
6508 262.0756914615999
6515 262.07555270236014
6516 262.07530405809126
6533 262.07525851782896
6534 262.07504657834494
6544 262.0749893424477
6546 262.07498887378495
6554 262.07498389993174
6556 262.0749424278252
6558 262.0748100041767
6559 262.07462828466635
6602 262.07461329764243
6610 262.07459508755846
6654 262.07459428631313
6664 262.0745932048784
6674 262.0745927001199
6703 262.07459166500115
6704 262.07458482640374
6745 262.07458368389433
6746 262.074580785769
6747 262.0745768447843
6767 262.07438453984014
6810 262.07437737680283
6856 262.0743573386532
6857 262.0743103436314
6858 262.07428907545966
6861 262.0738863560829
6888 262.0732426819773
6890 262.07319829830584
6891 262.073052353564
6892 262.07239652925796
6935 262.0717432714557
6964 262.07147336533274
6966 262.0708999053247
7015 262.0704050510303
7016 262.0694527638553
7086 262.0690779388456
7087 262.0685077976879
7108 262.0679953458226
7109 262.0677141961606
7139 262.0676933519272
7185 262.0670054625236
7210 262.06654180526516
7240 262.0664332303621
7245 262.066400426198
7246 262.066181074848
7247 262.0661334303742
7255 262.0657468364139
7273 262.0656302049306
7274 262.06532706692167
7362 262.06531074524275
7364 262.0650885013077
7373 262.0650417429461
7374 262.06490251296646
7404 262.06474694435457
7427 262.06432600427473
7433 262.0628953401921
7449 262.0617509674776
7460 262.06158564335766
7462 262.0607981499083
7490 262.0607394335134
7546 262.0606431235202
7550 262.06054162944275
7577 262.0605241025747
7647 262.0601757121843
7649 262.0597951370766
7650 262.05922262229655
7660 262.0578840341925
7754 262.0578780024115
7755 262.0578599128881
7851 262.0578576997347
7900 262.05785624801
7917 262.0578557967498
7975 262.05785117242334
7976 262.0578364239615
7977 262.0577837543693
7987 262.0577626354316
7999 262.0577581330981
