251 2309.111764999124
261 2278.753971624993
275 2263.2768782323205
299 2219.066973578339
309 2178.6577407047744
358 2166.9498522837976
402 2152.156799621915
433 2130.8855652891903
457 2128.301847131699
462 2119.7869977893374
464 2116.580370551894
468 2115.5745637793734
471 2107.0777059891857
472 2091.9206797304355
479 2091.437249698526
486 2090.533419952969
489 2089.9075674140718
493 2085.51614647017
525 2081.799956992709
552 2081.532484139486
555 2080.7146219810083
561 2080.2880319578726
567 2080.272238207287
569 2079.7673322157593
570 2079.3790033756663
575 2079.116994172897
578 2079.0806173409296
581 2078.8562141621524
584 2078.754360620453
587 2078.6338922012837
592 2078.564363638873
594 2078.4930723285756
604 2077.9752002445284
640 2077.888427922362
647 2077.873572189375
649 2077.8674299319964
652 2077.8277142278353
654 2077.8255408839113
656 2077.814195287705
659 2077.771870432269
663 2077.747969761899
664 2077.6891398462485
690 2077.638243949336
693 2077.630037402741
700 2077.5461324537514
701 2077.5445882932468
713 2077.4862446926973
742 2077.4830785608156
749 2077.285461206553
795 2077.258680371536
804 2077.2505237787036
809 2077.244454444406
816 2077.223012916069
820 2077.0705787013317
839 2077.06918200351
856 2076.9275360667934
858 2076.916201632594
925 2076.915743538214
931 2076.912715372063
933 2076.9120011624736
983 2076.9119949890646
986 2076.9117055824863
988 2076.9116891121394
994 2076.911559530451
996 2076.91154488608
998 2076.911534604995
1000 2076.91151473012
1002 2076.911506099223
1003 2076.911448735769
1047 2076.91141065538
1070 2076.9113457860826
1094 2076.911325998626
1096 2076.911317703555
1101 2076.9113024106064
1104 2076.911297919709
1107 2076.911267454244
1114 2076.9112594089806
1119 2076.9112580711444
1144 2076.911240817662
1147 2076.911237989437
1150 2076.91122862502
1154 2076.911220023069
1157 2076.911216078394
1158 2076.9112114117256
1160 2076.9111969836295
1166 2076.9111931101293
1173 2076.9111781893344
1179 2076.911178003156
1221 2076.911147794295
1222 2076.9111364821665
1244 2076.9111337331033
1250 2076.911115649622
1263 2076.9110618629547
1282 2076.911030049622
1284 2076.9110114953714
1366 2076.911011406558
1396 2076.9110113696297
1399 2076.9110110381725
1403 2076.9110109898024
1405 2076.9110109088792
1407 2076.9110108554783
1418 2076.9110108529544
1425 2076.911010843401
1454 2076.9110108046616
1478 2076.911010667934
1497 2076.9110103115895
1518 2076.911009898302
1520 2076.9110098172773
1572 2076.9110098110277
1629 2076.9110098091137
1803 2076.911009808862
1810 2076.911009808772
1837 2076.911009808722
1842 2076.9110098086967
1847 2076.911009808644
1850 2076.9110098085366
1853 2076.9110098084734
1860 2076.9110098084625
1870 2076.9110098083584
1904 2076.9110098082847
1943 2076.9110098082233
1945 2076.911009808173
1964 2076.911009808146
2009 2076.911009808145
2021 2076.9110098081446
2039 2076.9110098081405
2304 2076.91100980814
