318 33861.30461993644
326 33858.81089180303
327 33857.426915390184
332 33856.608591188786
336 33854.12105904217
339 33853.43503143697
344 33852.24835016864
345 33850.94447486161
355 33850.135980910745
359 33848.149928950836
370 33845.95575718206
380 33838.24825354626
387 33836.966672527815
413 33833.31231944372
419 33832.34080864327
438 33825.01693295111
484 33823.174488701894
486 33823.1659717975
496 33821.105192006944
547 33820.34784082421
553 33814.36979596254
555 33813.171890788515
557 33812.02822672521
559 33811.99520671152
599 33805.65943753406
682 33804.93409766571
685 33803.23990883628
778 33803.12446066038
779 33802.807838427056
815 33801.95598932913
827 33801.80571247357
835 33801.759472737715
848 33801.29569208831
923 33801.285694376245
932 33801.23334442617
934 33801.0817752574
940 33801.01261366773
951 33800.98818569831
999 33800.92699895863
1002 33800.8377182297
1008 33800.728701984495
1015 33800.69246986066
1022 33800.57105514567
1101 33800.49699444493
1141 33800.486173276404
1181 33800.48536522744
1248 33800.36542190925
1250 33800.32317085312
1253 33800.29418249057
1346 33800.29108577784
1468 33800.28086224953
1470 33800.26984443022
1588 33800.23979141241
1648 33800.23665291324
1649 33800.227258160376
1655 33800.22175952548
1663 33800.21895277971
1691 33800.200441838686
1751 33800.198206470035
1753 33800.187082296805
1824 33800.185187222014
1831 33800.177159017454
1854 33800.15638115091
1962 33800.154014972366
1984 33800.149797410304
1986 33800.14834537463
2028 33800.145027508435
2050 33800.140877633814
2130 33800.14019806091
2131 33800.134468502634
2164 33800.13389002564
2166 33800.13316258356
2170 33800.132502709464
2173 33800.13205542395
2174 33800.12953439976
2219 33800.12537125492
2244 33800.12492438553
2246 33800.12410089987
2247 33800.12166420894
2261 33800.12128460328
2263 33800.1211757345
2264 33800.11989375308
2265 33800.11973468603
2266 33800.11728379443
2274 33800.11651523325
2275 33800.114534245455
2277 33800.114415110445
2278 33800.11211717572
2280 33800.11195739137
2284 33800.1115772007
2285 33800.10970688522
2287 33800.10958801955
2290 33800.109389188445
2292 33800.108450834734
2293 33800.10697358972
2297 33800.10620615043
2301 33800.1056737824
2307 33800.104435668596
2339 33800.103399364176
2365 33800.1015764433
2400 33800.10144030541
2411 33800.10128474188
2414 33800.09792220826
2417 33800.09443982703
2420 33800.0942738894
2548 33800.0876366535
2575 33800.07623577305
2730 33800.076028822004
2738 33800.075426925185
2739 33800.07379405799
2741 33800.0669458396
2768 33800.06237257222
2810 33800.06183457627
2831 33800.058401945746
2832 33800.03327695124
2852 33800.013182656454
2897 33799.98362691686
3063 33799.98263665027
3069 33799.981681705176
3091 33799.98081140358
3118 33799.98014844282
3121 33799.97652991438
3124 33799.97375982312
3170 33799.97180348513
3171 33799.96801146736
3172 33799.9632130542
3231 33799.91169754818
3522 33799.91169446414
3523 33799.91168521319
3529 33799.91149859152
3532 33799.911214268905
3534 33799.910642585484
3535 33799.90899923045
3536 33799.90470025489
3539 33799.90236468964
3735 33799.9022500417
3737 33799.90219047175
3819 33799.901907378924
3925 33799.90180266046
3932 33799.90162826158
4114 33799.90160108296
4251 33799.90159037003
4399 33799.90159024839
4400 33799.90158988344
4405 33799.9015897856
4426 33799.90158926931
4474 33799.901588323075
4475 33799.901585484455
4476 33799.90157696932
4503 33799.90157624565
4504 33799.90157409241
4506 33799.90157081772
4511 33799.90154082467
4536 33799.901484877635
4791 33799.90148291335
4817 33799.90148168117
4819 33799.90147558418
4840 33799.90146760723
4841 33799.901445386546
4842 33799.90139411726
4843 33799.90137886308
5003 33799.90135054652
5005 33799.90128289085
5007 33799.901176189174
5008 33799.90085817222
5179 33799.90085791392
5210 33799.900852829356
5215 33799.90085219662
5221 33799.9008444301
5222 33799.900822863885
5223 33799.90075824666
5224 33799.90056512825
5225 33799.89999238716
5226 33799.89833408066
5315 33799.89802577647
5327 33799.89801913645
5342 33799.89792618218
5348 33799.89767579935
5415 33799.89766492047
5417 33799.89757258417
5419 33799.89751852513
5421 33799.89741199246
5438 33799.897403066105
5439 33799.897252661234
5444 33799.897201097454
5445 33799.896974812415
5452 33799.89694767793
5478 33799.89668282237
5480 33799.89633425991
5507 33799.89491757989
5588 33799.89318017432
5750 33799.89309340364
5752 33799.89306527137
5776 33799.89298414864
5935 33799.89298172806
5941 33799.89296557863
6087 33799.89294935107
6144 33799.89292834833
6206 33799.89292244375
6240 33799.89289199866
6455 33799.89289101748
6457 33799.89288927618
6467 33799.89288747191
6473 33799.89288580654
6475 33799.89288214637
6477 33799.892880204694
6602 33799.89288014194
6604 33799.89287976564
6628 33799.892879711246
6630 33799.892878773666
6679 33799.89287837447
6699 33799.892878369676
6709 33799.892877969774
6907 33799.8928777515
6931 33799.89287763563
6933 33799.892877587816
6957 33799.89287708349
6977 33799.89287660065
6979 33799.89287523685
7004 33799.892874765734
7005 33799.89287335255
7025 33799.89287296395
7026 33799.8928630541
7027 33799.89283333187
7028 33799.892744231016
7029 33799.89247752075
7030 33799.891682711954
7031 33799.889345954456
7032 33799.88275958975
7033 33799.86671380652
7053 33799.849653939535
7154 33799.843323241905
7192 33799.84208115989
7194 33799.83991076196
7371 33799.83990426449
7379 33799.83988478011
7380 33799.83982639928
7381 33799.839651907765
7406 33799.83925790674
7426 33799.83866604805
7428 33799.83802638412
7448 33799.83771532113
7629 33799.836508071574
7837 33799.836506675885
7857 33799.836504242885
