212 1519.4403190544062
246 1475.483240779231
273 1456.6131540721358
305 1443.8059620756871
316 1408.6127155036522
324 1359.58304908941
350 1359.2784198043164
352 1339.281191485129
362 1338.6661243201384
367 1331.4548519196674
370 1321.9584964673302
374 1313.2717101506623
380 1294.848437167126
410 1294.6887190452674
413 1294.3955386182827
452 1293.9210270649753
459 1284.6674475708746
483 1269.5096174535984
484 1262.9157897174148
541 1249.0075282012372
542 1241.0821444326207
618 1241.0747454224518
625 1240.6836827300926
630 1238.769331123209
631 1237.063866327676
632 1235.8168421755183
652 1235.0516021060512
654 1234.520547334725
683 1234.346055581805
720 1233.3475155026867
746 1233.1577246885481
747 1232.8429070953462
754 1232.760771529929
756 1232.6115055746945
757 1232.5623459783878
758 1232.4567077092188
761 1232.440077865666
763 1232.3778112778452
765 1232.0947629042246
782 1231.495848945413
817 1231.1152690657038
818 1230.9224864003202
841 1230.7916606725928
842 1230.7444359502715
851 1230.6711668579119
858 1229.8594058674666
907 1229.7552771623098
909 1229.6066888222933
928 1229.5108947654494
944 1229.5045419568705
951 1229.3545247000275
956 1229.0037418780641
1000 1228.9921621348608
1005 1228.9786357221453
1050 1228.9425454404206
1101 1228.864130607244
1163 1228.8596647720217
1168 1228.8264380012072
1215 1228.8173472981302
1220 1228.777368216704
1282 1228.7751343121338
1329 1228.7711497371479
1335 1228.7678544162738
1364 1228.7603796940336
1365 1228.759097076595
1368 1228.719022728969
1370 1228.7094207193895
1412 1228.7045592230709
1433 1228.6602829977098
1468 1228.6484925202965
1504 1228.6439322973883
1512 1228.643622741035
1524 1228.6424201288742
1525 1228.6416427409656
1531 1228.6370171354372
1537 1228.6337992247313
1585 1228.6335810355472
1589 1228.6320745189523
1590 1228.628393966797
1601 1228.6270268180579
1629 1228.622286791651
1650 1228.6142279989033
1661 1228.6121701116917
1662 1228.607123962279
1673 1228.6064965877108
1674 1228.6057811073201
1682 1228.6000080577314
1703 1228.5988120056563
1779 1228.5947565477072
1798 1228.5932841955773
1806 1228.5930603702118
1859 1228.592698579736
1867 1228.5925558794738
1875 1228.5924657809032
1886 1228.590363709945
1901 1228.589918159772
1907 1228.588343183425
1923 1228.5878555802155
1925 1228.5877522112055
1930 1228.5855806856516
1973 1228.5845801835708
1979 1228.583398898221
1980 1228.5765086586605
2064 1228.5762299105722
2065 1228.5741853507432
2221 1228.5741466465179
2295 1228.5741321943058
2319 1228.5741152982787
2325 1228.5741100153596
2326 1228.5740708829974
2346 1228.5740639328224
2353 1228.574060223924
2354 1228.574034815497
2357 1228.5740323787495
2359 1228.574018382991
2360 1228.5739744503528
2367 1228.5739720707252
2369 1228.5739514776776
2372 1228.5739424362012
2376 1228.573924652666
2379 1228.5739160140652
2387 1228.5728028044603
2416 1228.5727585837703
2509 1228.5727441325864
2516 1228.5726935178593
2518 1228.5726720037699
2543 1228.5726655856513
2565 1228.5725822936001
2585 1228.5724653662373
2623 1228.5724623936103
2625 1228.572304984715
2648 1228.571923765854
2759 1228.5719129883596
2776 1228.5719025684532
2784 1228.5718887136388
2801 1228.5714826496414
2890 1228.5714071331422
2910 1228.571403469195
2987 1228.5713980538628
2988 1228.5713795108634
2989 1228.5713102836373
2991 1228.5712742054193
2997 1228.5712284846397
3026 1228.5712268762477
3036 1228.5711961087127
3058 1228.571191694045
3068 1228.571186785888
3159 1228.5711867179848
3169 1228.5711864251923
3220 1228.57118211517
3225 1228.5711795673428
3226 1228.5711738095758
3227 1228.5711590055087
3338 1228.5711565973002
3381 1228.5711525209447
3399 1228.5711523500513
3400 1228.5711518935905
3401 1228.5711510315136
3422 1228.571144861456
3443 1228.5711421638803
3469 1228.5711397584564
3470 1228.571132072073
3471 1228.571104639589
3473 1228.5710796259693
3536 1228.5710699568688
3537 1228.5710277091684
3614 1228.5710240093
3620 1228.5709928532187
3661 1228.5709877575584
3663 1228.570983697326
3678 1228.5709830483872
3720 1228.5709812853675
3764 1228.5709743588968
3785 1228.5709737656848
3808 1228.570968041096
3830 1228.570959193188
3855 1228.570957560868
3915 1228.5709466371873
3941 1228.5709378700788
3942 1228.5709135992865
3943 1228.5708424052589
3944 1228.570649830645
3950 1228.5703654636318
3952 1228.5702880767808
3954 1228.5700122358378
3999 1228.5699891257887
4027 1228.5699611750738
4104 1228.5699355459806
4119 1228.5699094137044
4165 1228.5699077218728
4166 1228.569902574142
4168 1228.5698764635258
4265 1228.5698740252406
4275 1228.5698663469284
4279 1228.5698416418156
4368 1228.5698388900068
4388 1228.5698387389277
4398 1228.5698376233704
4411 1228.5698348960955
4449 1228.569834446721
4450 1228.5698331512824
4451 1228.5698297391305
4452 1228.5698237705055
4493 1228.5697957799816
4513 1228.5697607517964
4518 1228.5697283654304
4525 1228.5697130088577
4527 1228.5696575301254
4585 1228.5696137250159
4607 1228.5695916734658
4615 1228.5695901247982
4621 1228.5695824971096
4686 1228.5695696938196
4733 1228.569567347008
4816 1228.5695436734632
4919 1228.5695433940277
4929 1228.5695425580652
4930 1228.5695400712939
4931 1228.569532802133
4932 1228.5695127454333
4933 1228.569469200475
4972 1228.5694521314315
4982 1228.569433588352
4999 1228.5694213328622
5055 1228.5693823564932
5058 1228.5693403700955
5117 1228.5693293897568
5174 1228.5693281914942
5217 1228.5692912000004
5219 1228.5692719422652
5241 1228.5692503332427
5262 1228.5692326869007
5264 1228.5692259454856
5289 1228.5691992498162
5290 1228.5691560292635
5291 1228.5690379833864
5385 1228.5690194974936
5443 1228.5689663313074
5523 1228.5689663309975
5527 1228.5689157259235
5644 1228.5689156886629
5673 1228.5689154502368
5697 1228.5689146733841
5718 1228.5688789830733
5739 1228.5688706067494
5740 1228.568870228253
5742 1228.5688660939174
5746 1228.568790602248
5769 1228.5687598785562
5789 1228.568756703256
5852 1228.5687562506203
5871 1228.5687411442743
5931 1228.5687407708956
5960 1228.5687400727716
5965 1228.5687194894945
6091 1228.5687180496625
6095 1228.5687164050141
6103 1228.5687160570324
6104 1228.5687150061658
6105 1228.5687117922548
6106 1228.5687016249356
6108 1228.5686030994964
6244 1228.5685290374975
6247 1228.568506626108
6333 1228.5685065083926
6339 1228.5685061833315
6398 1228.568501828453
6400 1228.568500777771
6406 1228.5684987377133
6439 1228.5684978068616
6442 1228.5684976649568
6448 1228.5684962981657
6451 1228.568493683833
6453 1228.5684828491228
6458 1228.568482550403
6459 1228.5684576242065
6483 1228.568448339969
6485 1228.568436693342
6488 1228.5684220924531
6527 1228.5683334387604
6755 1228.5683299211255
6762 1228.5683118115205
6764 1228.5682774264194
6789 1228.5682721805517
6791 1228.5682036550638
6855 1228.5682019465892
6861 1228.5682012531413
6887 1228.568168085792
6915 1228.5681642482
6916 1228.5681229541021
6925 1228.567898237432
7047 1228.567835242638
7063 1228.5677838755362
7140 1228.5677764920479
7286 1228.5677762454134
7287 1228.5677755121108
7289 1228.5677702335583
7290 1228.5677571733002
7291 1228.5677431451477
7313 1228.567672116215
7315 1228.5676609286136
7317 1228.5676103055905
7385 1228.5676079936247
7389 1228.5676071576197
7401 1228.5676042589455
7423 1228.5675915108545
7433 1228.5675877640526
7469 1228.567572617991
7543 1228.5675406808587
7623 1228.5675405180841
7733 1228.5675402963295
7760 1228.5675398365468
7763 1228.567538766119
7764 1228.5675359414222
7765 1228.5675309582414
7789 1228.5675307130416
7790 1228.5675265586283
7791 1228.5675174271046
7813 1228.567468011979
7816 1228.567456583364
7818 1228.567421518221
7824 1228.567411219359
7825 1228.5673607644335
7973 1228.5673581840106
7994 1228.5673517104692
