238 3362.3914442981823
243 3341.9907853053974
274 3337.1345980480246
281 3330.5321047613907
287 3327.281916667852
291 3316.7962814229827
295 3288.274060319249
299 3276.046971352719
332 3265.821607107771
371 3257.838142599885
409 3255.6587287770562
429 3254.0087558942287
455 3244.6649796437805
465 3244.382058535097
492 3242.934951492355
501 3239.981286737816
506 3234.7009587740768
535 3234.6787740128143
559 3232.752211818017
572 3231.992846425415
582 3231.475742151265
626 3231.086506026878
639 3230.041603563628
695 3229.7654118635382
703 3229.036260592636
711 3228.9902147788184
723 3228.8244003252566
763 3228.7318421774894
794 3228.6334764371923
819 3228.6018951929273
833 3228.5917349486067
838 3228.578327870486
844 3228.5751077592213
846 3228.570749549717
848 3228.5699072505445
850 3228.56791496995
851 3228.5479873097565
866 3228.5370281592554
877 3228.5316502216874
878 3228.530633222806
880 3228.5265669941837
885 3228.5090662531193
886 3228.506808128587
898 3228.5031405190643
911 3228.4256496127555
934 3228.3983540489216
940 3228.3885656996235
953 3228.3718355862807
955 3228.340270526078
1008 3228.3395238009984
1100 3228.3394881491563
1102 3228.3394496661767
1104 3228.339449444001
1106 3228.3394487516944
1126 3228.3394484962073
1128 3228.3394482792733
1165 3228.3394481309783
1167 3228.3394477774327
1195 3228.3394477762213
1214 3228.339447691035
1234 3228.3394476904086
1236 3228.339447688832
1272 3228.339447688455
1359 3228.3394476881895
1361 3228.3394476881213
1450 3228.3394476880967
1471 3228.3394476880812
1509 3228.3394476880776
1511 3228.3394476880717
1513 3228.3394476880676
1663 3228.339447688067
1665 3228.3394476880667
1797 3228.339447688066
2418 3228.3394476880653
