120 6036.327124422622
124 4714.609816606146
143 4576.555628697382
146 3356.109960546291
234 3355.9454269548633
235 3355.499453292151
255 3354.5253364423183
257 2392.4310141777196
267 2392.3990657799027
292 2388.2179893121292
300 2378.9944439827195
365 2178.0550253632027
373 2151.2453417355387
379 2151.244655640132
387 2151.217579135613
443 2148.9203378592524
450 2105.033183844428
492 2051.1226426869275
508 2035.8974995364051
536 2015.1971949962262
543 1974.565524467769
569 1932.1879015248733
622 1932.1503996984702
646 1922.8981960968626
656 1918.3098276828305
686 1913.3726233615466
697 1908.9003320186705
736 1906.8914769876333
761 1774.4612100780491
836 1769.9032142238484
855 1768.739052006311
857 1764.9247486899433
866 1764.8237335138128
868 1762.360497407125
870 1759.6174201866825
884 1759.6030156099189
886 1758.7367590295296
888 1757.10383261931
890 1755.439281981133
892 1755.4343499029715
896 1754.1905315529668
913 1753.656441276758
940 1752.6440946945374
945 1752.6334635588614
971 1751.2950929628728
977 1751.2914427749463
997 1745.955085457292
1142 1745.8256462449938
1149 1745.7167111593933
1151 1745.0544273880705
1175 1735.5880200389297
1236 1734.0789576370096
1247 1733.4269146534525
1249 1732.9065318901567
1251 1732.2370137989742
1255 1731.4433378654269
1256 1728.5062678340025
1291 1724.0841491277147
1304 1723.5933827136023
1305 1718.3117265602727
1364 1717.8146536103086
1370 1717.060701108524
1377 1715.6816975120325
1378 1709.547958142973
1425 1709.1938723972653
1465 1707.8040059524149
1467 1706.238104818662
1513 1702.710901640987
1639 1702.6640236908056
1641 1702.6252249505417
1645 1702.4379834308952
1650 1702.4265377224285
1652 1702.2946056682724
1654 1702.229579903152
1662 1702.1644941804038
1663 1701.8820716475145
1679 1701.877169581057
1680 1701.673076155174
1690 1701.631984523309
1691 1701.4079089214817
1695 1701.3611950442726
1697 1701.2601065046333
1698 1700.9100912588274
1713 1700.9060666771793
1741 1700.869333416427
1747 1700.8141839796965
1748 1700.5862557492567
1751 1698.6704062087938
1792 1698.656560531161
1797 1698.353846731091
1824 1697.435140149405
1913 1697.2603574305951
1917 1696.8577197623235
1919 1696.7455679821578
1959 1696.6608761626692
1961 1696.6071748237666
1965 1696.5154945221961
1967 1696.332667794159
1973 1696.2323869546328
1981 1696.1707749766272
1983 1696.1387866513048
1985 1696.03782042841
1991 1695.9915807230143
1993 1695.9684107486185
1995 1695.8663018780705
1996 1695.5386000673436
2015 1695.4734806202123
2017 1695.3729704028942
2019 1695.2744966300165
2025 1695.2589821131342
2026 1695.0331645563435
2079 1694.9725576936487
2127 1694.9531012791094
2133 1694.8735082190954
2137 1694.8583456108508
2148 1694.8471000188754
2150 1694.814091367476
2151 1694.6820352191296
2160 1694.6342444703791
2208 1694.3915245645396
2210 1694.2416622297635
2335 1694.2304308032965
2346 1694.229520452318
2374 1694.2290380202473
2375 1694.2196827499788
2524 1694.2163173608208
2602 1694.2122249541253
2603 1694.1999511651688
2604 1694.1631616667958
2605 1694.0531038923205
2611 1694.0463471121475
2617 1694.0401166405516
2623 1694.0318675798417
2646 1694.027351452288
2720 1694.0179904455524
2730 1694.0169965378795
2740 1694.0164118322268
2797 1694.0158411263355
2799 1694.0146531063456
2801 1694.013424060154
2810 1694.0124290018173
2831 1694.0120056532771
2833 1694.0113161430002
2835 1694.010617243692
2837 1694.0097415649773
2848 1694.0096214491641
2849 1694.0079735753482
2869 1694.007828307684
2871 1694.0076414744474
2873 1694.0072110261374
2875 1694.006730526108
2881 1694.0063979165097
2883 1694.006188691024
2885 1694.0058540620912
2886 1694.0045157256172
2890 1694.0044414598876
2891 1694.002841417917
2895 1694.0025108836742
2897 1694.002066080492
2899 1694.0014507840615
2904 1694.0011905434365
2913 1694.0007277004165
2914 1693.998870774907
2915 1693.993299815285
2948 1693.9932301162437
2972 1693.9924807113891
2980 1693.9778701597013
2985 1693.9648217253257
2987 1693.9270307261916
2990 1693.8388103096315
2995 1693.8337091048118
3035 1693.7599895336718
3167 1693.7513892366983
3168 1693.7257962398664
3174 1693.70875909095
3184 1693.7056722567768
3203 1693.551514102867
3344 1693.5490277593576
3346 1693.5462919007841
3416 1693.5461559768141
3420 1693.5368241531417
3482 1693.5367609537661
3504 1693.5338879742203
3508 1693.5289407119062
3519 1693.5288145002169
3527 1693.5287119207949
3530 1693.525579957683
3548 1693.5254818862823
3549 1693.5251876715583
3550 1693.5243050226925
3553 1693.5102619039908
3575 1693.5047069419347
3577 1693.4592548495064
3599 1693.445102455368
3757 1693.4450333323625
3778 1693.4444416680396
3820 1693.4426394898103
3821 1693.4372337953662
3822 1693.4210244944543
3823 1693.372472612016
3880 1693.3724157691681
3889 1693.3724140602094
3896 1693.3722778268916
3904 1693.3722514625372
3914 1693.372231766872
3920 1693.371032356561
3943 1693.360685363668
3945 1693.3606463798417
3967 1693.3604512261272
4009 1693.3599396867571
4010 1693.3584054464252
4011 1693.3538061649717
4012 1693.3400403471699
4013 1693.2990602980803
4014 1693.1797843349898
4025 1693.161761130942
4048 1692.971597908246
4052 1692.9145645833928
4057 1692.8654111301728
4082 1692.4635073148986
4180 1692.4373545039982
4188 1692.430319636581
4195 1692.4219314503998
4212 1692.4199139549494
4214 1692.4168547339236
4217 1692.3976731767643
4246 1692.2672445686978
4270 1692.2017041486977
4294 1692.1246825960618
4471 1692.1237215285694
4474 1692.122860280551
4487 1692.1223639109135
4489 1692.121500562108
4493 1692.1206456679433
4496 1692.1200921379505
4500 1692.119738482409
4501 1692.1172669625146
4528 1692.1043792230805
4533 1692.1024963692953
4602 1692.1001203487572
4603 1692.091442128868
4630 1692.090650241726
4646 1692.0817915285525
4650 1692.0563144209686
4732 1692.027092823114
4890 1692.0270758972788
4913 1692.0264185122182
4917 1692.0259369335358
4921 1692.0255190947169
4926 1692.0250788982764
4931 1692.024634168745
4936 1692.023196990416
4940 1692.0216442676735
4944 1692.021359132857
4968 1692.0206971274965
4969 1692.0187114076296
4970 1692.0127561619768
4971 1691.9949068696787
5053 1691.9379319999837
5054 1691.7669900479063
5055 1691.2540477386829
5059 1691.1987226697445
5139 1691.1764487205014
5181 1691.1741351591916
5185 1691.0797266313205
5189 1691.0763444175002
5194 1691.0753766823118
5239 1690.9506363177654
5300 1690.776872746169
5325 1690.6305294942465
5336 1690.627563737036
5337 1690.618714845119
5385 1690.5730242665652
5391 1690.4540817786285
5444 1690.3898179274686
5465 1690.3693649510678
5471 1690.3326070958838
5477 1690.3077493079622
5478 1690.2350163109952
5487 1690.2308372870305
5488 1690.1618694097986
5534 1689.926588861499
5598 1689.8924068388635
5599 1689.852761068662
5617 1689.8507853306085
5618 1689.8192999703692
5629 1689.8118628044829
5636 1689.8063263473675
5638 1689.7993062075925
5640 1689.7896760467277
5642 1689.7781118556773
5658 1689.775834155437
5660 1689.769118358507
5662 1689.7630025632175
5663 1689.739590416478
5673 1689.7374305691117
5674 1689.7145674933017
5687 1689.7141093160294
5689 1689.7084460160122
5698 1689.7051164044346
5700 1689.7006907440398
5702 1689.6968563934781
5706 1689.6951304926831
5708 1689.695117028723
5709 1689.6813996774733
5714 1689.680578424383
5716 1689.6783906217229
5718 1689.6742792418172
5720 1689.669966731257
5724 1689.6674273795345
5725 1689.650793738732
5743 1689.6493467530222
5752 1689.6477212834632
5788 1689.6464811820642
5792 1689.6292181985305
5822 1689.602455669579
5951 1689.6019218410447
5964 1689.6010054286735
5968 1689.600651156111
5970 1689.599843814742
5979 1689.5997714760651
5988 1689.5995806882554
5989 1689.5982363810938
6066 1689.5970292641305
6073 1689.5965845430644
6074 1689.5936722833292
6114 1689.592309679832
6152 1689.5906511787903
6161 1689.5874834522003
6163 1689.5733311609686
6203 1689.559451915934
6204 1689.4604037276545
6242 1689.4603224475254
6372 1689.4568705565205
6374 1689.4509750978177
6380 1689.445664601636
6420 1689.4391025206776
6421 1689.395898980057
6422 1689.266342735405
6423 1688.8781173215837
6432 1688.8064478123868
6439 1688.7983904786624
6468 1688.7957610000515
6469 1688.788048332658
6476 1688.658022940388
6477 1688.4067984157057
6505 1688.3377105715783
6512 1688.3370800710259
6513 1688.0195759459712
6540 1687.9917813190723
6546 1687.744742348947
6552 1687.6701412158422
6608 1687.6452084110365
6612 1687.537598086543
6613 1687.1417842367125
6615 1687.1023820091316
6617 1687.0627262405765
6625 1686.9889286419984
6626 1686.6200750976395
6629 1686.4416110602108
6630 1685.8336514805058
6637 1685.7461893173129
6638 1685.0874057692804
6644 1684.908385245189
6645 1684.0539993587774
6649 1683.9839308746
6650 1682.9817639601365
6654 1682.7973427562308
6655 1681.563564918755
6659 1681.1465246742152
6660 1679.5540017061428
6664 1679.5354773866381
6665 1677.9639513569132
6667 1677.8970793773906
6668 1675.6857717304072
6675 1675.6626918561585
6684 1675.3200348345651
6693 1674.9969624113903
6699 1674.5862545665223
6700 1673.3584184959832
6710 1673.1539395642428
6714 1672.8823812589012
6715 1671.6492813169593
6721 1671.6283917195144
6723 1671.388390898883
6725 1671.1997724483304
6727 1670.8650262593487
6729 1670.388349499781
6730 1668.825187217291
6744 1664.2340861992493
6778 1664.1258541872755
6784 1663.4892906841985
6785 1662.492121162069
6811 1662.4608986873163
6813 1662.4093286291052
6834 1662.2410758852318
6841 1661.5976776570838
6850 1660.7963994906488
6855 1660.7371875899494
6863 1660.280904661884
6903 1653.6633926437494
6931 1653.047362723943
6940 1652.959722650861
6973 1652.6213677650828
6975 1651.572708568246
6990 1651.1621484788175
6996 1650.4453193492775
7046 1649.9736646219126
7048 1649.7860614417636
7052 1649.4796743282466
7056 1649.370223743953
7058 1649.3331933192835
7060 1648.9209252835449
7061 1647.6378985933172
7065 1647.4401669421188
7067 1647.0367710926248
7068 1645.4021844363017
7075 1639.0892902741957
7165 1638.9071298278445
7169 1638.6198382488046
7180 1638.5112352532385
7190 1638.4234477920731
7222 1638.3888584766526
7224 1638.2498018584743
7225 1637.6931967760393
7231 1637.66321845186
7233 1637.556470215458
7235 1637.3991086110261
7237 1637.2036711458863
7239 1637.054462855285
7240 1636.3452156739522
7245 1636.2766061021525
7247 1636.047863939744
7253 1635.8846997647274
7255 1635.8077249812552
7256 1635.1225943336237
7268 1634.9852873072891
7270 1634.7829116780015
7274 1634.6842213019227
7275 1634.0179914217433
7287 1633.9460210984619
7288 1633.3494368916147
7291 1633.19225495705
7292 1632.317040490846
7297 1632.182190582556
7298 1631.2224741663802
7307 1631.024808676705
7309 1630.6591153592926
7313 1630.4687024389957
7315 1630.2994633842393
7331 1630.263807897284
7338 1630.1854088204886
7348 1629.518372550756
7373 1629.3512365424542
7380 1629.2632297483597
7382 1629.2244716245111
7384 1629.0539954098604
7385 1628.4521579265918
7394 1628.4094519864316
7398 1628.3256082435898
7400 1628.1235436730774
7401 1627.5181134189547
7408 1627.4422925676304
7409 1626.826486606647
7412 1626.7993682470703
7414 1626.5270524506006
7415 1625.6068158357186
7420 1625.3766955774265
7422 1625.0453121913306
7426 1625.0127847896524
7428 1624.8572300395867
7429 1623.8938920268622
7511 1623.7311830970555
7514 1623.4578505124857
7561 1623.4564188795027
7568 1623.2969339699473
7569 1623.0172956020765
7575 1622.9521929857785
7577 1622.9131348620263
7581 1622.7722174027986
7582 1622.4278096645078
7590 1622.4241495770211
7592 1622.3306916720212
7593 1621.9903414582477
7601 1621.9735892727906
7602 1621.62842591647
7606 1621.502124461466
7607 1621.0125699021826
7612 1620.8727318946467
7613 1620.309412033375
7616 1620.2460179872285
7617 1619.4928807404194
7621 1619.4925610555522
7622 1618.6954043208084
7625 1618.323635102529
7628 1618.044399646969
7630 1617.7201803238752
7631 1616.4769299341235
7652 1616.4116744028688
7666 1616.3590351093974
7673 1615.9404328209607
7674 1614.9951409144564
7719 1614.1451941105727
7735 1613.8614572518338
7761 1613.6574017431142
7788 1613.5174000346954
7790 1613.0983111456162
7791 1611.8510445949214
7840 1610.3027099374906
7849 1610.180425240596
7880 1609.7429201253021
7912 1609.2927077575512
7914 1609.0173291464641
7918 1608.8245484210004
7919 1607.5786160172931
7936 1607.4507739059052
7942 1607.1435907127632
7943 1606.1861520392522
7951 1606.027094738694
7957 1605.7191229630055
7959 1605.5018552487563
7960 1604.5070205418747
7972 1604.2233997471797
7976 1604.0985371075226
7978 1603.780641404763
7987 1603.766285896133
7988 1603.1207119621245
