235 771.7799452776601
242 751.7408822755337
247 743.2031869996517
256 739.0979017782582
283 730.7720855797755
301 683.7131907789133
310 679.3320963862911
315 675.1080483256892
372 658.8945632135215
425 639.9961930014804
434 636.6269628596306
477 603.6371785897352
494 599.4894973350318
495 598.8830177149367
500 580.6900573911331
530 579.6630553934916
579 573.16174599175
624 572.3557728218559
638 572.1612432285706
640 572.1197536097511
642 571.3815541360107
647 570.9700895112793
654 570.4644138885016
657 569.7577905411115
658 569.3957623646604
667 569.1778136923274
686 568.2224527101253
713 568.0187005715638
740 567.6142287957042
758 567.1938166101189
759 567.1551609517252
790 566.8713598789898
793 566.8468515859616
799 566.6593053436098
805 566.6233474302944
810 566.2762294812742
827 566.0764325287731
846 565.9386021104406
885 565.8897695348493
888 565.7986121516207
893 565.6680242263934
950 565.661125217262
952 565.6593020355616
958 565.6573535943015
963 565.6520020636192
965 565.6444541336049
967 565.6411967980795
971 565.640007936676
976 565.6370688948432
978 565.6369001578548
980 565.6368681412964
982 565.6353776538742
985 565.6323121818734
988 565.6303962717079
990 565.6295882313885
992 565.6280968707091
999 565.6240235806183
1002 565.622168760447
1013 565.6215729229514
1019 565.6177060478091
1024 565.6163623096678
1038 565.6141295009343
1040 565.6137375062194
1056 565.6134763877088
1059 565.6131114113429
1063 565.6098918461207
1082 565.6085352859714
1159 565.6085313365272
1165 565.6085029116765
1277 565.6085027794303
1279 565.6085026557856
1281 565.6085026195542
1301 565.6085026119985
1303 565.608502611053
1304 565.6085026095302
1324 565.6085026074531
1382 565.608502607072
1404 565.6085026068577
1442 565.6085026066568
1446 565.6085026066386
1492 565.6085026066203
1584 565.6085026066196
1668 565.6085026066195
1676 565.6085026066194
1683 565.6085026066193
