294 -707.6813423671342
324 -717.5543881154243
332 -741.1709427770461
333 -743.3377022437156
343 -751.8053389296701
356 -752.9588507679347
364 -758.4062208850327
370 -770.791567466712
372 -774.4889647455816
411 -775.006512910486
452 -775.2159078034131
459 -775.5531735381098
484 -775.7724293304282
490 -775.9187084553866
518 -776.329850007734
527 -776.4986700094886
533 -777.1086114266623
537 -778.2606414998952
554 -778.2886455970388
577 -778.4652374687837
625 -778.518288044072
627 -778.7690842531592
652 -778.9495849986454
654 -778.9598633382161
673 -778.9692333385622
728 -778.9717531445435
768 -778.9733565570174
888 -778.9733660306977
899 -778.9733887027847
906 -778.9734471365017
956 -778.9737381029809
1009 -778.9737750138286
1035 -778.9738583280418
1040 -778.9739063350822
1048 -778.9739109594643
1090 -778.9739540169211
1123 -778.9739554275943
1125 -778.973968798685
1131 -778.9739730168117
1135 -778.9739781808064
1137 -778.9739811733955
1140 -778.9739820797536
1142 -778.9739824377616
1144 -778.9739881542152
1151 -778.9739905006536
1154 -778.9739942997181
1165 -778.973994956138
1170 -778.9739958243945
1174 -778.9739977170391
1177 -778.973998154201
1179 -778.9740059250992
1180 -778.9740087271144
1189 -778.9740098156648
1194 -778.9740102090591
1202 -778.9740104734932
1203 -778.9740167054504
1204 -778.9740190986674
1212 -778.9740195559252
1213 -778.974019956614
1215 -778.9740229098029
1216 -778.9740245705298
1220 -778.9740255038254
1223 -778.9740279034768
1235 -778.9740286384997
1237 -778.9740301426727
1241 -778.974033157248
1242 -778.9740337342769
1251 -778.9740359345408
1253 -778.9740370648176
1254 -778.9740390253377
1266 -778.9740414189077
1274 -778.9740422592931
1286 -778.9740441108177
1315 -778.974054057127
1339 -778.9740554572236
1342 -778.974057545181
1351 -778.9740587414335
1358 -778.9740617238982
1363 -778.9740740195805
1387 -778.9740771012885
1409 -778.9740787812269
1412 -778.9740796006083
1417 -778.9740815223132
1430 -778.97408170348
1440 -778.9740820438872
1448 -778.974082352797
1450 -778.9740833342094
1452 -778.9740834164326
1473 -778.9740834962134
1475 -778.9740835461384
1513 -778.974083562629
1591 -778.974083566057
1610 -778.9740835745761
1668 -778.9740835758491
1674 -778.9740835762859
1680 -778.9740835788683
1719 -778.9740835844117
1814 -778.974083585328
1816 -778.9740835854644
1824 -778.9740835854764
1826 -778.9740835855014
1827 -778.9740835857694
1831 -778.974083585779
1834 -778.9740835860212
1836 -778.9740835861664
1838 -778.9740835863879
1855 -778.9740835863927
1857 -778.974083586405
1860 -778.9740835864538
1863 -778.9740835864859
1866 -778.9740835864967
1868 -778.9740835865027
1870 -778.9740835865109
1873 -778.9740835866024
1877 -778.9740835866036
1892 -778.9740835866149
1894 -778.9740835866252
1896 -778.9740835866291
1900 -778.9740835866451
1905 -778.9740835866608
1962 -778.9740835866851
1979 -778.9740835866862
1982 -778.9740835866962
1984 -778.9740835866987
1993 -778.9740835867028
1994 -778.9740835867036
2000 -778.9740835867062
2004 -778.9740835867082
2007 -778.9740835867104
2012 -778.9740835867121
2022 -778.9740835867124
2027 -778.9740835867252
2030 -778.9740835867315
2032 -778.9740835867324
2068 -778.974083586736
2143 -778.9740835867369
2180 -778.9740835867383
2182 -778.9740835867385
2219 -778.9740835867392
2221 -778.9740835867394
2267 -778.9740835867397
2311 -778.97408358674
