201 -1923.692122347153
242 -2029.1600545980855
279 -2038.2854714289147
294 -2257.9181794411265
694 -2259.677097021803
750 -2326.7301419710475
773 -2343.1486565866617
828 -2407.7386543947982
832 -2411.091085204152
833 -2469.3962301964457
882 -2472.619562841798
885 -2490.205549946847
892 -2499.936940757729
905 -2544.8493476691997
913 -2550.010092872974
959 -2565.101955033696
1040 -2572.2087631124723
1042 -2581.0273674969903
1061 -2587.7218139138636
1161 -2588.7525183338626
1192 -2588.96426047223
1195 -2589.1554501260307
1205 -2589.514207306254
1221 -2589.6780230051013
1228 -2590.2137105555857
1252 -2591.2119939663494
1262 -2591.883996671244
1268 -2591.983686453137
1276 -2592.1900783213687
1342 -2592.217174451569
1346 -2592.2994715059754
1357 -2592.4345340149393
1366 -2592.507947185759
1378 -2592.584688804425
1404 -2592.634456220554
1405 -2592.6649095741286
1430 -2592.6689912440006
1444 -2592.729634744076
1467 -2592.7333457919026
1468 -2592.7524095527638
1486 -2592.762988244782
1512 -2592.767216756948
1517 -2592.776937743957
1548 -2592.7807798225585
1570 -2592.7827451381345
1620 -2592.7833149115236
1637 -2592.7854354330952
1695 -2592.785882137623
1721 -2592.78595520145
1726 -2592.7863881901076
1772 -2592.7865176478517
1794 -2592.7868214311434
1837 -2592.7868332672406
1842 -2592.7868657379813
1844 -2592.7868751510823
1851 -2592.786926238143
1852 -2592.7869743466053
1872 -2592.786991389945
1882 -2592.787011151212
1932 -2592.787018031716
1940 -2592.7870302568635
1953 -2592.78703589506
1954 -2592.787037545262
1970 -2592.7870695499278
1988 -2592.7870783613716
1995 -2592.7870790467687
2014 -2592.7870795615027
2033 -2592.787083274538
2035 -2592.787083835085
2045 -2592.787085533292
2053 -2592.7870885635502
2075 -2592.7870953093748
2146 -2592.787095607048
2147 -2592.787095636121
2164 -2592.7870957954024
2175 -2592.7870961944163
2176 -2592.7870962207217
2182 -2592.7870982949944
2188 -2592.7870987503175
2216 -2592.7870992396347
2234 -2592.7870993494316
2239 -2592.7870998124013
2264 -2592.7870999748675
2266 -2592.7871000787404
2272 -2592.787100493908
2284 -2592.7871005110956
2291 -2592.7871007788167
2321 -2592.7871010773856
2355 -2592.7871012287437
2362 -2592.7871014708417
2380 -2592.787101479852
2388 -2592.787101670766
2408 -2592.7871017229427
2431 -2592.787101793955
2445 -2592.7871018027145
2477 -2592.7871018323876
2502 -2592.787101849084
2514 -2592.7871018494798
2521 -2592.7871018822143
2547 -2592.7871018880196
2565 -2592.787101907087
2571 -2592.787101909683
2602 -2592.7871019138092
2608 -2592.7871019140525
2615 -2592.787101916323
2639 -2592.7871019235226
2684 -2592.7871019235718
2686 -2592.787101923695
2689 -2592.7871019247914
2692 -2592.787101925346
2707 -2592.787101926099
2713 -2592.787101926883
2739 -2592.7871019277586
2767 -2592.7871019278564
2791 -2592.78710192813
2819 -2592.787101928277
2881 -2592.7871019284066
2893 -2592.7871019284075
2905 -2592.7871019284303
2913 -2592.787101928438
2916 -2592.7871019284694
2920 -2592.7871019285026
2926 -2592.787101928535
2939 -2592.787101928555
2976 -2592.787101928577
2980 -2592.7871019285794
2997 -2592.7871019285803
3009 -2592.787101928585
3032 -2592.787101928602
3062 -2592.7871019286026
3083 -2592.787101928604
3094 -2592.787101928606
3098 -2592.7871019286067
3108 -2592.7871019286076
3116 -2592.787101928609
3122 -2592.787101928612
3146 -2592.787101928613
3149 -2592.7871019286135
3160 -2592.787101928614
3194 -2592.787101928615
3253 -2592.7871019286154
3272 -2592.787101928616
