366 3064.0351452655295
397 3063.9407460001416
398 3012.821550150843
426 3012.7449141473644
440 2994.260109151768
447 2985.9065317872746
476 2974.000424728606
478 2943.877246536003
492 2942.8408330788407
502 2922.1532460724693
504 2873.28358048346
506 2849.28677090133
595 2845.421059761694
601 2843.373844899066
606 2842.6833874971267
608 2842.0891669465595
617 2840.8143593440554
622 2838.897502326008
673 2838.3153465811597
687 2836.812200059764
708 2836.115484395507
723 2836.0737118260745
743 2835.769331113779
760 2834.9962776057987
913 2834.95842097952
921 2834.9445366718924
923 2834.8805185720266
924 2834.845236441611
943 2834.8330834921844
945 2834.8264470852882
946 2834.818951067341
960 2834.796872638927
964 2834.7907868151788
981 2834.7754430965833
983 2834.7188449394544
1005 2834.7158246730583
1030 2834.6878823539805
1038 2834.6763157513087
1056 2834.668262910841
1059 2834.6505003003467
1062 2834.624831646851
1074 2834.609731637237
1083 2834.5824139354886
1142 2834.5652182850026
1174 2834.558466961755
1250 2834.5578801373927
1253 2834.553285608321
1264 2834.552026390187
1268 2834.548758047732
1308 2834.5476897225603
1315 2834.5467394423176
1334 2834.5456098998457
1349 2834.545540390509
1359 2834.5452630738027
1382 2834.5448216480213
1392 2834.544794928255
1436 2834.544707035572
1438 2834.544644106907
1444 2834.5444914119503
1462 2834.544258801918
1473 2834.544199019875
1476 2834.5440991815476
1486 2834.544018898113
1532 2834.54399243599
1546 2834.543939568341
1548 2834.5439156129114
1585 2834.543899170216
1624 2834.5438965096364
1626 2834.5438704612184
1637 2834.543866844367
1659 2834.5438601117826
1689 2834.543852445805
1693 2834.543849728724
1727 2834.5438475683277
1760 2834.5438460444248
1769 2834.543846036732
1770 2834.5438446941
1784 2834.543844587945
1796 2834.5438441637343
1811 2834.5438436489303
1844 2834.543843173242
1864 2834.5438430385493
1869 2834.5438428254306
1872 2834.5438426523037
1904 2834.5438425814036
1907 2834.543842351434
1914 2834.5438422723096
1935 2834.543842227467
1941 2834.543842211381
1946 2834.5438421771905
1947 2834.5438420827572
1967 2834.543842074491
1995 2834.5438420512346
2002 2834.5438420425126
2017 2834.5438420132505
2022 2834.5438420051737
2023 2834.5438419298143
2034 2834.5438419129487
2116 2834.5438419112916
2118 2834.543841904552
2120 2834.543841898919
2161 2834.543841897098
2195 2834.5438418957883
2218 2834.5438418956346
2239 2834.543841895321
2243 2834.5438418950175
2246 2834.543841894247
2257 2834.5438418917342
2284 2834.543841891722
2314 2834.543841891108
2364 2834.5438418910344
2378 2834.5438418909293
2397 2834.5438418908357
2429 2834.5438418907797
2445 2834.543841890752
2450 2834.5438418907365
2452 2834.5438418907315
2455 2834.5438418906715
2464 2834.5438418906488
2477 2834.543841890645
2479 2834.5438418905837
2486 2834.5438418905064
2502 2834.543841890491
2560 2834.5438418904805
2589 2834.543841890467
2600 2834.5438418904578
2617 2834.5438418904546
2644 2834.543841890452
2653 2834.543841890446
2671 2834.543841890445
2677 2834.543841890443
2699 2834.5438418904428
2716 2834.5438418904414
2723 2834.5438418904396
2766 2834.5438418904387
2804 2834.543841890438
