318 1496.3543682588906
552 1492.7167110656362
564 1492.1353688959744
721 1490.9998960833166
841 1490.4728037735663
938 1489.7906482868634
1134 1489.0203128347987
1439 1488.8231949600136
1684 1488.760984277354
1759 1488.7463736232157
1946 1488.7312961975151
1990 1488.728135925957
2372 1488.7265658396905
2388 1488.7035249211797
2450 1488.6979571290635
2503 1488.6774103974626
2523 1488.67152709882
2573 1488.6711119415538
2672 1488.6629513088365
3065 1488.6623488077248
3433 1488.6614459964046
3459 1488.660689274324
3598 1488.6580259781165
5801 1488.657361717767
6375 1488.6572872748447
