205 945.0050336512628
215 828.2263627331989
237 665.5621698891584
295 641.5174382553271
298 640.5420824642493
322 587.7363006488941
349 510.2707173853581
361 490.1430657031083
398 476.36982882163323
399 473.72005635168136
444 459.81592781531003
452 432.2286568882332
492 429.24189464404435
504 397.55955548557114
658 396.7196464314642
703 391.14316433461113
705 376.1034165840295
763 364.997527107302
844 342.7317160363757
879 341.2117523346985
888 335.97317160940463
900 335.579996787146
956 330.21084696545864
1044 323.1798597986697
1059 321.4320989904619
1064 319.50600267289025
1109 318.58014443654156
1115 316.5855113241852
1116 316.2222614557036
1125 314.4223465056084
1129 309.5620931945716
1155 296.1115550045648
1267 291.4632248332455
1302 290.83963414257965
1330 286.7703446654909
1337 284.5045657579043
1366 282.82412441595545
1374 281.7819538260315
1401 278.57978231073025
1445 276.5227145902005
1468 275.3448173155288
1476 273.6085959382802
1493 270.4857405833745
1506 269.248871167592
1527 265.9288486887035
1626 265.8810999956302
1679 265.1475869747941
1680 264.8412619947919
1730 264.82319326857225
1762 264.7890889513057
1767 264.74206376465804
1770 263.7307939803235
1813 262.28364893556176
1925 261.7082943088209
1940 261.3741663884226
2005 260.95327052749525
2026 260.8695626490152
2048 260.72763757921126
2056 260.2752706104078
2063 259.77248691553615
2138 259.61022674302916
2275 259.32572182920256
2288 259.2715065713118
2298 258.80789176798913
2301 258.3488765783326
2370 258.32971859902074
2382 258.2782951297204
2400 258.2712839911672
2408 257.93132508145635
2459 257.9278835239047
2619 257.602647123438
2686 257.5815796932257
2803 257.2881020046646
2833 256.9246063614649
3112 256.5778791127028
3167 255.87717208544422
3321 255.52420132607364
3452 255.1950370980487
3520 254.9241353842858
3526 254.82305732867803
3596 254.5906965905236
3598 254.38485208100352
3614 254.1747810202995
3707 252.99080678628903
3783 252.52703650994934
3805 252.47615383187198
3824 252.25424427296466
3852 251.93473888115213
4048 251.09031760416212
4095 250.97925672365312
4155 250.55882766099765
4219 250.51547879083256
4504 250.37271198253302
4586 250.31114613839165
4656 250.12955829903862
4866 250.1035235872748
4871 250.08915952711158
4883 250.04039000493816
4919 250.0111008285074
4927 250.00601053668052
5057 249.9917218011073
5210 249.98182656806355
5682 249.8101167216081
5885 249.768538844103
5907 249.69367770822325
5927 249.64163196227173
6374 249.50328463691417
6443 249.44057922823524
6634 249.4283990639615
6690 249.3797004323762
6806 249.30321095462125
7186 249.25706281366266
7288 249.23699209339665
7582 249.16282918299186
7674 249.14094373411154
7843 249.10603411648145
7855 249.09949577013836
7927 249.09020104290585
7948 249.04986051743376
