261 -1967.7164002644158
327 -1982.5151809333572
380 -1989.1409159995103
411 -1991.0928782845397
416 -2009.1789705816636
513 -2011.871830405605
592 -2014.4154055003678
595 -2018.3868739780114
622 -2022.1868936592107
633 -2026.074304212256
646 -2032.0994927568147
666 -2033.0968027087363
668 -2037.3697224045738
678 -2041.5030838598846
686 -2042.496775612356
697 -2045.4142638967312
702 -2053.640042066473
746 -2056.4435863837152
752 -2056.847312628918
758 -2057.895534764113
775 -2059.1309431118857
791 -2059.3232495100447
793 -2067.9801417322315
805 -2078.954599717167
847 -2082.211555928054
879 -2083.497329600574
884 -2086.1830909751343
904 -2087.1809132766307
909 -2087.685099119983
922 -2089.23629496578
973 -2089.7158711372253
976 -2098.5507350751154
984 -2101.009432738439
1024 -2104.130863632537
1047 -2104.517511347262
1054 -2104.9363806267925
1075 -2106.1759879018605
1097 -2108.8474951479297
1127 -2110.5054543179976
1182 -2112.198074686273
1254 -2112.633802082144
1255 -2114.394279669384
1268 -2114.8877033159683
1281 -2115.2121361163113
1290 -2116.066940765519
1324 -2118.055451241632
1372 -2118.4625433683327
1430 -2119.7052647946216
1450 -2120.405162778573
1573 -2120.764969241264
1576 -2121.424523010693
1636 -2121.8334387807254
1680 -2122.0971789260125
1729 -2122.2545180988504
1739 -2122.3540368858453
1753 -2122.4019007491693
1775 -2122.713821232806
1797 -2122.846570824802
1803 -2122.978931318985
1825 -2122.991972443947
1844 -2123.0532810969235
1926 -2123.072160629743
1952 -2123.109231883516
2035 -2123.2114177347144
2043 -2123.325818381023
2058 -2123.414282015239
2222 -2123.503936263139
2281 -2123.604597160081
2295 -2123.614575281231
2669 -2123.7541604322932
2791 -2123.807106636094
2828 -2123.8215462574503
4470 -2123.849455969733
