312 886.4202146477952
429 859.8647304225045
444 807.8209719973318
455 804.9418062709169
457 794.532475401461
468 710.2942941185585
475 674.2566881162201
491 653.748931637104
534 626.4975188743547
555 575.4917139893148
589 563.0083228931607
595 560.3145026105722
601 536.3492529119628
635 519.8394610877717
666 517.8701398793851
671 504.83528467389334
680 494.2577729194514
685 487.0696621585155
694 469.7930110816576
699 452.500907565955
717 447.7148148175645
736 440.40051109888253
737 433.7588226287203
749 420.6860383128553
773 419.00173094091116
829 418.72613554815484
839 418.3435886211497
841 416.4305835908026
847 414.11126316587297
858 412.79026348881655
872 412.5516158018264
882 410.7273062068209
928 410.106970925322
945 409.66076627570783
955 409.2483575571697
960 408.6887495788643
1012 408.5150679331943
1015 408.26683895820895
1020 408.1409352508996
1024 407.8339185423661
1039 407.6448794976838
1064 407.60693834212816
1077 407.33875679255607
1087 407.30615591442927
1095 407.29230046694823
1099 407.26213120584237
1100 407.11715824138565
1120 407.0587526485649
1127 406.9916285358431
1136 406.9239469769509
1141 406.88446762878004
1142 406.88348646771516
1145 406.82234189728916
1154 406.7879004017691
1160 406.7876954758286
1171 406.75251738123154
1176 406.6826414295143
1179 406.6342096689333
1194 406.6155436641222
1222 406.57716327538935
1224 406.56060858130684
1228 406.5291087621687
1231 406.5288442458103
1239 406.49916891536833
1276 406.47852424950656
1290 406.4515806367622
1296 406.451448732347
1303 406.4510808230351
1313 406.4481297931823
1321 406.4452216941038
1342 406.4365611038036
1373 406.43005555854074
1392 406.42984709871416
1394 406.42932076292664
1405 406.4281141946026
1410 406.4263030545594
1430 406.42623987761044
1441 406.4257391895227
1444 406.4252578659574
1446 406.42299634641336
1466 406.42258356666093
1480 406.4223240347732
1486 406.42097535895346
1531 406.42077118153804
1539 406.4204552136182
1546 406.4203525532798
1585 406.42027031174166
1622 406.41985091903746
1638 406.41982389295936
1662 406.4197352686986
1666 406.4196839421584
1735 406.41966955284886
1746 406.41965201119194
1756 406.4196453986973
1758 406.4196330788535
1769 406.41962384782175
1805 406.41961365164036
1818 406.419597861168
1905 406.4195910028029
1914 406.41958950364415
1973 406.4195894623531
1999 406.41958818662306
2029 406.4195876834765
2067 406.4195875884616
2085 406.4195875226669
2111 406.41958743886005
2122 406.4195874293516
2124 406.41958738258523
2153 406.41958735742423
2189 406.4195873411805
2215 406.4195873321363
2236 406.4195873223075
2241 406.4195873200698
2252 406.41958731489683
2257 406.4195873050743
2258 406.4195873012129
2286 406.41958729879275
2301 406.41958729483474
2306 406.4195872932248
2321 406.41958729216367
2336 406.41958729173257
2343 406.4195872913817
2345 406.4195872899839
2388 406.4195872893863
2398 406.4195872887359
2405 406.4195872880101
2408 406.4195872872905
2432 406.4195872871169
2445 406.41958728615873
2455 406.4195872856402
2481 406.4195872846426
2490 406.41958728428347
2521 406.4195872839471
2555 406.4195872837654
2557 406.4195872835529
2570 406.4195872834537
2593 406.4195872834164
2602 406.4195872833035
2631 406.41958728329155
2633 406.41958728322504
2668 406.4195872831875
2760 406.41958728317593
2764 406.4195872831625
2769 406.41958728314677
2781 406.4195872831301
2817 406.419587283128
2840 406.41958728311704
2932 406.4195872831169
2946 406.4195872831168
2948 406.41958728311664
2952 406.4195872831159
2968 406.4195872831151
3014 406.41958728311477
3023 406.41958728311465
3056 406.41958728311397
3088 406.4195872831138
3127 406.41958728311363
3146 406.4195872831135
3159 406.4195872831134
