97 9178.272301839173
147 7586.731014295077
162 5828.440306998885
245 5725.760318834842
284 5321.53905612942
290 5239.443434531054
295 5176.163080977252
328 4813.914252331339
332 4450.429207508903
390 4403.777792428784
481 4360.74323061863
491 4339.010191374748
492 4126.085699841346
535 3849.0453488083053
599 3844.635693297779
612 3792.6805888771296
800 3781.95320758151
829 3773.9008318196657
833 3769.3231035798894
866 3753.3506914543877
921 3747.528520902495
946 3742.6296428464325
1003 3742.292318490138
1079 3740.1010250364225
1098 3734.3908977592223
1127 3723.5708993786784
1137 3722.692259796366
1165 3721.0531026974477
1308 3720.2562357793795
1310 3720.0921909431877
1312 3715.9879289400824
1379 3712.593450805473
1476 3708.8597820250707
1486 3708.172613735331
1493 3707.0172079804265
1573 3706.854116680282
1584 3706.4028840018304
1588 3705.427492064232
1618 3704.9034377496023
1638 3704.0150696431715
1710 3703.2495852309444
1882 3703.0617565132425
1889 3703.0397704759107
1962 3702.898114475531
1985 3702.8317461489723
2038 3702.7392091741453
2147 3702.711280009828
2161 3702.6233470595043
2431 3702.6229169054236
2475 3702.616715541736
2521 3702.6164449913454
2534 3702.616173306655
2552 3702.6114239356543
2650 3702.609472136546
2668 3702.6065904333855
3199 3702.606473543702
3607 3702.606466164803
3628 3702.606425476371
3898 3702.606424632132
3937 3702.606420218587
3992 3702.6064197489914
4125 3702.6064194530386
4173 3702.606416632447
4423 3702.606416455143
4428 3702.6064163046526
4437 3702.6064160883593
4458 3702.6064160266305
