447 2608.43325661011
469 2579.0414077138676
488 2546.1312320977177
491 2504.372338844462
506 2472.2760360752186
517 2470.435233552519
532 2469.6269544121024
549 2439.168130519749
558 2417.3507120295094
588 2416.768495649534
599 2399.493564040118
606 2385.3147253441884
629 2382.937011677611
655 2375.6060695478604
671 2375.226185281548
702 2374.513307031112
717 2372.892254287375
723 2371.8145034245135
736 2370.42529859793
749 2367.9269229238075
773 2367.6000040392673
784 2367.311515968393
792 2367.2458922843734
800 2366.730326412864
828 2366.054509927568
876 2365.998279461522
889 2365.7270904108855
936 2365.697535465054
960 2365.6345766166783
962 2365.626774991857
974 2365.6012634629383
978 2365.532799296462
1001 2365.5255961302487
1003 2365.52520624238
1038 2365.4994640551668
1046 2365.4946945393062
1060 2365.4875557504142
1062 2365.476333005133
1083 2365.4644295289877
1097 2365.4580923762433
1139 2365.450699167386
1152 2365.450297907015
1162 2365.4502626132967
1165 2365.449723289958
1182 2365.4492445136757
1212 2365.4490241310914
1222 2365.4464613084897
1228 2365.4460083473505
1237 2365.4452215952483
1262 2365.445144324563
1267 2365.4449701122735
1290 2365.4448536020022
1296 2365.444742957635
1315 2365.444704782658
1331 2365.4446454596905
1340 2365.444511458668
1342 2365.4443967536317
1356 2365.444220271356
1364 2365.4441648429756
1378 2365.4441249092106
1392 2365.4440563249004
1407 2365.4440130399103
1426 2365.4439985459585
1439 2365.4439553237066
1468 2365.4439514475607
1491 2365.443947964167
1505 2365.4439369084234
1519 2365.4439342197693
1534 2365.4439276452704
1535 2365.4439245170392
1540 2365.443923700296
1548 2365.4439098025177
1586 2365.443909156316
1612 2365.443908083923
1621 2365.443901915342
1628 2365.443898958403
1671 2365.443898666644
1693 2365.4438980788455
1702 2365.4438979609627
1739 2365.443897939358
1742 2365.4438974546274
1751 2365.443897234367
1766 2365.443896918016
1773 2365.44389670689
1794 2365.443896647885
1821 2365.4438963499592
1832 2365.4438963027715
1840 2365.4438961990136
1845 2365.4438961774363
1867 2365.4438960138887
1872 2365.443896005145
1927 2365.443895968516
1976 2365.443895941801
2003 2365.4438959338668
2014 2365.4438959208005
2033 2365.4438959160757
2034 2365.443895911938
2054 2365.44389591075
2058 2365.4438959077556
2068 2365.443895906222
2084 2365.4438958977717
2215 2365.443895897678
2226 2365.4438958976507
2248 2365.443895897214
2258 2365.4438958970563
2272 2365.4438958968385
2284 2365.4438958965275
2309 2365.443895896417
2311 2365.443895896173
2350 2365.443895896137
2366 2365.443895896133
2370 2365.4438958960827
2373 2365.443895896057
2397 2365.4438958960354
2408 2365.44389589602
2445 2365.443895895997
2483 2365.44389589599
2488 2365.4438958959877
2497 2365.4438958959818
2504 2365.4438958959727
2515 2365.4438958959686
2522 2365.443895895968
2550 2365.443895895965
2570 2365.4438958959645
2583 2365.443895895961
2668 2365.44389589596
2698 2365.4438958959595
2756 2365.443895895959
