646 1585.6849085380009
654 1583.6865003299772
666 1548.509049413394
687 1519.3483815728569
694 1466.4064734631493
748 1451.7328229070013
750 1424.2873934410147
776 1407.7526431311976
794 1394.8384340149737
830 1388.7979784970753
842 1372.273132712282
905 1372.1963177897615
910 1353.5682102130622
914 1352.2771585108433
955 1350.5318338007837
980 1346.7807061057044
989 1344.5332238299775
1000 1334.930360758317
1003 1334.0259631174076
1009 1332.5052819292573
1024 1327.2578413564515
1111 1322.9455911184934
1127 1322.923860643611
1129 1320.2412461528913
1131 1315.2119495062855
1134 1306.7717522928504
1142 1304.0898145910844
1145 1284.160578731694
1155 1268.0801199700202
1194 1237.1656156247973
1224 1231.2878520065808
1246 1226.0714055249177
1255 1180.450097979891
1276 1177.3729353619522
1290 1161.2168274495934
1321 1153.0447145632982
1350 1143.3038057594085
1366 1120.389455153036
1382 1119.5785091198616
1396 1113.3287408950207
1415 1111.131840023791
1418 1106.6476818180095
1442 1106.1553889928553
1476 1103.1190722030155
1503 1100.071783637928
1560 1099.6860443959192
1583 1098.8460226684133
1597 1098.4910503624494
1612 1097.72350259658
1632 1097.3437074682743
1643 1097.0646057066685
1699 1096.2056125042573
1710 1095.959870029077
1739 1095.8856696894345
1749 1095.8555227167867
1783 1095.8250186501723
1789 1095.6833277927522
1791 1095.3383906643576
1879 1095.3283438427302
1922 1095.320126156449
1940 1095.2551345732059
1966 1095.2270904578077
2038 1095.1857109869547
2107 1095.1840754044326
2112 1095.1828244846506
2147 1095.1745672741827
2192 1095.1736658186246
2245 1095.1730654272037
2262 1095.1727436422984
2309 1095.172534152799
2345 1095.1724190878217
2397 1095.172177382741
2513 1095.1718135511005
2710 1095.171790801423
2816 1095.171760544971
3021 1095.1717560545442
3088 1095.1717559891408
3133 1095.1717523185687
3154 1095.1717490549597
3354 1095.1717489471741
3453 1095.1717488369425
3495 1095.171748640556
3523 1095.1717485852741
3702 1095.1717485502204
3732 1095.1717485499858
3733 1095.1717485451102
