385 6454.894711871716
483 5905.34929034272
517 5828.30906766791
543 5689.524156554566
546 5324.663066653688
563 5236.1312489877955
573 4679.0631485871845
616 4415.280388992815
671 4410.321341204602
694 4381.070534121016
704 4322.40563175878
709 4020.5885265934917
833 4005.8836112798313
846 3881.8607449693136
852 3831.530745478623
943 3787.132744774207
946 3739.1139275874443
1003 3733.599546934934
1004 3710.9523884542914
1029 3672.4645826380724
1045 3671.9005294014232
1095 3664.173119345723
1115 3648.703371360502
1142 3630.3876670248346
1165 3630.3453538314916
1170 3597.049497043275
1192 3589.7080612457294
1228 3563.873715124204
1242 3549.92870326992
1254 3537.5306029562394
1277 3535.740278496483
1280 3520.2746608421767
1282 3491.6910902461595
1290 3490.4018141009765
1308 3461.5061923145677
1324 3439.4332765541003
1337 3437.257459641965
1343 3420.4494444490897
1364 3405.8871759129875
1376 3399.740580984321
1388 3369.467881097127
1446 3367.2235606110135
1505 3365.924248238554
1513 3359.301643164605
1546 3354.2999359897863
1547 3351.589662806259
1548 3339.9439138884904
1584 3321.308171455578
1613 3315.8502326124863
1704 3315.600295832735
1752 3314.822336003735
1754 3311.2317123998832
1800 3310.8741226104626
1808 3307.785528346758
1823 3307.17261890232
1830 3302.911773338694
1837 3301.608935254079
1850 3299.458647324858
1902 3295.8728442840234
1976 3295.0842655327356
1992 3294.7270539194406
2044 3293.7338263933975
2116 3293.151757450142
2127 3292.8483208083594
2161 3292.055915816121
2189 3291.9564140073817
2190 3291.0010144983275
2246 3290.9022356234327
2292 3290.2907938057674
2389 3290.2154667924315
2408 3289.9763708248615
2438 3289.7803005715195
2519 3289.7741926397666
2546 3289.740388238044
2547 3289.581402850431
2595 3288.9088846827403
2763 3288.057904407344
2774 3287.8105874035714
2848 3287.7570586648976
2889 3287.7114053342893
3095 3287.5942032378316
3113 3287.4156540502427
3146 3287.3558758836716
3158 3287.311251563492
3265 3287.267665700903
3358 3287.21723822056
3420 3287.1963696623125
3598 3287.183284382194
3624 3287.1789476287486
3638 3287.154004361528
3643 3287.153402748304
3645 3287.1452908108545
3885 3287.1078265990045
4117 3287.0992297044154
4176 3287.0888680447583
4191 3287.084039430167
4877 3287.061116883702
4919 3287.0507260074382
5566 3287.0435384721163
5799 3287.0435179651417
5905 3287.043389200345
6032 3287.043305504796
6071 3287.0432851077
6295 3287.043189633034
6624 3287.043189223498
6706 3287.0431834289843
6874 3287.0431817693075
7157 3287.0431808578273
7181 3287.0431806054144
