186 2094.9469835317277
223 2090.1709788166836
280 1981.5570981244084
375 1962.834014941667
430 1961.2751133235083
446 1955.7036735537026
735 1733.5676202825448
848 1715.3010007641376
884 1661.9965075517775
885 1658.323615363646
891 1650.778870391755
904 1610.9751396518914
931 1608.5527282840008
939 1553.76395901332
944 1531.737393141047
952 1518.6541422802636
1001 1509.4625493203494
1002 1487.9218889087122
1069 1487.8704118590445
1085 1486.5350485468684
1097 1481.9914805050953
1118 1471.5842960406462
1187 1471.06781561781
1203 1468.4293916095464
1258 1467.8688854796735
1262 1467.8068024555168
1263 1466.2948400184146
1290 1465.2620484717518
1315 1464.1390402662091
1346 1463.9258660347055
1357 1463.4529267606445
1373 1463.3954304396157
1391 1463.3896197113952
1405 1463.0460125685954
1410 1463.0378125369489
1441 1462.9372919431773
1468 1462.9224444781323
1483 1462.9177895129128
1486 1462.8933416013178
1522 1462.8876219867338
1542 1462.8842925528065
1546 1462.857101182597
1556 1462.8459582528365
1569 1462.8457621901448
1577 1462.845352884982
1580 1462.842606232762
1583 1462.8417635414132
1585 1462.8408785222357
1586 1462.8387062505221
1588 1462.837754782966
1608 1462.8367416042734
1617 1462.832915490169
1628 1462.8259620136573
1638 1462.8203836409339
1699 1462.8191090107523
1715 1462.8187712447004
1742 1462.8187161289509
1772 1462.8175085823475
1844 1462.8173310034417
1897 1462.8173026342097
1903 1462.8172964466537
1907 1462.8171214861752
1921 1462.8170181939508
1923 1462.8169993949145
1935 1462.8169645918165
1940 1462.816937777598
1944 1462.8169028200364
1949 1462.8168392814712
1951 1462.8168326799032
1954 1462.8168228997897
1956 1462.816801877384
1976 1462.8167659950439
2005 1462.816754548213
2014 1462.8167152173892
2038 1462.8167048966827
2045 1462.8167039025868
2058 1462.8166941493423
2111 1462.8166885886294
2126 1462.816686746201
2137 1462.8166862905418
2147 1462.8166840056076
2153 1462.8166834090077
2171 1462.8166828974008
2186 1462.8166813687042
2229 1462.816680802356
2238 1462.8166805099784
2245 1462.8166795815837
2257 1462.8166791725528
2283 1462.8166791617502
2292 1462.8166789090153
2318 1462.8166788713424
2326 1462.8166788137037
2336 1462.816678603292
2337 1462.8166785367305
2350 1462.816678440266
2352 1462.8166784215155
2383 1462.8166783860343
2397 1462.8166783612983
2398 1462.8166782881772
2408 1462.8166782674737
2444 1462.8166782314856
2516 1462.8166782272733
2521 1462.8166782164124
2534 1462.8166782100225
2540 1462.8166782055496
2582 1462.8166782052976
2591 1462.8166782022993
2593 1462.816678201575
2602 1462.81667819932
2613 1462.8166781991945
2633 1462.8166781985824
2640 1462.8166781981204
2655 1462.816678197864
2668 1462.8166781959953
2723 1462.816678195397
2739 1462.8166781951052
2767 1462.8166781950642
2783 1462.816678194993
2793 1462.8166781949174
2803 1462.816678194805
2804 1462.8166781947361
2859 1462.8166781947202
2867 1462.8166781946748
2889 1462.8166781946607
2908 1462.8166781946595
2927 1462.8166781946481
2942 1462.816678194648
2944 1462.8166781946406
2946 1462.8166781946322
2963 1462.8166781946243
2974 1462.8166781946088
2984 1462.8166781946063
3042 1462.8166781946043
3056 1462.8166781946015
3102 1462.8166781945997
3115 1462.8166781945965
3122 1462.8166781945952
3155 1462.8166781945947
3180 1462.8166781945943
3184 1462.8166781945934
3194 1462.8166781945924
3227 1462.8166781945913
