167 2545.17769134312
414 2508.091377193832
591 2504.4693908810054
597 2482.734392514894
601 2479.6714583846087
604 2467.151329083472
691 2464.6120076033108
694 2463.099991923383
696 2445.252536271756
704 2443.9961179563666
800 2438.475952782181
849 2436.3764564784246
868 2432.291734468587
913 2431.462305750229
941 2431.1519798655704
948 2430.534249468842
960 2430.48754320398
973 2429.332079312998
1107 2429.203311919629
1124 2429.156160038714
1127 2428.0574811935617
1152 2427.882184437824
1177 2427.499996162287
1263 2427.097269644597
1285 2427.014794357399
1296 2426.9803163888673
1300 2426.963850303618
1327 2426.961959631959
1356 2426.913909925738
1384 2426.8594659101586
1502 2426.8578771126663
1515 2426.846539190801
1519 2426.8453713072645
1524 2426.834914678329
1601 2426.8319220714766
1621 2426.830165597496
1649 2426.8261089265875
1656 2426.823948186676
1661 2426.821299467413
1698 2426.8212841295062
1738 2426.820893254396
1758 2426.8194718118298
1798 2426.819235663782
1867 2426.817506878744
2039 2426.8174902525384
2099 2426.817418492813
2135 2426.8173792685093
2144 2426.817312157108
2222 2426.817308320478
2505 2426.817307665468
2513 2426.8173024080206
2776 2426.8173022018755
2842 2426.8173020580844
3355 2426.8173016636065
4656 2426.817301593789
4716 2426.817300738097
5597 2426.817299782178
6441 2426.8172991853194
7014 2426.8172961372725
7155 2426.817295686865
7636 2426.8172939724645
