311 1955.1164117960811
353 1741.266792924443
354 1580.7667683289794
360 1495.7582431150474
372 1370.3774916183877
381 1348.3144886138712
466 1268.3919892940335
493 1053.2713199055631
547 927.4983123591701
593 775.8380539561405
669 763.2579571960732
678 735.9991095383153
686 712.9221366309248
694 686.9697574667204
696 613.5824732767506
802 593.3034772086656
826 578.6347051384955
922 565.6773963965884
947 532.1874004043921
959 529.5199558775951
976 508.3765635484772
999 504.6818969708171
1009 504.554279297936
1040 495.2431467694646
1082 494.49890395539376
1091 480.6421506887822
1100 476.7013333269825
1119 465.1600055729516
1221 464.98154129954935
1233 455.30278643764984
1235 452.8854150760379
1262 444.6667759057886
1265 440.4684279102564
1274 435.01129685394056
1284 433.2031327580713
1286 429.37242614653064
1309 425.37331583946934
1337 418.84197889226846
1351 417.0904756059107
1359 409.13617137008305
1398 408.5067188288785
1407 402.9780529079297
1424 401.9963741489479
1430 401.60370445080923
1431 393.7794215746878
1443 386.04327957518586
1449 378.0341562602217
1499 374.0132291757775
1530 369.0077203481514
1542 362.1178347160076
1583 357.6340904481368
1596 352.4830653496335
1673 351.4212463740132
1707 343.7254738139253
1791 339.74931993968556
1854 338.8316892993076
1862 334.6669439860874
1893 334.6542786093618
1935 333.14299388129217
2017 332.9583932492898
2027 331.9794634674546
2045 330.71432343785636
2078 330.3141668614381
2087 330.11152110072555
2180 329.87821249915527
2188 328.74979342898195
2213 328.3287364198168
2221 328.00762182221507
2230 327.45924949788804
2235 326.9016340953363
2309 326.6739925399652
2347 325.9404982681163
2388 325.2212214473048
2406 324.4362146298838
2423 324.42235488383136
2461 323.7540396147143
2468 323.0851120506267
2472 322.724875691946
2529 321.19267171985916
2584 319.5489295471295
2615 318.93874916104846
2644 318.4088849303432
2645 318.10395764439716
2648 316.89438139058353
2743 316.1525479563213
2755 315.9309605266706
2756 315.2454332100939
2807 314.98452158605653
2818 314.79788989296406
2835 314.37545768066565
2859 313.6975825833717
2945 313.2204317029536
2952 313.02644956012915
2972 312.87343768125237
3032 312.67603787630753
3101 312.58418955449974
3149 312.13869565270755
3185 311.71770229950323
3227 311.64958999527875
3229 311.64024093205586
3250 311.3274240993858
3287 311.2039682089497
3289 311.1229790416738
3346 310.95958900414877
3493 310.54473012499164
3565 310.1293069447769
3578 309.9870687170024
3581 309.87257386822984
3713 308.81304138059824
3728 308.34463232672675
3791 307.9706424750871
3807 307.2467782710892
3812 306.8566610164887
3827 306.79192127472515
3844 306.78899433599014
3875 306.6258205034116
3881 306.1541480774086
3889 305.94760397367514
3921 305.77029319392796
3978 304.84170279499045
4014 304.6081400291202
4055 304.53908760009773
4132 304.1326512448487
4154 303.6752990746845
4195 303.38125009958594
4222 302.8925159923664
4257 302.58647249117837
4294 302.5862662825917
4302 302.39133893673056
4306 302.315256675511
4339 302.26184139029755
4504 301.23947115862876
4525 301.1439741719743
4536 300.9288051504487
4542 300.85748082925267
4561 300.3861969207892
4647 300.37197066613436
4716 299.4958267168397
4766 299.00479829623293
4873 298.3987703738467
4915 298.3598601388991
4935 298.01049285771813
5060 297.34529309450664
5068 297.1877026830302
5089 296.97190682125586
5129 296.7867551988044
5133 296.74683941547437
5136 296.6395643757198
5171 296.5516730208516
5176 296.1246313054218
5256 296.03156510344724
5261 296.02995191910514
5272 295.98670321175575
5344 295.7285428702284
5364 295.6235239233286
5420 295.60151200129087
5436 295.50176835195685
5454 295.2551268977472
5522 295.24958396087993
5523 295.2006950004379
5598 295.14194124381606
5618 294.26015866947176
5661 294.2072960570208
5700 293.9600585830853
5706 293.8208048465181
5823 293.5489506972353
5838 293.5145730465262
5839 293.39750828841704
5875 293.04111845537864
5881 292.8394011125143
5885 292.78391735623165
5896 292.6993544967782
5899 292.22074077849356
5930 292.1694312405595
6055 291.91140825023655
6074 291.8364605045021
6102 291.6945719039741
6115 291.3938070433835
6142 291.21628510889764
6262 291.0318034405712
6299 291.023153934282
6320 290.86569436001633
6392 290.44381979234413
6498 290.1407543761735
6520 290.01305351693696
6577 289.250632752472
6587 289.1697733646838
6637 288.8469719273611
6686 288.1364526044961
6740 287.74379646886894
6823 287.4648688873878
6827 287.3930635306551
6848 287.3521863139519
6861 287.34236385049803
6946 287.2660133685815
7016 287.05614997118624
7054 287.0190601271434
7108 287.0174147993836
7139 286.79166842797355
7224 286.76374988897595
7232 286.72366209089137
7238 286.664433344054
7428 286.6241327083713
7456 286.6141576560609
7482 286.60701448187183
7599 286.5955633033992
7634 286.5929350618287
7752 286.592746431837
7829 286.5746792017864
7940 286.569905552426
