961 1322.303487250767
962 1310.1922252313327
976 1303.1481781637817
988 1293.039870076273
999 1273.9014870428728
1046 1239.500515196662
1083 1209.651042999701
1178 1177.6322423819583
1179 1143.5373027479866
1228 1055.631220545003
1263 1050.0728102902453
1293 1001.9039370623485
1298 985.1133452104235
1303 963.5022764725418
1307 962.4479954038701
1315 936.3766633322165
1340 901.9560013136959
1446 784.8890064268678
1712 716.004382521164
1735 694.1596134971085
1749 679.9499763513611
1821 668.6831647386043
1825 668.6121728210294
1947 651.7851828266715
2044 646.3559075607473
2229 630.4586401022033
