213 32350.00700700818
219 32342.20961233409
276 32340.024442711292
282 32336.979523955353
298 32333.690240065353
304 32332.30574446835
315 32331.419829341503
332 32325.12531192898
355 32324.354138287963
364 32323.10348246654
469 32321.5894139214
484 32320.003430638422
545 32319.466045525776
553 32319.299934594444
564 32318.91358848041
572 32318.57464884868
697 32318.462741807598
709 32318.454847806963
749 32318.38571398788
765 32318.34836881913
773 32318.33405255125
797 32318.273293647577
815 32318.269724615096
829 32318.257604550967
846 32318.225577486563
886 32318.170505124242
974 32318.14892185119
1006 32318.145961415717
1054 32318.138717279577
1059 32318.131502848588
1079 32318.129791824365
1205 32318.117261986816
1356 32318.114809099705
1368 32318.114377384438
1493 32318.114083128705
1525 32318.113866843247
1535 32318.113763061116
1556 32318.11338282513
1564 32318.113066413942
1613 32318.112938144663
1628 32318.11268461371
1677 32318.112543616815
1766 32318.112408992827
2082 32318.11237381071
2262 32318.11236469373
2487 32318.11234901342
2585 32318.11234516767
2867 32318.11234459912
2926 32318.112340996042
2957 32318.112340910655
3093 32318.112340873235
3384 32318.112340506123
4102 32318.112340474716
4168 32318.112340446198
4215 32318.112340417803
4323 32318.112340385425
4590 32318.11234038475
4763 32318.112340371972
