348 1956.0333519176322
351 1917.3943557074467
373 1909.3448677978613
392 1905.552025136405
417 1901.2912167042286
430 1893.4990868843265
475 1881.1791232167845
482 1878.0503500048073
488 1877.145074695993
495 1873.2967307956555
502 1856.2917717841112
566 1854.0838468394825
573 1853.9423563386724
578 1848.590145776511
586 1842.141432789364
643 1837.563264166802
671 1837.5150463020987
691 1834.6399906422803
694 1833.3471553037302
710 1831.4433582998774
817 1831.2689721356176
837 1830.9585169213044
847 1829.9453291968855
942 1829.9287521847261
956 1829.7349995951008
964 1829.6910434457136
993 1829.537784301721
1002 1829.4090084381771
1006 1829.2764302090904
1010 1829.14255740255
1037 1829.0534249602867
1062 1828.6395767326792
1072 1828.3575482494643
1119 1828.3400604206474
1125 1828.2881382822525
1138 1827.9704025516721
1191 1827.8291616382603
1195 1827.7540923490062
1257 1827.6579490661081
1263 1827.562217296073
1264 1827.5610762795447
1337 1827.5582238359266
1342 1827.4165383661164
1418 1827.4116673407843
1462 1827.3329178700653
1483 1827.3244912245855
1502 1827.2893593282963
1534 1827.2747622799802
1554 1827.25533713654
1580 1827.2541768054396
1605 1827.2486588595111
1626 1827.2477252754431
1629 1827.2386067283617
1638 1827.2058011343504
1752 1827.195967137097
1778 1827.1949616477145
1786 1827.1944043630622
1859 1827.1816111866133
1864 1827.1805410240215
1908 1827.1777540931653
1921 1827.1655168217283
1926 1827.1645981398628
1967 1827.155302713215
2145 1827.154638215773
2180 1827.1536052934614
2200 1827.1530242660783
2236 1827.152639355756
2504 1827.152214798016
2824 1827.1521126350233
2952 1827.1521115801324
3042 1827.151998284755
3203 1827.151988313814
3368 1827.1519853571917
3971 1827.151980697289
4006 1827.1519804765503
4027 1827.151976631679
4404 1827.1519761035197
5106 1827.1519753656357
5108 1827.1519747156296
5149 1827.1519745907913
5211 1827.151974568688
5270 1827.151974162061
5586 1827.1519740241135
5756 1827.1519739858447
5868 1827.1519739182306
6035 1827.151973851182
6253 1827.1519738460693
