357 2122.547587979092
390 2092.631066461844
469 2056.6862640780414
472 1868.0891522593004
475 1860.4463146908083
488 1767.4862553146825
497 1605.8052562385997
503 1493.9584859502068
513 1422.3901012919061
537 1368.647191356844
594 1318.2574586348624
625 1302.2567841039427
631 1122.197975335706
684 974.449442833842
717 727.8842813519542
749 684.7076057613519
760 679.9080144717325
764 605.3622221909852
798 505.11669487179773
848 483.47070093504163
861 456.5388682892942
875 386.85577575615696
1022 362.3425415767448
1046 346.85005429262884
1118 300.8993686284892
1125 287.0257273099026
1230 265.59049048302876
1257 262.58896816292986
1289 251.62101369722853
1342 243.85815444551525
1357 242.83772196525476
1412 237.37077073114352
1426 234.82180398560564
1444 233.01981278662004
1459 232.95918959780636
1523 224.60958668916464
1598 223.45940277756748
1623 223.2442492508005
4499 210.60388335720836
