398 567.3593488989873
413 552.2600153466104
430 525.111636697541
523 512.5490596972093
543 501.2840347061052
564 500.65356986248196
569 488.0103679196896
578 466.13923289437764
580 456.83105379643337
588 445.0553503199868
782 428.451205603576
787 416.88606450610075
789 412.1490660381152
805 402.0565176934161
823 396.4740194328838
847 396.2544972149094
875 394.7080009061534
900 390.4198189829424
917 386.087148291003
918 377.4003655479562
924 373.4383506397244
953 369.3959283167093
966 363.01212906133486
973 362.6432899702669
996 347.3311122167736
1063 339.70053087932035
1077 324.51692361315577
1095 323.90737106447966
1136 310.3118297629202
1156 309.6661506510427
1207 304.3360562807079
1222 287.4735860705085
1257 287.03166675902787
1302 283.23161471141657
1346 277.5264596708812
1381 275.09943974951574
1388 274.2856856537296
1407 264.08270467089903
1584 254.67973607741015
1667 248.1838820053133
2179 236.50694085534425
