324 10203.620630323616
325 10191.734437216484
364 8571.685786628737
476 8293.60642372673
520 8281.340825460116
532 7990.859352664926
563 7925.042777848997
567 7680.80185667674
586 7631.3591854149245
588 7342.696351099009
608 7131.284746719834
612 7002.232820017419
666 6909.5165194860565
667 6851.472111968435
772 6836.8811212272785
788 6730.5063795859105
792 6661.9596771045935
827 6642.809538114431
882 6629.206253468696
904 6598.156516225274
913 6583.612252349347
945 6567.913077097011
950 6557.699988898955
958 6553.201239636645
961 6537.348373152332
982 6508.457645804971
1002 6474.03238294879
1003 6460.656250938897
1064 6448.289788126309
1074 6433.200930929236
1097 6416.990133762032
1103 6398.184041505254
1158 6369.5988711204955
1251 6367.331452131851
1319 6356.782785453658
1321 6352.1286962449
1353 6344.863184322656
1358 6342.377782835922
1359 6340.0230023636295
1380 6322.800181511873
1589 6290.257379311194
1680 6272.369237196716
1688 6266.9203835583
1697 6265.656837299061
1867 6244.887085172612
1903 6242.8766677232325
1904 6237.163091843341
2218 6203.268360030005
4937 6170.661440379987
4966 6170.659169819084
6856 6170.658218793703
