230 2171.5224636527123
239 1887.2011254898548
240 1649.302483806085
295 1465.557902591187
363 1392.7480348960742
366 1359.3945199978234
436 1305.8095320275731
663 1303.1300868488263
677 1275.716524126486
737 1263.2340947229518
772 1252.1064983222493
796 1214.2732835328763
814 1205.958822026268
917 1201.8242187043804
946 1196.3266345350653
959 1180.2365674683504
1017 1179.6461933167454
1034 1169.3365909071656
1077 1156.896438978949
1127 1152.4430546079936
1210 1145.3249090723396
1213 1144.6675509148322
1281 1132.5168384916844
1284 1131.2322349210774
1343 1128.9382959457619
1350 1125.2249348219764
1507 1124.2954398059724
1568 1123.2427990824906
1594 1123.1249273981932
1609 1123.0441232303453
1610 1122.9580331261907
1617 1120.2460915515321
1632 1115.2256044827488
1831 1112.3680107271364
1859 1108.921921348846
1867 1108.1947421754448
1888 1107.2211691006585
1908 1105.3393973042018
1976 1103.6607111449903
2188 1103.2250290056304
2229 1102.8908866047054
2268 1102.019316097985
2327 1101.7577689308234
2341 1101.3200741880794
2361 1100.9820290890013
2422 1100.0219480220537
2457 1098.8252373534567
2503 1098.7546175707394
2504 1096.5201208835335
2608 1095.2517538116592
2615 1094.794332459445
2630 1094.483035590489
2634 1094.2866760077993
2668 1093.8280428662451
2715 1093.7469893767932
2739 1092.1627672109285
2746 1092.065920823719
2793 1091.6500776590653
2824 1091.492945307133
2828 1090.996619632182
2873 1090.5251107089948
2927 1089.8561487483819
3023 1089.3871491660395
3043 1089.0630743165382
3065 1088.8492951163457
3074 1088.2538330934967
3190 1088.2064861755268
3217 1087.8543468728424
3243 1087.5361729601511
3282 1087.4681216933056
3285 1087.0661226787502
3353 1086.5772646526698
3450 1086.0831133098045
3600 1085.6203031180212
3686 1085.0065869229993
3689 1084.7858413442025
3727 1084.4919508547077
3763 1083.4749072070945
4012 1083.3293233356337
4063 1083.2844999823494
4078 1083.2408979498764
4160 1082.5277033947248
4227 1082.2153400242805
4280 1082.096534666511
4318 1082.0530238996341
4441 1082.0478853552024
4472 1081.693467452403
4483 1081.4753003262508
4526 1081.0487472132174
4581 1080.9525580047734
4619 1080.4932979838907
4793 1080.2332317597309
4893 1079.9477114325614
5014 1079.885755726292
5093 1079.8331086550306
5144 1079.580018513341
5203 1079.5410778564399
5277 1079.2085622037002
5369 1079.1325588974314
5502 1078.5247112535394
5522 1078.404816137644
5624 1078.3628494576005
5691 1078.0600366880954
5763 1077.8917723269353
5875 1077.658258172152
5894 1077.5309296405417
6061 1077.3275484210876
6088 1076.9572385689419
6290 1076.9304034350544
6308 1076.6978897179179
6324 1076.5362558262975
6337 1076.3997185790338
6468 1075.916511612283
6576 1075.84752270238
6670 1075.6442463406024
6684 1075.508381933668
6792 1075.476360262827
6950 1075.434439727608
6989 1075.093083883045
7028 1075.06693154268
7124 1075.0623790102434
7170 1074.872579232052
7198 1074.6058953864697
7289 1074.3901597779732
7313 1074.2892160420445
7374 1074.2022594127716
7406 1074.1352938915286
7522 1073.83557244762
7694 1073.7505549652824
7771 1073.4539201358834
7855 1073.3996150765622
7874 1073.3721347171886
