623 1236.2417586895258
657 1220.2302316692285
663 1193.838636323752
674 1188.872253098828
749 1132.9060578809213
754 1122.9847131005035
766 1102.8347589690256
792 1093.2896313509605
861 1087.5768777616117
863 1070.752037891724
879 1052.47371247403
883 1038.401289266392
893 1035.6647864044912
899 1023.0496815566576
904 1003.3230107527029
966 989.5492712633978
1024 984.1782501368148
1025 983.6485095358059
1062 969.0805172872928
1222 962.6939295792216
1257 960.054641456979
1299 948.6950580914852
1320 947.6679925952839
1343 943.3588681102399
1375 935.7097701384923
1418 930.8774831292694
1459 928.5816029840471
1471 928.0782324480747
1493 926.6203505112172
1505 920.7013543161053
1506 917.2540011544379
1514 916.5303684312789
1534 911.5576019284134
1626 902.9120020933749
1649 901.6651197128567
1679 898.8412103637133
1689 898.0168000306858
1695 896.3968108400752
1781 894.5654450462293
1841 888.9718229184055
