236 1796.1587710230028
305 1673.8959067744836
317 1628.515542559021
336 1583.6915732116993
346 1522.4745470089838
348 1420.0101869948887
384 1400.87811453925
438 1328.7256699902498
463 1189.0736250684593
472 1130.6331753988331
525 1116.0070859471205
574 1076.0713654234855
587 998.1452235061488
694 983.679360200323
708 945.7262173545237
716 909.6028188368807
750 895.2832238809395
847 891.863522068109
858 890.8286083433856
865 877.9599612463957
880 873.1517498941554
915 818.9506320707328
947 818.74980382238
958 806.0419111448746
1003 760.1903053209978
1004 754.1718535469529
1046 737.3114548435539
1141 715.3505173521753
1224 702.2861396984415
1234 701.829287255571
1257 697.9412028869348
1276 680.2409440445083
1313 674.8244958747678
1346 668.585990498289
1363 661.9325984208921
1378 660.1978864959872
1382 647.9211503884025
1406 646.7043380137765
1425 627.2141118666107
1466 607.8941768034808
1472 607.3903567417311
1500 599.2493408294828
1504 588.131019874431
1531 585.90799382973
1547 581.7406668510782
1570 580.3012570546338
1596 575.8051696860723
1609 575.7223124390352
1648 562.2613648357965
1756 556.3359523384241
1770 556.148572408566
1793 543.3763913214182
1884 535.0953560188314
1925 531.8680925978459
1985 524.9449716208911
2046 522.0880114717427
2079 520.8565790187856
2139 517.7475021683232
2190 517.2701599209907
2311 516.1951713030703
2393 514.8140189724194
2396 514.3398452933961
2408 514.1130015341934
2424 513.3088937913519
2456 512.6062294585856
2542 511.9711737632379
2755 489.721571162019
2780 485.52295094667454
2787 484.44629699501945
2803 483.12976470484995
3011 466.3443932956727
3062 461.0004731902638
3082 459.8052178257361
3090 457.3911001690405
3092 456.1436159494388
3133 444.1811019373049
3240 442.27396052902117
3253 438.22412944527287
3258 437.8110235371668
3304 435.78542123953304
3373 432.51528500900673
3440 430.82414938890497
3479 429.3477522809641
3526 429.24206176178393
3529 429.1122860616432
3595 427.21423878627394
3665 425.3317476674499
3775 423.39568445631966
3826 423.12273076461935
3927 411.6021652248296
4097 409.352222072393
4127 408.1263389434644
4134 406.61780891508823
4243 406.46510543299485
4262 404.3408438778856
4435 403.9883747037071
4568 402.6167448670165
4896 402.5322880956812
5007 401.39879915398706
5055 400.4779262807922
5117 399.79201242598964
5198 399.47291091635134
5243 397.5252617653638
5255 396.53446060986664
5400 395.3952675164206
5616 394.39521267916393
5763 393.8645673444045
5770 393.6275090574
5938 391.5216530699757
6186 390.20297647331813
6191 389.88146606784096
6276 389.6411481991011
6277 389.5360435570497
6505 389.31881698870325
6579 388.93348221404455
6583 388.5122516572566
6838 386.1349265588307
6966 386.0556858904488
6971 385.96635296309506
7103 384.9926660329338
7422 380.07828149792925
7435 380.0347854309873
7437 378.61246274978146
7533 378.1126562526425
7543 376.6433528855289
7762 372.3703170054612
7859 371.86909678536244
7891 371.7650740045577
7932 370.3515572241063
7941 369.2848852639754
