183 -1724.762719784566
191 -1729.0492197977424
193 -1763.167559625597
267 -1770.8189689975768
276 -1792.5305030691493
382 -1793.9660638935034
383 -1795.6198359892323
454 -1796.969412358891
456 -1800.032130429397
514 -1802.4439045107968
537 -1802.5908303744611
554 -1803.2891865503573
617 -1803.7829157518759
635 -1806.3597732671349
690 -1806.712637839823
715 -1807.324454156691
758 -1808.0462951927586
803 -1808.0738735883972
822 -1808.7599299949738
963 -1808.802574768618
974 -1808.8783518333044
986 -1809.0407370506566
1064 -1809.1475907122142
1072 -1809.22045673922
1190 -1809.406261961161
1222 -1809.4938442480748
1245 -1809.5209718004855
1249 -1809.5336069823932
1310 -1809.5520348000427
1342 -1809.5899650136885
1356 -1809.625588583685
1386 -1809.627632353271
1389 -1809.680072944443
1439 -1809.6830900310747
1450 -1809.6870754242855
1485 -1809.6942434988432
1486 -1809.7196445632535
1562 -1809.7488149399057
1616 -1809.7605203537
1622 -1809.7740216934048
1634 -1809.7812244905622
1692 -1809.796100101829
1697 -1809.8005801232166
1936 -1809.8010791437448
1943 -1809.8098598247607
1946 -1809.8141910671693
1964 -1809.8144504691095
1995 -1809.8167702686326
2042 -1809.8175959148725
2058 -1809.8186203586174
2075 -1809.8189695094738
2217 -1809.8191175014667
2225 -1809.8199175153882
2249 -1809.8200723920604
2288 -1809.8202900074189
2350 -1809.820494985777
2431 -1809.8206319729566
2438 -1809.8207119348672
2443 -1809.8207482188259
2530 -1809.8207527947409
2543 -1809.820816575922
2585 -1809.8208285890498
2616 -1809.8208300212057
2855 -1809.8208307014877
2895 -1809.8208316219632
2987 -1809.8208371676935
3283 -1809.8208375125807
3441 -1809.8208377637982
3527 -1809.82083786279
3532 -1809.820838261286
3651 -1809.820838304745
3703 -1809.820838353919
3826 -1809.8208383592498
