631 1959.7061486068214
686 1959.3721651697779
696 1950.663941851575
735 1948.7088893683574
766 1948.4601828885147
810 1947.4342129909896
898 1947.2161591414645
936 1945.9280592068214
1147 1945.8082687744918
1148 1945.7323225951754
1174 1945.6444409011997
1180 1945.5919995088566
1249 1945.481530467834
1356 1945.4704527190124
1367 1945.4431637730843
1434 1945.4390751808614
1536 1945.4101292383405
1661 1945.4100331828024
1678 1945.4071611858396
1688 1945.3834079697137
1888 1945.383212069605
1922 1945.3813540438277
1947 1945.3789380943092
2009 1945.3785705029154
2054 1945.376768990634
2300 1945.3766861305471
2308 1945.376460125567
2321 1945.3759542512048
2383 1945.3759158931152
2504 1945.3756758628733
2756 1945.3756573847045
2776 1945.3756565412314
2838 1945.375640175986
2932 1945.3756385586744
2958 1945.375615570367
2964 1945.3755883747012
3176 1945.3755882865994
3528 1945.3755879756163
3574 1945.375587610679
