548 2352.5352848213342
552 2348.3325137036277
557 2326.918584776218
564 2310.727646737369
622 2285.5784566337343
675 2261.4571550443766
766 2244.436246560054
769 2230.0326897141817
790 2229.821997274569
797 2227.880617503236
801 2221.036196994332
803 2217.1072525727136
806 2215.52979611798
848 2211.8170439838636
854 2206.2205048284177
860 2205.713769242535
862 2195.7800806271753
882 2193.492185906712
894 2184.9641998652687
899 2179.2233801411307
910 2174.9688346587145
981 2168.880959155113
984 2143.842216523448
1002 2139.8088509133095
1063 2132.8205547264147
1065 2121.5422593339445
1239 2112.3735492322194
1241 2095.920092849154
1273 2092.908798495183
1359 2072.038920607668
1470 2028.542486237877
