156 502.26229419263836
163 275.3332024167603
280 254.8008682934701
285 252.11922652848983
288 238.26954669748443
301 219.82564577808535
345 219.2210321848889
356 217.0434673548794
362 212.90622145806933
366 212.32276595838076
385 212.10928734927202
387 212.0079673852163
388 208.8160015666631
397 208.78372942173468
408 207.3630261180278
426 207.17285107594435
468 207.00835172155232
470 206.52678780986696
625 206.3878636336018
705 206.36264812939444
778 206.3537631220295
842 206.3507264113807
843 206.35029308557435
996 206.34990751084132
1047 206.34988788417522
1185 206.34988105819545
1207 206.34987883134497
1366 206.34987814807764
