191 3622.774643743899
201 3565.540102813444
208 3418.8521494019114
213 3390.5425623172837
222 2751.786479718441
230 2130.6851351777195
285 2104.464844506701
289 1856.6537121497402
296 1822.9792877221887
311 1784.2115602494312
331 1741.316780936372
373 1728.4163790282523
380 1727.2944376520784
406 1715.9563266906312
418 1714.5566189861038
426 1701.5772360580247
432 1692.8932091878962
450 1685.0791220672884
461 1679.079268084991
492 1674.4249591137877
495 1666.9696353202853
513 1665.8300508719183
517 1664.3037068889614
547 1659.59429322046
548 1658.6818306353164
551 1658.4561677799772
574 1655.8409306123117
607 1654.8308659791617
614 1653.3664913156515
627 1652.4103999824215
687 1649.6377007348888
764 1649.1963408070355
810 1649.0518941973176
811 1649.015567561828
911 1648.9263363754433
919 1648.9237649002134
960 1648.9194358575635
1068 1648.912631213022
1077 1648.9121690543705
1122 1648.9117479110105
1187 1648.911479194088
1198 1648.9112997978273
1283 1648.9112504549944
1349 1648.9112091758977
1498 1648.9111793845273
