45 -3049.7787564404216
58 -3102.2570040332894
307 -3150.459986952083
330 -3154.0621217515213
333 -3166.507588347926
345 -3167.2443896224277
355 -3169.082403067261
362 -3169.1705677348996
364 -3169.309004292976
367 -3169.8344772607475
408 -3169.8394724189766
409 -3169.8564401799554
441 -3169.8576406545208
454 -3169.8583673165012
492 -3169.8584168518487
495 -3169.858472987052
504 -3169.8589262959626
508 -3169.8594471413144
513 -3169.8596401286295
553 -3169.8596551525407
606 -3169.859656116653
611 -3169.859659115277
647 -3169.8596594527826
657 -3169.859659505635
683 -3169.8596595496283
700 -3169.8596595573026
710 -3169.8596595718896
716 -3169.8596595915415
732 -3169.8596595933186
735 -3169.8596595976433
764 -3169.8596595981467
770 -3169.859659598705
799 -3169.8596595987374
814 -3169.859659598808
818 -3169.859659598819
833 -3169.859659598826
834 -3169.859659598862
835 -3169.859659598872
840 -3169.8596595988733
843 -3169.8596595989056
849 -3169.859659598908
876 -3169.8596595989084
891 -3169.8596595989097
893 -3169.85965959891
904 -3169.8596595989106
