181 651.5312550566271
193 640.161071074714
201 599.8389314584405
216 598.1541210317081
234 586.9315935890828
251 573.7831222124565
285 571.3419157369701
290 567.7362218306623
293 566.1037269171832
308 564.0087314316642
323 563.2865340202695
324 562.3213777103603
328 561.7482344657914
331 560.2439214726304
332 555.7154612334464
355 554.2491467299163
371 551.6909097665311
381 550.7950322875987
387 550.7876748279473
402 550.7514034298235
403 549.4324666571346
414 549.0971448659338
422 548.3882135738055
436 548.3715715562488
437 547.8841130979715
444 547.6639530190583
492 547.4733456992819
504 547.4044104163806
509 547.3956889320494
513 547.3433438021184
517 547.2026551440136
519 547.1208166194128
520 546.9015162503881
558 546.8553430324007
602 546.8168361580614
606 546.7518234881675
613 546.7326698887746
616 546.7094749355024
625 546.6392278699244
691 546.6334020404108
716 546.6083824847244
718 546.6062116412819
766 546.6058985253542
770 546.5920655555543
788 546.5871775758537
792 546.585981919544
819 546.5834542351156
825 546.5798159850294
850 546.5761608239316
921 546.5733925554146
1041 546.5729745757567
1138 546.5729343015953
1148 546.572926177198
1273 546.5729058866315
1346 546.5729035742851
1506 546.5729025265721
