51 919.7030399801966
56 724.6477516184601
65 688.4788100826493
88 677.7630403819245
93 648.3200960017101
95 543.0763627480598
104 528.054759125648
118 495.0454899633217
122 485.52011580709717
151 445.1824250727443
192 437.7894520188927
204 431.57909907244857
206 421.21698975631534
253 419.2404475019706
305 415.20313378153764
311 413.67059680415997
382 413.5868086878581
448 413.5343234528575
497 413.5296608254548
596 413.48396622584363
681 413.3725662264989
699 413.3429625137851
809 413.3024095645133
894 413.2756000420467
982 413.2684255178458
1217 413.2611266333693
1268 413.2557625373906
1273 413.25232374598625
1488 413.21670672980594
1765 413.2122420691076
1779 413.19919691958063
1789 413.1880193801234
2041 413.1855920043948
2177 413.1756856530762
2263 413.1729070576545
2264 413.1706500470621
2291 413.1692762530904
2330 413.1669163233899
2372 413.1663743513333
2388 413.1651322293301
2397 413.165106686989
