266 1245.5382771275058
275 1245.4667776537215
277 1245.4404111778904
310 1245.4402069409098
342 1245.439133307087
355 1245.439116949336
362 1245.438909524605
366 1245.4388953263801
367 1245.4387982239878
373 1245.4387633770775
377 1245.438666736858
380 1245.4386417057335
383 1245.4385642013515
389 1245.4385003476186
396 1245.4384974685086
397 1245.4384892995668
406 1245.4384698367917
421 1245.4384681304416
422 1245.438462558039
423 1245.4384613138873
430 1245.4384584038373
436 1245.4384548526784
445 1245.4384546959873
454 1245.438453455604
457 1245.4384517504523
471 1245.4384512642232
476 1245.4384511439166
485 1245.4384510809537
486 1245.4384506281096
492 1245.4384505291034
495 1245.4384504165937
510 1245.4384503626666
523 1245.4384503557483
539 1245.4384503414642
593 1245.4384503410267
606 1245.4384503408835
613 1245.438450340748
618 1245.4384503406022
621 1245.4384503402948
629 1245.4384503399967
631 1245.4384503395888
640 1245.4384503395863
650 1245.4384503395152
689 1245.4384503394979
713 1245.4384503394897
737 1245.4384503394874
768 1245.4384503394872
776 1245.4384503394867
781 1245.4384503394865
792 1245.438450339486
799 1245.4384503394858
807 1245.4384503394856
818 1245.4384503394854
