145 1038.5635207588873
146 1026.7115983122112
159 854.6819296098068
172 829.692865525468
179 753.641894015518
201 741.6911645185228
226 681.2426068061549
245 665.9174938676072
259 628.259082041074
272 614.090709783262
277 603.9383073571298
291 600.5426690326796
296 589.0515018385286
307 587.6513931819331
315 587.4400381062346
318 583.5506805794921
325 580.4274532663136
329 579.7361438271349
331 573.9751539265928
345 572.9055316927764
356 571.2914810412359
367 568.801204453705
377 568.2580924903286
388 568.1409154500573
393 566.0728594226135
395 565.8409560060051
418 565.3868012547615
423 565.334621952479
425 565.2998695675997
432 565.0602980220617
433 564.6179646163754
451 564.0607626279808
480 563.2228878461849
492 562.4453247816749
574 562.0875460421049
583 561.9847534185038
667 561.8634301232304
671 561.8568406421256
823 561.8277434365497
906 561.819437484262
943 561.8188560116436
1101 561.8179889386722
1133 561.817966558372
1161 561.8179536819229
1163 561.8179522634022
1216 561.8179439366969
1334 561.817942067186
1404 561.8179415587455
1414 561.8179411663631
