130 2349.0406251261156
135 2344.0525572293654
169 2336.190150734531
192 2336.0340633706455
194 2334.623840073357
208 2334.4241620036196
215 2334.2844379267062
226 2334.282284795244
227 2334.245423171421
233 2334.2214440286166
244 2334.193916514683
247 2334.1634744738535
286 2334.1619879377013
290 2334.1461630812337
300 2334.14303478502
310 2334.141919832799
325 2334.1390438351773
330 2334.137989507754
342 2334.137264508843
349 2334.136831728684
355 2334.1368077537213
384 2334.1367819487277
389 2334.136763377952
445 2334.1367625600965
461 2334.136762287782
508 2334.136762277104
509 2334.1367622663056
522 2334.1367622549215
523 2334.1367622469006
589 2334.1367622466432
597 2334.136762245805
616 2334.136762245607
632 2334.1367622455787
641 2334.136762245204
657 2334.1367622451544
669 2334.1367622451503
678 2334.13676224506
685 2334.1367622450325
722 2334.1367622450316
732 2334.1367622450293
735 2334.136762245028
739 2334.136762245027
765 2334.1367622450266
797 2334.136762245026
