50 -1431.735882408833
54 -1452.4560168009007
95 -1470.4094186077148
158 -1489.754168350553
188 -1515.565025206451
215 -1521.114582804855
226 -1561.8821052171427
233 -1563.1878370970235
305 -1564.2213966117063
306 -1573.22415515191
310 -1579.060863399779
317 -1589.4342601306391
325 -1597.2242815569732
329 -1597.6103451971496
343 -1606.4926732701108
349 -1611.3115251588174
362 -1611.814633721366
367 -1612.380921433616
372 -1613.5019481168251
382 -1613.6034810398974
387 -1614.3284230359218
396 -1614.5004546811278
402 -1614.6905967697749
426 -1614.694982399376
436 -1614.7126056491945
447 -1614.7217872836673
463 -1614.7283875779012
495 -1614.728528714877
504 -1614.7291811436671
517 -1614.729248709155
565 -1614.7292515073525
574 -1614.7292842777745
578 -1614.7293097360857
592 -1614.729320192011
605 -1614.729322181337
611 -1614.7293272986149
625 -1614.7293283397626
628 -1614.7293301279888
655 -1614.7293303106362
657 -1614.7293307176956
693 -1614.7293308157036
722 -1614.7293308257981
731 -1614.7293308355554
770 -1614.729330838023
776 -1614.729330840467
777 -1614.7293308411208
797 -1614.7293308414496
803 -1614.7293308415597
823 -1614.72933084175
834 -1614.7293308418398
843 -1614.729330841867
870 -1614.7293308418675
899 -1614.7293308418705
910 -1614.7293308418716
917 -1614.729330841872
922 -1614.729330841876
935 -1614.7293308418762
979 -1614.7293308418764
995 -1614.7293308418766
