35 1697.2366402671785
40 1106.5661855133474
45 942.7072390134712
51 814.7091390914145
56 706.0067358672352
94 614.5822249278307
98 597.4472516930052
179 588.1658671860432
202 574.3409311166754
207 545.3130761443706
214 515.0028860137809
216 490.98255306091914
232 447.21632142881873
238 420.96192006399997
261 405.6574642141772
264 395.2429333018892
291 391.61635011862296
301 370.62689681789647
336 370.15727573760455
357 369.15079776616585
366 368.2333282050071
368 366.83435851906586
370 366.732742320576
373 366.7172017241987
377 365.82617891459586
413 365.47929494563573
433 365.2586894071817
455 364.7356643506499
508 364.59016860446883
556 364.440272249976
593 364.40371382550796
611 364.3780274934026
619 364.3697495128659
639 364.35243930143497
749 364.3518400388719
765 364.3509662622362
824 364.35090153551744
843 364.3496818582258
875 364.3496218947302
888 364.3495701163482
911 364.3494230630608
940 364.3493363687159
964 364.3493030142108
1048 364.3492905673263
1052 364.34928168277446
1054 364.3492761139193
1061 364.34926731393944
1070 364.3492618328883
1101 364.34925000581336
1185 364.34924972834864
1211 364.3492494523422
1253 364.3492493930837
1273 364.3492490342221
1367 364.34924903294456
