109 -4491.148663549965
135 -4521.360438679726
191 -4524.00525407288
215 -4525.108660524552
232 -4525.925750888076
243 -4526.622776951221
252 -4531.071471937739
260 -4532.520823097761
264 -4534.203392499018
318 -4534.359644579874
323 -4535.1758819025745
324 -4535.198886435214
336 -4538.684802888169
544 -4538.7055611441065
548 -4538.820618746943
561 -4538.85743913294
564 -4538.957242453522
572 -4539.224377179233
582 -4539.493239465259
586 -4539.52433523519
613 -4539.528476908818
630 -4539.669801713015
689 -4539.699684123872
693 -4539.746364427621
700 -4539.756430463216
705 -4539.758117671322
725 -4539.761622551739
735 -4539.846570378993
830 -4539.8498839026815
850 -4539.8602615429945
860 -4539.860402803211
875 -4539.865636667347
892 -4539.866322580304
904 -4539.868142812405
943 -4539.868304654605
1020 -4539.869249813795
1033 -4539.8692538509395
1053 -4539.869351380217
1095 -4539.869412677656
1099 -4539.869458629223
1103 -4539.869518808608
1127 -4539.869522200831
1158 -4539.869543020146
1168 -4539.869546530624
1181 -4539.869547432217
1226 -4539.869562975979
1227 -4539.869564282203
1254 -4539.869568292637
1298 -4539.869570058832
1336 -4539.869572801209
1338 -4539.869573491853
1413 -4539.869573900943
1418 -4539.869573975853
1500 -4539.869574278715
1513 -4539.86957428702
1549 -4539.869574377859
