243 10156.827294627796
244 10152.223012740917
280 10151.361307687015
284 10151.226057741616
290 10150.569654663042
291 10150.468882832884
306 10150.40415447286
310 10149.099182027758
318 10148.356897253918
360 10148.099647160587
366 10147.148518351523
386 10146.049295147353
432 10145.909536658217
450 10145.786692629725
517 10145.753030093976
522 10145.694089109087
539 10145.594908048279
659 10145.535492091274
739 10145.529838758614
855 10145.52929978361
884 10145.529087455812
921 10145.528944807988
923 10145.528921993724
1144 10145.528775920357
1181 10145.528769591734
1201 10145.528767570619
1242 10145.528766728523
1289 10145.528766453215
1301 10145.528766174815
1365 10145.528765802615
