268 1649.1112767721447
277 1647.7627049131409
284 1647.1057738391767
290 1646.8600312913777
298 1641.6941735981718
310 1640.2605047884358
317 1638.7383140122608
325 1638.3898615592395
349 1637.1418541211938
384 1636.5712166149385
385 1636.0713741890695
387 1635.2391492891636
396 1635.23236228634
426 1635.1743351162618
432 1634.9092411095103
433 1634.7564548327136
629 1634.6069981382493
829 1634.571092962475
871 1634.5707927613305
886 1634.5706777476466
911 1634.5706197026582
957 1634.5705558347913
1074 1634.5705230470103
1097 1634.570522479848
1118 1634.5705212349142
1178 1634.5705200147863
1185 1634.5705198939754
1193 1634.5705197612767
