125 1261.8053217258714
172 1258.4704926865163
179 1248.805946306343
202 1221.4943272167598
204 1207.6359968447641
214 1183.5619246887013
247 1181.101886370112
254 1179.1957321321147
307 1178.3881377312023
340 1177.0615945958598
356 1170.9804919795338
380 1170.7517050209967
385 1169.5866468922452
505 1169.4897538593475
606 1169.4257873778843
686 1169.4126309864714
693 1169.395844736287
730 1169.3854946737372
764 1169.381700673811
829 1169.3813781391498
833 1169.3807981717873
856 1169.3807039254355
903 1169.3791688797207
1046 1169.3787256160933
1102 1169.3787171808037
1136 1169.3786724598776
1174 1169.3785719210039
1216 1169.3785568654557
1282 1169.3785422199999
1391 1169.378538186213
1410 1169.378537377757
1447 1169.378536204142
1467 1169.378535562535
1496 1169.3785355100056
1525 1169.3785350479777
