112 228.1919817938709
116 226.5090042719841
117 224.39957386653344
125 203.71718787706521
179 142.96020778497498
214 139.03881808054527
228 131.44621465420317
266 127.34989737518056
278 121.89082256413602
279 121.43110997022359
291 117.96285115353608
311 113.43454393608594
345 111.16469201262309
364 109.62685360030262
366 109.56374734885662
377 109.3380908701743
385 109.20866180697021
493 108.46423897625516
899 108.34588448495393
928 108.3457608358044
1016 108.34572020309915
1410 108.34568931585244
1626 108.34568821090721
