206 507.51447818406245
241 502.8235854178932
244 491.38516052728727
250 490.3914592541734
268 481.6294952940547
270 439.0998956725625
278 419.4238995551953
288 408.3047284506512
296 407.8447536853566
303 403.8654501293649
317 402.19755206706077
323 392.6745835391105
327 379.6855023864165
331 378.77482723189934
335 367.86246470584376
348 337.5481113721573
356 334.74343609471157
357 320.8036300726633
379 295.09580124574126
385 294.01663399616814
387 292.88365009111305
389 285.4731829638742
414 275.10048203383144
424 272.14681028058266
433 269.24761388798987
436 260.3667029224095
479 260.1157701126795
504 259.592993519315
511 258.9127489780289
517 257.76654864164755
556 256.6859605649936
574 256.3042273383319
599 255.96309719333877
642 254.7293790668778
689 254.52764654694712
763 254.47146533702633
776 254.41800850008272
806 254.41608442831566
858 254.40320270933134
876 254.40210712301476
1043 254.4012295445583
1235 254.4002782907539
1314 254.40026991440777
1338 254.40026700726256
1379 254.4002488861643
1393 254.4002447327525
1408 254.40022045989875
1471 254.4002186435814
1476 254.40021633613966
1541 254.4002146329145
1625 254.4002141844526
