112 222.80793925652065
166 168.32684671247637
272 160.06177526721262
279 159.0495306579847
302 158.5103543522683
310 158.15172047928183
311 158.1074150678499
330 158.06126788263083
332 157.7914716315031
355 157.72899289015268
364 157.69782068375645
367 157.69317870787685
373 157.68085120899815
418 157.68060116478605
422 157.67961377784107
430 157.67941061050652
445 157.67927731590848
476 157.6792771270178
479 157.67927150225913
493 157.67926471241313
500 157.67926011518628
506 157.67925908255623
550 157.67925829246212
553 157.67925828812903
562 157.679258155695
569 157.67925786554653
597 157.67925785354083
619 157.67925785303493
624 157.67925784848399
631 157.67925784587308
640 157.67925784510427
645 157.67925784394774
671 157.67925784373472
673 157.67925784249624
676 157.679257842063
685 157.67925784138936
705 157.67925784120348
713 157.67925784118705
723 157.679257841157
732 157.67925784104096
751 157.6792578410277
759 157.6792578410168
762 157.67925784099236
790 157.67925784098597
792 157.67925784098492
795 157.67925784098406
799 157.67925784097446
807 157.67925784097412
815 157.67925784097403
828 157.67925784097355
829 157.67925784097346
833 157.67925784097318
834 157.6792578409709
843 157.67925784097056
891 157.67925784097048
893 157.67925784097042
