45 1341.7226970104414
56 1307.2610606152566
68 1267.8559045128234
179 1201.5523353785488
254 1199.0467836309447
270 1198.3351394764777
272 1196.496815304712
279 1196.3827476828649
296 1196.289316479215
319 1196.2765698858384
321 1196.2689239487747
324 1196.2252568158033
332 1196.22239795036
342 1196.2160463474274
349 1196.2115881265631
355 1196.2090317312136
373 1196.2087921639986
377 1196.2087284715312
380 1196.2083896673314
402 1196.2083839485863
409 1196.2083595437946
426 1196.2083510730822
446 1196.2083457095919
494 1196.2083443315696
500 1196.208343746427
522 1196.2083434807992
523 1196.208343415674
539 1196.208342914869
548 1196.2083427140929
574 1196.208342674321
606 1196.2083426664744
619 1196.2083426611998
631 1196.208342658554
643 1196.2083426545978
650 1196.2083426545505
680 1196.2083426543088
694 1196.208342653247
716 1196.2083426530864
731 1196.2083426530453
737 1196.2083426529714
770 1196.208342652969
773 1196.2083426529653
776 1196.2083426529557
781 1196.2083426529389
784 1196.2083426529364
790 1196.2083426529343
803 1196.2083426529327
807 1196.208342652931
843 1196.2083426529307
