60 462.81620333772713
73 353.31171901286575
121 345.34702127503886
260 323.59096417179796
277 322.80702412840594
285 309.4128593887202
291 308.28957613531867
314 307.61425933793777
319 306.6210111584011
325 304.62871403857827
342 304.2936966526743
355 304.0066761630764
362 303.80218232317156
373 303.784470351278
422 303.7834719026062
485 303.78328837626805
509 303.7832385752649
520 303.78320063691166
542 303.78319804521266
569 303.7831961207274
574 303.7831931601121
583 303.7831905411533
593 303.783189752647
597 303.7831895274389
606 303.78318895191404
609 303.7831888593128
611 303.7831882192991
618 303.783188051057
619 303.7831880443273
629 303.78318797266513
631 303.7831878610397
673 303.7831878038478
693 303.78318778708854
701 303.78318777706124
706 303.7831877637438
741 303.7831877620173
745 303.7831877619811
751 303.7831877553286
792 303.78318775495484
803 303.7831877548876
828 303.7831877547997
833 303.7831877547809
851 303.78318775477646
870 303.7831877547742
872 303.7831877547729
920 303.78318775477175
940 303.78318775477163
978 303.7831877547715
1015 303.78318775477146
