127 -1944.5691014372119
132 -1946.1140631048347
140 -2002.9263093600828
150 -2040.0404862422893
177 -2052.31764191608
185 -2090.168790114186
227 -2090.5960142570043
230 -2097.680430537661
233 -2098.9069149452866
243 -2099.3686030620106
246 -2112.485320372597
368 -2112.6897118070274
369 -2115.1815555212247
388 -2116.383642206447
390 -2117.7546205075687
396 -2117.9158801243625
402 -2118.594433452512
407 -2120.5196191386544
423 -2120.9744443763016
430 -2121.5777448314034
463 -2121.727743849856
472 -2122.24930620573
519 -2122.3739244820263
523 -2122.439159147267
547 -2122.519034865293
611 -2122.7834768225785
637 -2122.850000458946
662 -2122.9296339357443
713 -2122.9822485100017
756 -2122.9871705840515
867 -2123.002381532279
894 -2123.0024717005804
920 -2123.0037805079965
1137 -2123.0040474230586
1150 -2123.004059067938
1157 -2123.004061792128
1181 -2123.00406936021
1193 -2123.004069363527
1194 -2123.004069415643
