164 -4355.496355863692
195 -4355.511854645614
209 -4362.606634621906
256 -4363.390279973057
269 -4365.848229289391
315 -4366.5269233534145
322 -4367.168205299771
335 -4368.03680035414
341 -4369.413679862338
356 -4369.504704452933
362 -4370.469108347629
390 -4371.422356250202
409 -4371.837102893439
448 -4371.852374765067
450 -4371.945410239417
453 -4372.256372580306
463 -4372.4108114501305
492 -4372.684841749537
509 -4372.692562229109
524 -4372.857518963932
555 -4372.898370801685
569 -4372.91031768589
574 -4372.920630219666
602 -4372.926421247846
605 -4372.957161059521
606 -4373.054486352678
642 -4373.063506888958
645 -4373.074895449354
668 -4373.07951151459
706 -4373.09110149381
749 -4373.091995463018
777 -4373.092801737089
779 -4373.093008370663
791 -4373.093360570249
804 -4373.093407482134
809 -4373.094055271294
992 -4373.094164366697
1065 -4373.094165927659
1094 -4373.094165931295
1105 -4373.0941683218425
1118 -4373.094168530846
1181 -4373.094169006738
1213 -4373.094169278586
1294 -4373.094169399452
1323 -4373.094169448473
1355 -4373.094169563037
