109 -1992.8803055833944
117 -2000.3786254931752
123 -2006.1170740426874
126 -2017.7237384846137
223 -2018.70714864941
239 -2022.8059993663999
286 -2022.9170835777459
300 -2022.9564127778976
306 -2023.0974956195028
307 -2023.1964924842
311 -2023.3137421860827
317 -2023.4348308995109
320 -2023.4791974210898
324 -2023.923823843651
330 -2024.2740443739249
332 -2024.275017070724
343 -2024.4179499978839
355 -2024.5050555854814
364 -2024.5613492644973
367 -2024.5986045790273
373 -2024.627335325631
406 -2024.6654388923816
407 -2024.7128224740131
519 -2024.7196569794266
520 -2024.7208107865954
539 -2024.7235062555728
606 -2024.7248180550284
636 -2024.724973780796
656 -2024.725097632145
669 -2024.7252243027776
709 -2024.7252764609525
721 -2024.7253160584255
730 -2024.7254062590005
765 -2024.7254430637663
784 -2024.7254439912067
828 -2024.725454989995
829 -2024.7254551822284
842 -2024.7254568719848
913 -2024.7254574506608
917 -2024.7254582428336
929 -2024.7254583829965
946 -2024.7254583972508
983 -2024.7254589729519
996 -2024.7254590975376
998 -2024.7254591495685
1010 -2024.7254591515302
1061 -2024.7254591600347
1092 -2024.7254591655064
