202 83.86820235092773
204 74.94599351214569
233 66.91239281345527
250 66.23913395348687
269 62.75034248869572
274 56.548895098685406
291 56.32182438413378
307 55.90250020081684
310 55.15589531711055
318 53.80339926603723
328 51.685964505983975
349 50.53943884012881
381 49.685472555352284
402 48.695011485249644
432 48.5108049812553
508 48.32505563971272
536 48.27806944179702
556 48.252069260272165
689 48.187184371603635
691 48.183080798930156
693 48.17241480025372
716 48.168905628926595
852 48.16320032928003
881 48.161761211079764
928 48.16159479943053
951 48.16149814692544
993 48.16145823959104
997 48.16145603940926
1010 48.16144503121629
1111 48.161439267497194
1115 48.161438406923
1138 48.161437998633005
1186 48.1614373042601
1229 48.16143703276504
1234 48.16143699747271
