1 10499.10775621536
15 10387.628931653948
47 10332.166920310614
57 10329.939038068782
59 10291.399181703458
69 10289.865030772764
103 10276.671926231966
104 10271.667989631456
120 10260.80897295785
129 10258.287839839088
131 10239.615872110886
150 10231.636441212158
161 10221.972495303562
181 10213.011401786947
191 10212.801531765996
193 10209.730474081947
203 10206.864576929902
214 10203.549160813105
216 10196.02059304921
226 10191.860469004934
236 10191.239447065635
246 10186.521364998473
257 10183.602676695804
266 10183.296421310073
283 10179.129853502693
294 10176.773189106667
296 10174.45944252331
307 10173.268689010589
326 10172.085197272303
328 10170.913823816783
330 10170.442425426147
331 10168.963980598804
341 10168.57904980522
352 10166.183722248814
354 10165.446883600924
365 10162.954050036566
374 10161.968205036366
412 10159.985055282352
422 10158.554510207428
442 10158.081325933832
451 10157.5698234898
470 10156.48004583024
480 10154.780248990157
482 10154.365995465296
501 10154.332966775815
511 10153.531806284573
521 10152.259207730247
523 10150.814852026555
542 10150.591913909966
560 10150.392803420284
569 10150.269837281658
586 10150.225503393092
588 10149.997081105408
605 10149.494326516564
616 10149.341203208276
635 10149.08115247332
637 10148.91097946851
648 10148.689676923492
650 10148.631422231927
661 10148.55949360002
670 10148.514353055072
672 10148.194170536395
691 10148.033749510478
693 10147.853717792697
704 10147.667739704131
715 10147.30726196664
726 10146.962566579632
745 10146.952757855384
764 10146.946676437565
765 10146.92853564468
776 10146.906559137724
778 10146.762344293538
780 10146.594923013572
791 10146.48548746378
802 10146.423405147189
804 10146.397300707536
815 10146.247260120654
842 10146.21026034222
844 10146.180675680502
853 10146.16928738634
863 10146.135353707936
865 10146.073133334372
867 10146.03780826852
877 10145.966904491002
879 10145.932541481787
905 10145.931186750584
907 10145.920504957832
909 10145.893312914173
927 10145.88718462397
929 10145.864630031692
947 10145.825049493425
958 10145.786028319182
960 10145.76675678591
970 10145.764458834981
980 10145.757772227154
991 10145.74148187618
1000 10145.734109986879
1002 10145.729108007865
1029 10145.72445833775
1031 10145.705412521009
1033 10145.683221892794
1051 10145.634746839054
1070 10145.62640938745
1072 10145.59897534595
1083 10145.560264049063
1093 10145.559400001659
1095 10145.553765383804
1121 10145.549539946409
1123 10145.539443076777
1133 10145.533521881578
1135 10145.533250101604
1153 10145.52920760257
1171 10145.529034358888
1173 10145.526794938109
1175 10145.525895853048
1193 10145.524327671208
1195 10145.522239555266
1204 10145.521517771878
1206 10145.520752262222
1208 10145.518905802837
1210 10145.51725570801
1227 10145.515597613488
1244 10145.515325475906
1255 10145.515194074691
1257 10145.51078777653
1275 10145.510284808248
1285 10145.509627834592
1287 10145.508525939256
1305 10145.508108608994
1307 10145.507183821705
1317 10145.506454978678
1319 10145.505024392267
1337 10145.501575211121
1354 10145.501508167072
1364 10145.5002197838
1373 10145.49982667549
1382 10145.499030325336
1391 10145.498342008013
1418 10145.497467588633
1420 10145.497097754767
1429 10145.495290254283
1447 10145.492906103966
1456 10145.49240367996
1474 10145.492225017588
1497 10145.49153677542
1515 10145.490928811287
1525 10145.49058935005
1535 10145.49004369444
1537 10145.489728419336
1555 10145.489678748203
1557 10145.489648316889
1559 10145.489349698282
1560 10145.488453851258
1586 10145.488227756588
1596 10145.48820013444
1597 10145.488117268986
1599 10145.488036194165
1600 10145.487792970307
1602 10145.487667077863
1612 10145.487665643137
1625 10145.48741693985
1643 10145.486912369588
1645 10145.486730490922
1655 10145.48670088422
1673 10145.486499653507
1675 10145.486428440341
1677 10145.486293417569
1686 10145.48626891096
1703 10145.486267701577
1720 10145.486240862612
1730 10145.486217899303
1731 10145.486149009499
1733 10145.486073560747
1735 10145.4858879941
1744 10145.4858572343
1762 10145.48571355441
1771 10145.485695841768
1789 10145.485688098439
1791 10145.485677462684
1801 10145.485550988587
1803 10145.485525274304
1821 10145.485389819132
1823 10145.485238646848
1832 10145.485220071758
1842 10145.48515109687
1851 10145.485115720183
1868 10145.485023340505
1886 10145.485017351353
1896 10145.484969812693
1905 10145.484966400378
1915 10145.484954797637
1924 10145.484918804319
1950 10145.484913988206
1976 10145.48491132969
1977 10145.484903354138
1979 10145.484899109324
1989 10145.484887509036
1990 10145.484852708198
2000 10145.484834905257
