1 1975.332219325226
2 1349.7719407600653
88 1341.497967884736
91 1326.0994708173953
102 1314.927112315415
114 1225.3007360745082
126 1212.3422046401324
144 1197.0350232404476
162 1196.6143352837012
163 1195.951960850677
197 1195.5041498604871
207 1194.3320966464676
256 1194.2673911047505
280 1194.2433188601901
303 1194.2352544885107
314 1194.2014409101964
324 1194.197035305721
334 1194.1832816366561
388 1194.1820884502465
398 1194.1818432799798
404 1194.1801989587962
431 1194.1801565101246
483 1194.1801006878663
504 1194.1800922187595
505 1194.1800750740854
524 1194.1800732468887
528 1194.1800708308372
567 1194.1800698399838
579 1194.1800684312764
590 1194.1800670766827
641 1194.180066962664
653 1194.1800663611994
667 1194.1800662177534
694 1194.1800661203406
698 1194.1800661129887
708 1194.1800660436488
719 1194.180066020147
722 1194.1800659549922
726 1194.1800658623417
744 1194.1800658429763
748 1194.1800658117472
752 1194.1800657733952
771 1194.1800657549052
782 1194.1800657504696
800 1194.1800657495835
803 1194.180065746264
806 1194.1800657460658
818 1194.1800657432955
836 1194.1800657414738
849 1194.1800657414003
861 1194.1800657411377
865 1194.1800657409779
877 1194.1800657403817
899 1194.1800657403717
918 1194.1800657402189
939 1194.1800657402066
944 1194.1800657401973
956 1194.1800657401918
969 1194.1800657401832
971 1194.1800657401755
981 1194.1800657401743
1010 1194.1800657401736
1016 1194.1800657401702
1029 1194.1800657401654
1048 1194.1800657401643
1051 1194.180065740163
1063 1194.1800657401627
1077 1194.1800657401611
1089 1194.180065740161
1092 1194.1800657401604
1105 1194.1800657401598
1125 1194.180065740159
1151 1194.1800657401589
1162 1194.1800657401586
