1 413.6320542690844
9 249.3555048856122
29 185.68579278985538
38 -44.55502713515173
62 -181.221811732525
80 -234.51280461921002
82 -292.8816720235806
109 -293.06941600591574
115 -293.2494994578723
128 -295.3572145111369
139 -295.9962808494855
152 -297.38396113737787
167 -299.00332297680245
171 -299.1422984624137
192 -299.3992593872187
214 -299.4270823140106
226 -299.43520267815785
230 -299.511944006768
242 -299.5495331366612
259 -299.556460078311
272 -299.5688613289321
281 -299.5744248154514
315 -299.57555069712265
335 -299.5759635271552
348 -299.5760144579434
359 -299.5760675907715
362 -299.5763887368355
382 -299.5764158497775
385 -299.57645664710185
386 -299.5764734449454
404 -299.5764761841242
432 -299.576524907894
453 -299.57654239833965
462 -299.576542791583
474 -299.576545209569
492 -299.5765461771023
516 -299.5765470478557
528 -299.5765522729832
529 -299.5765600647585
533 -299.5765634578098
547 -299.5765657398604
567 -299.5765667563644
570 -299.5765710306488
589 -299.57657261247755
593 -299.57657322938405
595 -299.5765738196022
606 -299.57657414281556
619 -299.5765742706634
630 -299.57657440311846
640 -299.5765744359273
660 -299.5765744492314
665 -299.57657480133446
679 -299.57657513626714
698 -299.5765751403002
703 -299.5765751544925
713 -299.5765751999491
734 -299.5765751999771
738 -299.5765752036955
748 -299.5765752039546
767 -299.5765752047855
771 -299.5765752061746
795 -299.5765752087625
814 -299.5765752089244
824 -299.5765752089423
844 -299.5765752089876
849 -299.5765752090776
861 -299.5765752091704
865 -299.5765752093048
887 -299.5765752093778
892 -299.5765752094855
904 -299.5765752096587
916 -299.5765752097091
926 -299.5765752097205
948 -299.57657520972083
950 -299.57657520974436
961 -299.5765752097468
984 -299.5765752097495
1004 -299.5765752097503
1016 -299.5765752097512
1018 -299.5765752097518
1021 -299.57657520975226
1033 -299.5765752097529
1034 -299.57657520975425
1044 -299.57657520975533
1054 -299.5765752097554
1056 -299.57657520975545
1113 -299.57657520975556
