1 3238.523175111007
112 2864.453413660904
139 2730.4043976866797
159 2633.274778023955
170 2620.361890591226
180 2601.790856862316
189 2539.082136517829
209 2530.671409714461
212 2493.681306997198
231 2490.1425353102168
236 2477.280340131147
245 2468.4227538727773
270 2463.1896527302597
282 2456.16564456365
307 2446.370174059552
337 2445.6574018088986
338 2444.331401437335
351 2443.6591062162215
374 2442.7220037296756
384 2442.6652084406505
387 2442.106895877309
397 2441.2886403134053
406 2440.6482291545803
432 2440.041651137133
433 2439.107234634857
444 2439.0251390957287
446 2438.404244909506
447 2437.76805339065
470 2437.1740360151784
479 2437.1003733382845
480 2436.9455182990014
528 2436.9252199967887
550 2436.917735594815
555 2436.906380565647
567 2436.9012562656676
589 2436.887086041229
603 2436.880551976752
611 2436.879361928589
634 2436.8741325690085
665 2436.872852278564
675 2436.8707419742213
677 2436.870633885266
696 2436.869072176895
698 2436.8687335552077
699 2436.8687118150724
716 2436.8683570057847
717 2436.867296848477
718 2436.8641547816596
736 2436.860162844501
738 2436.859295016777
739 2436.856718506473
750 2436.8557782489006
784 2436.8550671763196
794 2436.8548564266666
804 2436.8548343971993
805 2436.8547838326645
806 2436.854633754927
824 2436.8541522148103
834 2436.853928221912
859 2436.8539134226667
863 2436.8538886001693
873 2436.8538786522704
892 2436.8538582600054
909 2436.8538479193994
935 2436.8538432686323
937 2436.8538362934037
948 2436.853833419934
949 2436.8538248047425
950 2436.8537989792653
951 2436.853721683669
953 2436.8534025165545
955 2436.8533950180104
956 2436.8533725236007
957 2436.8533050513756
967 2436.853293323871
969 2436.853286477974
971 2436.85327508394
972 2436.8532482288892
990 2436.853243369822
991 2436.853228853961
993 2436.852967093285
1028 2436.8529269141636
1029 2436.8528063883236
1047 2436.852766332301
1049 2436.8527624557278
1066 2436.8527607190654
1067 2436.8527555090786
1100 2436.8527501981616
1111 2436.8527427234812
1121 2436.8527350342797
1131 2436.8527344825375
1132 2436.852732827313
1142 2436.852731165718
1144 2436.8527310050777
1218 2436.8527308777593
1220 2436.852730856418
1221 2436.8527307923982
1223 2436.8527298291265
1231 2436.8527295498884
1241 2436.852729011194
1257 2436.8527289565964
1267 2436.8527287888446
1277 2436.852728646402
1309 2436.8527285733344
1320 2436.8527283900694
1322 2436.85272800429
1357 2436.8527277802505
1367 2436.8527276796854
1385 2436.8527276541754
1406 2436.85272764552
1415 2436.852727643898
1419 2436.852727642361
1433 2436.8527276396985
1443 2436.8527276392074
1444 2436.852727637731
1497 2436.852727637727
