1 1527.115345909468
4 1523.2990319225485
5 1371.8664894671358
9 1368.050175480224
10 1280.6675116069437
20 1223.5439346633189
31 1074.5978007758517
45 1021.7766425982081
55 867.871352892641
79 857.6994346300609
80 822.3762979905107
89 721.6860142867295
90 681.7494801668822
108 587.5245511873736
121 553.653115274454
132 543.4089003712771
151 465.8679699727945
169 438.34823653947865
180 430.2953737947201
193 422.5113253655027
204 418.9168745615682
213 415.17753105642
223 412.4708277183338
232 411.97378215318685
242 407.83323532183704
269 407.6943128260669
284 404.5758806945155
302 404.3397974780838
322 404.04650454063244
326 403.95678126426344
338 403.76133014127646
340 403.65806942281864
349 403.4188221476083
358 403.40706899958786
414 403.34592455485244
425 403.34152257223644
434 403.3133030224269
453 403.3057487581789
465 403.3034123846825
475 403.2905600391561
494 403.28975456166745
506 403.284437260393
510 403.2840075768072
529 403.281843907007
532 403.28083154113517
546 403.2807345795562
557 403.2796335803673
569 403.2791279813488
589 403.27905178542886
626 403.2790036114389
630 403.2788855020285
650 403.27885598197605
661 403.2788431378203
672 403.2788308946648
683 403.27882257987574
684 403.27881811973924
696 403.2788076861166
701 403.278801875336
713 403.2788013196017
731 403.27879516642895
735 403.2787951284805
746 403.2787948793981
758 403.2787939161351
768 403.27879389682573
772 403.2787937561907
778 403.2787924280734
789 403.27879219802446
800 403.2787918387696
819 403.2787916404731
821 403.2787914398932
833 403.27879124660467
838 403.2787909195651
872 403.27879081465835
877 403.2787908022816
897 403.2787907956984
899 403.27879075321016
920 403.2787907505234
940 403.27879074722307
977 403.2787907452554
988 403.2787907427336
1006 403.2787907413714
1027 403.27879074125343
1032 403.2787907410666
1043 403.27879074088827
1076 403.2787907408693
1087 403.27879074078476
1098 403.2787907407378
1104 403.27879074064873
1126 403.27879074064344
1136 403.27879074059433
1148 403.2787907405785
1168 403.27879074057626
1196 403.2787907405762
