1 643.9793828602142
2 514.7101470028894
16 495.4018580177716
62 436.37594316061865
78 434.86338294688153
114 410.59862714657004
127 410.1017561644102
162 391.70733661047973
165 386.57855861274214
168 377.8827865130428
178 370.5848425087463
180 360.96115618219926
203 360.3123396345916
235 329.9857802199702
244 302.6653603675164
253 291.7895291259258
263 290.90372675573246
264 288.86877056037554
285 281.9482431485809
302 275.40015372062476
368 271.62698681339543
379 269.14577766250284
392 268.9054023858177
410 268.7096650009183
413 268.3556667024463
422 268.2877677273252
430 268.09990072906874
431 267.67713112227545
432 267.5781329584245
458 267.1945560916357
475 267.1422155376082
493 267.1352817698874
510 267.1331828351152
519 267.1299230786196
537 267.12914130959274
556 267.1276751741207
558 267.1275578800699
571 267.12555793929755
590 267.125480112506
602 267.1254485585661
615 267.1253911799223
618 267.12526985894874
652 267.1252523049079
654 267.12523931073815
657 267.1251217696085
677 267.12501516887636
691 267.12498913698647
694 267.1249476639961
714 267.12492687688456
727 267.12489359445175
737 267.1248847993493
750 267.1248800120855
760 267.1248715955168
763 267.1248590123324
782 267.124858046172
819 267.124857977044
838 267.1248576170766
857 267.1248573271006
870 267.12485721745605
884 267.12485720943977
918 267.1248571734528
930 267.1248571633347
948 267.124857163247
958 267.12485716317093
972 267.1248571618226
991 267.1248571615967
993 267.12485716113275
1028 267.124857161051
1041 267.12485716097984
1074 267.1248571609753
1085 267.1248571609703
1119 267.1248571609685
1139 267.1248571609683
1143 267.12485716096757
1156 267.124857160967
1166 267.1248571609666
1172 267.1248571609659
1192 267.12485716096586
1198 267.12485716096575
1207 267.12485716096563
