1 -2479.317102112038
2 -2585.430329755113
15 -2704.729389257934
34 -2712.6055841539983
36 -2748.759030763088
49 -2854.721784252602
54 -2861.8275989012814
59 -2875.5628703199427
69 -2879.4118599060503
73 -2914.637471002882
93 -2915.2116928444993
95 -2918.1857620935825
132 -2922.915328553642
154 -2936.426478163244
158 -2946.182542372454
164 -2948.5007600624094
165 -2953.5213101265113
194 -2953.563084206237
198 -2953.6842234099486
200 -2954.8777803466746
205 -2960.525434854323
228 -2962.090447619603
255 -2963.63117196635
269 -2964.98236854208
303 -2965.284378152328
312 -2965.330608349937
313 -2965.4288430824504
322 -2965.455559834188
323 -2965.513005193457
324 -2965.6559452749407
364 -2965.6572962635387
365 -2965.661730491802
366 -2965.6759253831297
379 -2965.717839544336
380 -2965.774523543977
402 -2965.8317155788745
411 -2965.855351188457
424 -2965.91744919863
425 -2966.0017201847722
428 -2966.194220969962
429 -2966.2580880326755
457 -2966.2633643975237
466 -2966.287621639466
492 -2966.372323457669
510 -2966.374206989901
511 -2966.3780238540808
527 -2966.3782161351983
536 -2966.37931197162
537 -2966.37968859613
546 -2966.4165535291986
556 -2966.4165817773846
557 -2966.4166127575845
582 -2966.421532902531
593 -2966.4279523477676
597 -2966.4321428879066
618 -2966.4329541285542
627 -2966.4332689191265
628 -2966.4341843644606
629 -2966.4358464541015
675 -2966.4358654870957
680 -2966.436502806333
681 -2966.438003005186
691 -2966.4414566362693
726 -2966.4439085431873
735 -2966.4440274932385
755 -2966.4446277229677
768 -2966.445506288397
777 -2966.4469120660533
794 -2966.4478126615636
797 -2966.4478860230456
798 -2966.447909415446
812 -2966.4482618745715
821 -2966.448269111691
851 -2966.448279282132
869 -2966.448464232014
888 -2966.4484735458836
901 -2966.4485403822646
902 -2966.448596438768
919 -2966.448763325646
928 -2966.4487765226
970 -2966.448776739204
971 -2966.4487773820315
972 -2966.448779242676
973 -2966.4487840352067
974 -2966.448788000226
992 -2966.448788931784
993 -2966.448791652744
994 -2966.448799031632
995 -2966.4488141245865
1018 -2966.448845560799
1019 -2966.448867623353
1031 -2966.4488718640414
1040 -2966.448908503239
1084 -2966.4489087570228
1093 -2966.4489104133645
1094 -2966.4489122836176
1107 -2966.4489128089126
1121 -2966.4489130265983
1145 -2966.4489131707933
1146 -2966.4489132643785
1171 -2966.4489132848125
1182 -2966.448913295397
1191 -2966.4489133417655
1216 -2966.448913343338
1239 -2966.448913369475
1282 -2966.448913371092
1283 -2966.448913375908
1284 -2966.44891338439
1285 -2966.4489133864736
1341 -2966.448913386955
1342 -2966.448913387628
1351 -2966.4489133877278
1352 -2966.4489133880234
1353 -2966.4489133880516
1431 -2966.4489133880525
1432 -2966.448913388053
1433 -2966.4489133880543
1442 -2966.448913388085
1446 -2966.448913388098
1492 -2966.448913388103
1493 -2966.448913388117
1494 -2966.4489133881407
1511 -2966.448913388146
1512 -2966.4489133881575
1515 -2966.44891338817
1517 -2966.4489133881816
1520 -2966.448913388196
1553 -2966.4489133881966
