1 -3869.0226708000027
9 -3952.2537461070933
19 -3970.9682404182204
36 -4014.3013468718073
47 -4017.3030413923907
56 -4017.390216014812
57 -4025.649945051663
74 -4063.8653685492936
76 -4067.5294356402183
85 -4070.7515570383043
114 -4071.067664142126
125 -4079.4143065227327
145 -4082.0615177883315
147 -4089.636059703591
149 -4110.856994001058
167 -4121.650593345091
178 -4131.896973243927
189 -4141.6026463868475
207 -4143.13603041749
226 -4144.32339201559
228 -4149.750127345543
230 -4149.7683487125705
248 -4150.612189958743
259 -4151.508472277488
278 -4152.052627627571
280 -4152.738387158198
282 -4152.941659459612
293 -4155.551994268815
302 -4155.567081467379
327 -4158.982405252866
346 -4159.932688649197
356 -4160.374157559286
366 -4160.481155031957
384 -4160.712045507364
393 -4160.716328948626
395 -4160.75411054306
404 -4160.91675827149
413 -4160.924934542328
431 -4161.053960623299
450 -4161.164124199954
452 -4161.222014591462
471 -4161.235873380127
482 -4161.256755537155
491 -4161.277960851185
538 -4161.279494616464
540 -4161.284995406799
549 -4161.286995171236
575 -4161.289269907476
594 -4161.2900147300725
604 -4161.29147252065
614 -4161.292730302085
632 -4161.293950806019
634 -4161.294368422744
652 -4161.294472546808
662 -4161.294493286092
672 -4161.294625109116
690 -4161.295124819837
692 -4161.295132755262
693 -4161.295156561482
703 -4161.295232209998
705 -4161.295259713402
715 -4161.295565209526
724 -4161.295575546423
749 -4161.295588785341
799 -4161.295590211284
809 -4161.295590673201
811 -4161.295590760843
830 -4161.295591641945
832 -4161.295593342136
834 -4161.295593873821
835 -4161.295595468882
836 -4161.295600254061
862 -4161.29560139256
863 -4161.295604808057
864 -4161.295615054544
865 -4161.295645794004
867 -4161.29567587917
877 -4161.295676008148
887 -4161.295686849236
897 -4161.29568876456
899 -4161.295706485861
917 -4161.295707235641
918 -4161.295709484981
919 -4161.295716232996
920 -4161.295736477008
921 -4161.295797208762
922 -4161.295979401472
923 -4161.296525956624
924 -4161.298165415277
925 -4161.303081930036
926 -4161.317814723485
928 -4161.335977250132
930 -4161.351093532063
940 -4161.364654920537
958 -4161.373461994929
968 -4161.381261880251
978 -4161.382030751475
980 -4161.382555925935
981 -4161.384131414886
1007 -4161.385125889663
1008 -4161.388109300876
1009 -4161.397059416432
1018 -4161.406015933706
1028 -4161.41203324162
1030 -4161.412272287395
1032 -4161.4211567915345
1042 -4161.431212304906
1060 -4161.437882182305
1062 -4161.442190679524
1072 -4161.44376883094
1082 -4161.445506224387
1092 -4161.445606322324
1094 -4161.44787002888
1104 -4161.451384923077
1106 -4161.45138679004
1108 -4161.451432523673
1126 -4161.453031246632
1128 -4161.4544174357325
1138 -4161.454441808581
1156 -4161.457513284728
1174 -4161.457926591073
1192 -4161.458098948846
1194 -4161.458310330843
1196 -4161.458997542249
1198 -4161.459206679051
1199 -4161.459834059533
1200 -4161.4617159316485
1201 -4161.4673591240335
1202 -4161.484266885517
1203 -4161.534783924849
1204 -4161.68463586638
1205 -4162.118288667137
1206 -4163.280381772974
1207 -4165.479832420834
1209 -4168.801983668154
1211 -4171.420136023526
1221 -4175.708498717753
1240 -4177.570964111165
1250 -4177.740260738951
1252 -4179.06499579774
1280 -4179.820377908378
1292 -4179.888282782878
1312 -4179.997764173101
1323 -4180.192932932139
1334 -4180.281021931643
1336 -4180.314556507997
1346 -4180.405277618793
1365 -4180.540267753181
1384 -4180.556399211363
1386 -4180.600433461915
1397 -4180.601120572923
1407 -4180.6059076181145
1408 -4180.620268420067
1409 -4180.663347823308
1419 -4180.690569933085
1421 -4180.737630729341
1440 -4180.75403661625
1442 -4180.754049362834
1444 -4180.754083723597
1456 -4180.846996449284
1474 -4180.847006308369
1483 -4180.848091847002
1493 -4180.86066423258
1503 -4180.868292025158
1504 -4180.891174024516
1514 -4180.9259589576095
1533 -4180.941487992106
1535 -4180.957046920863
1545 -4180.975278496947
1555 -4180.9763576239075
1564 -4180.991927518849
1573 -4180.9968533073725
1593 -4180.999201374174
1594 -4181.006242657075
1596 -4181.038849318782
1599 -4181.052276618563
1609 -4181.06546442916
1620 -4181.096621994462
1622 -4181.142809348858
1632 -4181.184700304813
1658 -4181.188331431307
1676 -4181.190805701063
1678 -4181.193420172295
1688 -4181.19387718708
1689 -4181.195248199497
1691 -4181.200758229574
1693 -4181.205138560279
1695 -4181.212651421154
1697 -4181.224585134416
1715 -4181.254746476915
1734 -4181.264065338592
1735 -4181.292016885696
1737 -4181.328970864568
1738 -4181.439695644772
1739 -4181.770635577688
1740 -4182.75172177484
1746 -4184.212988281798
1756 -4184.237908997248
1765 -4184.3594571773265
1775 -4184.484690359011
1793 -4184.571600749181
1794 -4184.834887293887
1828 -4184.92767452079
1838 -4184.977612613472
1839 -4185.127302876646
1841 -4185.1995045821095
1843 -4185.309883937752
1853 -4185.478007717657
1855 -4185.882460388876
1874 -4186.041319428177
1883 -4186.043200866389
1892 -4186.052708995259
1902 -4186.182376006388
1904 -4186.644523468705
1923 -4186.735138984182
1933 -4186.799407452178
1943 -4186.803064558948
1945 -4186.828745656566
1947 -4187.006088131574
1949 -4187.189421066623
1967 -4187.263880052923
1969 -4187.2773247173745
1996 -4187.284366289024
1997 -4187.305490167913
1999 -4187.311906126541
2000 -4187.331152654391
