1 2027.7278909274096
2 1885.3337409096687
3 1458.1512908564464
5 1303.964989062319
7 1252.7196714325833
8 1227.5117833400168
10 942.9983991535598
17 924.7183441431583
50 868.9426921328297
87 864.6301635739427
199 864.1014309215122
203 863.4881219502986
229 863.428877932969
239 863.427823405199
276 863.3958959651252
364 863.3948560493302
365 863.3917228057537
393 863.3888610763022
404 863.388560947199
431 863.3884343873078
432 863.388050084107
485 863.3875908340166
521 863.3875737871485
548 863.3875479867831
566 863.3875463297186
601 863.3875451030904
629 863.3875450843902
630 863.3875450282901
682 863.3875450087561
716 863.3875449788488
741 863.3875449737155
751 863.3875449702475
810 863.3875449702031
854 863.3875449702015
