1 -3582.5758359267525
5 -3608.2882150954038
9 -3847.887360419616
20 -3914.247394928576
46 -3916.9909565673934
71 -3925.161641483846
80 -3949.133696233202
89 -4155.61421681694
112 -4190.512131532654
114 -4231.155412916479
130 -4234.060075306044
147 -4245.5416630656955
187 -4251.872220431133
197 -4253.333259331863
209 -4286.073571257367
228 -4286.497213153926
257 -4307.64052209118
278 -4307.8843178987
281 -4309.766411479467
291 -4316.75749157183
326 -4316.773730752671
327 -4323.664069173857
329 -4327.578252329636
338 -4328.088579524246
356 -4329.1568485200005
358 -4334.174201296985
368 -4336.682680655733
379 -4339.326219866787
390 -4342.224922407846
401 -4343.227898840925
420 -4344.096254887892
422 -4346.230840263817
431 -4346.799631821954
493 -4347.234885247157
511 -4347.431092036171
530 -4347.470540769606
540 -4347.537948822368
541 -4347.7399040620885
543 -4347.768841453519
544 -4347.851343003498
545 -4348.071748477758
547 -4349.011235901023
559 -4349.333726632994
562 -4349.99438073429
582 -4351.655293679004
600 -4352.383692373156
602 -4353.3770375559825
604 -4354.2197571358165
613 -4354.222491097227
631 -4354.270447995214
632 -4354.410391955095
643 -4354.857769416498
662 -4355.276478849718
673 -4355.533548617132
675 -4355.5850250697395
686 -4355.818439543089
688 -4356.086972125995
690 -4356.127284892256
708 -4356.370265927929
710 -4356.544983965234
720 -4356.658485046023
739 -4356.782982200783
749 -4356.847150174668
751 -4356.994608309825
770 -4357.029933350721
780 -4357.062989909529
782 -4357.117401412778
793 -4357.171922420319
795 -4357.297428465174
805 -4357.4642041564075
807 -4357.53658924355
809 -4357.995047149252
827 -4358.169169232934
846 -4358.355275751855
848 -4358.449544298077
859 -4358.59595121592
868 -4358.61083618042
887 -4358.704751402623
905 -4358.776958722562
916 -4358.784248903326
918 -4358.793650267606
936 -4358.797869112793
937 -4358.810525040188
939 -4358.817169394715
949 -4358.823111548029
968 -4358.8295195088285
970 -4358.837822525351
972 -4358.852749520151
973 -4358.897524224545
983 -4358.929755328337
993 -4358.981470160066
995 -4359.0373946879745
1005 -4359.043061716409
1014 -4359.063271777208
1016 -4359.086868921866
1034 -4359.0985226470175
1036 -4359.103520613079
1046 -4359.105232669909
1048 -4359.168833742846
1058 -4359.227233807231
1067 -4359.244573598272
1069 -4359.2803476159725
1086 -4359.283920267022
1088 -4359.3166873010205
1099 -4359.320309748295
1100 -4359.330958546361
1120 -4359.349205544346
1130 -4359.356514736668
1140 -4359.388534482329
1151 -4359.393467974261
1152 -4359.40826793329
1163 -4359.417391833844
1165 -4359.426052037501
1175 -4359.435364211478
1176 -4359.463304999864
1201 -4359.475304607806
1203 -4359.477072243913
1214 -4359.491964178198
1241 -4359.50056257836
1248 -4359.511147598425
1266 -4359.515700124685
1284 -4359.5184126060285
1294 -4359.518829520901
1295 -4359.5200801972705
1304 -4359.520679783213
1305 -4359.522478513444
1314 -4359.523701777063
1324 -4359.527056628703
1342 -4359.528058170428
1344 -4359.529698491011
1353 -4359.530160210974
1355 -4359.531285883351
1374 -4359.5318925306165
1383 -4359.531904871074
1393 -4359.531997566292
1403 -4359.533148900995
1405 -4359.5341421548765
1423 -4359.535725663267
1433 -4359.536200123896
1451 -4359.536613913167
1453 -4359.537287268123
1455 -4359.537361336375
1465 -4359.537940406782
1467 -4359.5385897003425
1485 -4359.538683894646
1495 -4359.538893935186
1496 -4359.539524054924
1506 -4359.539918124574
1516 -4359.540222437816
1534 -4359.540431842788
1536 -4359.540625775773
1538 -4359.541062271377
1548 -4359.541255634657
1582 -4359.541275083519
1592 -4359.541291733359
1610 -4359.5413067326635
1620 -4359.541326561108
1631 -4359.541340737371
1633 -4359.54139370914
1651 -4359.541416854692
1653 -4359.541456705575
1655 -4359.541462650351
1665 -4359.541487970063
1674 -4359.541491224871
1676 -4359.541496028585
1677 -4359.541510439681
1679 -4359.5415630480775
1681 -4359.54175182315
1690 -4359.541752537123
1700 -4359.541752764147
1718 -4359.542043654882
1728 -4359.542456113658
1738 -4359.542497186184
1740 -4359.542633953403
1757 -4359.542760058071
1767 -4359.542838796091
1777 -4359.543109309436
1802 -4359.543113059609
1821 -4359.5431497296095
1822 -4359.5432622942735
1831 -4359.543322072579
1849 -4359.54337900256
1851 -4359.543413235167
1853 -4359.543468938146
1862 -4359.54347084603
1872 -4359.543518654001
1898 -4359.543541120774
1900 -4359.543553573085
1902 -4359.543559615245
1904 -4359.543627287149
1922 -4359.543669420603
1932 -4359.543681422382
1933 -4359.543717427698
1950 -4359.543718398243
1951 -4359.543721309874
1961 -4359.543722812699
1971 -4359.543742731844
1980 -4359.543744117583
