1 -99741.35729183428
36 -99816.51156303739
47 -99825.28611012324
56 -99838.37792653289
64 -99851.9658540183
77 -99874.76614925203
87 -99900.72950636673
91 -99944.39642132839
118 -99953.50635074946
145 -99958.18876422275
148 -99959.10395956578
158 -99960.66669925192
167 -99962.19992666165
177 -99965.09190699908
188 -99967.3694317212
204 -99967.54417340997
206 -99974.31982015343
231 -99976.5745539876
249 -99976.59007634225
251 -99978.07845894528
276 -99979.85151920431
287 -99983.58723928186
296 -99984.40353109139
308 -99984.89578874706
327 -99985.05438754095
337 -99985.40859524121
392 -99987.47889724548
401 -99987.49427485994
432 -99988.7986655115
434 -99989.04185741555
443 -99989.06907219735
460 -99990.0631056233
470 -99990.45852548353
480 -99990.47264327932
482 -99990.76910710508
499 -99990.8044263568
501 -99990.81466547119
511 -99991.11086511382
513 -99991.2750591953
514 -99991.7618848393
524 -99992.53317983096
534 -99992.54466991356
536 -99992.74921780916
546 -99993.14075239561
547 -99994.31265954343
557 -99995.13447670784
559 -99995.76991711283
568 -99995.93722371712
586 -99996.03032682945
587 -99996.30839140771
606 -99996.34061184342
625 -99996.39293935336
627 -99996.88500753329
645 -99996.95663640166
654 -99996.98960360084
681 -99996.9997125943
683 -99997.01663814056
701 -99997.05363847672
719 -99997.07171699897
721 -99997.07206261778
739 -99997.07496313677
741 -99997.07754967643
742 -99997.0853090235
775 -99997.08720881595
801 -99997.092003434
819 -99997.0926633152
820 -99997.09464293347
830 -99997.09470428765
832 -99997.09486924716
834 -99997.0952364289
853 -99997.09575093146
871 -99997.0962898334
873 -99997.09646043603
883 -99997.09708822123
909 -99997.097262665
910 -99997.09778598468
919 -99997.09802625459
945 -99997.09846260934
955 -99997.09868068644
957 -99997.09884003054
982 -99997.0988413246
983 -99997.09884520678
984 -99997.09885685336
986 -99997.09885756248
987 -99997.09885968978
989 -99997.099005775
991 -99997.09920167043
993 -99997.09923130566
1028 -99997.09923739401
1038 -99997.09928117864
1064 -99997.09930445603
1074 -99997.09930797541
1084 -99997.0993397095
1085 -99997.09943491161
1086 -99997.09972051687
1087 -99997.10057732312
1088 -99997.10314765575
1089 -99997.11085787341
1090 -99997.13398135226
1099 -99997.13402528716
1109 -99997.13421854486
1110 -99997.13479815947
1112 -99997.14336673709
1122 -99997.14811624143
1140 -99997.14998745907
1150 -99997.15228322237
1151 -99997.15916995573
1177 -99997.16096984374
1179 -99997.16208223948
1189 -99997.16241531228
1191 -99997.16344061734
1208 -99997.16350137164
1209 -99997.16368363332
1210 -99997.16423040738
1235 -99997.1644077528
1245 -99997.16457309933
1263 -99997.16462831534
1265 -99997.1652833889
1283 -99997.1654384365
1285 -99997.16544995774
1295 -99997.16554103405
1297 -99997.1655882082
1298 -99997.16572973022
1299 -99997.16615429224
1301 -99997.16652209796
1311 -99997.16671516656
1320 -99997.16676480928
1322 -99997.16682585981
1323 -99997.1670090107
1333 -99997.16707317899
1334 -99997.16726567845
1336 -99997.16902424573
1338 -99997.1696567421
1356 -99997.17023965337
1358 -99997.17184371046
1367 -99997.17354734511
1369 -99997.17673879553
1370 -99997.18631066172
1371 -99997.21500432973
1372 -99997.30086894197
1373 -99997.55717714044
1376 -99997.57954696182
1387 -99997.79694924533
1407 -99997.82928443668
1409 -99997.88930870072
1421 -99997.89083615674
1432 -99997.93068633658
1441 -99997.96550539428
1459 -99997.98069851354
1461 -99997.9820312751
1471 -99998.04626943015
1489 -99998.0508523407
1491 -99998.05798283209
1492 -99998.07936129015
1510 -99998.10483375324
1512 -99998.10620777971
1514 -99998.10718671582
1523 -99998.14310569446
1543 -99998.15448758555
1553 -99998.15861010738
1562 -99998.15895809082
1588 -99998.16136689388
1597 -99998.16142315282
1615 -99998.16214527155
1617 -99998.16309266233
1626 -99998.16378248479
1652 -99998.16382726171
1654 -99998.16441368977
1664 -99998.16510119877
1674 -99998.1651244863
1676 -99998.16526388878
1701 -99998.16547406881
1711 -99998.16569562165
1713 -99998.16580367854
1722 -99998.16588894083
1732 -99998.16597909354
1766 -99998.16598493255
1767 -99998.16600244958
1778 -99998.16600559802
1779 -99998.16601504335
1780 -99998.16604337915
1781 -99998.1661283852
1782 -99998.16638339126
1783 -99998.16714830119
1784 -99998.16944207514
1786 -99998.18572271157
1796 -99998.20790980039
1806 -99998.21193911509
1824 -99998.2152972715
1826 -99998.22035347777
1843 -99998.22124528383
1845 -99998.22354117152
1855 -99998.22642564181
1865 -99998.23249186622
1891 -99998.23323383031
1901 -99998.23387295613
1903 -99998.23441961841
1905 -99998.23484511042
1931 -99998.23512162661
1933 -99998.23514289738
1935 -99998.2352288823
1936 -99998.235486837
1946 -99998.23560921101
1955 -99998.23568211941
1965 -99998.235684195
1966 -99998.23569042172
1984 -99998.23609108235
1986 -99998.23639254193
