1 2473.8169803087076
24 2304.4581651392923
34 2272.1702435227285
43 2261.525899404736
71 2244.5098581162556
81 2222.0643805265177
83 2208.146421319165
102 2182.2106365080836
104 2152.161423227036
122 2145.567025205296
124 2135.2334230872993
135 2134.8693274122807
144 2131.288594017956
161 2128.6305327253317
195 2125.7794100413007
205 2125.3789155913973
207 2122.5242089654457
209 2122.515466940307
222 2108.745475545978
239 2108.7117350664666
247 2108.149393741276
249 2106.984836023399
267 2106.2200501704383
278 2104.080027524754
279 2097.3167912949234
288 2096.7927906472532
304 2096.2288491470763
314 2093.7027005451537
316 2092.490119382661
343 2086.7716454858028
396 2086.197368261722
407 2085.7361883486674
408 2085.3581930472064
410 2085.140346518677
421 2083.8052778511483
430 2083.7354272311427
432 2083.2646027295036
451 2082.347121287633
478 2082.209805908175
489 2082.12861298361
498 2082.03860789933
517 2081.7393446256865
527 2081.672071063932
564 2081.614466115763
575 2081.5676765923563
586 2081.5575927995396
587 2081.527354021088
588 2081.436637685734
590 2081.385639032261
601 2081.3704622203154
602 2081.324931784479
604 2081.3016111056213
616 2081.0517344726536
635 2081.037191015124
642 2080.94832699826
660 2080.8116466696592
687 2080.80839869583
700 2080.8011103760477
710 2080.788726735124
712 2080.7516709155484
735 2080.7325545101576
780 2080.7311800205794
789 2080.730908850132
790 2080.7300953387917
791 2080.72765480477
802 2080.722381296297
803 2080.7065203715892
804 2080.658926213265
805 2080.5161289243747
806 2080.090311090847
837 2079.9831334863807
846 2079.9277619605964
866 2079.8355030309667
888 2079.799794546119
889 2079.6926473699673
907 2079.676595188065
925 2079.6659557693247
936 2079.641138600138
947 2079.6361813895483
949 2079.6294347382054
975 2079.622805720813
977 2079.6211247972115
979 2079.618726819139
980 2079.611532884923
990 2079.6062420170606
1008 2079.6024193252133
1034 2079.6021094207645
1044 2079.6016258249283
1054 2079.601417821099
1056 2079.6013694103576
1057 2079.601224178136
1089 2079.601098120527
1091 2079.6009929436427
1109 2079.600990128898
1110 2079.6009816846645
1125 2079.600783434953
1135 2079.600749154653
1145 2079.6007224704504
1146 2079.600642417843
1164 2079.600607810616
1166 2079.600389859169
1176 2079.6001803450163
1186 2079.6001423274183
1188 2079.600097055766
1222 2079.6000357529747
1240 2079.6000331462587
1242 2079.6000215893464
1244 2079.6000128554133
1262 2079.6000123916097
1264 2079.6000112685106
1291 2079.6000092740564
1293 2079.600008698325
1295 2079.6000072267498
1312 2079.600006965816
1331 2079.600006465932
1355 2079.600006198399
1357 2079.60000562644
1367 2079.6000046484533
1377 2079.6000042364753
1402 2079.600004205241
1410 2079.600004135755
1428 2079.6000041266434
1454 2079.600004109374
1464 2079.6000040430763
1468 2079.6000039941546
1491 2079.6000039845694
1514 2079.600003978702
1539 2079.600003978354
1541 2079.600003970153
1557 2079.600003969823
1558 2079.6000039688342
1559 2079.600003965867
1560 2079.600003956966
1561 2079.6000039302635
1562 2079.600003850155
1563 2079.6000036098308
1564 2079.6000028888566
1565 2079.6000007259354
1566 2079.5999942371704
1567 2079.5999747708765
1569 2079.599926482661
1571 2079.5997831397704
1573 2079.599709142999
1583 2079.5995107660365
1593 2079.599500068703
1594 2079.5994679767014
1603 2079.5994408618503
1613 2079.5993717921388
1622 2079.5992775359477
1648 2079.599263324523
1649 2079.5992206902483
1659 2079.599215607896
1676 2079.5992155326685
1694 2079.5992119216517
1696 2079.599208753678
1706 2079.5991989745944
1724 2079.5991941593697
1734 2079.5991940141084
1736 2079.599189247482
1762 2079.599187750764
1764 2079.5991868105593
1766 2079.599186450757
1791 2079.599186416495
1792 2079.5991863137087
1819 2079.599186268953
1820 2079.5991861346847
1821 2079.5991857318804
1823 2079.5991856302016
1824 2079.599185325167
1834 2079.599185287861
1835 2079.599185175944
1858 2079.5991849744764
1868 2079.59918481935
1895 2079.5991847262367
1913 2079.599184725273
1915 2079.599184641417
1925 2079.5991845851568
1960 2079.5991845842977
1967 2079.5991845798485
1983 2079.5991845792023
1995 2079.599184579086
