1 2164.6403847979204
10 1454.0153435420812
59 1283.2717553727355
61 1268.7879970902013
89 1133.4041764237759
101 1090.512761255817
112 1005.6631948380506
114 997.0149602133775
123 988.8421722911133
134 899.3354015743892
136 865.8594118601527
145 825.1271364324442
164 816.2258319519045
166 808.3040238230566
177 737.37225363132
188 736.0933937571834
200 732.8808594429113
202 673.55405223405
214 629.3051074671838
223 618.0294244949538
233 611.3755104147914
242 603.6408643463702
262 590.7861461570441
274 561.5048384756926
283 560.060725837529
292 552.1756344138109
312 551.9579951747128
314 531.3110585381783
332 524.4349983234463
343 500.00071758848503
362 499.76286796248127
371 494.99113458360904
390 490.05031868727934
400 488.97468220398997
402 486.9382824869203
416 485.89425396536564
418 485.7424509323149
428 483.54519820202836
447 480.6197890541106
458 479.34932813720354
469 478.8748905284581
488 478.64960273983957
491 477.2456298768765
506 477.04350992214256
521 477.0339226674272
531 476.9547140457026
542 476.7951941158065
565 476.6380215809949
570 476.6361671570263
580 476.59328127851927
585 476.580246964094
590 476.4697930454356
617 476.3823747236083
628 476.16173903713525
639 476.1488842034117
657 476.09015878721135
666 475.83569902694785
719 475.8356598504951
721 475.83106933797933
755 475.8288544905998
782 475.82877997161467
783 475.82855641169897
785 475.82402749650305
803 475.82312457024375
805 475.82094288951254
807 475.82063208925007
825 475.8184326022515
834 475.81812590905497
835 475.81720583402887
853 475.81692741493623
855 475.8165772304313
856 475.81552668408807
874 475.8143166094924
884 475.814248824697
886 475.8142245852884
896 475.8134027800203
898 475.81305803351694
908 475.81179200328495
917 475.81171480225544
919 475.811474282658
937 475.8110081468099
940 475.8109170178762
950 475.8087275271385
968 475.8086598853345
970 475.8085410091045
971 475.80818438122816
980 475.80675862957054
997 475.8067215670649
998 475.8066103796311
1016 475.8064148111928
1025 475.80620202863304
1027 475.80614407269167
1029 475.80557753019775
1038 475.80514989811354
1056 475.8029948580892
1066 475.80140332658647
1068 475.80012958420787
1085 475.80012198090407
1086 475.80009917099443
1096 475.7979062705652
1123 475.7976439553617
1133 475.7960552925968
1142 475.7959097425281
1152 475.7958061308319
1161 475.79554983223034
1195 475.7955046848169
1196 475.79536924268905
1205 475.79525467383166
1239 475.7951657041495
1249 475.7950932770555
1267 475.7950802016921
1269 475.7950780266005
1287 475.7950667104226
1289 475.79506616917143
1291 475.7950579680629
1314 475.79503435560895
1324 475.7950129083423
1342 475.7950063331269
1344 475.7950053313358
1354 475.7950049581808
1356 475.79499527944347
1365 475.7949920590772
1391 475.79498753489145
1401 475.79498643443213
1410 475.7949861387219
1428 475.7949839510506
1430 475.79498383371816
1455 475.79498382946394
1456 475.7949838167016
1458 475.79498296300994
1482 475.79498283517233
1500 475.79498280833144
1501 475.7949827278091
1503 475.7949827051881
1521 475.7949825559509
1523 475.7949825469481
1533 475.79498237668923
1535 475.7949819300501
1545 475.7949817461795
1555 475.79498130733725
1565 475.79498129364765
1575 475.79498107536335
1584 475.7949805512166
1610 475.79498046335505
1620 475.79498037288585
1637 475.7949803718745
1643 475.79498036754103
1695 475.7949803531823
1711 475.7949803506669
1716 475.7949803461657
1745 475.7949803446702
1764 475.7949803446172
1765 475.7949803444578
1766 475.79498034397983
1787 475.7949803433698
1794 475.79498034248456
1801 475.7949803424211
1803 475.7949803424059
1811 475.7949803421856
1818 475.79498034215555
1820 475.79498034193483
1822 475.7949803415537
1836 475.794980341334
1842 475.7949803413262
1851 475.79498034127187
1852 475.7949803411091
1857 475.79498034108246
1863 475.7949803410733
1865 475.7949803408851
1868 475.79498034066654
