1 5209.36861338019
2 4962.237911987787
8 4403.422180671083
10 3993.275531324714
11 3386.098612094347
13 3120.205864916152
26 3091.339495327048
61 2897.6228361899193
105 2823.0638265695707
131 2791.1977853960134
157 2788.664573015513
176 2788.200178746735
187 2775.849946948454
197 2762.3978926479663
235 2756.8651619430148
246 2754.151900456109
247 2744.460774121793
266 2738.780502234311
320 2738.4273827173333
347 2738.380870427745
364 2737.6231649644865
365 2736.560522706009
366 2735.7102176654557
376 2734.1008120062074
412 2733.528306692989
440 2733.5073449552087
441 2733.4464234556754
442 2733.286775838943
443 2732.9776756127912
468 2732.5939055383305
512 2732.5676549100776
522 2732.5415273921403
524 2732.5389811625487
563 2732.537850536682
589 2732.5346273446207
591 2732.532777406586
642 2732.532446352333
660 2732.5322521739076
703 2732.532222317929
748 2732.532215294052
774 2732.532215105488
775 2732.5322145397927
786 2732.532018130903
787 2732.5316501877005
788 2732.5305477276843
789 2732.527252673717
790 2732.5174784394167
791 2732.4891538925117
792 2732.413158458814
793 2732.2658355682743
796 2732.2053795401052
824 2732.156657724406
841 2732.15309203975
867 2732.152714927497
868 2732.151583936009
910 2732.15144185121
952 2732.1514103972067
978 2732.1514088146228
1013 2732.1514087985315
1014 2732.1514087502587
1015 2732.1514086054435
1044 2732.1514037503684
1045 2732.151394900237
1046 2732.1513683759476
1047 2732.15128903802
1048 2732.1510531387053
1049 2732.150364470546
1050 2732.148469722908
1051 2732.1443264886993
1069 2732.143382395073
1071 2732.143154706068
1072 2732.1424716525175
1122 2732.142454592972
1123 2732.1424034144716
1133 2732.14237834808
1135 2732.142359885868
1169 2732.1423418653826
1187 2732.142341766171
1188 2732.1423414685473
1198 2732.1423368522323
1256 2732.14233660315
1258 2732.1423362983974
1293 2732.142336286742
1304 2732.142336278538
1330 2732.1423362748756
1340 2732.1423362744454
1341 2732.1423362731516
1342 2732.1423362692735
1343 2732.142336257638
1344 2732.1423362227315
1345 2732.142336118012
1346 2732.1423358038533
1347 2732.1423348613844
1348 2732.142332034023
1349 2732.1423235523666
1350 2732.1422981112078
1351 2732.1422218220778
1352 2732.141993263791
1353 2732.141310371069
1354 2732.1392867384284
1355 2732.1334414187327
1356 2732.117940172695
1357 2732.0898675184126
1359 2731.9813152195734
1361 2731.9633645506055
1363 2731.9582303717534
1389 2731.951250456465
1415 2731.950887307739
1416 2731.9497979394177
1426 2731.9481713338137
1460 2731.948088751565
1462 2731.947978277797
1480 2731.9479615043847
1489 2731.9479514454238
1515 2731.947949187807
1549 2731.947949004928
1551 2731.9479489763803
1552 2731.9479488907355
1553 2731.9479486337996
1587 2731.9479485183633
1646 2731.9479485124343
1671 2731.947948511707
1680 2731.9479485107477
1703 2731.947948509933
