1 1974.0188874025469
66 1873.2177261685729
76 1581.546801737987
83 1373.2640936303915
93 1227.1383790769908
103 875.7409824472295
112 849.7888202092695
120 798.288750758165
122 753.4185738564262
144 747.093264938906
154 727.5994789234321
156 685.6865599274945
167 630.3046173787592
179 459.6600706250026
191 283.4357768225864
203 260.0057076655305
222 218.233042709746
239 160.67194152633948
248 160.57478323598923
265 158.16328249669883
283 157.0529161757269
285 155.62458181059367
294 147.9074433579747
313 139.99535676948216
324 134.47186692008447
339 129.7216633123563
370 127.80748870027769
372 119.91145610138211
375 118.71923603744234
385 110.70496333100901
403 110.58748272298358
422 110.16833923123237
423 109.56314761149231
426 99.19058209349954
446 98.93299555312043
448 93.34587908912259
457 92.42919075806054
483 92.29768111140235
493 91.49161642029789
502 91.17808784523059
504 91.17628633362166
514 90.34206364682977
523 89.90592143533645
525 89.1291592199217
527 86.97670577887546
536 84.65353823977047
554 84.01528478688219
564 83.43116053038723
566 83.18049193020902
572 81.80779716831252
609 81.38607378224624
619 78.6465603713488
646 78.60741019558048
647 78.40090718159617
658 77.66746325491924
669 76.74680552225918
681 76.73426111407512
690 76.68881148337886
716 76.67238472391976
718 76.51736367440655
727 76.43138498026411
744 76.31597453088663
760 75.98594908929802
779 75.8993941465577
797 75.81079450850173
806 75.7548535058027
829 75.7520267777884
849 75.72216345810659
858 75.71886081889573
873 75.71192754836345
885 75.70584221404575
887 75.70301085487414
888 75.69474969260254
891 75.64247236930217
893 75.56878361273475
895 75.53449147104428
897 75.47100055902042
899 75.33666418727691
935 75.31960997131945
944 75.317022871298
945 75.308935381228
971 75.30857948706893
981 75.30576701996492
983 75.30526032157805
984 75.30031868095332
993 75.29219272474417
1016 75.28712520115043
1026 75.28049740573856
1040 75.27848890109038
1058 75.27730130744364
1060 75.27497841190443
1070 75.2742310801366
1081 75.2739543783244
1083 75.27256988753717
1084 75.26761950769259
1085 75.2464816255736
1089 75.19242324029624
1117 75.18841827419809
1127 75.18733513707126
1145 75.18148911415116
1146 75.16750796844208
1156 75.165811974776
1158 75.15893945439751
1160 75.15442116327422
1169 75.15180541183717
1179 75.14421944042975
1189 75.13062388088217
1207 75.1252993386041
1221 75.12069081505942
1236 75.12029888735556
1250 75.11934461705583
1263 75.11870355973876
1265 75.11735569904774
1274 75.11705903431424
1275 75.11617727112852
1293 75.11574737888111
1302 75.11568780249952
1320 75.1153611932381
1322 75.11442626261821
1340 75.11415599648755
1342 75.11399049684799
1352 75.1139832251755
1357 75.11333146907917
1360 75.11313496523884
1393 75.11309682296479
1395 75.11278155755949
1405 75.11271501452731
1415 75.11203079208236
1425 75.11196076291658
1435 75.11188436132932
1446 75.1117347477765
1455 75.11170850691205
1456 75.11162984582258
1457 75.11139441008403
1475 75.11124631164442
1484 75.11124221402017
1502 75.11114326989497
1512 75.11105624679765
1514 75.11100122502889
1524 75.11092441619273
1533 75.11091853136121
1551 75.11089951937099
1553 75.11086163460115
1562 75.11086099901914
1563 75.1108590927035
1581 75.11081693319701
1599 75.1108160348675
1600 75.11081333993026
1625 75.11080806990684
1626 75.11079228294453
1628 75.11077370237362
1630 75.11067715365523
1639 75.11065743872086
1649 75.11061502657702
1658 75.11060648321988
1675 75.11057734254355
1693 75.11057591329396
1695 75.1105568277534
1712 75.11055305975499
1737 75.11054736137952
1744 75.11054475970602
1746 75.11053505966376
1755 75.11053467093359
1764 75.1105162151392
1773 75.11051562276373
1790 75.11051530460712
1807 75.11051530300524
1821 75.1105152424077
1823 75.11051362092442
1824 75.11049519405864
1825 75.11044050295592
1827 75.11041590726003
1829 75.11013962808094
1847 75.11010553085497
1858 75.11001601360609
1885 75.1099974550461
1887 75.10997114475411
1888 75.10989364836993
1906 75.10988474610105
1907 75.10985810226525
1909 75.1098356321027
1911 75.10955573757283
1921 75.10948893276334
1922 75.10930962735503
1923 75.10893604469099
1924 75.1083129211873
1926 75.10735625642033
1938 75.10435691277691
1956 75.10338205925953
1958 75.10168456385176
1959 75.09172630523581
1981 75.0903175649908
1986 75.08982341248247
