1 2610.5129655839023
16 1734.0950485231315
44 1613.1498429082267
61 1608.3446728752308
78 1382.6405729635646
82 1091.1129348309928
98 1071.7964333858752
111 1042.031786476169
126 848.7231547949928
144 845.2609300646474
160 843.4580940773031
169 838.0820001280009
180 753.5900137087361
182 734.653294258819
202 728.7266794854474
219 724.9739242361875
230 707.3693233578634
240 697.1186578724032
242 695.6030563565392
260 689.3382062391374
271 684.8324149580469
284 684.6904034565215
286 677.4018720433769
295 676.7427982790823
351 676.6443784977978
375 675.7838210097219
420 675.557636835092
429 675.555191180517
430 675.5443799205162
478 675.5428575969294
497 675.5380345037212
498 675.519756321638
500 675.4257981224782
518 675.3926757069672
520 675.3729168651605
531 675.266867152836
533 674.9447552406432
590 674.9343707162201
601 674.8769732408102
610 674.872263469028
612 674.8248119096181
623 674.7933381490355
624 674.6235259169142
634 674.586636417412
636 674.2962862333682
637 673.4448724435533
639 672.1829700398624
658 671.7424606835414
659 670.4855834645234
661 669.7258366835154
664 669.2320350629797
680 665.8292794162412
689 665.7368001611887
690 665.486854012577
718 665.243630447464
721 664.8337863143074
723 663.2926026048923
742 662.7970169161543
761 662.1455978600153
780 661.8389442615706
781 660.7938636233166
783 660.2538556184955
811 660.233352331292
812 660.1768142876487
822 660.1386640256118
823 660.024172152173
824 659.680864429286
835 659.5392174943647
844 659.4400267986746
871 659.4258089783542
873 659.4074933846678
875 659.3350254083736
886 659.3241386929453
897 659.3146561606889
898 659.2860856899156
903 659.1988260728976
913 659.1483503913323
925 659.0973016380044
928 659.0450147492472
930 658.9990159197348
955 658.9182069802893
973 658.8970923292486
982 658.8944278209532
994 658.8932361754054
1007 658.8925597439965
1008 658.890532099821
1019 658.887222616246
1052 658.8868654944935
1061 658.88666048195
1097 658.8859149511648
1106 658.8857596976194
1115 658.8856858568067
1130 658.8853159822709
1147 658.8852042422858
1156 658.8852006335405
1157 658.8851898073124
1175 658.8850823602287
1185 658.8847340501228
1202 658.8847084659284
1212 658.8846344009276
1214 658.8845745182601
1224 658.8845216180995
1226 658.8844860117523
1227 658.8843791931837
1236 658.8843670090206
1274 658.8843662073199
1300 658.8843646280873
1301 658.8843598904053
1302 658.8843456775155
1303 658.8843030402461
1304 658.8841751410397
1305 658.8837915568353
1306 658.8826418248884
1307 658.879201813193
1308 658.86896437743
1309 658.8389932604015
1310 658.7556404998624
1311 658.558022173157
1313 658.5229703750956
1314 658.4234703777645
1317 658.2975553551747
1319 658.2898530642485
1320 658.2696636601014
1337 658.062112657602
1346 657.6812826894651
1366 657.1712143879772
1389 657.0685113559981
1402 657.0273467573986
1404 657.0003359629914
1415 656.964772456052
1424 656.922836077154
1425 656.7968734958685
1460 656.78923222426
1462 656.7318525437211
1464 656.7247043260656
1474 656.7123581605024
1498 656.6916802012747
1512 656.6826996180193
1530 656.6823641690884
1531 656.6813570520454
1541 656.6799716305974
1543 656.6791477901752
1544 656.6766761169506
1554 656.67526059601
1567 656.6720063144938
1573 656.6714627098679
1574 656.6698323584687
1584 656.6683698994485
1588 656.6660765130699
1590 656.6590025512182
1591 656.6378189050164
1592 656.5746114541571
1593 656.3880601945082
1608 656.3197668001008
1612 656.2320001855666
1634 656.2121067334583
1636 656.1986354809512
1637 656.1583795707442
1638 656.039011564681
1650 655.9823032000771
1669 655.9282079608193
1679 655.8802369073532
1689 655.8435802879378
1698 655.8162374916682
1721 655.7897493743178
1730 655.7889002039075
1756 655.786769089554
1757 655.7803772342698
1776 655.7771849281992
1786 655.7771611159806
1787 655.7770891749093
1788 655.7768686691237
1789 655.7761611686794
1798 655.766220647956
1809 655.7268309718186
1811 655.7114409318739
1820 655.6976241067146
1845 655.6929734283212
1847 655.6920153072945
1856 655.6906393024337
1866 655.6856946043465
1875 655.6785489770896
1879 655.6658854189004
1888 655.6613580398642
1924 655.6610493376714
1927 655.6574527756218
1936 655.6524976738666
1957 655.6516943580921
1967 655.6508055047892
1978 655.6480202812996
1987 655.6451930925756
