1 5161.578378980645
2 4666.529033270652
3 3065.8282816017145
4 801.1908569356459
22 741.05592269474
118 733.3361437550658
157 724.1693012523767
173 714.1749184748753
175 710.1108939294447
184 707.4923813820108
222 706.1303577772289
242 704.8614179336566
247 704.4697591892808
278 704.2566778650212
295 704.2517287635194
296 704.2453906207928
307 704.0736191640696
368 704.0690403601171
386 704.0618138294527
440 704.0616439643908
441 704.0611343702988
470 704.0609086949516
537 704.0607882596961
555 704.0607223386442
590 704.060704797158
592 704.0606979212703
620 704.0606925549723
622 704.0606900568296
623 704.060682562416
657 704.0606783496584
675 704.0606780153664
677 704.0606779709526
678 704.0606778377395
764 704.0606777833
772 704.0606777476992
774 704.0606777356913
795 704.060677710271
827 704.060677709856
835 704.0606777096156
863 704.060677709558
871 704.060677709546
883 704.0606777095448
