1 7439.02362011025
29 5397.996396461196
57 4064.6939931416314
75 3470.0398044840563
86 3137.202208265221
97 2842.8270774936914
106 2842.7067145561728
131 2782.145504125513
142 2782.140835789504
151 2781.9970203641305
163 2770.2262276627725
166 2575.4898765438015
168 1867.4762175785754
179 1866.5729279524628
181 1047.557676099651
183 1047.557668902585
200 1025.921308491552
202 1024.8189893877916
221 877.6211196374238
222 530.4366245501611
231 530.0644409725701
232 529.0241619534702
264 528.8231145538255
265 528.1827617559763
267 511.14779752096683
277 510.1669721643869
286 501.4155746905598
296 485.72272483902566
309 446.5201239316174
318 441.831334025394
327 437.78801742171964
361 437.4577394526308
363 435.6857267847911
380 430.02384171776225
392 424.7758797083758
410 423.0281830906859
421 422.09577685635355
439 421.73437335733064
441 419.79785019291296
452 418.93532023146923
460 418.47271979170114
472 417.58323554207504
474 417.5424603840538
476 416.9256530076882
488 412.282396893654
497 411.6509285725365
509 410.5814975224299
527 406.8794380006372
545 405.24025708882897
546 400.4044005954324
548 398.52853526684527
558 394.0709541385015
563 393.1820126435319
583 388.53499901844407
594 387.52283456719726
603 386.5204472960244
622 386.07212479328746
637 385.4141595201364
665 383.6946945326588
699 383.68479460388045
700 383.6550247709185
701 383.56508498390474
711 383.4194082638319
737 383.3272278758893
753 383.3239535941475
755 383.3183925030271
756 383.3016820224854
787 383.27064234854157
789 383.2637260397322
790 383.2429241018866
792 383.17997207053173
810 383.1306380015528
812 383.04275172680633
830 382.9480394015558
832 382.8869802815848
858 382.87779802184224
868 382.8741246671277
870 382.8661443539444
888 382.86423429683373
898 382.86013723279564
900 382.857182381958
918 382.8569124545292
919 382.85610254486556
920 382.8536716399564
922 382.83386352212466
932 382.80096886165467
942 382.7981522563302
952 382.79189364655144
954 382.7823537496512
964 382.7663872058789
992 382.76421131077524
994 382.76349781470054
1012 382.76331793629055
1014 382.7580076168857
1016 382.75797732379056
1026 382.7575440986958
1028 382.74768329634566
1030 382.74521268306626
1050 382.73475652236556
1060 382.7258405052006
1070 382.7245447421551
1080 382.72416697795023
1081 382.7230335929922
1091 382.72152175709743
1109 382.7188558105946
1111 382.7165487978589
1128 382.7158568419296
1138 382.7150241015948
1156 382.71488143896636
1174 382.71484871676785
1176 382.7146304987905
1186 382.7146184300075
1196 382.7144360683655
1198 382.71439172868895
1199 382.71425870892483
1209 382.7141624090354
1227 382.7141575257386
1249 382.71402052790336
1259 382.71384453908377
1269 382.71383907540917
1270 382.71382268438157
1271 382.7137735112672
1272 382.713625991641
1273 382.7131834302157
1274 382.71185572305836
1275 382.7078723967082
1276 382.6959206022869
1277 382.6600496541153
1278 382.55231784755495
1280 382.228631234831
1282 381.9604979900587
1286 381.9512883419309
1287 381.9235559226961
1290 381.374290046228
1300 380.8458476835037
1317 380.454331575821
1332 380.37179788662536
1367 380.2880794663025
1385 380.28163308353305
1394 380.27417664555236
1404 380.2495527044866
1422 380.24767256359513
1423 380.2420309205322
1424 380.22509502600593
1444 380.2236836766857
1446 380.212761137762
1450 380.2121368905348
1451 380.2102669217519
1452 380.20467205578603
1468 380.1613445876347
1486 380.160499302941
1487 380.1579632895979
1488 380.1503537990128
1499 380.13780483237764
1503 380.13482603743347
1505 380.1292069679538
1519 380.10652419810685
1531 380.0867804634694
1536 380.0615724696731
1542 380.00703573581507
1562 379.94705829455506
1573 379.91130175995374
1591 379.90719233594257
1600 379.90511079276155
1606 379.8190815062073
1620 379.7800387398245
1621 379.66253684965017
1630 379.6197697662048
1647 379.6107956016687
1657 379.53711092137166
1658 379.31484545545317
1688 379.2641192620957
1697 379.17189370608094
1706 379.1606266560548
1726 379.1467068628863
1740 379.1420267159154
1762 379.12923888793273
1775 379.1166584539883
1787 379.1163332259101
1800 379.1161561641601
1812 379.11447720210646
1818 379.109946413409
1833 379.108386102646
1842 379.10701310984143
1863 379.1067388384865
1868 379.1065872798959
1872 379.10618471560286
1889 379.1061741948648
1890 379.10614271123967
1904 379.10439087170784
1927 379.1032485130783
1931 379.10279504751855
1943 379.1012458972397
1947 379.10124443715654
1961 379.1011706056574
1976 379.10074989590674
1985 379.10066013984675
