1 3211.22028860098
5 2905.4235847875857
6 2228.0334733474037
8 1969.9530077557251
18 1687.14261202294
38 1670.228275306504
53 1526.554695067688
64 1457.772807992437
66 1438.6511171533573
76 1427.1928877542318
93 1421.7336996653175
110 1404.4929949435016
112 1391.6509333106828
123 1373.5034642282196
140 1346.733760211239
191 1346.6226840581867
193 1345.9042928247763
203 1345.3803397827533
204 1343.9492973358765
217 1342.5993918339582
236 1341.1656864842237
238 1340.6023979622123
240 1340.2211395524464
264 1338.3520222378538
273 1338.0818288257185
282 1337.957506163797
332 1337.9502989702646
402 1337.9500428268286
429 1337.9498866652043
431 1337.9497676365438
432 1337.9494110107457
433 1337.9483452750042
434 1337.9451853426558
435 1337.9360360502728
436 1337.9116095772906
437 1337.8655073684647
440 1337.5197204393444
468 1337.5036579261657
495 1337.5000364651287
496 1337.4891712542985
525 1337.4889066577464
527 1337.4883286936913
528 1337.4865896400365
529 1337.4813965604917
530 1337.4663726888818
531 1337.4227855992067
532 1337.3364979854148
554 1337.3158080023477
555 1337.251268790303
566 1337.176711713234
585 1337.1624161796994
612 1337.1604973631697
622 1337.160313202787
623 1337.1597659512645
624 1337.1581936593727
625 1337.1539209922842
626 1337.1448816695192
628 1337.0703388722563
629 1336.8577167893864
630 1336.3180276892524
631 1335.48581371935
649 1335.4216389379374
651 1335.303998073157
685 1335.1402151721957
696 1335.1048831900348
714 1335.0715962744946
732 1335.0633872836243
742 1335.05688460107
784 1335.0538708774832
794 1335.0527643291643
828 1335.0527336856253
829 1335.0526417676233
830 1335.052366127139
833 1335.0513466015113
834 1335.0507705830923
835 1335.0490862608317
836 1335.044428421055
837 1335.0339582925878
840 1335.0008506934664
878 1334.9974420403173
897 1334.9970192669218
924 1334.9954953781144
958 1334.995418245094
984 1334.9954090974009
987 1334.995394008352
1048 1334.9953933782012
1049 1334.9953914877622
1050 1334.9953858165602
1051 1334.995368803995
1052 1334.9953177756647
1053 1334.9951647749663
1054 1334.9947065314987
1055 1334.9933386287478
1056 1334.9892963693587
1057 1334.9777226309652
1058 1334.9479742225044
1059 1334.9035177615015
1072 1334.888370450647
1082 1334.878879452838
1093 1334.8762372141152
1112 1334.8756025271991
1113 1334.8737445789125
1148 1334.8729555991822
1198 1334.872944760561
1199 1334.8729122447621
1226 1334.8729099863556
1260 1334.872907619725
1262 1334.87290675537
1280 1334.8729064775994
1291 1334.8729064294484
1292 1334.8729062849975
1293 1334.8729058516485
1294 1334.8729045516427
1295 1334.872900651992
1296 1334.8728889563517
1297 1334.8728538992264
1298 1334.872748996014
1299 1334.8724366998485
1300 1334.8715215325974
1301 1334.8689715220553
1302 1334.8630809113265
1303 1334.8612631013684
1334 1334.8487306382865
1345 1334.8429287211588
1381 1334.8417478500414
1399 1334.8415850407323
1409 1334.8415629262786
1427 1334.841547686933
1453 1334.8415444560944
1455 1334.8415443135495
1456 1334.841543885973
1457 1334.8415426037693
1458 1334.8415387618888
1459 1334.8415272788268
1460 1334.8414932128553
1461 1334.8413944638746
1462 1334.841129257329
1463 1334.8406130012588
1497 1334.8397606651818
1499 1334.8385490831802
1517 1334.838493975495
1551 1334.8384878637492
1552 1334.8384695290092
1570 1334.8384612628897
1596 1334.8384573848675
1638 1334.8384573616272
1660 1334.8384573089959
1694 1334.8384573013373
1764 1334.8384573013334
1765 1334.8384573013211
1766 1334.838457301285
1767 1334.8384573011765
1768 1334.8384573008502
1769 1334.8384572998723
1770 1334.8384572969383
1771 1334.838457288136
1772 1334.8384572617306
1773 1334.8384571825213
1774 1334.8384569449618
1775 1334.8384562328963
1776 1334.838454102214
1777 1334.838447759797
1778 1334.838429179216
1779 1334.8383774575052
1780 1334.8382584726587
1781 1334.8382271406927
1799 1334.8379482465002
1817 1334.8378516615758
1859 1334.8378457966758
1925 1334.837845776744
1953 1334.837845773575
