1 1492.3649254005952
6 1259.0302413097036
27 1138.7806378155442
43 1115.548025819212
52 1107.808800246973
54 1078.3683501442558
63 1014.807781801249
83 951.0973547670898
94 872.3597264234581
99 813.2498765241252
113 737.0102994130508
122 688.5108925985206
141 673.1724633132044
150 671.4223020997257
160 669.5401827941527
198 639.0848404054459
212 622.2562879738858
221 607.5979391171472
222 600.5075879273793
251 591.6075082650461
253 591.0773631597126
272 587.3290359636002
292 585.5875853456675
322 583.3388358074307
331 582.3796367542478
349 581.0295337272368
367 580.9691193844149
368 580.7839305132296
390 580.7293794844229
391 580.6697524040599
397 580.6260031143634
404 580.4989532482723
425 580.4095684117194
446 580.0703556423047
455 579.7742962162404
483 579.6188559617372
492 579.5425858104751
494 579.4985700411869
503 579.16407003834
561 579.1597520013693
562 579.1481808921683
563 579.1259588639076
579 579.1195535902127
588 579.1144972300028
616 579.1126054217536
644 579.1095190049466
654 579.1083109914819
656 579.105303945894
657 579.0981921865091
658 579.0938962088251
661 579.0918756406631
682 579.066707586296
707 579.0649311614804
717 579.0642154870319
719 579.0639637227879
737 579.0631331449617
739 579.0629122654466
806 579.0628862558407
815 579.06275859083
816 579.0625484953108
817 579.0619802226955
818 579.0608336009301
820 579.0608192084915
830 579.0607410106521
832 579.0599044213731
834 579.0595756556662
835 579.0588417418979
870 579.0582327233767
896 579.0582323402544
921 579.0582144575139
980 579.0582139379541
999 579.0582136997847
1033 579.0582136795564
1034 579.0582136188716
1054 579.0582133932671
1062 579.0582131518288
1072 579.0582130610419
1091 579.0582129190956
1118 579.0582126660368
1126 579.0582126558769
1127 579.0582126253968
1167 579.058212621269
1177 579.0582126160116
1178 579.0582126002387
1179 579.058212552921
1180 579.0582124109671
1181 579.0582119851142
1182 579.0582107076189
1183 579.0582068757129
1184 579.0581953852062
1185 579.0581609605974
1186 579.058058109018
1187 579.057753355756
1188 579.0568733431669
1189 579.0545424408012
1190 579.0503561415935
1192 579.0478336243347
1210 579.0477108572821
1212 579.0476161681945
1222 579.0475479392853
1223 579.0473436250836
1265 579.0473428561845
1266 579.0473405505564
1267 579.0473336432955
1268 579.0473130081266
1294 579.0473105896749
1295 579.0473033353471
1296 579.0472815816092
1297 579.0472164036057
1298 579.0470216186383
1299 579.0464440092326
1300 579.0447720013412
1301 579.0403063443142
1302 579.0319424807601
1304 579.0286984717222
1314 579.0272624140955
1315 579.0232743034461
1337 579.0200420402845
1383 579.0199806747778
1422 579.0199666493698
1467 579.0199665794196
1470 579.0199664785035
1490 579.0199664750027
1491 579.0199664645041
1492 579.0199664330444
1493 579.0199663389792
1494 579.0199660596197
1495 579.0199652470648
1496 579.0199630391112
1497 579.019958482708
1499 579.0198767034738
1501 579.0198697588821
1519 579.0198613967618
1520 579.0198363524717
1522 579.0198075416267
1523 579.0197216324143
1524 579.0194686149208
1525 579.0187519603888
1526 579.0169837573484
1527 579.0151197895312
1531 579.014977646055
1549 579.0138660805723
1567 579.0138377466801
1568 579.0137923357115
1578 579.0132229083275
1612 579.0131796063274
1662 579.0131795158537
1665 579.0131791695188
1666 579.013178945984
1667 579.0131782871438
1668 579.0131764164972
1669 579.0131717574441
1670 579.0131663568128
1672 579.0130702616591
1682 579.0130534291626
1683 579.0130035446113
1701 579.0129799542116
1718 579.0129708537179
1736 579.012968038325
1786 579.0129677528768
1837 579.0129677499789
1851 579.0129677494866
1871 579.0129677493916
1879 579.0129677493559
1887 579.012967749316
1888 579.0129677491955
1890 579.0129677491188
1891 579.0129677488883
1892 579.0129677481973
1893 579.0129677461236
1894 579.0129677399032
1895 579.0129677212418
1896 579.0129676652607
1897 579.0129674973391
1898 579.0129669937737
1899 579.0129654848665
1900 579.0129609742557
1901 579.0129475874124
1902 579.0129087317529
1903 579.0128039076467
1904 579.0125950953027
1906 579.01231585489
1964 579.0123156938332
1965 579.0123152107036
1999 579.0123150477797
