1 1102.1063321287609
30 1096.0414353480292
58 977.1357305036915
70 898.4317552166548
72 864.3758486049395
84 629.7460840056374
94 548.8082227371445
113 482.2247246324426
123 445.98083077844177
133 397.26950376693037
154 376.2740384618467
163 357.808701072907
173 356.25563720599547
190 354.46901306225215
208 318.15924818877846
218 309.5308732035237
220 286.579160750032
230 274.7359840372779
232 262.55284748762733
263 242.72156468094025
267 241.02371773679943
277 238.64375199765533
286 237.6406512237081
313 232.18869635715117
324 231.61749353080597
333 216.10441401444294
352 214.0684049700366
371 212.44215226269515
373 206.1332894003471
376 201.34961095737737
395 196.8245690412774
405 196.51606041692446
407 195.52136156650803
424 194.38474941696836
445 193.6471594715335
448 192.77019517629515
449 192.60003982762598
469 189.4587026375875
478 189.45376782828197
505 189.05075384907096
507 188.15510051497293
509 186.32410075926194
519 185.8181843750583
521 182.65876118686907
531 181.5593607528569
532 179.0397810819132
542 179.02205088731293
543 178.96840611368594
544 178.80342723350094
545 178.2743140146668
562 178.21798142794358
588 178.11149359882143
589 177.7810915410502
599 177.30374582354528
601 177.00424945489098
619 176.61704330083552
621 176.2417427047006
630 176.19909839361836
649 175.01745340524977
658 173.74877792825077
668 173.4731245267226
670 172.9011080579
688 172.76616066674606
699 172.59022416571335
710 171.46342536470388
712 170.5994011817256
730 170.50736369369494
741 169.06222615365115
743 168.81123922299787
752 168.747240473717
761 168.69765334026005
779 168.67750887976786
780 168.67278245185037
782 167.96117669261645
791 167.91937866493214
809 167.6912660175943
811 167.5735338719778
820 167.51277760619377
821 167.35616789443839
831 167.29621049791547
850 167.0608269348239
869 166.90024639921134
879 166.87935111245093
901 166.87201035385152
911 166.80520818494412
921 166.76724954340344
930 166.7557312632426
932 166.7437272630738
933 166.70854788838693
934 166.58211890378266
944 166.55644642699644
962 166.54905440703672
964 166.51811964665583
973 166.48926343481352
995 166.48826583331333
1016 166.45666905042194
1049 166.44926619055033
1066 166.44906915623326
1068 166.4440137005649
1078 166.43363269310086
1080 166.4233602363578
1081 166.40079478565423
1090 166.38019131949346
1123 166.37674485278544
1133 166.3748011705518
1139 166.3721512162026
1141 166.37135272811932
1142 166.36908932116074
1144 166.36839584170517
1162 166.36784321207782
1164 166.36740328596304
1167 166.36546257062284
1169 166.3605396316614
1179 166.35894822441293
1189 166.35439816828335
1190 166.3395228438803
1195 166.32565914716665
1213 166.32398032916404
1215 166.3151692511464
1233 166.30409639808553
1246 166.2722420702568
1256 166.25689952466016
1274 166.25530596787988
1298 166.25244273854042
1300 166.24208289713664
1331 166.24147005179097
1341 166.24023319967156
1351 166.24013552295037
1361 166.2390926203062
1363 166.2386978675734
1381 166.23868289972341
1383 166.23844050891879
1393 166.23730622757785
1402 166.2371857593185
1412 166.23697839662665
1429 166.23668841859998
1431 166.2363875288694
1433 166.23594830444145
1459 166.23534000601484
1468 166.23519910800022
1478 166.234919726565
1497 166.2346918518569
1507 166.23452331909712
1533 166.2344098926309
1535 166.2343898508691
1559 166.2343599716696
1560 166.23428106447105
1562 166.23413348652767
1573 166.2340377421258
1609 166.2339572419098
1614 166.2338851005283
1615 166.23359658469087
1635 166.23357605569282
1636 166.23351218971038
1637 166.2332990169149
1648 166.23326956561664
1649 166.2331786545293
1659 166.23317126536585
1660 166.2331487645238
1662 166.23308213519647
1663 166.23286567108104
1673 166.2328329798033
1682 166.2327557428073
1684 166.23234482802113
1718 166.23232954418788
1720 166.23231789997473
1730 166.23228041487175
1748 166.2322680667318
1759 166.23225354754172
1769 166.23220099326647
1789 166.23219861514005
1793 166.23219767952503
1795 166.23216953424298
1796 166.23208446080588
1797 166.2318163874279
1802 166.23175006805235
1820 166.23172153277665
1822 166.231693625274
1824 166.2316849275986
1826 166.23153877405258
1836 166.23151504582282
1837 166.2314367211286
1847 166.2312838769035
1849 166.2310800342074
1850 166.23042781199624
1862 166.23030054370292
1864 166.2297851577321
1883 166.22976314081694
1884 166.22969715146814
1885 166.22950003352955
1894 166.22934646565048
1895 166.22888647623014
1905 166.2287804917827
1906 166.22851765190174
1916 166.22829810774073
1918 166.22785924617207
1923 166.22539408901318
1934 166.22359941481713
1946 166.22047453883462
1950 166.21813076498606
1961 166.21523658507883
1978 166.21516236921437
1988 166.2149966705653
1997 166.21302783160462
