1 2645.072776158579
3 2144.6839212134796
21 1123.4108162700604
38 1071.0321040319677
48 1037.4056136823306
50 882.8561180485082
59 851.9757107824564
69 752.5288004254974
118 734.3455102132358
136 724.277316303205
146 696.1779620265218
164 692.3162209902164
182 688.2249003555775
184 685.740856851103
189 683.5812587686077
226 679.2919453171965
264 679.2908857695762
281 679.2505927450638
309 678.7012036775487
318 678.1956713986096
372 678.155977294818
381 678.1509793284425
398 678.1425053705511
408 678.1360301073831
435 678.1301427472885
436 678.1124836408488
437 678.0595330872701
449 678.0481905296692
468 678.0445197071384
486 678.0435158699996
487 678.0405045127565
489 678.0404498989334
490 678.0403301098714
492 678.0087408588347
501 678.007441141517
502 678.0035469678613
512 677.999114970294
530 677.986696157658
531 677.9494724498413
532 677.8382214385807
533 677.506978975626
534 676.5373698057131
535 673.8544954158414
536 667.8623029428849
549 667.3157885617447
551 667.2144664588462
552 666.9364168198324
553 666.3355037454763
565 662.4326849074118
585 661.5717551738674
587 659.3557757272523
597 659.1662319191794
625 658.8124631020081
644 658.6981101608628
655 658.6384195776892
656 658.4608682828406
683 658.2893051185516
710 658.2865658277733
711 658.2783691106818
712 658.2539693161806
713 658.182374867348
714 657.9829700167214
715 657.5221384715047
716 657.3291254340384
719 656.5623373703535
722 655.7651630805437
725 653.9539929753124
734 653.8589889931286
737 652.9982160113557
738 651.9478575027222
780 651.4802222677438
781 650.0990025735566
792 646.6773766927806
794 645.9310147249884
814 645.6697822291784
848 645.5325809407491
859 645.5033313768319
860 645.416039909497
862 645.3546263640297
896 645.3501035987849
897 645.3365579122974
899 645.3194748711159
917 645.307540733699
918 645.2717454008431
945 645.2693809160143
947 645.2666300532701
957 645.2652993626397
984 645.2650335915833
985 645.2642367207001
986 645.2618500886997
987 645.2547260204578
988 645.2336763169685
989 645.1734665249692
990 645.0191460665212
991 644.7923650751857
1004 644.7790416852051
1014 643.9515094368436
1025 643.9395177526668
1027 643.760307446052
1036 643.4269657794995
1082 643.407178554806
1091 643.4026864725699
1101 643.3949028628562
1110 643.3760466260057
1119 643.3733679051497
1137 643.367973438677
1139 643.3602885327255
1157 643.3570766368531
1175 643.3567793839501
1184 643.3565680987789
1194 643.3554610926142
1205 643.3549079659165
1206 643.3532487426339
1208 643.351248838257
1233 643.3508379314128
1250 643.350167685574
1275 643.3501418783545
1301 643.3500918393904
1318 643.35002977035
1385 643.3500240861422
1403 643.3500237767844
1421 643.3500214753819
1438 643.3500189391999
1455 643.350018661094
1464 643.3500182426937
1498 643.3500179157461
1514 643.3500176271643
1524 643.3500174773567
1542 643.3500174393143
1552 643.3500174095537
1561 643.3500173789015
1569 643.3500173377157
1603 643.3500173145715
1629 643.3500172951749
1648 643.3500172908635
1663 643.3500172905153
1664 643.3500172894692
1687 643.3500172875761
1694 643.3500172871862
1706 643.3500172871476
1707 643.3500172870312
1708 643.3500172866821
1718 643.3500172858702
1731 643.350017285867
1738 643.3500172858614
1739 643.350017285846
1747 643.3500172857883
1749 643.3500172857359
1753 643.3500172857326
1769 643.3500172857227
1776 643.3500172857023
