1 32867.14394431922
2 32760.60684139697
6 32685.71855180436
16 32636.82485691503
30 32599.329128969868
40 32545.08184085517
51 32544.923516919487
61 32530.0160248809
64 32503.672574508924
74 32489.708939370972
84 32444.39500259823
95 32419.395108585446
105 32404.01242004137
114 32403.17159931964
123 32400.667294368395
124 32393.344443174836
126 32391.83349219325
130 32374.834204495608
143 32358.872190505055
165 32350.79686774341
166 32335.989560059414
179 32332.17840882262
198 32331.257955681842
200 32330.06742321874
211 32325.563982882766
232 32323.710129097453
244 32322.720262869723
255 32322.347775617192
260 32322.101397237293
277 32321.599181420952
287 32320.918697109704
291 32320.684160822504
304 32319.563903401922
333 32319.313319855188
344 32319.273303434205
354 32319.088276406877
364 32318.97683412539
384 32318.95003232889
385 32318.8763458926
386 32318.709872084775
405 32318.672760442292
446 32318.669246201927
455 32318.66820365056
483 32318.66778823329
484 32318.66662292121
485 32318.663827020322
486 32318.661745418296
489 32318.65276536552
501 32318.64644865201
528 32318.643594506655
530 32318.635571367424
531 32318.624720796277
560 32318.610583186164
570 32318.596487370833
573 32318.585838128223
591 32318.581825674482
600 32318.57983631627
617 32318.57864733721
643 32318.578433924155
678 32318.578218616603
721 32318.578212021665
748 32318.578209890602
750 32318.57820782745
751 32318.578201642093
752 32318.578183122976
753 32318.578127898036
754 32318.577965209755
755 32318.57750388622
756 32318.57635689624
757 32318.57495162846
774 32318.574019140975
784 32318.571064159973
786 32318.562015928244
804 32318.559660568222
805 32318.553920811995
815 32318.547860793547
816 32318.53447401083
846 32318.529900039153
858 32318.52872230822
859 32318.52630275762
885 32318.52451477032
904 32318.524493360594
908 32318.523281304624
944 32318.523180246404
970 32318.523131556583
980 32318.523105125296
981 32318.52302587427
1039 32318.52302576816
1040 32318.52302544988
1041 32318.523024495356
1042 32318.523021634883
1043 32318.523013081125
1044 32318.522987668854
1045 32318.522913671746
1046 32318.522711801135
1047 32318.522286277486
1056 32318.5220988562
1073 32318.521794888653
1091 32318.521754100613
1117 32318.52175323535
1118 32318.52175075413
1119 32318.521744340087
1120 32318.521734321213
1130 32318.52140399654
1156 32318.521391198254
1174 32318.521388336638
1175 32318.521379756192
1176 32318.5213540545
1177 32318.52127730591
1178 32318.521050255542
1179 32318.520397519216
1180 32318.518685806917
1181 32318.515525407456
1183 32318.514171606323
1257 32318.51415460446
1259 32318.51415253318
1260 32318.514146320013
1286 32318.514144208108
1289 32318.514143309876
1290 32318.514140615305
1291 32318.51413253273
1292 32318.51410829532
1293 32318.51403567576
1294 32318.51381864971
1295 32318.513175022985
1296 32318.51131287048
1297 32318.506291305937
1298 32318.495647882464
1336 32318.49536145969
1378 32318.49534194427
1404 32318.495335883046
1422 32318.495335447733
1423 32318.495334141862
1424 32318.495330224858
1451 32318.49532241263
1470 32318.49532183875
1481 32318.495321636503
1532 32318.495321512448
1559 32318.495321485854
1643 32318.495321485818
1644 32318.495321485723
1645 32318.495321485432
1646 32318.495321484555
1647 32318.49532148193
1648 32318.495321474064
1649 32318.495321450446
1650 32318.4953213796
1651 32318.495321167073
1652 32318.495320529513
1653 32318.495318617097
1654 32318.4953128821
1655 32318.495295697518
1656 32318.49524432727
1657 32318.49509186506
1658 32318.4946492327
1659 32318.49345188346
1660 32318.490973051517
1662 32318.488964697583
1663 32318.48296347468
1673 32318.482542200523
1691 32318.48244295661
1693 32318.48239654654
1711 32318.482304423538
1721 32318.48228637301
1763 32318.48228542907
1781 32318.482285286314
1782 32318.48228485827
1783 32318.482283576202
1809 32318.482282110715
1835 32318.482282037286
1836 32318.482281817007
1837 32318.482281156197
1838 32318.48227917411
1839 32318.482273230962
1840 32318.482255429422
1841 32318.482202275765
1842 32318.482045066005
1843 32318.481593497676
1844 32318.480413877558
1845 32318.478298734823
1856 32318.471823929394
1873 32318.471586469735
1875 32318.470988107667
1918 32318.47097616435
1919 32318.470940430325
1920 32318.47083409288
1921 32318.470522896903
1922 32318.469660595725
1923 32318.467740739125
1949 32318.467423398164
1967 32318.4672076465
