1 2319.065945495504
3 2115.482673039473
27 2114.3067447910603
38 2003.9070918946845
65 1999.964579306728
71 1828.1002486439738
92 1781.3625096032324
103 1775.8574058303705
105 1766.5444895669116
126 1746.3541144927285
140 1743.8951210151706
157 1737.2027282308648
166 1733.1051823379496
198 1731.158487680128
207 1729.4720514318885
240 1729.1484366193095
242 1728.9492443433605
251 1728.9191892273761
260 1728.7694262723608
296 1728.749773092597
305 1728.6950309728036
323 1728.694077512419
332 1728.69401563132
358 1728.6897904650714
373 1728.680901356828
382 1728.678937336913
391 1728.6779669583148
420 1728.67759200686
473 1728.677583683404
476 1728.6775797916066
486 1728.6775729892797
514 1728.677572126378
515 1728.6775717818919
553 1728.677571335343
572 1728.6775709330282
582 1728.6775708915916
592 1728.6775708277858
595 1728.6775703606659
613 1728.6775703092453
633 1728.6775702544355
644 1728.677570237345
648 1728.6775701929798
667 1728.677570128743
671 1728.6775700903754
672 1728.6775700636451
682 1728.6775699758296
688 1728.6775699480884
691 1728.6775698584686
704 1728.6775698475096
756 1728.6775698377055
766 1728.6775698138695
772 1728.6775698061792
776 1728.677569780608
785 1728.6775697754877
803 1728.6775697614953
812 1728.6775697558946
828 1728.6775697537848
855 1728.6775697503197
868 1728.6775697501878
874 1728.6775697486312
885 1728.6775697482462
894 1728.6775697480198
913 1728.677569747882
919 1728.677569747474
949 1728.6775697469282
967 1728.6775697468463
970 1728.677569746725
983 1728.677569746649
1000 1728.67756974662
1003 1728.677569746584
1029 1728.6775697465737
1056 1728.6775697465268
1068 1728.6775697465173
1073 1728.6775697465166
1082 1728.677569746516
1108 1728.677569746515
1120 1728.6775697465146
1139 1728.6775697465123
