1 4993.545080263973
37 4610.293104168277
54 3745.2064695861804
93 3197.2447536648424
119 3163.965258798512
120 3132.515998709611
131 3128.111422247622
133 3067.9209481423463
142 3047.7106220030114
168 3035.6251366157435
170 2992.600781111581
181 2987.313362750556
183 2979.1027837200977
184 2956.1514850234316
186 2924.60073739298
188 2918.9299260156067
221 2906.800136242455
235 2844.725319266344
237 2825.065340785392
248 2824.075559126825
257 2812.522618457919
275 2752.001610196996
286 2748.591823756536
288 2742.505252236261
299 2677.7481485728376
310 2630.2817032641033
321 2617.0044528949406
323 2574.0636265655435
341 2556.982754040301
360 2544.1162934822887
362 2529.3941531074784
382 2523.458798221673
384 2511.71715146428
393 2510.1702044767176
402 2505.4551196750726
411 2484.6676205166705
430 2481.2442775284244
432 2443.2476635272756
451 2431.1654770091827
453 2423.1001270963475
464 2421.0707423307526
473 2416.584459064425
491 2416.325232374546
508 2416.1580654868235
513 2399.412234554215
522 2391.2334311697505
531 2391.087190374983
532 2390.9097588712793
533 2390.3775705172807
542 2390.2593280632123
552 2390.1231481414297
570 2388.4382383328257
572 2386.4085341222885
591 2380.055520853995
593 2371.8975325344454
604 2364.3822842501604
631 2361.061159114967
650 2360.269773936103
657 2359.9213943845193
678 2359.0380387189953
697 2358.7282234608197
708 2358.45138502398
719 2358.1178764527663
721 2358.021582403197
743 2357.9109309942087
754 2357.907843068314
765 2357.7261439772337
785 2357.7245920711252
805 2357.723901402691
824 2357.7196259792
834 2357.710636135623
835 2357.683659073189
845 2357.6648459274365
851 2357.627333138249
860 2357.584505789984
863 2357.5426574897583
864 2357.4168253035864
865 2357.037859617413
866 2355.8906764304415
867 2352.51458729724
880 2343.5897503823203
892 2340.744230595422
910 2337.7154565911123
940 2337.174422166421
941 2335.552484969876
942 2330.6971714083506
954 2330.2545184405685
957 2324.4239111387847
959 2321.879484906355
977 2320.6940434999065
987 2319.1797217362896
997 2317.9050648609705
1007 2317.8093469238183
1017 2317.4541462418592
1026 2316.9351319815414
1036 2316.4090814520337
1048 2313.9439042194203
1085 2313.8602822137364
1096 2313.6442777597617
1115 2313.5918920222334
1117 2313.587889123456
1127 2313.5869426998997
1128 2313.584102809605
1139 2313.567089558377
1149 2313.490009897791
1159 2313.42293594407
1161 2313.397412501715
1179 2313.3835975081693
1181 2313.382839326651
1183 2313.3604026698235
1184 2313.2930929404374
1203 2313.2283883735186
1221 2313.188167407617
1235 2313.175202633661
1261 2313.1715473635913
1263 2313.169469692099
1264 2313.1632365908104
1282 2313.148945644277
1292 2313.148240740598
1294 2313.147738254217
1296 2313.1431566483143
1325 2313.126000831884
1343 2313.1245919970393
1352 2313.115333265336
1386 2313.1138746594206
1388 2313.10964900298
1406 2313.106843347681
1408 2313.104956631301
1410 2313.1011677344627
1420 2313.1003379498043
1422 2313.099051180313
1432 2313.0973055677277
1442 2313.096994492155
1452 2313.0939127578913
1462 2313.093418018183
1464 2313.0918382871287
1466 2313.0905331244226
1476 2313.086476385118
1494 2313.086285416935
1512 2313.0861619403295
1513 2313.085791509679
1515 2313.085066540255
1525 2313.0848930347856
1527 2313.0847069344704
1543 2313.0842123654916
1553 2313.083605324887
1572 2313.0835929879668
1581 2313.083586060462
1582 2313.0835652779488
1592 2313.0831175570365
1610 2313.082982166991
1620 2313.082952324902
1622 2313.0829323276976
1638 2313.082820898814
1656 2313.0826814816573
1658 2313.082678689121
1667 2313.082650297655
1676 2313.0819687257094
1686 2313.081889993705
1687 2313.0816537964124
1688 2313.080945193006
1689 2313.078819279362
1690 2313.0724406163813
1691 2313.053296559703
1692 2312.99579758977
1693 2312.822829543837
1694 2312.301863985393
1697 2312.1036055225836
1700 2311.9132884932856
1703 2310.920295835908
1706 2309.7146253954893
1716 2308.959011510134
1744 2308.3610884960517
1746 2307.3107402624883
1755 2302.5806045064464
1782 2302.4444422466077
1784 2301.684448555713
1804 2301.099070719516
1806 2301.0807702435327
1826 2300.9166967401648
1836 2300.9057048153177
1846 2300.889257376913
1847 2300.8399325385462
1849 2300.537543986961
1859 2300.4673915561893
1869 2300.4608979349214
1879 2300.332363971817
1906 2300.3218145416895
1908 2300.31876525238
1909 2300.3096175596465
1910 2300.282153489271
1920 2300.253026221478
1938 2300.235281515654
1948 2300.2349611139516
1949 2300.23399990831
1959 2300.229771808869
1969 2300.222877030879
1995 2300.222657238538
1997 2300.2218374655413
1998 2300.2193777424723
