1 6380.408471018182
11 4746.005134089908
49 2600.933798316957
60 2599.3464676590197
111 2540.115776903156
112 2245.271381456217
130 2089.667004103329
140 2077.635164483267
141 2046.0966975278627
143 2014.7889065548027
155 2008.6854326229886
157 1939.0682691824038
166 1749.2491041302217
184 1749.2052571023353
195 1736.7991040642535
206 1729.8854401737246
208 1729.8803726113906
217 1720.8075095025918
227 1689.394934978391
238 1685.6390892185723
259 1624.6913184712405
277 1616.1807400939854
302 1608.5938306154765
320 1608.3388420668252
322 1603.6174734351043
340 1601.7614628433116
342 1600.9419326032782
365 1600.9217770412758
375 1599.992493269157
377 1598.171632756096
387 1597.6273079499292
410 1596.6822262445623
430 1595.5976715751385
453 1595.595026896126
469 1595.5651741553224
471 1595.5484605322472
472 1595.498332797663
492 1595.4801932209957
502 1595.3021913505124
503 1594.7696451546542
523 1594.601032554223
567 1594.51314012397
569 1594.5035729734943
578 1594.4889809097933
588 1594.4608809440952
606 1594.4530495885626
616 1594.4524325959312
625 1594.449094807651
626 1594.4390819742027
644 1594.4286289392614
646 1594.4251657810842
664 1594.4163489696732
690 1594.4145742419616
700 1594.413896634362
710 1594.4102389879981
720 1594.4085709151725
730 1594.4080398206195
732 1594.3992390926878
784 1594.3974768246396
818 1594.397470474289
821 1594.397470304449
831 1594.3974477304512
841 1594.3974177324733
843 1594.3973533112394
861 1594.3973246551413
871 1594.3972564402095
872 1594.397051795635
890 1594.3970099340643
908 1594.397007030896
918 1594.3969629905464
928 1594.3969536988336
930 1594.3969482231505
931 1594.3969317961028
941 1594.3969302981036
951 1594.396928316608
953 1594.3969198992527
970 1594.3969196675573
971 1594.396918972471
980 1594.3969109780712
990 1594.3969096588942
1000 1594.396902322389
1002 1594.3968993696758
1012 1594.396899203023
1022 1594.3968987633868
1032 1594.3968979773495
1042 1594.3968944368735
1044 1594.3968937494492
1054 1594.3968914147486
1063 1594.3968906599946
1065 1594.3968818559802
1099 1594.3968815190028
1100 1594.3968805080694
1110 1594.3968787476924
1112 1594.3968787164692
1122 1594.3968784451633
1131 1594.396877910691
1141 1594.396877614504
1143 1594.3968775873066
1145 1594.3968766158168
1154 1594.3968735275973
1180 1594.3968717662208
1193 1594.3968715008266
1204 1594.3968714956952
1220 1594.3968713080078
1221 1594.3968707449462
1230 1594.396870734699
1247 1594.3968706934081
1248 1594.3968705695354
1275 1594.3968703284374
1277 1594.396870275191
1322 1594.3968701203821
1356 1594.3968700939772
1357 1594.3968700147618
1371 1594.396870008572
1389 1594.3968700067128
1398 1594.3968699318882
1400 1594.3968699060306
1401 1594.3968698284584
1410 1594.3968698016454
1411 1594.3968697212083
1420 1594.3968696860613
1421 1594.3968695806202
1456 1594.396869549284
1469 1594.3968694615048
1471 1594.3968694257214
1477 1594.396869410378
1479 1594.3968694078044
1496 1594.3968694031896
1498 1594.3968693891134
1512 1594.3968693852457
1518 1594.3968693827303
1541 1594.3968693651145
1545 1594.3968693616896
1558 1594.3968693604543
1560 1594.3968693597756
1561 1594.3968693577401
1567 1594.3968693573609
1568 1594.396869356222
1578 1594.3968693553413
1586 1594.3968693549268
1591 1594.396869354743
