1 5756.789290337946
4 5299.870410253755
9 4046.8870762389765
21 3602.670911179078
23 2723.7666577467735
33 2596.668440489768
34 2294.6161884763105
51 1427.044576940108
61 1348.165936965774
73 973.0164652164033
83 695.7551289626479
93 689.1483681481845
103 686.4963376441187
112 678.7240426609715
130 642.5755796458106
132 625.7952410979989
142 562.5151260469098
144 542.7540792167315
145 493.57156546105466
149 487.84606703891143
158 487.02184316541036
194 480.4248422397356
207 442.7977552101489
209 416.98173075710366
219 372.10890905190206
239 357.61162845259753
248 318.63627553477727
257 313.32667931318224
258 310.23950202949317
276 300.01950888273427
288 266.454987015536
302 265.975469315544
328 260.68355373964886
337 257.56783464593644
354 256.3582359422827
380 256.071742802063
381 255.1462063031295
390 254.67548277645824
407 253.86764999418702
425 252.4674023250917
427 250.74718263744444
429 246.3038180148179
442 197.26603731026762
462 188.05711982443614
473 185.96832026344364
474 182.098325597104
500 181.98030105397297
502 179.6644236480348
504 178.73293683666085
505 175.728820845051
506 165.43765328442083
517 151.6216745887662
518 120.43588988491916
537 120.33254693723534
539 111.48063810426878
541 92.99295148634343
561 70.30514926141448
572 67.90612419354281
581 61.002048541473414
591 49.895582427303516
600 48.25135350859657
606 47.64514618055887
624 46.77648703606038
626 46.41034773629816
640 46.11596784679674
642 39.2619276630002
653 38.632340436793456
663 38.436781438690936
665 35.60637226545916
688 35.17828852336303
698 34.86425420754737
710 34.647219459822054
735 34.25036852176567
737 33.04430074863277
747 33.034651091532204
748 32.9735040724276
758 32.10631267266966
786 31.137515991600367
805 30.94647307012792
816 30.83073054886099
817 30.525312602901046
841 30.44019668471089
844 30.368949614850333
854 29.913364125325323
873 29.606135914834113
894 29.593493128340565
913 29.554385799907255
914 29.434742501628268
916 29.427203403020798
918 29.33924620741628
953 29.33705830465046
956 29.31725047651693
974 29.30980046305517
994 29.284112675655834
997 29.225325627007393
1024 29.207834301400187
1044 29.206190044306783
1045 29.20044407805045
1049 29.118923334767903
1050 28.926847775014643
1078 28.854953454380286
1080 28.815388740919143
1089 28.798073418731413
1099 28.78392903971387
1101 28.7593470150981
1119 28.736590191991972
1121 28.717174927861773
1131 28.703930637383444
1132 28.663582549174144
1142 28.657045412498853
1162 28.648125555205485
1181 28.62868949933534
1191 28.6251505877659
1201 28.62487759965402
1228 28.624231685221535
1238 28.622761808749996
1240 28.620583156617883
1242 28.61303968651035
1243 28.59049758797093
1253 28.58501336402016
1263 28.581510294262653
1272 28.575223698432303
1298 28.573963146668277
1299 28.570195914475516
1301 28.565245456659916
1302 28.54866269785997
1305 28.457884178303626
1317 28.44705076603942
1328 28.4278427123016
1339 28.425412477171573
1340 28.409619925566805
1368 28.405662313927643
1371 28.397664182260808
1383 28.392034854204198
1395 28.38530496224052
1400 28.37648534372561
1404 28.372527320422257
1433 28.370771976450065
1434 28.363504566261874
1436 28.342123240308634
1455 28.330545313448326
1473 28.326691414064538
1474 28.313184387040536
1492 28.306956858244575
1511 28.305198902748625
1521 28.304111629950874
1523 28.30312826524525
1534 28.298701360864253
1538 28.298401800561525
1543 28.29774009166243
1561 28.296374025256107
1562 28.292268763088785
1580 28.291353518810276
1582 28.290464445794306
1585 28.285328722574935
1587 28.280311032112955
1596 28.280243658166516
1606 28.273668915226253
1615 28.273415806069373
1624 28.271662438386652
1634 28.271645388238948
1652 28.26995469156943
1654 28.268650178643085
1656 28.2669788993379
1658 28.266957574424325
1659 28.26689290728629
1660 28.266694462748067
1661 28.26611022167189
1662 28.265941070789367
1674 28.264992730027437
1676 28.257371794302966
1680 28.2148525013126
1690 28.212355519284134
1709 28.20724324101796
1719 28.20096073927164
1721 28.199874659956993
1722 28.19656186733792
1740 28.196140535474147
1750 28.19518488836209
1759 28.194675728813788
1777 28.194038411466522
1778 28.192110491287586
1779 28.18617933974229
1781 28.181857455916145
1792 28.179398979392133
1802 28.17764482792613
1812 28.171337486383734
1814 28.170732331902215
1816 28.168838227951913
1818 28.168410860899098
1828 28.16706414522452
1846 28.158255505205524
1856 28.157807341637195
1865 28.156703124195154
1866 28.15339019021952
1867 28.14344956017708
1877 28.142905669371483
1895 28.14124579099327
1912 28.141096695511294
1913 28.14065128533907
1923 28.138677595414915
1932 28.13857881908121
1942 28.138542915537453
1944 28.137840364073604
1962 28.13703187187164
1964 28.1351601714758
1966 28.134072631738523
1975 28.13351000103347
