1 1824.759590013878
3 1053.6054818861378
10 1051.1046093396794
13 459.7368734830182
24 456.64419212479845
211 456.60489394460984
229 456.2977151068698
280 387.9681678488813
327 387.9670430070082
328 387.9645852986545
356 387.96420911899276
357 387.9641617276292
366 387.96215708263645
504 387.9381068820719
1260 387.92199834584625
1528 387.9190276948689
1579 387.91593441746176
1609 370.0322558403927
1611 368.25465756999034
1612 367.23906374444505
1614 367.2360236291775
1616 367.2354800175448
1617 367.234886424687
1665 367.21522465393053
1674 367.16850717079467
1683 367.1033869475425
1692 367.0777211597975
1704 367.0772367632407
1715 367.07722063775776
1717 361.51566664454435
1719 361.5000917252474
1720 361.49581179012745
1722 361.4938819784503
1780 361.3732561380839
1781 360.9639441146203
1787 360.5890716947473
1798 360.42561614716874
1801 359.88948520576565
1802 359.858204502638
1861 359.6010873524765
1868 359.4379710837048
1887 359.3382329855683
1890 359.26396418735703
1920 359.2608870918906
1921 359.2513753296776
1944 359.23628129844764
1963 359.236112651851
1964 359.2356065795086
1966 359.23484142749015
1967 359.2329569409266
1968 359.2307861938765
