1 10039.812008142231
3 10039.805248033386
10 7653.990073928224
11 3283.369663408999
17 2212.940556524607
25 1383.645024860897
34 1244.5753697840382
110 1244.4919703131563
189 798.946784239661
208 791.8550558828878
240 787.8344788467673
251 787.3277593174887
252 785.8524520824745
263 782.1165433979172
274 781.6075049816477
285 780.6555579815414
303 778.9911300940626
321 778.4377963449255
339 777.5257393665662
348 777.5255363680519
349 777.5249345768607
365 777.0248285011268
389 776.4741361059923
431 776.2720296305886
484 776.0004174629444
486 775.9943560530526
488 775.9732156785217
498 775.971578121641
508 775.9597496110517
517 775.9152161743311
547 775.9012575727863
557 775.8911595454852
574 775.8896354756031
612 775.8893497630812
639 775.887092597714
652 775.8853087498999
670 775.8849753099518
697 775.8847389594688
715 775.8846636346511
741 775.8846013753571
759 775.8845689196437
761 775.8845509428692
779 775.8845494567532
781 775.88454022006
791 775.8845227635541
806 775.8845168226543
819 775.8845152099193
824 775.8845136687803
842 775.8845134183746
853 775.8845119267967
873 775.8845109597875
883 775.8845108459627
884 775.8845105044878
885 775.8845094800628
886 775.8845064067744
887 775.884497186796
888 775.8844695258462
889 775.8843865338563
890 775.88413747564
891 775.8833895609671
892 775.8811391622007
893 775.8743282213521
894 775.853361742535
895 775.7857721789712
896 775.5441323332868
901 775.5192471227672
904 775.4259234505275
924 775.4197860562888
926 775.2987529347288
928 775.2957074668457
941 775.2038575672611
946 775.1668285321404
967 775.152893669267
968 775.1110018691759
986 775.1084558094699
999 775.0428825748638
1025 775.0396189376278
1037 775.0360096480007
1038 775.0251687117799
1055 775.0233047917927
1076 775.0147140069662
1078 774.9986036654349
1088 774.9919711027757
1100 774.9796733272134
1117 774.9784926676388
1123 774.9738694677717
1140 774.9737708253977
1143 774.9735363677886
1145 774.9721356662377
1146 774.9679333136494
1164 774.9676446549278
1165 774.9667783283805
1166 774.9641761988131
1167 774.9563420619321
1168 774.932587968569
1203 774.9305780482175
1205 774.9119292679519
1214 774.9098660093192
1215 774.9036753014179
1234 774.9009316024046
1243 774.897423831223
1272 774.8944295666877
1285 774.8937774089103
1297 774.8928480748333
1322 774.8928080672754
1323 774.8926880441657
1344 774.892455940378
1347 774.8924513567805
1351 774.8921354438033
1353 774.8915818160417
1378 774.8915785078367
1390 774.8914119333689
1401 774.891284049339
1404 774.8912543831766
1422 774.891129105208
1439 774.8911285010442
1440 774.8911266885527
1453 774.891124392022
1454 774.8911175019314
1456 774.891107564947
1466 774.891075981642
1475 774.8910641737954
1476 774.891028750196
1477 774.8909224788562
1528 774.8909161766283
1545 774.8909146878703
1555 774.8909134106315
1556 774.8909095789144
1558 774.8909092092756
1576 774.8909039439548
1586 774.890903280035
1587 774.8909012882746
1606 774.890900516999
1616 774.8909002631001
1626 774.8908983916995
1636 774.890897906966
1638 774.8908968802428
1648 774.8908960214085
1657 774.8908955652862
1689 774.8908955590261
1694 774.8908954081122
1696 774.8908953772038
1714 774.8908953498335
1716 774.8908953283508
1718 774.8908950229253
1736 774.8908950150807
1750 774.8908949759453
1752 774.8908949336428
1757 774.8908949275768
1771 774.8908949054716
1780 774.8908948856399
1806 774.8908948715749
1813 774.8908948644189
1823 774.890894862154
1825 774.8908948598153
1831 774.890894858455
1836 774.8908948566166
1847 774.8908948563047
1849 774.8908948562469
1854 774.890894856004
1862 774.890894855982
1867 774.8908948559755
1876 774.8908948558892
1879 774.8908948558782
1881 774.8908948558568
1885 774.8908948557996
1892 774.8908948557958
1894 774.8908948557599
1902 774.890894855757
1903 774.890894855748
1905 774.8908948557377
1911 774.8908948557303
1913 774.890894855728
1914 774.8908948557212
1920 774.8908948557175
1923 774.8908948557172
1925 774.8908948557134
