1 -4283.353278784584
16 -4506.023538106384
31 -4510.591751021788
52 -4525.499859230748
71 -4528.489548521244
73 -4533.674509022093
100 -4534.805034913526
109 -4537.680039804319
140 -4538.187022189988
148 -4539.16296955103
162 -4539.277769766377
202 -4539.283081711918
216 -4539.403757834853
224 -4539.410922704312
225 -4539.431857708529
234 -4539.562050364715
249 -4539.6375984713495
263 -4539.664971470369
266 -4539.718642338821
274 -4539.731604657731
276 -4539.74622010622
283 -4539.775232520504
305 -4539.789836364192
313 -4539.802698519393
321 -4539.80399857874
328 -4539.805921167973
349 -4539.809797950671
357 -4539.816227197227
377 -4539.8168107261
391 -4539.817206554276
394 -4539.818513582078
395 -4539.818872140387
396 -4539.819946803829
398 -4539.82170712926
401 -4539.822088375869
431 -4539.834290891142
439 -4539.83842753434
447 -4539.845696095743
449 -4539.853185838278
464 -4539.857377124759
471 -4539.85819699658
485 -4539.860382880398
493 -4539.86273136973
507 -4539.863210513865
508 -4539.864647914608
515 -4539.864858575283
523 -4539.8652778203705
537 -4539.865533838076
551 -4539.865853117402
552 -4539.866810943654
560 -4539.8670657356
574 -4539.867180387408
588 -4539.867258499181
596 -4539.867276170248
597 -4539.867329183175
598 -4539.867488219489
599 -4539.867965306252
612 -4539.868060232404
619 -4539.868208897513
633 -4539.868342814532
634 -4539.86874456214
641 -4539.868929801397
654 -4539.868986437716
674 -4539.869017959383
688 -4539.869054886104
689 -4539.869165666131
696 -4539.869171022859
698 -4539.869182796495
706 -4539.869270286064
713 -4539.869327388454
726 -4539.8694777542205
793 -4539.869477890855
795 -4539.86947824622
796 -4539.869479312311
797 -4539.869482510589
798 -4539.869492105412
800 -4539.8694938485905
807 -4539.869497653034
821 -4539.869497808952
829 -4539.869509517194
831 -4539.869537199521
850 -4539.869538325676
863 -4539.8695390474495
865 -4539.869548849475
872 -4539.869549342583
892 -4539.8695510133675
900 -4539.869554536977
914 -4539.869555493248
915 -4539.869558362061
923 -4539.869558618448
925 -4539.869559663721
933 -4539.869559951266
934 -4539.8695608139005
935 -4539.869563401805
937 -4539.869565280552
950 -4539.869568409194
983 -4539.869568695248
997 -4539.86956872211
1011 -4539.869568808864
1024 -4539.869568859742
1025 -4539.869569012375
1026 -4539.869569470275
1046 -4539.869569597897
1047 -4539.869569980763
1049 -4539.8695704196325
1056 -4539.869570762827
1083 -4539.869570817589
1084 -4539.869570909565
1091 -4539.869571643322
1104 -4539.869571685707
1112 -4539.869571858836
1138 -4539.869571951302
1146 -4539.869571953444
1147 -4539.869571959873
1148 -4539.869571979158
1150 -4539.869572159995
1152 -4539.869572311213
1153 -4539.8695727648665
1161 -4539.869573144516
1175 -4539.869573256164
1182 -4539.869574392397
1213 -4539.86957439312
1220 -4539.869574399389
1282 -4539.869574399441
1290 -4539.869574399649
1297 -4539.869574399664
1298 -4539.86957439971
1305 -4539.869574399729
1319 -4539.86957439978
1321 -4539.869574399791
1329 -4539.869574399815
1331 -4539.86957439996
1343 -4539.869574399963
