1 -1532.103948399837
18 -1680.9878069196902
20 -1779.773590792513
28 -2079.057759089536
41 -2080.486239200758
47 -2081.979897315557
54 -2085.816625528395
66 -2096.1842666897496
99 -2099.5599857839443
106 -2101.7096574490492
119 -2103.466461667141
133 -2103.698181587788
134 -2104.1126003031295
136 -2111.041271262015
156 -2111.4834280392715
163 -2112.507817114388
164 -2115.4974076585754
173 -2119.5754994262275
201 -2121.3857896099908
211 -2121.9025284206245
218 -2122.6320967227953
225 -2122.648075306602
257 -2122.687548090041
279 -2122.7213382100726
286 -2122.7726763610494
293 -2122.8021319859345
306 -2122.816635361829
313 -2122.8201396587415
341 -2122.824844171518
345 -2122.827577318516
348 -2122.831975092993
355 -2122.8407521917425
364 -2122.8453549285296
371 -2122.848437156494
372 -2122.857683832951
386 -2122.873745039892
393 -2122.87588671543
400 -2122.880372046855
419 -2122.8804701668564
420 -2122.8807645252577
421 -2122.8816461327624
422 -2122.8842908654096
429 -2122.886941965949
445 -2122.8893258217836
447 -2122.9105851805957
454 -2122.9114184179725
455 -2122.913918129754
463 -2122.927319632854
477 -2122.9273903067915
484 -2122.9294667764693
485 -2122.935696185496
500 -2122.9423422181444
502 -2122.95336627055
509 -2122.9561992829817
510 -2122.9646983197435
523 -2122.9813033091486
543 -2122.9845502137136
552 -2122.989629881279
560 -2122.9901760285793
573 -2122.99116685122
575 -2122.991483034943
595 -2122.9947402031016
597 -2122.997182779826
611 -2123.001342562806
637 -2123.0016280475616
651 -2123.001766757695
665 -2123.0017703285225
679 -2123.0017737142034
680 -2123.001783871247
681 -2123.001814342377
682 -2123.001905755767
683 -2123.0021799959354
691 -2123.0023185627733
705 -2123.0023622793988
706 -2123.002493429275
707 -2123.0028868789022
721 -2123.0030808031124
734 -2123.003128009936
760 -2123.0031395859774
762 -2123.0031462412458
776 -2123.0031473132035
778 -2123.0031494067007
786 -2123.0031500481828
793 -2123.003151932356
841 -2123.0031519934832
842 -2123.0031521768647
843 -2123.0031527270075
844 -2123.0031543774376
845 -2123.003159328728
846 -2123.0031741825983
847 -2123.003218744209
848 -2123.0033524290393
850 -2123.003460788525
857 -2123.0034922306663
859 -2123.0035988976324
866 -2123.003633510011
879 -2123.0036451373094
886 -2123.0036489916115
893 -2123.0036519004952
906 -2123.0036535967556
925 -2123.003654244674
938 -2123.00365443579
957 -2123.0036544729023
986 -2123.003654525273
988 -2123.0036545402445
990 -2123.003654587898
998 -2123.0036546693254
1005 -2123.003654681056
1033 -2123.0036546918745
1034 -2123.0036547243308
1035 -2123.0036548216995
1036 -2123.003655113805
1037 -2123.003655990121
1038 -2123.003658619069
1039 -2123.0036665059147
1042 -2123.0036773809447
1044 -2123.0036778918748
1046 -2123.0036859056463
1053 -2123.003687284538
1054 -2123.0036914212155
1073 -2123.003692728649
1087 -2123.0037002013833
1094 -2123.00370059134
1108 -2123.0037030908456
1109 -2123.0037105893616
1116 -2123.0037108304186
1117 -2123.00371155359
1118 -2123.0037137231043
1125 -2123.003714093752
1138 -2123.0037145423785
1139 -2123.003715888257
1165 -2123.0037160898933
1178 -2123.0037166312895
1199 -2123.003716690664
1200 -2123.0037168687873
1201 -2123.003717403157
1202 -2123.003719006267
1210 -2123.0037190658477
1218 -2123.0037192384307
1219 -2123.00371975618
1222 -2123.0037212610596
1230 -2123.003721697542
1237 -2123.003724122265
1244 -2123.0037264302123
1284 -2123.0037270003963
1285 -2123.0037287109476
1286 -2123.0037338426014
1287 -2123.0037492375645
1288 -2123.0037954224517
1296 -2123.003889364357
1303 -2123.0040428461757
1310 -2123.0040724363103
1359 -2123.004072469818
1373 -2123.00407258954
1374 -2123.0040729487077
1381 -2123.004073171716
1383 -2123.0040732203706
1390 -2123.0040734331974
1410 -2123.0040748164292
1471 -2123.0040748189767
1485 -2123.0040748189826
1492 -2123.0040748204437
1515 -2123.0040748205874
1516 -2123.0040748210185
1518 -2123.004074822025
1520 -2123.0040748222805
1526 -2123.0040748232523
1535 -2123.00407482345
1537 -2123.004074823468
1555 -2123.0040748235356
1561 -2123.004074823537
1563 -2123.0040748235715
1572 -2123.00407482363
1579 -2123.0040748236424
1584 -2123.0040748236456
1593 -2123.0040748236556
1597 -2123.004074823677
1603 -2123.004074823683
1607 -2123.0040748236875
1618 -2123.0040748236997
1622 -2123.0040748237025
1626 -2123.0040748237047
1633 -2123.004074823708
1635 -2123.004074823714
