1 1962.667643802081
19 1858.672910609879
27 1745.356255501239
36 1710.6562555012392
49 1706.2803834789531
85 1689.277750075054
93 1664.583016882852
107 1661.3317001809025
120 1656.3317001809025
128 1650.1694225207343
140 1648.4765100697036
142 1642.3142324095352
149 1640.898004643518
189 1638.6171626477521
196 1638.5663512594513
205 1636.2768558796186
219 1636.0492181136015
226 1635.9452529944929
246 1635.5978991114848
260 1635.5974206114845
261 1635.5959891637167
282 1635.491435285293
295 1635.4886497911193
296 1635.4802763444025
299 1635.4764900739021
300 1635.4651312624014
303 1635.055197379393
325 1634.9558482438188
333 1634.9552935555178
334 1634.9536294906152
342 1634.7882953140133
350 1634.7538614851758
357 1634.7526510351863
358 1634.749063685218
371 1634.747098566782
372 1634.7412032114732
379 1634.739783494154
380 1634.7355243421964
401 1634.7281840271007
415 1634.7239064345686
417 1634.7203988188724
418 1634.7098759717837
419 1634.678336430518
421 1634.661968722119
430 1634.647207677814
438 1634.6415182855062
452 1634.6346940256763
454 1634.6208800396996
463 1634.6098888620395
465 1634.590636506719
478 1634.5873790818446
498 1634.5866309231337
512 1634.5865794082508
513 1634.586424863602
514 1634.5859612296547
516 1634.5831731870712
523 1634.5780076225026
542 1634.577838455417
550 1634.5725922710903
557 1634.572577136523
571 1634.5725476043795
591 1634.5724605462565
593 1634.5718040684903
600 1634.5717470614695
627 1634.5712087386255
641 1634.5710007680022
654 1634.570998186266
655 1634.570990441058
681 1634.5709805742517
683 1634.5709774320255
690 1634.570977223519
697 1634.5709771459515
705 1634.5709573008348
707 1634.570539889823
714 1634.5705389603045
727 1634.570538533571
728 1634.57053725337
742 1634.5705350812332
750 1634.5705260656746
764 1634.5705243114915
771 1634.570523836087
779 1634.5705220351051
793 1634.5705210442916
801 1634.5705207838037
809 1634.5705207251376
816 1634.570520668143
824 1634.5705204563956
832 1634.5705202053884
840 1634.570520011821
848 1634.5705198376502
868 1634.5705197863092
876 1634.5705197527468
884 1634.5705197459529
891 1634.570519737947
893 1634.5705197111963
912 1634.570519698921
914 1634.5705196852305
927 1634.570519683878
928 1634.5705196798224
929 1634.570519667655
937 1634.5705196555828
945 1634.5705196300064
965 1634.570519619995
969 1634.5705196133042
971 1634.5705196125396
990 1634.5705196116135
992 1634.5705196090084
1029 1634.5705196086333
1031 1634.5705196077138
1033 1634.5705196053714
1047 1634.5705196053032
1049 1634.5705196050749
1057 1634.570519604364
1063 1634.570519603048
1071 1634.5705196022327
1079 1634.5705196020795
1092 1634.570519601914
1096 1634.5705196016422
1100 1634.5705196013387
1102 1634.5705196010895
1127 1634.5705196005122
1135 1634.5705196004465
1142 1634.570519600392
1144 1634.5705196003096
1152 1634.5705196001813
1156 1634.5705196000831
1168 1634.5705196000608
1174 1634.570519600058
1175 1634.570519600049
1177 1634.5705196000415
1179 1634.570519600027
1181 1634.5705196000233
1184 1634.5705195999694
1194 1634.5705195999678
1196 1634.570519599958
1204 1634.5705195999562
1206 1634.5705195999494
1208 1634.5705195999324
1214 1634.5705195999276
1218 1634.5705195999271
1222 1634.5705195999262
1227 1634.5705195999233
