1 4601.518124307422
11 4601.193956224078
18 4094.2802031710917
22 2927.6047393348904
25 1978.2311828555653
46 1978.1494245497843
68 557.9896824981718
90 543.3670506477102
110 528.3083657829089
142 527.4577916001438
144 511.18092843641836
184 507.1347247447404
186 497.4226358175874
204 491.79976409161503
211 491.78722830130243
231 491.6107560876301
235 479.197909676871
267 474.7259471528496
285 472.86612620082633
286 467.19145771393175
306 466.48099531922463
313 466.0545884262746
328 463.04666774133034
330 458.94453203378555
338 455.33065788162827
351 453.37842254382576
370 452.22304349060505
390 451.86158533055254
400 451.6348322379221
401 451.3876501448163
420 451.38118049395
429 451.1464735454505
438 450.7858647468695
442 450.72365616955943
451 450.3635006110998
452 449.2841632467909
467 448.92451324546124
489 448.918540336836
491 448.84658489356553
495 448.8247167921501
504 448.70813043479177
505 448.3585348356028
506 447.3116635157982
507 444.1875273391161
510 440.6580993393508
519 438.99930158137
535 438.9909957850763
536 438.9665772187435
537 438.88959559251987
548 438.4966714040759
557 435.05036949119125
558 425.1535624216766
565 424.5849993221698
572 424.5257399415907
585 423.5891552841628
599 420.89111143719293
601 416.8157243538561
604 409.39629967034347
607 389.84441255362594
615 340.7037800750937
642 340.0295270126323
651 338.02387188936774
660 336.09788057705697
662 332.476935144168
664 331.9826754187869
673 328.6526023636477
680 328.5875022728725
688 322.01242279838635
697 314.36266004809755
698 293.95960676449266
719 293.7240242593209
721 287.97103215771074
735 286.24418559357645
737 275.8934797161372
744 275.55103192359593
751 270.8560696704985
795 270.686705353943
808 270.4070854939886
821 270.3978532713255
828 270.39150906402693
831 270.385756327144
864 270.26981274843615
871 270.2203675300028
878 270.2168461908933
899 270.20184092098685
907 270.18289341813687
910 270.1787405940948
913 270.1127868577861
920 270.10822922242846
929 270.0613062340483
930 269.9197333783907
933 269.91388867011375
941 269.86158719450486
943 269.25432230024126
946 268.1522004079979
960 267.5509354257601
975 267.25918027844824
978 266.7418913512459
980 265.75974593247355
982 264.3256914314517
985 263.7494534581796
1000 263.65981141945906
1002 261.7008876097919
1009 261.54661951746266
1016 261.4954344124506
1024 259.5727761590275
1044 259.3502013365498
1046 258.8506505524108
1054 258.1651240619976
1055 256.1377178871865
1065 256.0651804480385
1073 256.04195848055696
1074 255.95279629428956
1094 255.43023348749108
1108 255.37389530220926
1111 255.19235166720568
1124 255.15077452222155
1127 255.1215332634595
1140 255.12152747130884
1153 255.1195985889285
1154 255.11369407559863
1161 255.11157165468956
1168 254.9020337131885
1175 254.87396236482311
1201 254.84112662867784
1212 254.82042985347556
1215 254.79639052432387
1218 254.74452542456478
1239 254.74067771860828
1242 254.69461970087636
1256 254.68560481145764
1264 254.6643049859726
1278 254.6566052502418
1281 254.6561723009566
1288 254.65525631960128
1298 254.65516176643294
1305 254.6546788941167
1312 254.6546092293205
1316 254.6456070497336
1324 254.64442267336415
1344 254.64123732281385
1345 254.63238700539372
1358 254.62831495950428
1365 254.62795810818562
1366 254.62685078374108
1370 254.6140307183197
1377 254.61375695583678
1405 254.61248445626973
1418 254.6122632690532
1422 254.6096802600729
1436 254.60959646903035
1437 254.6093481683335
1448 254.60670469893685
1449 254.59829932830783
1477 254.5977125469867
1478 254.59592316465225
1486 254.59439519502465
1487 254.58965412454006
1488 254.57435215194826
1504 254.57083437504602
1505 254.56046528536174
1508 254.54524648228093
1524 254.54014430655076
1525 254.52551347998494
1532 254.51839264139912
1546 254.5047432728204
1562 254.481776844995
1565 254.47014784797682
1581 254.45806690249785
1600 254.45794833935463
1601 254.45758958323054
1602 254.45648717338997
1610 254.4448956002881
1629 254.44007815272107
1639 254.43684540322965
1647 254.43611834391407
1651 254.43452934044373
1658 254.4343993556976
1659 254.43380334889997
1673 254.43054636004126
1686 254.43021382670346
1687 254.42915074702563
1707 254.4263784316341
1723 254.42523471379548
1724 254.42203979895783
1737 254.4218303855323
1746 254.42164670492454
1753 254.42151684755657
1760 254.42149955460192
1770 254.42065049412332
1790 254.42059021145414
1797 254.4205352565487
1806 254.42016043410848
1819 254.42006261808172
1822 254.41987931679168
1824 254.4193377586159
1825 254.4181824737184
1835 254.41658202546105
1848 254.41603931003056
1856 254.41544545270733
1865 254.41536579452108
1874 254.41333043407528
1876 254.41184989125964
1891 254.41076412688682
1894 254.4076196898034
1901 254.40757231305992
1902 254.40743126061028
1909 254.40737400510875
1923 254.406037126875
1945 254.40583537619892
1948 254.40524117079403
1961 254.4052300187888
1970 254.40486946300126
1974 254.40476971177864
1981 254.40463001651995
2001 254.4044429661113
2009 254.40418468198246
2024 254.4041140142177
2032 254.40401470061337
2039 254.4040080239066
2047 254.4039120850266
2057 254.40388516571105
2074 254.4037945992686
2083 254.403709016966
2102 254.4036943779673
2117 254.40369020419425
2126 254.40368917371498
2129 254.4036850361658
2130 254.40367271429977
2131 254.4036365806892
2132 254.40353604303743
2133 254.40331334061386
2141 254.4031919509579
2143 254.40306394847818
2145 254.4030267840527
2154 254.40264473017177
2155 254.40166808099394
2176 254.40162398152899
2177 254.4012524398377
2192 254.40093694850768
2207 254.4008436463477
2219 254.400670553086
2238 254.40058310791474
2252 254.40051370314612
2259 254.40046371462645
2272 254.40046070889053
2279 254.40045508328743
2298 254.40045495177728
2299 254.4004545528202
2300 254.4004533140337
2308 254.40045324504754
2316 254.4004433627823
2323 254.40043635026544
2336 254.4004256356198
2357 254.40041933268822
2387 254.4004192185802
