1 897.4595223096724
4 815.5548003886996
10 799.9000892322192
15 794.5191417480305
36 680.7581860014086
37 646.0231856208189
51 493.314588576321
53 375.8586840794412
55 361.70606033500144
103 341.1206315336045
118 310.7412450229953
138 302.9611775149839
147 296.0808416859708
163 294.22833439133814
171 293.1156103060058
185 290.3421147481494
192 286.65112693188513
214 286.5221201778578
216 285.46092318622004
242 285.4515062750239
249 285.44769243525496
267 285.44140464786506
280 285.43664052749097
324 285.4364943366995
332 285.4363384498506
333 285.43590179373115
334 285.4348708398128
335 285.4342884097721
337 285.429585558315
357 285.42893374163856
389 285.42876748869224
391 285.42869342319597
392 285.4286203828077
393 285.42829886707796
394 285.42648339606865
395 285.4213666520157
417 285.41824713173673
418 285.4102771026586
419 285.40058850320383
426 285.3967831873102
445 285.3960098648752
453 285.39565256155305
454 285.395572638378
467 285.39322192919553
480 285.3872807954089
512 285.38697717508444
517 285.38696977181024
518 285.38695543617496
525 285.38663221015094
530 285.38649215404143
531 285.3861924753197
532 285.38593860747005
533 285.37994362629667
552 285.3789703230657
560 285.3775648412819
573 285.37729463700606
576 285.3763153913805
577 285.37299220280164
578 285.3707001861542
592 285.36860077641927
593 285.3681798470242
600 285.3673084378523
607 285.3667958634318
628 285.3658243780243
685 285.36582134259896
705 285.3658209104869
706 285.3658196141516
708 285.3658174603219
729 285.3658168305749
757 285.36581673434364
764 285.36581659852186
825 285.36581650446885
839 285.3658164923133
847 285.36581647975504
850 285.3658164740519
864 285.3658164660573
878 285.36581646160863
886 285.3658164612666
899 285.3658164578092
900 285.36581644743717
915 285.36581644684827
941 285.36581644562114
965 285.3658164455113
966 285.3658164451814
978 285.3658164449375
984 285.36581644470067
990 285.3658164446718
991 285.3658164445851
992 285.365816444325
993 285.36581644354493
994 285.365816441204
995 285.36581643418106
996 285.3658164131071
997 285.36581634983827
998 285.365816159612
999 285.3658155851621
1000 285.3658138281018
1001 285.3658082597631
1002 285.3657890508491
1009 285.3657885980006
1010 285.3657872394554
1012 285.3657855117466
1019 285.3657850051595
1044 285.36578489794306
1045 285.3657845762913
1076 285.3657845527716
1089 285.36578454791555
1090 285.3657845333476
1103 285.36578451580357
1123 285.3657845153161
1124 285.3657845138537
1140 285.3657845076494
1148 285.3657845034083
1168 285.3657845031585
1169 285.3657845024093
1170 285.3657845001616
1171 285.365784493418
1172 285.36578447318186
1173 285.36578441242693
1174 285.36578422974554
1175 285.36578367796517
1176 285.36578198932614
1177 285.365776632742
1178 285.3657581933978
1180 285.36575558963483
1188 285.3657538629421
1189 285.3657485579476
1190 285.3657316324236
1221 285.36573152261417
1222 285.3657311931833
1224 285.3657301746821
1243 285.3657300858088
1256 285.3657300619001
1300 285.3657300579588
1314 285.3657300572602
1329 285.3657300570795
1330 285.3657300565376
1331 285.36573005491204
1332 285.3657300500351
1333 285.3657300354036
1334 285.36572999150343
1335 285.36572985975045
1336 285.3657294640216
1337 285.36572827264825
1338 285.3657246620714
1352 285.3657245637604
1354 285.3657244582437
1385 285.36572444719746
1404 285.3657244454109
1405 285.3657244400508
1413 285.3657244366996
1415 285.3657244316336
1417 285.3657244309995
1418 285.36572442909613
1419 285.36572442338
1420 285.36572440617897
1421 285.36572435410096
1422 285.3657241936586
1423 285.3657236761868
1424 285.36572184550795
1425 285.3657151425667
1433 285.3657037139069
1435 285.36569000612565
1454 285.3656805580927
1471 285.3656790803458
1484 285.365678914922
1503 285.365678539644
1519 285.36567848640976
1544 285.3656784767599
1585 285.36567847629675
1588 285.36567847610604
1613 285.365678475665
1615 285.36567847548736
1623 285.3656784750276
1629 285.3656784741744
1649 285.3656784740654
1663 285.3656784740627
1664 285.36567847405416
1674 285.36567847405274
1684 285.3656784740484
1685 285.36567847403495
