1 -1609.21618054344
3 -1761.3200768806325
11 -1866.3584871851608
13 -2015.9495332162219
26 -2019.158613954719
39 -2019.7055691848743
53 -2023.9232651878842
81 -2024.366999582421
89 -2024.5279187927845
128 -2024.5699382320574
130 -2024.6343693698552
166 -2024.6362185556097
178 -2024.7245644501727
288 -2024.7245679364673
339 -2024.7245679672387
340 -2024.7245680595495
341 -2024.724568336452
342 -2024.7245691668923
343 -2024.7245716558045
344 -2024.7245791008654
345 -2024.7246012409607
346 -2024.724665905468
347 -2024.7248440969772
348 -2024.7252364533902
381 -2024.7252416185142
414 -2024.7252464003534
427 -2024.725253838756
494 -2024.7252538415773
514 -2024.7252538861312
521 -2024.7252539137248
528 -2024.7252539139004
572 -2024.7252539140911
637 -2024.7252539141064
646 -2024.725253914116
651 -2024.7252539141186
656 -2024.7252539141218
667 -2024.7252539141327
672 -2024.7252539141364
