1 -99905.1461603871
41 -99913.95823670346
42 -99921.06501938363
58 -99928.56778328864
72 -99951.16842705595
80 -99966.92529447582
94 -99972.65430116162
96 -99976.41377386251
105 -99981.3100221831
112 -99989.08020946886
125 -99989.92530735172
138 -99990.71039939015
147 -99991.0887666528
162 -99991.19133749616
163 -99991.49957893301
164 -99992.42429850098
178 -99993.3391736992
187 -99993.43932149852
188 -99993.73974692197
202 -99994.0079291289
204 -99994.5032880711
212 -99995.18584657763
220 -99996.08519354547
228 -99996.78284805473
237 -99996.80583425362
238 -99996.8747928187
239 -99997.08166810201
246 -99997.94538838857
262 -99998.42768896885
264 -99999.10967625279
284 -99999.1354658161
286 -99999.15629896197
294 -99999.20998207633
308 -99999.22575487976
310 -99999.32578492381
318 -99999.40290038768
337 -99999.41056853607
358 -99999.4164003901
360 -99999.43220092374
361 -99999.47960239346
368 -99999.4801361972
389 -99999.48109536794
390 -99999.48397287933
392 -99999.50246220487
399 -99999.5092544197
413 -99999.51709101158
420 -99999.51729709218
444 -99999.52392173006
459 -99999.5260675395
460 -99999.53250496117
468 -99999.53316951984
481 -99999.53738821387
488 -99999.53740247701
489 -99999.5374452644
496 -99999.53817114243
503 -99999.53843195154
505 -99999.55073552641
512 -99999.55184541117
525 -99999.5522787415
532 -99999.55257961241
559 -99999.55346949202
567 -99999.55444227245
575 -99999.55509937252
589 -99999.55546584877
596 -99999.55548407361
598 -99999.55635545922
619 -99999.55740410059
633 -99999.55783506477
641 -99999.55791487699
649 -99999.55831850453
663 -99999.55834183331
671 -99999.55841305359
673 -99999.55843376966
680 -99999.5585688356
694 -99999.55863656818
707 -99999.55864799293
709 -99999.558831426
716 -99999.55885033339
717 -99999.5589070556
737 -99999.55893373635
745 -99999.55895339514
765 -99999.55895701512
773 -99999.5589571737
774 -99999.55895764941
775 -99999.55895907657
777 -99999.55896632276
785 -99999.55896734043
787 -99999.55897079597
791 -99999.5589720361
799 -99999.55897306031
806 -99999.55898553856
825 -99999.55898893354
833 -99999.55899240465
853 -99999.5590110498
860 -99999.55901243974
867 -99999.5590131648
874 -99999.55901609974
887 -99999.559016225
928 -99999.55901626596
935 -99999.55901857739
956 -99999.55901862006
1017 -99999.55901862809
1030 -99999.55901863093
1031 -99999.55901863947
1032 -99999.55901866508
1040 -99999.55901867119
1041 -99999.55901868956
1042 -99999.55901874465
1057 -99999.55901876828
1065 -99999.55901877166
1071 -99999.55901877463
1078 -99999.55901882179
1081 -99999.55901885417
1082 -99999.55901895133
1085 -99999.55901905807
1092 -99999.55901915267
1115 -99999.55901924986
1137 -99999.55901933346
1145 -99999.55901933786
1152 -99999.55901937987
1166 -99999.55901938392
1179 -99999.5590193946
1202 -99999.55901940554
1210 -99999.55901944204
1217 -99999.5590195207
1231 -99999.55901954367
1260 -99999.55901954744
1275 -99999.55901957168
1292 -99999.55901958032
1309 -99999.55901958044
1310 -99999.55901958082
1314 -99999.55901958096
1342 -99999.5590195825
1345 -99999.55901958715
1354 -99999.55901960724
1390 -99999.55901960873
1404 -99999.55901960898
1407 -99999.55901961368
1423 -99999.55901961535
1446 -99999.559019618
1466 -99999.5590196198
1473 -99999.5590196208
1482 -99999.55901962226
1491 -99999.5590196258
1512 -99999.55901962763
1543 -99999.55901962772
1564 -99999.55901962778
1566 -99999.55901962788
1583 -99999.55901962791
1589 -99999.55901962792
1601 -99999.55901962794
1609 -99999.55901962795
1610 -99999.55901962798
1611 -99999.5590196281
1619 -99999.55901962814
1620 -99999.55901962823
1623 -99999.55901962845
1628 -99999.55901962848
1632 -99999.5590196289
1644 -99999.55901962891
1655 -99999.55901962932
1659 -99999.5590196297
1670 -99999.55901963002
1689 -99999.55901963003
1692 -99999.55901963006
1696 -99999.55901963008
1702 -99999.55901963009
1710 -99999.5590196301
