1 -333.7509358903179
3 -475.0555354967233
11 -760.8097285183516
19 -968.7512980135608
21 -1054.660110779538
35 -1224.3474773785883
52 -1306.2459385751717
69 -1327.1099213408727
71 -1407.0999971161589
79 -1600.8518072871316
92 -1626.3543758876285
111 -1664.1823432583192
124 -1665.4910960247696
131 -1671.3474078942695
139 -1673.9032051064555
152 -1674.20599408023
164 -1674.3098201523526
181 -1674.3808196236478
194 -1674.3929133713837
214 -1674.3986738053811
230 -1674.4108382533466
237 -1674.414916843243
238 -1674.4171123201954
245 -1674.417185564656
266 -1674.4218788186263
277 -1674.423070406948
293 -1674.4237407916871
303 -1674.4242213115274
310 -1674.4248352348704
330 -1674.4252015034933
340 -1674.4253143450135
342 -1674.4254793431273
374 -1674.4255081928466
409 -1674.4255325242252
416 -1674.4255331172396
417 -1674.425534236962
437 -1674.4255382527956
438 -1674.4255386152618
461 -1674.425538796705
469 -1674.4255393630237
484 -1674.4255398889873
494 -1674.4255402792712
504 -1674.4255405214944
505 -1674.4255409463494
517 -1674.4255411903732
524 -1674.4255412291066
531 -1674.4255412681036
550 -1674.4255413004003
563 -1674.4255413048863
576 -1674.4255413061983
583 -1674.425541306326
596 -1674.4255413064877
609 -1674.4255413065457
617 -1674.425541307211
621 -1674.4255413074848
628 -1674.4255413076494
659 -1674.425541308397
672 -1674.425541308995
685 -1674.4255413090334
704 -1674.4255413091237
711 -1674.4255413091298
718 -1674.4255413091323
731 -1674.4255413091532
761 -1674.4255413091548
793 -1674.4255413091555
