1 1051.767750883885
4 1030.1449742822012
18 995.7909196236185
25 956.9795313227767
34 913.8689977071807
42 905.2803860080226
44 805.2803860080226
56 778.0238024982752
70 777.1238024982754
72 763.9992471779385
81 753.9238024982751
88 753.5075747322584
95 752.2588914342078
108 736.258891434208
133 734.7368117386093
134 730.450406100727
141 724.5666338667439
149 720.8828616327608
157 716.2640004628449
165 708.0451392929292
166 683.3885557831818
193 682.1610248289758
195 678.2586953067477
222 676.2057063370539
231 675.7888614121202
238 675.3056794405347
246 675.1339249937381
247 674.6186616533482
248 673.0728716321785
258 672.9540993981954
260 669.206554930229
269 668.1490104622627
284 666.1779314601458
292 665.8787036941288
299 665.8385677505078
312 665.4349755813712
314 664.3355585101735
315 661.0373072965808
329 657.9642724156895
363 657.90375924867
377 657.5177286453408
379 657.0634517870544
387 656.6037899586668
389 656.569991288113
408 656.4137929091883
415 656.2566085709153
449 656.0568467414022
456 656.0351234756206
464 655.9632025215972
471 655.9244729608906
484 655.9026866569209
486 655.7756511037176
494 655.6762979505677
501 655.6548712319204
517 655.4710209547103
543 655.4485226184217
551 655.4437211917616
552 655.4293169117811
554 655.4282240080607
556 655.4235265735582
576 655.4217935939994
578 655.4148306588843
580 655.3957480749377
601 655.3925327572778
621 655.3922527469545
622 655.3914127159849
623 655.3888926230758
631 655.3875422636015
632 655.3834911851786
639 655.3808468216939
648 655.376366326972
656 655.3741397374409
658 655.3702621928662
672 655.3632923187882
685 655.3626219089051
693 655.3612205265458
707 655.360997775599
714 655.3607189818081
721 655.3607164662928
722 655.3607089197474
723 655.3606862801104
736 655.3596119549034
755 655.3576159415611
769 655.3566684330883
771 655.3556370493025
779 655.3535989171244
793 655.3530632446673
801 655.3527458350009
808 655.3527268156165
809 655.3526697574637
823 655.3521106553712
842 655.3521091564994
843 655.3521046598839
857 655.3521037756304
878 655.3520856611051
885 655.3520819784893
892 655.3520612364765
906 655.3520534628718
932 655.3520425666557
939 655.3520409971541
946 655.3520359939441
983 655.3520359858176
996 655.3520351318103
1004 655.3520348906933
1006 655.3520347715958
1022 655.3520338912344
1035 655.3520338788483
1043 655.3520336603651
1057 655.3520334693349
1058 655.3520328962445
1065 655.3520324129922
1123 655.3520324084958
1158 655.3520323864535
1166 655.3520323641009
1193 655.3520323527981
1232 655.3520323508244
1234 655.3520323505693
1241 655.3520323504292
1245 655.3520323493708
1279 655.352032349365
1286 655.3520323492246
1293 655.352032349171
1294 655.3520323490097
1296 655.352032348985
1297 655.3520323489104
1298 655.3520323486872
1299 655.3520323480172
1300 655.3520323460076
1301 655.3520323399783
1302 655.3520323218909
1304 655.3520323028874
1310 655.3520323006012
1317 655.3520322842073
1330 655.3520322823937
1331 655.3520322769523
1332 655.3520322606288
1351 655.3520322604268
1352 655.3520322598215
1371 655.3520322497332
1379 655.352032248386
1395 655.3520322452606
1425 655.3520322443625
1433 655.3520322424271
1452 655.3520322418575
1460 655.3520322417771
1467 655.3520322412162
1486 655.3520322411598
1492 655.3520322409594
1507 655.3520322409386
1513 655.3520322409286
