1 34195.247591016945
15 34183.50290416225
42 34175.12509807722
63 34125.7789616695
71 34073.860974266
85 33877.58113348885
93 33848.44524784288
101 33828.11256769023
120 33827.39893971028
144 33824.04113597571
146 33818.684484751175
162 33816.56222711151
177 33815.625303014385
178 33812.814533711884
193 33811.89675810198
202 33809.964895371864
230 33805.6216528391
244 33805.53275975387
245 33805.26596832321
254 33804.9083638277
256 33804.81592049753
258 33804.673971374425
272 33804.562956782436
281 33804.35290342904
282 33803.7223496661
290 33803.276631599154
292 33802.163221588264
312 33802.02781698658
326 33801.93495556249
328 33801.34400976356
356 33801.06162044432
358 33800.73187539542
379 33800.63525978748
386 33800.60746513991
400 33800.575551792026
401 33800.47981176292
414 33800.47410756133
415 33800.45694532381
424 33800.37162933783
426 33800.34768950722
440 33800.32991769888
442 33800.23427996441
456 33800.230101455956
463 33800.22539920804
482 33800.221215271835
503 33800.21980307596
505 33800.21801689929
507 33800.2178733074
508 33800.21744254827
525 33800.19504623389
534 33800.191698516435
536 33800.1544111615
544 33800.1107178581
559 33800.0917090168
561 33800.0787523184
563 33800.03882923259
597 33800.02634904991
605 33800.01729528585
607 33800.00939255753
614 33800.00916056682
615 33800.0084645948
623 33800.00526401498
644 33799.99542581061
652 33799.986243319385
660 33799.97270353725
668 33799.970351692646
676 33799.9595923315
689 33799.956771776524
697 33799.95574955875
705 33799.95430064832
712 33799.95334911872
732 33799.95095112087
740 33799.948655175795
742 33799.94351120892
749 33799.94241453829
763 33799.93786336484
765 33799.92752039146
772 33799.926673338436
792 33799.92567746007
794 33799.925628680954
796 33799.92131695483
810 33799.92113123966
812 33799.92094991262
819 33799.920669938925
839 33799.919614399565
840 33799.9164477815
848 33799.91461714836
850 33799.91224889986
890 33799.911516223445
898 33799.91120583223
906 33799.91008984567
907 33799.906741885985
927 33799.90625422799
935 33799.90576662205
943 33799.905710987914
951 33799.90552810568
965 33799.90548477356
966 33799.90535477722
968 33799.90523574571
982 33799.90504878417
995 33799.90502935118
1002 33799.904999572456
1004 33799.90485586688
1018 33799.904845492216
1026 33799.90484289901
1034 33799.90468388022
1053 33799.904676206395
1055 33799.90466473615
1063 33799.90464822504
1070 33799.904647877185
1078 33799.90463806514
1095 33799.904570737635
1102 33799.90457056508
1103 33799.9045700474
1111 33799.90454496436
1118 33799.90454494312
1119 33799.90454487941
1132 33799.90454480655
1152 33799.904543077166
1154 33799.90453750772
1168 33799.90453610988
1169 33799.90453191637
1171 33799.90452580363
1179 33799.9045186341
1193 33799.90451405691
1206 33799.90451323806
1213 33799.90451315014
1241 33799.904512326895
1248 33799.90451225274
1249 33799.90451203027
1251 33799.90450832605
1258 33799.90450822805
1271 33799.90450821101
1278 33799.90450815162
1292 33799.90450771544
1294 33799.90450727521
1295 33799.904505954524
1296 33799.90450199247
1298 33799.90449567108
1305 33799.90448700388
1319 33799.90447080531
1333 33799.904461157494
1340 33799.90445976191
1342 33799.90445106922
1349 33799.90445080835
1369 33799.904447265544
1382 33799.90444622382
1390 33799.90444504163
1392 33799.90444362461
1405 33799.90444311478
1425 33799.90444303974
1426 33799.90444281465
1434 33799.904441603845
1454 33799.90444151794
1456 33799.90444132115
1464 33799.90444117943
1471 33799.9044411716
1472 33799.90444114809
1473 33799.9044410776
1475 33799.90444016077
1489 33799.90443952721
1496 33799.90443945409
1510 33799.90443929502
1518 33799.90443926377
1526 33799.90443899348
1534 33799.90443884988
1542 33799.90443866923
1550 33799.904438468926
1558 33799.90443841316
1566 33799.90443830851
1574 33799.90443825824
1587 33799.90443808482
1601 33799.904437990015
1609 33799.90443797339
1617 33799.90443794028
1624 33799.90443792865
1626 33799.90443770327
1639 33799.90443767187
1658 33799.90443766468
1660 33799.90443761768
1667 33799.90443761675
1670 33799.90443751297
1678 33799.90443748235
1686 33799.904437391546
1711 33799.90443738226
1718 33799.904437381745
1740 33799.90443737368
1742 33799.904437353
1756 33799.904437340505
1770 33799.90443733173
1772 33799.904437313024
1782 33799.90443731193
1796 33799.9044372911
1811 33799.90443728922
1824 33799.90443728636
1826 33799.90443728476
1840 33799.90443727501
1841 33799.90443724576
1855 33799.90443723555
1857 33799.90443722991
1871 33799.9044372281
1872 33799.90443722265
1898 33799.90443721378
1920 33799.90443721238
1934 33799.90443721094
1938 33799.90443721029
1946 33799.904437209414
1961 33799.90443720915
1962 33799.904437208366
1963 33799.904437206016
1972 33799.90443720588
1978 33799.904437205594
1991 33799.904437205114
1996 33799.904437205005
2004 33799.90443720491
2012 33799.90443720487
