1 5619.403587271617
3 3730.1943667706155
8 3095.595897354756
28 2597.733794858749
42 2455.2590554472135
43 2367.7413431367204
44 1819.690759569665
57 1631.8870934502615
80 1543.4316475059657
96 1500.8312764135637
105 1385.1247074368207
112 1214.1540489328802
164 1200.7528384132597
180 1196.6627991691912
200 1195.114995758966
209 1194.7838585854865
210 1193.7954003842426
212 1191.0238041390633
213 1182.7257787149506
247 1180.610326539833
256 1179.8679027104236
263 1179.55034724618
270 1176.8461720064088
284 1176.0114043395154
291 1175.7826831684888
298 1175.7516722818689
320 1175.0226155599237
327 1174.7941377435952
350 1174.5617331779679
352 1173.9505953270086
365 1173.7799513416583
367 1173.6655904902896
374 1173.3974269543958
397 1173.3601296194815
398 1173.2441701242644
406 1172.2259080870215
433 1172.213432481796
434 1172.1761714524955
435 1172.0655661500743
444 1171.7572529418746
451 1171.2969707817856
458 1171.230484819083
487 1170.8547570423123
501 1170.6656401886232
528 1170.6648972940998
555 1170.6495822419483
572 1170.641647574997
593 1170.6373151720638
606 1170.6362057309318
620 1170.635983234055
622 1170.6350965354882
649 1170.634821012478
651 1170.6345123494564
652 1170.633586362314
653 1170.6308084181228
654 1170.6224747390352
655 1170.5974750380983
656 1170.5224866653436
658 1170.2975388717105
684 1170.2869645867436
692 1170.27236053368
702 1170.2572260625318
710 1170.2480696552084
718 1170.2466775270086
739 1170.246281690272
753 1170.2445538404231
755 1170.244147870708
763 1170.2437211684487
770 1170.2400330625358
796 1170.2391273645183
803 1170.2386368858397
817 1170.2381954008436
825 1170.2378068055739
839 1170.2377426564938
874 1170.2377333112743
895 1170.2377285827424
896 1170.2377143971435
903 1170.237714040367
904 1170.237712970038
938 1170.2377102997098
950 1170.2377073284347
964 1170.2377051380736
1003 1170.237705050547
1005 1170.2377046831389
1007 1170.23770385916
1062 1170.2377038291968
1063 1170.2377037393082
1070 1170.2377037134534
1098 1170.2377036831465
1100 1170.2377036651133
1121 1170.2377036623795
1122 1170.2377036541782
1127 1170.2377036493697
1134 1170.2377036493149
1144 1170.2377036490925
1146 1170.2377036490211
1152 1170.2377036470089
1161 1170.2377036469718
1162 1170.23770364686
1164 1170.2377036467626
1165 1170.2377036464711
1166 1170.2377036455975
1167 1170.2377036429739
1168 1170.2377036351052
1169 1170.237703611498
1170 1170.2377035406776
1171 1170.2377033282157
1172 1170.23770269083
1173 1170.237700778673
1174 1170.2376950421917
1175 1170.237677832674
1176 1170.2376262034538
1177 1170.2374713096985
1178 1170.2370065713817
1179 1170.2356117819193
1180 1170.2314204505828
1181 1170.218718194703
1182 1170.1697147556201
1184 1170.1405371390758
1186 1170.1270840976579
1188 1170.1061350622788
1190 1170.0994115788255
1216 1170.089398268581
1230 1170.0875480226264
1231 1170.081997201378
1233 1170.0797021221729
1234 1170.0728087178786
1235 1170.0520463987264
1236 1169.988283591885
1238 1169.963809719991
1265 1169.9387884826251
1274 1169.9268514638813
1275 1169.8910266199503
1276 1169.783408771305
1278 1169.7491280566996
1293 1169.7032326847464
1295 1169.586244302363
1302 1169.5403032317836
1323 1169.5112032551745
1324 1169.4234643841235
1344 1169.4040981163603
1358 1169.4007066816323
1366 1169.3988688498903
1371 1169.396049498861
1386 1169.391797293791
1395 1169.3888210354512
1417 1169.3876778166746
1422 1169.386664933044
1427 1169.3863228809053
1432 1169.3825083186484
1454 1169.3814163517275
1475 1169.3812424136513
1491 1169.3811765549046
1492 1169.3809789594895
1502 1169.380957120762
1512 1169.3809562926842
1513 1169.3809538068842
1522 1169.3808567798267
1530 1169.380641348087
1545 1169.3805495398149
1554 1169.380543554642
1555 1169.380525597337
1556 1169.3804717084126
1557 1169.3803098470332
1565 1169.379362771528
1581 1169.3790814349093
1596 1169.3790128164421
1605 1169.3789463594082
1612 1169.3788857668349
1619 1169.378862735387
1629 1169.3788109609832
1642 1169.3788088175481
1649 1169.3787894531813
1662 1169.3787859309014
1681 1169.3787739010597
1702 1169.3787736188328
1703 1169.3787727721513
1713 1169.3787695645308
1723 1169.3787679216812
1724 1169.3787629931292
1734 1169.3787596772806
1735 1169.3787497296735
1736 1169.3787198862763
1737 1169.3786303500333
1782 1169.3786270531018
1783 1169.3786171622453
1797 1169.378614399687
1804 1169.3786123623229
1817 1169.3786102885147
1836 1169.378610202103
1848 1169.3786101844241
1849 1169.3786101313751
1850 1169.3786099720949
1851 1169.3786094928525
1858 1169.3785965613558
1872 1169.3785676066072
1926 1169.3785661236634
1927 1169.378564263213
1942 1169.3785622294488
1943 1169.3785561278034
1957 1169.378554012447
1964 1169.3785444673347
1994 1169.3785442584588
2013 1169.3785441939272
2015 1169.3785436804028
2021 1169.378543558503
2028 1169.3785391384115
2036 1169.378537243203
2051 1169.3785367917299
2058 1169.3785358367
2098 1169.3785356631413
2100 1169.3785355908144
2114 1169.3785354430672
2134 1169.378535321629
2148 1169.3785353046408
2160 1169.3785352682162
2164 1169.3785352585885
2177 1169.3785352552036
2186 1169.378535253896
2191 1169.3785352527036
2196 1169.3785352523248
2197 1169.378535251188
2203 1169.3785352511466
2213 1169.3785352507798
2230 1169.3785352506832
2239 1169.3785352506786
2241 1169.378535250659
2242 1169.3785352506002
2243 1169.378535250423
2245 1169.3785352501202
2258 1169.378535250082
2259 1169.3785352499658
2267 1169.378535249873
2273 1169.3785352498562
2275 1169.3785352498164
2276 1169.3785352496989
