1 1633.4670779979067
2 1625.138730531161
3 1560.2704007261093
4 1399.7
6 1299.7
9 1279.7
10 999.7
12 899.7
14 699.7
59 690.9457725015078
74 690.1343842006659
95 689.0484059054068
103 686.8861282452383
191 686.8793061171036
258 686.8752519327898
353 686.8752394351295
354 686.875201942149
422 686.8751039837167
477 686.8751017790497
478 686.8750951650488
536 686.8750943879837
603 686.8750943626471
645 686.8750943471599
671 686.8750943401503
673 686.8750943391075
675 686.8750943388284
708 686.8750943381749
734 686.8750943378797
740 686.8750943377474
767 686.8750943377167
769 686.8750943377075
783 686.8750943377038
784 686.8750943376925
798 686.8750943376887
