1 765.1183816139793
36 698.6713367100407
44 645.2738349023352
56 582.3691866158789
83 581.6793597999499
85 575.4036566696618
92 568.4302442654858
112 565.3556008958724
134 561.8359739470283
141 559.7827464537635
150 550.5744862704929
157 550.1899824420043
174 549.4740003892998
187 547.4702715384389
229 547.302416263602
242 547.2806903612934
250 547.2324022001197
257 547.1629288375702
283 547.1536720596707
284 547.1259065792033
292 547.1160789972997
301 547.0920540389169
302 547.0199942004888
318 547.0080008564123
325 546.9587738813515
333 546.9013543829028
355 546.836929403867
358 546.8253622210048
365 546.7766406604526
372 546.7182019879456
380 546.6935511464619
393 546.6761227973697
420 546.6711430202347
421 546.6562049810228
424 546.6109934944644
431 546.6071459191567
450 546.6019392493416
472 546.5981583236244
473 546.5868157940723
500 546.585844032609
507 546.5852822678046
530 546.5786065940944
556 546.5785590842931
569 546.5783688716785
577 546.5781925492618
578 546.5776635973209
585 546.5766704520329
593 546.5751356503556
606 546.575116515358
638 546.5751082905733
639 546.5750836162516
640 546.5750095935783
642 546.5742500359044
649 546.5742142961643
657 546.5740095956519
671 546.5739806051229
672 546.5738936335551
673 546.5736327190259
699 546.5736134324784
700 546.5735555728581
713 546.573553550795
714 546.573547484606
723 546.5734676375073
736 546.5733632479413
756 546.5732904561671
758 546.5732348506766
783 546.5731711596976
797 546.5731393523968
799 546.5731355816381
819 546.5731345247809
827 546.5731321612661
829 546.5731310744811
830 546.5731278141263
837 546.5731274041024
858 546.573125860772
859 546.5731212307822
860 546.5731073408223
868 546.5730539067349
882 546.5730417886415
883 546.5730054343674
897 546.5729932960334
905 546.5729888651475
913 546.5729790891511
915 546.5729759370637
923 546.5729618989915
937 546.5729560979385
945 546.5729545586789
946 546.572949940901
948 546.5729479314496
955 546.5729476709689
982 546.5729466878101
984 546.5729445413818
991 546.5729263852852
1005 546.5729258450041
1019 546.5729193198514
1027 546.5729181694378
1041 546.5729159773934
1042 546.5729094012606
1063 546.5729065324422
1070 546.5729064071711
1077 546.5729063290567
1096 546.5729063287713
1103 546.5729062769005
1138 546.5729061770103
1139 546.5729058773393
1147 546.572905604627
1161 546.5729055791992
1175 546.572905489441
1177 546.5729054737271
1178 546.5729054265852
1179 546.5729052851595
1187 546.572904486643
1195 546.5729040723686
1197 546.5729037795036
1210 546.5729037752191
1217 546.5729037737747
1231 546.5729036836673
1232 546.5729034133448
1246 546.572903190915
1253 546.5729030553593
1266 546.572902828585
1280 546.5729027655674
1301 546.5729027230312
1324 546.572902712322
1342 546.5729027043747
1350 546.5729027034332
1351 546.572902700609
1359 546.5729025956092
1367 546.5729025629754
1374 546.5729025579616
1396 546.5729025396093
1397 546.5729024845524
1421 546.5729024742359
1429 546.5729024664388
1436 546.5729024504172
1462 546.5729024494757
1464 546.572902442837
1471 546.5729024176098
1497 546.5729024172638
1505 546.5729024168273
1513 546.5729024148266
1514 546.572902408824
1535 546.5729024068733
1604 546.5729024061263
1611 546.5729024060176
1616 546.5729024059779
1633 546.5729024058493
1653 546.5729024054548
1660 546.5729024052778
1671 546.5729024050823
1676 546.5729024042262
1678 546.572902403647
1689 546.5729024032685
1697 546.5729024031033
1698 546.5729024026077
1699 546.572902401121
1740 546.5729024009685
1754 546.5729024009005
1756 546.5729024008386
1763 546.572902400759
1777 546.572902400637
1784 546.5729024005698
1791 546.5729024005584
1797 546.5729024004436
1805 546.5729024004077
1807 546.5729024002333
1820 546.5729024002211
1827 546.5729024001631
1833 546.5729024001603
1834 546.5729024001519
1851 546.5729024001428
