1 3715.981853259338
2 2516.756664458845
6 965.3962337351164
30 434.7350382272966
50 434.71919138798205
62 431.54137592644656
78 426.8024343073827
117 424.5682123261267
119 418.53554308289785
167 417.6986689171568
181 415.31903760972745
196 414.46288711783023
205 413.7412909263147
219 413.6811616974383
226 413.6591645636521
234 413.573436688671
241 413.51458265107306
294 413.513290502289
326 413.5132108134501
333 413.513113817958
348 413.5117466837182
355 413.5115189315909
356 413.5108351159485
357 413.5087786277992
364 413.5077512197153
383 413.5075226490454
390 413.5074875205653
409 413.5074769633467
412 413.5073217035906
426 413.50687082172647
452 413.50683230313047
459 413.5067442781403
473 413.50673304776376
486 413.50671550016784
519 413.5067138988239
526 413.5067128219368
533 413.5067119662688
579 413.506711804804
587 413.50671169746806
589 413.50671101083753
591 413.5067108409998
614 413.50671082809424
621 413.5067108220216
628 413.5067108216713
635 413.5067108180815
651 413.50671076778667
655 413.50671075603213
668 413.5067107156763
673 413.506710675329
677 413.50671064618024
687 413.5067106381093
692 413.5067106337118
697 413.50671063353474
698 413.50671063300325
700 413.5067106319973
707 413.5067106309175
711 413.5067106268798
721 413.5067106264766
726 413.5067106264291
734 413.5067106264086
736 413.50671062626014
744 413.50671062623206
