1 1703.1313539471325
8 1703.1313539471296
32 1306.1986803201125
50 1303.7493093569365
54 906.2533861696693
67 880.7087496337166
69 796.4118090519808
81 667.3181710101911
89 604.9327815565101
95 588.3743249424787
107 526.635597176129
114 484.89487358941346
130 480.63220446930035
143 463.3310163244107
151 436.740616821736
153 426.8618751263927
160 416.72131929016854
173 412.70250746014455
187 409.5612825902589
211 400.6471498656193
219 395.2285201749158
235 394.98122512203963
248 387.4284048771513
273 387.4121983950406
281 387.2138482190906
282 386.57973664575024
305 386.4786845343007
314 386.29306127653246
329 385.6206545195091
331 385.27151724558354
346 384.5031389742054
372 384.4709765972685
373 384.3745319954563
375 384.13722737546397
382 384.12600009595224
383 384.092224334723
403 384.0383804671131
417 384.01073177794956
425 384.00921810744336
427 384.0008348089665
435 383.99247513372086
443 383.9906560552222
456 383.9794390470431
488 383.97545737591577
502 383.97415507647395
521 383.97370708214174
529 383.97357934398883
541 383.972188530389
567 383.97191677961195
575 383.97185958243335
576 383.97168758013197
590 383.9714716642749
598 383.97094638969514
605 383.97089489900367
612 383.9708579834982
625 383.9708037237772
633 383.970770368381
646 383.9707671208885
659 383.97076243021945
661 383.9707549627187
685 383.97075147510657
686 383.9707410122754
700 383.970738706582
722 383.9707261836509
729 383.9707008558777
748 383.9707007883809
749 383.970700585891
750 383.970699978402
751 383.97069815499043
765 383.9706934821711
784 383.9706879216323
809 383.9706869182246
816 383.97068687798105
817 383.970686757239
824 383.9706864320205
844 383.97068552628843
851 383.97068513617745
869 383.97068513042575
876 383.9706851085278
914 383.97068466498945
922 383.970684642683
929 383.9706844070322
948 383.97068438984155
972 383.970684380627
980 383.970684364306
998 383.9706843490601
1005 383.9706843486223
1006 383.97068434730926
1008 383.97068434701333
1029 383.9706843440885
1041 383.97068434345266
1049 383.97068434225537
1054 383.9706843420462
1062 383.9706843416431
1075 383.97068434136247
1087 383.97068434133604
1088 383.97068434125634
