1 5533.267633404182
4 4156.530213427183
30 3593.284990583076
32 2475.141376284985
34 1345.0701968466324
52 1281.3262566915112
55 987.1339927728297
62 445.9126253089843
88 420.35771984130065
103 346.06100627261907
110 316.72272207893747
131 313.85011932069375
138 259.1026189079283
146 236.0509593850039
148 225.57546863869197
155 200.58545691198597
163 176.44050900781767
170 174.6750566374519
183 163.7873730285463
197 161.69741151427814
198 157.15615215942577
212 154.54222258070672
213 146.4280845094227
215 141.6497046722132
230 137.8758057834066
249 137.6566181338848
251 135.67865542208486
252 130.8501542029208
253 122.4628152421803
262 112.90582536236577
275 111.69101230488103
284 105.07830537267274
291 103.61771267469283
299 95.30646435064374
314 94.01353951894524
325 92.71861939387348
333 90.63924579544651
348 89.22353068316448
361 88.93328032586187
369 88.39939125916537
377 86.03680044322641
384 85.89908630383016
398 85.29067221184273
413 85.00241915389941
415 84.5380903631821
430 84.40814903318778
432 83.9041430838739
447 83.87098253712571
456 83.5848430422161
458 82.85428422547494
466 82.84792436281204
480 82.59038301659068
501 82.28553853142435
508 82.28028333007502
527 82.27942522982781
528 82.2763748962432
536 82.23675200286259
545 82.21690856323738
558 82.20891378654552
565 82.20817885521541
566 82.20558329545858
568 82.14750352986044
587 82.12564439228947
610 82.12558136148807
624 82.11629603867638
626 82.10147804105878
628 82.09535681677782
629 82.08090159817192
630 81.94369136583093
635 81.80123896343544
651 81.72072335531334
661 81.70681532196573
674 81.69483318732557
675 81.65943960341998
694 81.65887011818371
701 81.65834314854693
702 81.65669058919026
716 81.65375566151546
717 81.64460091294502
731 81.64043259800741
732 81.62656886421314
739 81.62615185771425
752 81.62566033417674
759 81.6246067197148
767 81.6116149022041
775 81.60753967836777
782 81.60720707564808
783 81.60616199522886
799 81.60488283396634
806 81.6048197694357
807 81.6046299756314
809 81.6011230607143
823 81.6008799735942
825 81.59847121893945
826 81.59090434589041
827 81.56604574077896
828 81.4862594918764
842 81.48352154756608
849 81.48283002501448
865 81.47612024165882
878 81.47474735980722
880 81.46790868617299
896 81.46270983911121
898 81.45889307400721
905 81.45872420170477
925 81.45684026970942
926 81.45421246388845
928 81.45226001016374
930 81.40791208646952
957 81.40430208440287
966 81.40289956198995
979 81.40288466381993
995 81.4020006880482
1010 81.40010557349464
1017 81.40003158153924
1024 81.39990634266783
1031 81.39989378480078
1032 81.39988011499385
1046 81.39958487412105
1060 81.39948520986316
1061 81.3991909537603
1069 81.39906481498613
1083 81.39879296970572
1091 81.3985791107813
1099 81.39856369738611
1101 81.3982976743326
1103 81.39813271755393
1104 81.39810206050305
1106 81.39713539182574
1116 81.39618755504331
1132 81.39576396525244
1134 81.39518447167501
1135 81.39238059694772
1142 81.39206172541824
1155 81.38964418151397
1174 81.38961776931608
1188 81.38956588314555
1189 81.38907162707382
1190 81.38795891623678
1211 81.38741602339717
1213 81.38600517266333
1227 81.38561795881246
1228 81.38443899003919
1235 81.38438581562909
1237 81.383911494196
1238 81.38310217436656
1245 81.38221422985565
1246 81.37971640798845
1259 81.37967474237253
1273 81.37749535630131
1274 81.37060426481571
1300 81.37051836603894
1301 81.37026496816013
1308 81.37025929381747
1310 81.36978367927132
1330 81.3695466641365
1338 81.36949121029943
1346 81.36927519958923
1354 81.36927197571897
1362 81.36887960032469
1369 81.36869806334876
1382 81.36864013651943
1398 81.36859783644769
1399 81.36851212255229
1401 81.36850314346036
1403 81.36826533919107
1423 81.36810414928173
1431 81.36800523605903
1433 81.36785412887156
1440 81.36783572149744
1457 81.36777934171234
1471 81.36776917167977
1473 81.36774874334745
1478 81.36769800352056
1485 81.3676734668706
1502 81.36764113932144
1503 81.36754560187235
1516 81.36754015041676
1523 81.36753903132306
1543 81.36753629966228
1557 81.36752237245125
1565 81.36750644800861
1573 81.36749448515724
1581 81.3674794987555
1589 81.36747273277949
1594 81.36743523568762
1596 81.36743395974372
1610 81.36743284844059
1611 81.36742981186586
1625 81.36742342807565
1633 81.36741654997265
1657 81.36741615984134
1677 81.36741604860634
1678 81.36741568941541
1680 81.3674155316818
1688 81.36741502223045
1689 81.36741350948779
1690 81.36740927805197
1704 81.36740772073497
1719 81.36740744073965
1720 81.3674066288455
1722 81.36740442770414
1741 81.36740373568718
1760 81.36740300278967
1761 81.36740209188001
1768 81.36740025329736
1775 81.36739990011687
1812 81.36739978745008
1819 81.3673997170455
1826 81.36739967061388
1838 81.36739966744406
1839 81.36739965766341
1853 81.36739870991275
1855 81.36739867772064
1857 81.36739858619472
1864 81.36739754938354
1878 81.367397132506
1880 81.36739580437728
1894 81.36739577748547
1896 81.36739490791325
1903 81.3673948970031
1904 81.36739485336673
1906 81.36739349751035
1948 81.36739312200756
1960 81.36739303921739
1964 81.36739281581673
1966 81.36739252631574
1978 81.36739165842532
1979 81.36738961425802
1999 81.36738912163241
2007 81.36738910962156
2015 81.3673887839876
2019 81.36738836978378
2034 81.3673883536559
2035 81.36738829583328
2049 81.36738828900342
2050 81.36738826909053
2051 81.36738821103951
2086 81.36738817926083
2116 81.36738814326813
2117 81.36738791745617
2131 81.36738775283654
2146 81.36738774264941
2159 81.36738771626295
2166 81.36738769736696
2183 81.36738769134486
2196 81.3673876851268
2198 81.36738760554108
2212 81.36738755045374
2219 81.36738754520917
2221 81.36738752831378
2229 81.36738750099425
2243 81.36738748404447
2251 81.36738744824751
2259 81.3673874478949
2271 81.36738742722477
2275 81.36738742585965
2283 81.36738741021233
2285 81.36738736821637
2295 81.36738736118359
2323 81.36738736006455
2324 81.36738735647293
2328 81.3673873563147
2334 81.36738735480455
2336 81.36738735393924
2338 81.36738735367281
2342 81.3673873526531
2351 81.36738734925551
2355 81.36738734851798
2356 81.36738734471388
2367 81.36738734465109
2374 81.36738734447981
2376 81.36738734041103
2385 81.36738733531085
2387 81.3673873334911
2392 81.36738732937457
2398 81.36738732924212
2400 81.36738732830968
