1 1046.0261820380601
2 1022.8249097126879
4 949.5793565093204
7 893.505384957237
14 883.505384957237
30 793.505384957237
35 709.8299402775739
41 692.8299402775738
43 686.505384957237
49 669.5053849572369
51 611.1281615589207
58 552.7509381606046
64 442.7509381606046
85 442.11848262857086
90 440.2211160324698
97 434.5290162441668
110 433.27243273441934
111 415.2724327344194
118 412.0724327344193
133 401.2969880547561
161 398.0315716770401
162 394.6828883789897
170 392.81534391102326
178 384.9437105071243
180 383.4222159333095
181 378.85773221186525
195 372.9577322118652
197 369.6928211477979
218 359.5405434876295
227 349.81754348762945
242 347.1029990196631
249 347.0981612973233
277 345.46470576528964
285 345.41322320573545
293 344.4512495397744
301 343.8263634227827
308 343.79787658980234
310 343.58310435581916
324 342.9124975550793
339 342.4076380817601
346 342.35668507564117
348 342.0997995224377
369 341.9057631054791
376 341.8839624788876
378 341.78086970228605
416 341.7804230547539
424 341.7788324093011
426 341.7782072641312
427 341.7763318286214
428 341.77070552209216
437 341.76363826677186
439 341.7362579085446
458 341.730507260898
500 341.7092401309944
508 341.70668847308207
516 341.7057912511957
530 341.70044991921856
538 341.69781689026377
552 341.6957554139256
554 341.6957111060874
556 341.6955203885274
557 341.6949482358473
565 341.69274332874807
578 341.6924670098506
598 341.69209545222856
599 341.69098077936223
601 341.6908510718106
615 341.69063154130697
617 341.69045059842585
624 341.6903556226133
638 341.68962991894375
645 341.68960825110815
665 341.6895665576894
667 341.689438363514
674 341.68943098968566
681 341.6894260924913
682 341.68941140090806
696 341.6893509839151
697 341.6891697329365
698 341.6886259800003
718 341.6885487938491
737 341.68853790104276
738 341.68850522262346
764 341.6885043034172
784 341.68850154313634
786 341.68850144664816
800 341.68849781581486
823 341.6884943699989
825 341.6884911449928
852 341.6884911326572
853 341.68849109565
855 341.68849102273015
856 341.68849080397024
864 341.6884888449233
872 341.68848674207527
880 341.68848542449524
882 341.6884845803536
889 341.68848300915585
896 341.68848274388824
910 341.6884821815876
911 341.6884804946857
918 341.68847946138186
926 341.68847647814846
928 341.68847379359806
941 341.68847201641836
955 341.6884714335285
963 341.6884693930574
971 341.68846926984884
973 341.6884690400559
974 341.68846835067757
981 341.68846787791824
1001 341.68846766706963
1002 341.6884670345239
1004 341.68846655870084
1012 341.68846643410774
1019 341.68846635639255
1020 341.6884661232466
1040 341.6884645818058
1048 341.6884635385775
1049 341.68846040889264
1069 341.6884602917388
1070 341.6884599402771
1072 341.6884582488305
1079 341.6884579757102
1086 341.6884564233922
1105 341.6884557627557
1112 341.68845569389146
1119 341.68845565319316
1127 341.6884555850689
1134 341.6884550843638
1141 341.6884550804723
1166 341.6884549441039
1180 341.68845487324063
1182 341.68845451005836
1196 341.6884544931642
1197 341.6884544424815
1205 341.688454422894
1213 341.68845438940764
1233 341.68845432851174
1235 341.6884543127453
1247 341.68845429614834
1261 341.6884542660776
1268 341.68845426494283
1289 341.6884542643467
1290 341.6884542625584
1291 341.68845425719326
1292 341.68845424109816
1293 341.6884541928127
1300 341.6884541893114
1314 341.6884541709852
1322 341.68845412387327
1330 341.6884541128175
1332 341.68845411096424
1339 341.68845411092195
1340 341.68845411079445
1364 341.6884541104737
1366 341.6884540712505
1373 341.6884540707636
1381 341.6884540636288
1382 341.68845404222395
1383 341.6884539780092
1385 341.68845394231016
1393 341.68845347112693
1406 341.68845316592194
1419 341.688453158616
1421 341.68845314783584
1422 341.6884531154949
1430 341.6884521855232
1450 341.68845209028404
1457 341.6884520257909
1477 341.6884520036358
1485 341.68845199912283
1487 341.68845194553387
1494 341.688451942899
1501 341.68845194005
1507 341.6884519354419
1533 341.6884519349362
1535 341.6884519341663
1536 341.68845193185643
1537 341.6884519249271
1539 341.6884519205116
1546 341.68845191361197
1586 341.68845191265433
1600 341.6884519123938
1614 341.68845190576246
1622 341.6884519026709
1624 341.6884518956937
1631 341.6884518937853
1644 341.68845189090376
1652 341.6884518852312
1654 341.6884518707761
1655 341.688451827411
1662 341.68845182117366
1682 341.68845181877856
1690 341.6884518042784
1697 341.68845179747495
1710 341.6884517954413
1737 341.68845179527455
1744 341.68845178811114
1783 341.6884517872909
1790 341.68845178723416
1824 341.6884517865832
1838 341.6884517865117
1846 341.6884517862094
1877 341.6884517854342
1909 341.68845178498873
1933 341.6884517849503
1935 341.68845178492074
1942 341.68845178487487
1947 341.68845178477795
