1 2656.4897489784134
63 1779.3220222956434
80 1763.423470215077
101 1748.4465588334456
102 1703.06229628049
127 1669.9849782338692
135 1640.5656564639123
150 1627.5114045688597
151 1586.3066260529483
166 1570.0673583133969
168 1556.0844376997518
175 1546.4240214683532
190 1525.268380271511
198 1499.5468877670814
206 1477.6527835290922
214 1459.5273655719031
216 1406.284918343747
223 1385.576639083304
232 1381.453513437048
239 1361.7451140461221
254 1347.422622549075
262 1325.6391840174037
270 1307.7306749082954
272 1282.8300098573527
281 1263.6337140332082
282 1218.3187847904117
296 1215.8126029250575
298 1187.0611349350445
302 1175.6419267889237
316 1164.4068446394601
317 1134.5392172714182
326 1110.9868409303963
339 1091.6559898962016
353 1088.4478434839027
361 1080.9286506179972
369 1071.1334279553414
377 1068.7597195372955
385 1064.3839722846383
386 1050.4899965945049
408 1048.0467310058827
410 1046.526571551495
411 1042.2536905683853
413 1038.6270706915498
423 1036.0196712511256
425 1022.3055229611522
434 999.5641824562326
453 998.9738877418148
454 997.1422964831481
485 996.8500600122125
506 996.7641757193691
507 996.5044576371683
511 995.7032457601507
512 993.2137557718103
513 985.0655541266734
524 981.7191606661158
564 981.6208777750942
566 981.4976210476393
567 981.1275590553236
568 980.0147906610013
569 976.6544753464631
570 966.4123573054333
572 962.8427213368772
574 957.073670148908
583 950.8981140573582
585 940.6847921362981
586 910.9588955546473
604 903.2566690001697
608 888.8014017380484
624 885.3755036552234
639 883.0442808313467
642 880.739969368511
646 870.0349778471839
661 864.184803349363
663 863.402039349271
673 857.52396699718
687 853.4732029491684
689 840.8940889795002
706 837.0897147349091
716 836.2272125671105
719 829.2199133536355
728 823.2767931885157
738 822.3514984324605
753 819.022077326854
760 818.8953153879858
775 818.4401268753907
782 818.3684674022797
786 816.2660152374033
801 816.1748581534755
803 814.4625579411771
814 813.2547279126034
821 813.1721031869541
830 812.4633225753859
832 808.6099348777802
847 807.8992965405836
861 807.5333654992116
863 806.9363329540818
865 805.6720941691746
874 803.934096837849
883 802.3026983508142
884 797.6023988623463
893 793.8113550250193
900 789.5986938926244
914 785.6804792004896
915 775.7249664256417
936 774.7096127220204
944 774.0776115915014
946 772.3931254163272
956 770.4001336497165
963 768.5957288078464
971 767.1355036460515
985 767.1325330399112
986 767.1234691824366
987 767.0927469408387
995 766.8528747080338
996 765.935211814892
1011 765.3500432548454
1013 763.6031765963621
1026 763.3588200491847
1036 761.3507496204544
1038 755.9207692370684
1054 754.2742009044874
1076 753.5683098759788
1077 751.4774320017452
1084 750.6573690560649
1085 748.18180187896
1113 747.5576778959598
1115 747.4870468074458
1128 747.4813148817407
1136 747.148456732467
1137 746.1984395760329
1139 745.1454990279291
1154 744.6861448722377
1161 744.6422848811658
1162 744.5107456981353
1170 744.3110616864789
1191 744.0947428791778
1193 744.0281935987059
1195 743.4178291708416
1216 743.3915274999844
1230 743.3881440917153
1237 743.3879342519022
1238 743.3873032972763
1239 743.3853975685959
1240 743.3795660977165
1249 743.3296020022532
1250 743.1781616243522
1259 743.0820024142045
1260 742.7873986295101
1271 742.6488746846873
1272 742.2350982711577
1286 742.1822255808706
1287 742.020988258892
1296 741.7510751970419
1303 741.7465921984565
1312 741.5998378722661
1320 740.9584362589865
1334 740.6686857128886
1348 740.6459197466243
1352 740.6297441889473
1354 740.3357919396034
1361 740.2309412821545
1370 740.1781926083978
1379 740.0436451566655
1389 739.6833026199954
1397 739.3875240170084
1411 739.3687952952284
1418 739.2761897736442
1421 739.2532847220734
1422 739.2289813456956
1429 739.1891435970565
1446 738.4909957052322
1466 738.3645254939174
1474 738.192450527111
1496 738.1639887781707
1502 738.1608295279513
1511 738.1603054313535
1512 738.1576854616045
1513 738.1353068062033
1516 737.8584841591194
1517 737.1467950910777
1538 737.0303687536849
1541 736.9681486309082
1556 736.8741982187297
1557 736.6172478550563
1566 736.4481356198911
1581 736.3927620179613
1583 736.3431161683769
1592 736.2078849602119
1603 736.202318694528
1612 736.152266459711
1622 736.1284075869318
1624 735.9370384990884
1631 735.8554886496576
1641 735.8182437914116
1654 735.8075625423401
1655 735.7748556223783
1669 735.669601426772
1678 735.6384052669168
1680 735.5985613949091
1697 735.5767333816295
1698 735.508795119722
1707 735.4104818807828
1716 735.3766719949755
1717 735.2727937824501
1727 735.1746415134578
1741 735.1340442592248
1760 735.1337705447974
1763 735.0570654227191
1777 735.0189354193645
1779 734.9963080252496
1788 734.9546561814443
1796 734.8879851037548
1810 734.8062405688597
1812 734.7388745376697
1826 734.6994624718
1834 734.6992320566123
1842 734.6804423521238
1849 734.6804087525901
1850 734.6803099168657
1851 734.6800310470624
1852 734.6793522038178
1860 734.6744623036294
1867 734.6707093715804
1881 734.6552041323876
1889 734.6436884854743
1890 734.6100999156552
1897 734.6078259972601
1898 734.6022134555392
1912 734.5970820355994
1913 734.5839333525698
1915 734.5190988707864
1923 734.4431825491334
1931 734.385494952935
1936 734.3572725274165
1944 734.3064873779009
1952 734.2503465408092
1959 734.2485492023935
1960 734.2432001548838
1969 734.1837220518537
1977 734.158845750419
1992 734.0888045654883
2000 734.0701269600198
2004 733.9576048103404
2026 733.9536959780818
2028 733.8504799962542
2036 733.7830956340272
2044 733.7398742198659
2045 733.5982920307868
2066 733.5629956571435
2068 733.5566578459117
2083 733.4907644210281
2092 733.4523068196482
2094 733.4369169651878
2107 733.4361453314208
2108 733.4338349316666
2110 733.4252829095605
2111 733.4003565742136
2124 733.3987707793414
2125 733.3941155873231
2144 733.3917356527995
2154 733.3801498054319
2164 733.3719359126144
2165 733.3473920982412
2168 733.3154125893774
2175 733.3012152060796
2182 733.3010413797897
2183 733.3005327004022
2184 733.2991924583146
2204 733.2962287635803
2211 733.2955909403278
2213 733.2861096932048
2221 733.2651070134367
2226 733.2529117104651
2237 733.2349484138994
2251 733.2268676725137
2260 733.2176923579564
2275 733.213827546284
2279 733.2103375531738
2286 733.2102545838734
2301 733.2092770240203
2302 733.206416515857
2303 733.1987090469383
2305 733.1505780972018
2325 733.146046117641
2328 733.1201990727475
2345 733.1185405173771
2356 733.1178984529087
2357 733.1163238315452
2359 733.1013164603735
2362 733.0712652736048
2390 733.0698990036894
2396 733.0675631866458
2398 733.0556336774846
