1 4801.895609614583
3 3326.702855364377
5 2336.624924627903
14 1439.3505958888552
28 1117.1177767091299
35 1051.0048712425853
53 1035.1322886158703
63 938.9163753867066
65 924.757365381977
95 874.4161714868185
108 864.7000607753444
132 856.7111331452445
137 852.6585745494724
153 820.8140334932326
169 802.0154150042882
176 800.9223876273068
184 797.6725993876256
190 785.2535398365998
203 768.0301607383545
248 767.9641818002085
274 767.3430800996066
282 767.25027070195
310 767.2336107529229
317 767.2205517888352
318 767.1813756234076
346 767.1624855810446
348 767.1570228174859
362 767.1490052195123
383 767.1463694514431
397 767.1447579153637
404 767.1444717462667
425 767.1427337310638
438 767.1424807279187
458 767.1424448474503
459 767.1423372009825
460 767.1420142160215
467 767.1417715243904
474 767.1417465885697
513 767.1416929909279
538 767.1416918374101
578 767.1416917086457
593 767.1416916077116
602 767.1416915528403
603 767.1416913882254
605 767.1416913655775
606 767.141691297635
614 767.1416910411206
634 767.1416906059135
654 767.1416903816043
721 767.1416903705178
723 767.1416903669978
733 767.1416903659521
734 767.141690362815
736 767.1416903605502
742 767.1416903595339
748 767.1416903553376
754 767.1416903551299
764 767.141690353999
774 767.1416903532912
790 767.1416903530779
792 767.1416903529592
793 767.1416903526023
799 767.1416903523667
815 767.1416903522779
817 767.1416903522586
825 767.1416903522246
830 767.1416903521691
838 767.1416903521491
845 767.1416903521352
