1 7663.951501611698
2 6731.0098769308015
3 5610.953473316505
21 3908.1491163646456
34 2077.4985303444705
64 1951.8466198314743
68 1570.6844981143615
71 719.2931834676033
89 463.2274255998952
114 427.58844097897105
121 411.1405410970192
148 400.4541688190339
169 398.07872151038896
192 387.81960220818047
193 384.12980254706105
200 382.56586540475826
218 381.7227643958779
226 381.4989167987186
230 377.7919162537079
246 376.0055682180608
271 375.9194455905448
276 373.4550765633526
278 372.0975138199693
299 369.3860395788633
319 368.9898935996173
321 367.96990441408315
329 367.52191125163915
330 366.185593867089
367 366.16590112934824
380 366.154184675998
381 366.1190370255268
402 366.1093453274861
405 366.093039692363
406 366.04413675936337
413 366.03301732707683
414 365.9996608846755
428 365.97447719010705
474 365.97425902645074
475 365.9736048537203
483 365.97025623446586
500 365.9694093733609
503 365.9655509179892
507 365.9582723386073
514 365.9581414179108
521 365.9578587603369
534 365.95752912992407
556 365.9568395883187
576 365.9566266953067
589 365.95658325130677
596 365.9565494087571
610 365.9565411198185
621 365.956538317933
622 365.9565299123964
623 365.95650469686535
636 365.9564865904228
643 365.95639490063706
650 365.95635641122084
690 365.95635584929096
710 365.9563521480761
714 365.9563503108181
723 365.956347680442
739 365.9563474666815
749 365.95634712389176
765 365.9563470559087
774 365.95634665771
796 365.9563466168277
816 365.9563466019874
834 365.9563465873453
856 365.95634658733655
857 365.9563465873098
858 365.9563465872296
859 365.9563465869892
860 365.9563465862679
869 365.9563465861888
870 365.95634658595134
