1 1500.7793590417189
4 1266.3541895768308
36 1262.2890438494287
49 1247.2843483378485
63 1172.7095131078645
71 1121.585899424703
83 1095.1002640842685
104 1094.4010613997423
111 1091.7030936285578
140 1084.8590073603455
149 1082.847110182748
179 1082.7429445745245
181 1080.6583462029057
202 1080.4953658832417
209 1080.4830463935327
222 1080.4703580735093
238 1080.2724513160172
239 1079.720595685113
240 1078.6398360104834
248 1078.299591684479
255 1078.1917096007196
262 1078.120875265338
269 1077.5693567894
276 1077.5637738024463
277 1077.5519077599688
291 1077.2925191883521
298 1077.0801783869879
311 1077.074228922842
312 1077.0542379405563
313 1076.9723438021583
329 1076.953855336023
337 1076.9412258702996
339 1076.8164763351058
346 1076.7787854366886
367 1076.7203488589314
395 1076.7147636403452
407 1076.7115365439467
429 1076.709664144235
437 1076.7083151471516
444 1076.7059703915897
464 1076.7059339369093
465 1076.7058272277786
466 1076.705505990819
485 1076.7053731864826
486 1076.7048938545393
494 1076.704035729763
502 1076.703405336777
509 1076.7030514059393
517 1076.702593239941
532 1076.701900823485
545 1076.7017239654328
552 1076.7011873805793
572 1076.7010243035566
576 1076.7004854366264
583 1076.700474471064
597 1076.7003058770151
616 1076.7002699674483
627 1076.7002547127659
635 1076.7001995300004
649 1076.7001603093693
651 1076.7001267791936
671 1076.7001200265693
672 1076.7000999312463
690 1076.7000983785763
709 1076.7000935909361
736 1076.7000898939984
750 1076.7000893899167
752 1076.700088638309
753 1076.7000863831283
755 1076.7000798968731
769 1076.7000682753473
771 1076.7000510636185
778 1076.7000490308094
779 1076.7000435738041
786 1076.7000432309042
787 1076.700042129402
800 1076.700041872489
801 1076.700041018588
806 1076.7000387555677
825 1076.700037532306
833 1076.7000243046668
843 1076.7000184024132
863 1076.7000152512846
877 1076.7000145272832
878 1076.7000127754368
879 1076.700005065696
886 1076.7000050192498
893 1076.7000049625362
894 1076.7000048190166
913 1076.700003759354
926 1076.700003527396
927 1076.70000263825
944 1076.7000024569397
948 1076.7000023621333
956 1076.700002236501
975 1076.7000020486178
986 1076.7000020145113
987 1076.7000019094173
1013 1076.700001896722
1016 1076.7000018013189
1017 1076.700001548696
1021 1076.7000012552562
1035 1076.7000010376314
1041 1076.7000010359634
1051 1076.7000008399839
1064 1076.700000810272
1068 1076.7000004287954
1081 1076.7000003283306
1100 1076.7000002998184
1119 1076.7000002225318
1123 1076.700000150982
1143 1076.7000001411375
1170 1076.7000001212937
1181 1076.7000000991125
1202 1076.7000000908026
1207 1076.7000000521275
1214 1076.7000000518383
1240 1076.7000000505855
1242 1076.7000000497235
1250 1076.7000000459486
1257 1076.7000000453984
1264 1076.7000000452442
1265 1076.7000000447747
1278 1076.7000000447508
1279 1076.7000000446792
1280 1076.7000000444632
1281 1076.7000000437954
1288 1076.7000000426892
1295 1076.7000000393007
1320 1076.700000037284
1347 1076.7000000340693
1355 1076.700000032818
1368 1076.700000022809
1375 1076.7000000223798
1393 1076.7000000212006
1413 1076.7000000148373
1446 1076.7000000135058
1471 1076.7000000102587
1482 1076.7000000075418
1505 1076.7000000075304
1506 1076.7000000074966
1507 1076.7000000073974
1508 1076.7000000071196
1516 1076.7000000062128
1519 1076.7000000043395
1540 1076.700000004246
1558 1076.7000000042449
1559 1076.70000000424
1566 1076.7000000041608
1588 1076.7000000024489
1604 1076.70000000094
1618 1076.7000000008022
1625 1076.7000000007897
1640 1076.7000000007893
1643 1076.7000000006917
1667 1076.7000000006867
1668 1076.7000000006728
1672 1076.7000000006342
1682 1076.700000000616
1689 1076.7000000006158
1691 1076.7000000005967
1698 1076.700000000594
1714 1076.7000000005896
