1 849.2352015331393
2 671.3858852272466
6 590.4402656749393
27 114.90163349599544
50 111.29246963360768
51 103.5687426743608
58 98.32307772607177
59 91.11298561305074
66 78.52297360121736
94 49.84126973868204
103 44.54832268604381
110 40.30635269410535
131 38.56037347589076
138 38.55287636398948
145 38.53547267915058
146 38.53038896546071
165 38.304985761716424
172 38.298975008548375
173 38.29156519700842
214 38.287189221943585
229 38.28713963345933
233 38.286378440727056
241 38.28562400982321
256 38.285245024833046
280 38.285171703678955
289 38.28515773116809
299 38.28513972886615
313 38.28513927629288
315 38.285137865750194
317 38.28513619916169
333 38.28513384861438
352 38.2851327056515
361 38.285132193745106
392 38.28513218144252
400 38.285132078182045
403 38.28513193528881
411 38.28513189971208
420 38.285131866054165
429 38.28513186391152
445 38.2851318336202
453 38.28513182592779
468 38.285131822780976
478 38.285131822627996
502 38.28513182241128
521 38.28513182209946
530 38.285131821996856
544 38.28513182194335
553 38.285131821934186
556 38.285131821906404
570 38.28513182189873
580 38.28513182189688
589 38.28513182189685
590 38.28513182189635
608 38.285131821896314
609 38.28513182189628
617 38.28513182189624
627 38.28513182189621
630 38.28513182189617
