1 10454.597906490295
40 10436.374737529977
49 10413.371924351532
51 10375.98740779455
60 10318.277732159202
69 10270.37059611472
82 10270.219060701738
89 10269.774753429938
90 10268.521244854968
92 10222.639158718972
101 10169.022890971191
108 10168.122829103217
120 10160.845227850174
145 10160.78914291135
152 10158.186589122159
167 10156.445544195789
181 10156.41049207001
201 10155.956441086082
202 10154.59786328901
203 10150.544526370866
211 10148.60968535329
225 10147.864287126984
233 10147.011455410428
247 10146.974687143022
249 10146.73070522437
264 10146.28473133884
279 10146.172461204993
286 10146.149265696307
309 10145.983451360478
316 10145.968058078686
324 10145.950369260147
332 10145.855782053673
340 10145.828827969577
354 10145.785220002457
361 10145.76724949617
381 10145.746208368024
383 10145.738680128146
391 10145.731400586958
393 10145.723539735796
394 10145.699957391404
415 10145.695341167522
422 10145.69498535041
430 10145.688324870343
431 10145.6683437427
438 10145.667361636444
439 10145.664434136366
448 10145.650163749844
455 10145.648356521155
468 10145.644500582423
483 10145.632174889055
491 10145.627495853767
500 10145.615218025492
507 10145.612654876006
508 10145.604965431743
515 10145.604295271802
530 10145.583311385746
544 10145.573663687004
551 10145.570662582762
559 10145.558573320253
567 10145.54777368228
584 10145.545332025475
598 10145.5422089593
605 10145.542149183228
606 10145.541969855012
614 10145.537260033865
647 10145.53463841854
655 10145.534196689505
668 10145.534109953966
669 10145.53384974735
671 10145.53350830397
685 10145.533425927693
699 10145.533364409284
707 10145.533209347672
708 10145.532744162892
716 10145.532671377507
724 10145.532262772904
726 10145.530587443323
739 10145.529983491546
772 10145.52990418277
774 10145.52980597053
787 10145.529795533423
788 10145.529764222105
803 10145.529689145591
823 10145.529679216452
824 10145.529649429038
832 10145.529626622601
840 10145.529601934904
848 10145.529586648312
855 10145.529577520554
869 10145.529576402445
870 10145.529573048118
878 10145.529565821558
879 10145.529544141882
886 10145.52949053274
893 10145.529418273656
906 10145.529414674424
938 10145.529411945585
952 10145.529410954397
972 10145.529410476567
980 10145.529410463256
982 10145.52941031711
983 10145.529409878682
984 10145.529408563394
985 10145.529404617528
986 10145.529392779927
987 10145.529357267125
988 10145.529250728723
990 10145.529221301325
998 10145.529152874853
1000 10145.529057738235
1026 10145.529044639019
1028 10145.529027704579
1048 10145.529022161214
1050 10145.529020324118
1051 10145.529014812835
1052 10145.528998278987
1054 10145.528927009454
1056 10145.528920493147
1069 10145.528910853996
1095 10145.52890428407
1096 10145.528884574285
1104 10145.528873736812
1105 10145.528841224388
1113 10145.528810719934
1132 10145.528788701682
1146 10145.528782716152
1166 10145.528782258216
1168 10145.528777877867
1176 10145.528775924953
1190 10145.52877423551
1192 10145.528770544717
1199 10145.52877050396
1219 10145.528769580764
1221 10145.528769011362
1229 10145.528767134405
1249 10145.528766622836
1256 10145.528766596362
1257 10145.528766516944
1271 10145.5287664643
1279 10145.528766433728
1292 10145.528766378335
1306 10145.528766274027
1320 10145.528766085627
1334 10145.528766074716
1342 10145.528766066758
1361 10145.528766050047
1381 10145.528766046582
1417 10145.52876604627
1418 10145.528766045341
1438 10145.528766044725
1439 10145.528766042877
1447 10145.528766042587
1448 10145.528766041716
1461 10145.528766037929
1475 10145.528766036487
1476 10145.528766032156
1498 10145.528766023965
1500 10145.528766023572
1501 10145.528766022391
1502 10145.528766018855
1503 10145.52876600824
1511 10145.528765963747
1513 10145.528765909248
1527 10145.52876589091
1534 10145.528765876707
1573 10145.528765866
1581 10145.528765863735
1595 10145.528765863026
1597 10145.528765862806
1599 10145.528765858631
1624 10145.52876585721
1626 10145.528765851552
1638 10145.528765850608
1639 10145.528765847781
1640 10145.528765839297
1657 10145.528765818008
1685 10145.528765811028
1712 10145.528765793035
1732 10145.528765790446
1739 10145.52876578618
1752 10145.528765779152
1767 10145.528765773011
1780 10145.528765771684
1793 10145.528765769393
1800 10145.528765768771
1847 10145.528765768757
1848 10145.52876576871
1849 10145.52876576857
1851 10145.528765768326
1870 10145.528765768238
1872 10145.528765768127
1885 10145.52876576808
1890 10145.528765768076
1894 10145.528765768058
1895 10145.528765768006
