1 700.71206275883
28 376.3233987771627
38 248.85399439146877
61 223.24388885976668
63 191.5318626300122
71 164.75742292424675
79 141.31317543530693
101 132.59265708925093
108 122.57823841254614
110 99.33271560895352
123 81.05534760447469
135 74.78696691557708
142 74.38931443102027
179 71.25636986642118
201 69.33392156714415
208 68.35473800612141
254 68.26014778293738
269 68.2546322334108
290 68.13582890796641
318 68.1034031584541
327 68.01858527284394
335 68.01265467949514
336 67.93913455957198
346 67.91663187859508
347 67.84400583599208
349 67.62891326179141
357 67.45125939544847
358 66.93574698887633
359 64.69564480629668
377 64.0188522562702
391 63.97923428556045
392 63.85294039113488
393 63.437106300500446
395 62.89178217717573
403 62.63582829057817
404 61.9115300491292
424 61.88298140078682
426 61.354964750789414
440 61.30340813588545
442 61.17875845026633
455 61.110349731452544
456 60.91540807167865
478 60.71743322548322
487 60.565078793811196
502 60.538393848616636
503 60.46444480663819
516 60.43734085330743
538 60.424473251453065
539 60.381012684036435
559 60.36308550427009
575 60.36086464972828
590 60.35848577193086
598 60.35527747582663
606 60.34819110678847
627 60.34556536557905
635 60.34366574947168
636 60.33625094269547
643 60.33297865145151
675 60.3322026862596
683 60.33218640453918
686 60.33185704092719
687 60.331402854985235
695 60.330547562606135
703 60.32819776246854
710 60.32617229452457
729 60.32555247372859
737 60.32483174292925
745 60.324231369830706
753 60.32365113370541
766 60.323437087881175
780 60.323220599246525
782 60.32302961049831
784 60.322814096289704
791 60.32276711412738
792 60.322626811362376
806 60.322404386875235
820 60.32220627369322
841 60.32216742891254
849 60.32213435436468
851 60.322098699513276
870 60.32207340418861
884 60.32206170272928
891 60.322058005071234
892 60.322042298788205
912 60.322032198759764
933 60.32203170172065
948 60.32201833062605
956 60.322017975320364
963 60.32201316958916
976 60.322008181278875
983 60.32200451060635
985 60.32197217412554
992 60.321969394788546
1005 60.32196748234279
1006 60.32196146713483
1019 60.321960379559584
1045 60.321958280914174
1055 60.32195695937599
1063 60.32195584052649
1064 60.32195147592082
1085 60.32194721523435
1093 60.321946882244994
1095 60.321943413366114
1108 60.321941679808525
1123 60.32194167210148
1130 60.32194161294831
1141 60.321941071740135
1143 60.32193984630623
1150 60.32193932917505
1177 60.3219387884367
1185 60.321938207048724
1186 60.32193699549377
1194 60.32193595099098
1201 60.32193458096636
1210 60.32193281152037
1230 60.32193179035711
1237 60.321930198019466
1250 60.32193010286754
1257 60.32193007272005
1272 60.32192988542733
1279 60.321929666436326
1332 60.32192966084199
1334 60.3219296502105
1341 60.32192963628711
1349 60.32192961670557
1356 60.321929605037276
1365 60.321929603449945
1367 60.32192959636209
1371 60.321929594451774
1372 60.321929588309274
1379 60.32192958348049
1458 60.32192957673624
1479 60.32192957615147
1481 60.3219295754561
1482 60.321929573365374
