1 1807.1221104388455
3 1687.0996744232507
12 1677.0996744232507
32 1454.8772340187838
42 1452.3845921941813
56 1450.4823856685534
69 1449.3079686114504
82 1447.456489726474
101 1444.3537047153088
110 1440.7021122096403
126 1440.4190091374164
141 1440.4049211386894
144 1440.280107009263
154 1440.2488776105772
155 1440.243204501323
170 1440.169537631061
177 1440.1444594498876
184 1440.1426665210304
197 1440.1420465129208
216 1440.1420319765975
241 1440.1420304790188
268 1440.1420299218753
371 1440.1420288645795
414 1440.1420287534056
428 1440.142028626625
438 1440.1420285345189
453 1440.1420285072495
461 1440.1420284985236
470 1440.1420284981564
483 1440.1420284979831
484 1440.142028497888
498 1440.1420284974588
507 1440.1420284959322
514 1440.1420284956441
539 1440.1420284956182
541 1440.1420284955593
548 1440.1420284955568
595 1440.1420284955557
596 1440.1420284955532
603 1440.1420284955523
610 1440.142028495552
638 1440.1420284955486
653 1440.1420284955484
656 1440.142028495548
