1 7287.336279684043
2 5712.580981513836
3 2054.4531405428665
24 2054.037192103629
54 2053.8502140953387
74 1652.9560882091837
82 1651.8796322899595
90 1602.4515666818486
164 1590.7717304876942
165 1590.770600023668
166 1590.768727975035
174 1590.138231919992
175 1589.7541366471812
237 1589.6702455389973
264 1585.552333774462
300 1585.062270303148
302 1584.3196180373106
309 1583.269112440186
310 1580.8513251216623
370 1580.7393735397977
390 1580.6105185974927
392 1580.5328139495446
406 1580.4686520504094
440 1580.4632182511632
447 1580.461945887653
474 1580.4560297383591
481 1580.4552329486514
495 1580.4548679943173
515 1580.4548605067941
516 1580.4548380782908
562 1580.4548324382404
577 1580.4548323142574
585 1580.4548298134314
600 1580.4548256128999
647 1580.4548253095975
663 1580.454821751436
664 1580.4548105982337
689 1580.4548104352127
690 1580.4548099461026
703 1580.4548098672933
729 1580.454809845229
730 1580.4548097790355
800 1580.4548097789184
805 1580.4548097788013
810 1580.454809778777
811 1580.4548097787035
827 1580.4548097787033
