1 180.08653864234475
5 -59.89647996499613
19 -76.68391699098734
25 -199.25634199697825
42 -219.105100997744
43 -220.27509833268198
82 -220.72742583118378
97 -224.66524912297686
110 -228.17103366956695
126 -240.43228018584108
136 -241.16607252795598
143 -246.04206910361341
160 -246.23214217049815
170 -247.2580793222305
179 -248.068337012864
193 -249.64635985097644
207 -249.74386534500064
227 -249.7471641745039
236 -249.75594132242506
243 -249.75880243933597
244 -249.76444297818674
254 -249.7967879801162
261 -249.82617109010064
299 -249.8282485563194
330 -249.82865329663235
337 -249.82902185973643
338 -249.82905149784585
346 -249.82914533608763
368 -249.82925163690467
375 -249.82929501801848
393 -249.82932174534525
400 -249.82932210850421
416 -249.8293277340865
426 -249.82932891456267
433 -249.82932988002162
434 -249.82932998758235
465 -249.82933063297088
477 -249.82933064470473
492 -249.82933071234635
499 -249.82933073791614
531 -249.82933082600056
538 -249.82933082682558
539 -249.8293308279671
546 -249.82933083058646
567 -249.82933083428094
581 -249.8293308342988
584 -249.82933084068088
591 -249.8293308407169
605 -249.82933084098357
618 -249.82933084127112
625 -249.829330841426
638 -249.82933084147282
652 -249.82933084163824
659 -249.82933084165865
666 -249.82933084171486
673 -249.8293308417629
725 -249.82933084177694
729 -249.82933084184873
737 -249.82933084185157
744 -249.82933084185277
757 -249.8293308418603
771 -249.82933084186286
775 -249.82933084186413
782 -249.829330841873
822 -249.8293308418731
830 -249.8293308418738
833 -249.82933084187493
863 -249.82933084187536
864 -249.82933084187556
879 -249.82933084187593
919 -249.82933084187601
