1 4892.551760148185
3 3761.627806969005
8 2548.6391230143586
11 2123.0471174105824
32 1678.6640004670937
52 1440.1747617798499
60 534.8985078320811
89 531.839698296422
95 523.0283617057509
96 505.7152230693851
103 462.5070623573108
122 447.29288407247196
123 441.6952882009053
144 436.4577987193197
149 434.77947178121156
151 416.8076060578721
152 335.44108392244937
161 326.0258768701251
175 259.60016763606956
195 255.09173661279814
208 254.0581544406014
216 238.82757163525133
217 228.51642661954514
218 181.53188350831468
220 132.15518457050865
234 96.88242933518096
242 64.30956632599658
244 24.447371728636632
264 21.512837166756796
272 18.021355079268883
287 16.1359421948869
295 14.971242319744555
310 12.999259596992761
323 11.409206806787529
341 9.893492276456596
356 9.011861738076341
384 8.393217090067779
424 8.3366419498317
451 8.317843073363207
453 8.303640623514585
467 8.281835440227173
480 8.266569595084798
500 8.263734517793788
521 8.263023814024379
529 8.26235944862639
557 8.262180766871772
573 8.26166791623178
582 8.260837076837213
591 8.260038729657477
599 8.25971974631452
600 8.25873015528862
608 8.258195461317117
616 8.257865952929368
623 8.256479639916668
636 8.256361950101596
650 8.256297625885567
658 8.255865694937158
665 8.255684943452355
696 8.255644283012465
703 8.2556401742477
744 8.255637955314283
745 8.255632148350799
746 8.255618857742675
747 8.255573419955894
749 8.255534429295336
757 8.255468577186575
758 8.255326595012491
803 8.255320066622957
812 8.255318616496467
838 8.255317546209259
840 8.255316511399641
865 8.255315091513795
876 8.255313665317113
899 8.255313237933361
903 8.255312584309886
919 8.255311954731864
924 8.255311329648219
944 8.255311326320038
952 8.255311199317438
960 8.25531110862381
962 8.255310814393784
964 8.25531078144019
972 8.255310734598496
980 8.255310614496192
993 8.25531055114625
994 8.25531036624641
1008 8.255309812811488
1010 8.255309532503388
1017 8.255307956296349
1031 8.25530778449809
1032 8.25530686937924
1046 8.25530659089901
1053 8.255306444198487
1067 8.255306291385251
1075 8.25530596536913
1077 8.255305465323334
1084 8.255305463195802
1099 8.255305410337254
1120 8.255305278282735
1127 8.255305274506451
1145 8.255305244940924
1173 8.2553052425847
1181 8.255305193855959
1183 8.255305139019713
1203 8.255305107974173
1217 8.25530510250955
1243 8.255305101970215
1244 8.255305100313432
1245 8.255305094182924
1246 8.25530507068555
1283 8.255305067520142
1297 8.255305058892832
1310 8.255305057093077
1312 8.255305038137221
1326 8.255305034108803
1340 8.255305033688103
1364 8.2553050311602
1365 8.255305021716987
1372 8.255305021210214
1404 8.255305020589525
1439 8.25530502055049
1445 8.25530502053219
