1 6140.099471717713
8 5981.231760441189
12 3108.4429262373515
50 2798.0170504885714
58 2294.6959813911135
68 2269.297791759465
87 2267.212453523852
96 2097.5564850814244
130 1834.1031003865069
145 1821.6736071761404
166 1817.243594582459
191 1813.5692244670172
199 1804.6445558779471
220 1803.038972359635
222 1802.8698545402974
225 1801.96078531348
247 1801.509273979541
248 1799.9743312267055
256 1799.8900685000879
263 1799.047824698908
292 1798.9414164167174
300 1798.6467751952462
307 1797.796116934471
323 1797.6296938486607
330 1797.5444535170136
332 1797.0013963703686
339 1796.9714787057173
361 1796.949600800195
368 1796.9460946807437
369 1796.9313390752793
371 1796.8237575328183
385 1796.217416541749
401 1796.152904405518
403 1795.7740471720313
410 1795.5500777583418
423 1795.097320840192
441 1795.0923428266585
448 1795.0864214148553
461 1795.0682013643518
469 1795.0374207232721
477 1794.9399837276185
485 1794.8203301070687
493 1794.8064243294355
506 1794.8041879793227
514 1794.8014934421678
528 1794.79610780108
536 1794.7671163177033
544 1794.7616409661898
559 1794.7609966060631
587 1794.7543269230762
594 1794.7411610401336
607 1794.7386840604727
609 1794.7343343727641
622 1794.7300705226687
643 1794.7285899358403
664 1794.7264217670054
666 1794.7251518467074
674 1794.7239807396536
675 1794.722944725156
683 1794.7194337135334
697 1794.7193342898497
710 1794.7181267097608
724 1794.7167572437563
732 1794.7165090037854
734 1794.7164316426063
748 1794.7158446542792
755 1794.7158207662028
782 1794.7156480906622
789 1794.7155986031678
809 1794.7155903845219
811 1794.715576485667
819 1794.7155438160987
833 1794.715525607535
841 1794.7155248430624
865 1794.715524066056
867 1794.7155179003455
875 1794.7155171683044
877 1794.7155167589435
884 1794.7155059177671
928 1794.715505298779
949 1794.7155018429996
962 1794.715500884409
969 1794.715500550034
987 1794.7154997914065
1002 1794.7154997356881
1010 1794.7154992949393
1013 1794.715498022252
1028 1794.715496310784
1037 1794.7154951150255
1045 1794.7154946240062
1059 1794.7154943637902
1061 1794.71549280083
1083 1794.7154925463194
1095 1794.7154922029538
1096 1794.715491167755
1116 1794.7154895993274
1168 1794.7154895581502
1182 1794.715489492419
1190 1794.715489472689
1197 1794.7154894162554
1211 1794.7154893783384
1227 1794.7154893477493
1244 1794.715489339867
1256 1794.715489336392
1261 1794.7154893334655
1269 1794.7154893227123
1283 1794.7154893181798
1285 1794.7154893102988
1299 1794.7154893067682
1301 1794.715489306526
1308 1794.7154893051204
1332 1794.715489304314
1337 1794.71548930407
1355 1794.7154893038673
1356 1794.7154893032448
1363 1794.7154893031561
