1 937.4034579203977
7 517.131285834207
9 187.07753137385203
11 83.20148751688544
18 16.866028123753715
37 9.365859154674467
75 7.415604897449694
90 6.378617262540978
98 5.896110980871851
125 5.782786599620191
145 5.7655425513176475
159 5.725019989416058
188 5.71220504022592
210 5.705189225033799
212 5.702450223171094
241 5.699153150009138
316 5.699153083770511
329 5.699153076202761
348 5.699153065928726
384 5.699152998397735
411 5.699152990757237
419 5.699152988037844
421 5.69915298069201
432 5.699152976449802
454 5.699152975682996
471 5.699152975329613
501 5.6991529752287775
508 5.69915297518859
513 5.699152975152127
524 5.699152975143755
529 5.699152975141387
530 5.6991529751342505
