1 3040.1958235201037
2 2008.1450366762836
42 1349.4056115942558
67 1306.9120219838617
73 1169.7131610833244
91 554.1112342389872
105 554.1112210852859
111 554.1111754570659
118 482.2605612345844
132 478.01278770082297
183 473.75182821562817
210 473.40069082776944
219 473.38319856542256
226 471.2730626382597
233 471.1154385157154
258 471.10600979939636
296 470.85018175103954
316 470.8450065674903
323 470.8439408604611
338 470.84383162961956
345 470.843094065773
378 470.84246286195025
405 470.8420983659368
406 470.84102114997995
408 470.83513499687416
415 470.83409790207924
422 470.83046791130215
429 470.82966610613886
448 470.8294848932658
462 470.8294233418436
469 470.829411240263
476 470.8291188911612
484 470.82847004598653
511 470.8280316983796
518 470.82783304203883
539 470.8275262935243
547 470.82728348332915
554 470.82715016950306
578 470.82704956629203
585 470.827036749947
610 470.8270317935762
623 470.82703170438606
624 470.8270314351817
647 470.8270314102242
648 470.82703135739763
650 470.8270174427148
657 470.82701606448154
664 470.82701497798257
672 470.82701376428577
674 470.82698430953934
693 470.82698319531767
701 470.82698070476494
709 470.8269730741324
717 470.82696560082263
724 470.8269655438969
731 470.8269641311724
756 470.82696407653225
758 470.82696166857056
765 470.82696148492494
773 470.82695967231183
775 470.8269561012304
782 470.8269506558603
807 470.8269502925885
808 470.82694948187435
815 470.8269494216796
829 470.8269490098455
842 470.82694895553965
855 470.8269489293089
883 470.826948747726
892 470.8269487046337
899 470.82694849535574
933 470.8269476755531
947 470.82694755383807
954 470.8269468531052
986 470.8269468024648
1020 470.8269467870001
