1 2578.0203556665265
19 2442.263457702512
50 2403.3948838808756
96 2403.0682070097855
99 2402.6303622689684
107 2400.405975369103
121 2400.233300947995
154 2400.228406691213
157 2400.1280348440446
184 2400.120975783072
198 2400.1135200751473
213 2400.110390036653
223 2400.1103543966806
231 2400.110224957715
268 2400.1101654839654
269 2400.1100073758903
270 2400.109715883159
289 2400.1096859631675
290 2400.1096736263394
310 2400.109673562019
341 2400.1096685820576
342 2400.10966332552
358 2400.1096631320297
386 2400.1096631244486
387 2400.1096631186756
430 2400.109663118409
431 2400.1096631178475
467 2400.109663117832
480 2400.109663117703
499 2400.1096631176606
524 2400.10966311765
533 2400.109663117649
622 2400.1096631176483
882 2400.109663117648
883 2400.109663117647
884 2400.1096631176456
914 2400.109663117645
