1 11256.68948608253
30 11255.53553597668
39 11160.502653102023
55 11155.372653102024
101 11154.188880868041
109 11152.935552039293
124 11152.022902928655
125 11149.284955596731
139 11148.564525705257
147 11147.970297939239
148 11146.231614641187
182 11141.581877981578
195 11136.388360541132
278 11136.388073987015
285 11136.388007984078
306 11136.386624932908
345 11136.386609562109
347 11136.386498688573
354 11136.386496033374
375 11136.386411047179
506 11136.3864110451
514 11136.386411042571
528 11136.386410985931
535 11136.386410980045
578 11136.386410977557
580 11136.386410971509
589 11136.386410969544
598 11136.386410968204
612 11136.386410966774
631 11136.386410965053
642 11136.386410956562
643 11136.386410955402
653 11136.386410943316
655 11136.386410941579
662 11136.386410930143
689 11136.386410918152
699 11136.386410916115
716 11136.386410914874
734 11136.38641091288
736 11136.386410912855
741 11136.386410912794
754 11136.386410910944
766 11136.386410909945
768 11136.386410909628
779 11136.386410909237
787 11136.386410909032
803 11136.386410909015
807 11136.386410908997
