116 -2023.5767581952612
118 -2024.2579566263266
160 -2024.361467452764
172 -2024.3616219406156
184 -2024.3710928681053
238 -2024.3743697832447
253 -2024.3889820956742
266 -2024.430938222771
267 -2024.5398926651035
268 -2024.7156276548662
350 -2024.71618619683
364 -2024.7162798604545
377 -2024.716424365657
432 -2024.7177392250885
499 -2024.7178067057962
554 -2024.7182848057018
556 -2024.718301701838
572 -2024.718342917896
576 -2024.7184318919742
578 -2024.7185153506753
610 -2024.7185753381827
612 -2024.718673958498
680 -2024.7186998444276
681 -2024.7187772053749
682 -2024.7190066166343
683 -2024.719670806167
697 -2024.721446976563
711 -2024.7248279039272
796 -2024.7248283930226
810 -2024.7248315425416
811 -2024.724840943695
812 -2024.7248687205224
813 -2024.7249482113107
814 -2024.7251521264275
846 -2024.7254528565409
861 -2024.7254544901762
916 -2024.7254545899427
918 -2024.725454752183
920 -2024.7254549492811
921 -2024.7254555136637
922 -2024.7254569646009
923 -2024.7254591375163
960 -2024.72545918183
1025 -2024.7254591968754
1039 -2024.7254591984108
1065 -2024.7254591988074
1079 -2024.7254591988085
1085 -2024.7254591989663
1098 -2024.7254591999365
1178 -2024.7254591999808
1192 -2024.7254591999845
