233 86.08736945239659
257 82.13315731162764
260 81.39625706974631
406 81.39554477506451
407 81.39334649812095
408 81.39157173452502
412 81.39066090771597
416 81.39002843427117
428 81.38982459778842
429 81.38895568984461
430 81.38625341815032
436 81.38611747192635
437 81.38375562069466
476 81.38019860439455
479 81.37549361925642
483 81.36761401264036
497 81.36745142587378
601 81.36744134276537
602 81.36743669191377
604 81.36743418678658
605 81.36742803337944
611 81.36742653071165
615 81.36742387589508
616 81.36741578758047
639 81.36741116997747
642 81.36740586618234
652 81.36740311034154
655 81.36739180916828
694 81.36738822688771
696 81.36738742183856
781 81.3673873831172
783 81.367387360275
829 81.36738735992286
830 81.3673873580164
844 81.36738735774324
849 81.36738735759305
850 81.36738735719223
851 81.36738735588823
853 81.36738735186547
859 81.36738735167907
860 81.36738735115938
862 81.36738735047058
869 81.36738734833612
873 81.36738734218459
880 81.3673873418084
890 81.36738734175394
891 81.36738734158743
898 81.36738734154476
899 81.3673873414221
900 81.36738734111317
916 81.36738734051868
924 81.36738734048906
925 81.36738734010568
932 81.36738733913987
947 81.36738733831312
949 81.36738733714633
972 81.36738733713103
973 81.36738733708988
974 81.36738733700282
977 81.36738733531561
1050 81.3673873344809
