127 872.1644158038624
138 872.0164847148787
149 867.897784361242
197 867.6003699473767
232 867.1012967984707
248 867.0626279922674
256 867.0376495200128
271 866.9641211223706
293 866.9631077678666
306 866.959948096943
364 866.9590684967409
383 866.9580337623423
405 866.95802181926
426 866.9580082595756
446 866.9579650069925
489 866.9579649426975
514 866.9579591546843
522 866.957931890943
545 866.9579153805189
585 866.9579153320274
599 866.9579114061168
604 866.9579095896928
630 866.9579088124776
682 866.9579088123883
689 866.9579088123484
690 866.9579088122305
691 866.9579088118846
692 866.9579088109205
693 866.9579088086857
694 866.9579088079096
701 866.9579088071248
709 866.9579088069871
728 866.9579088049347
777 866.9579088049345
