346 470.8293790018263
365 470.8285926027611
400 470.8285459374475
406 470.8269617713389
442 470.8269486772639
444 470.82694855896267
446 470.82694845053715
448 470.8269483547125
449 470.82694807051627
450 470.8269473368144
482 470.82694733454196
497 470.8269469197572
499 470.82694690953076
500 470.8269468755834
505 470.8269468550977
506 470.8269468292627
519 470.82694681080227
520 470.8269467854669
538 470.82694674659336
548 470.8269467097576
608 470.82694670594225
610 470.8269467058996
649 470.8269467057759
689 470.826946705639
