131 33865.83019764169
133 33857.41406346478
157 33855.79611255365
170 33855.32629636775
171 33853.41147184493
174 33847.678553899066
178 33847.496693769455
179 33842.51343931185
180 33840.09859592623
181 33832.0687766609
182 33827.786654678166
184 33820.25957446696
193 33816.95155417417
194 33812.02100960457
200 33808.950159962245
231 33807.98936871228
232 33805.734971034755
240 33804.71510523386
241 33803.655856957645
250 33802.48883841114
282 33802.129723100115
299 33802.082371506156
303 33802.01602276919
304 33801.898626604234
310 33801.8395812996
312 33801.66244539711
313 33801.13103775419
338 33800.913200515635
350 33800.18080123722
424 33799.904825587146
450 33799.90475336404
465 33799.90443728335
490 33799.90443727437
513 33799.90443722158
585 33799.90443720619
703 33799.904437204204
740 33799.90443720364
