156 32323.44575271909
160 32322.907483066898
161 32322.761108000224
169 32321.86849244011
174 32319.230294107932
182 32319.09580978093
190 32319.03621817136
228 32318.96504498495
265 32318.93061407056
278 32318.928203063842
334 32318.92768416921
381 32318.92766534424
394 32318.92765044895
400 32318.927577032566
463 32318.927570467917
478 32318.927569270658
540 32318.927566593316
555 32318.92756657281
571 32318.92756655084
574 32318.927566543807
577 32318.927566520888
593 32318.927566485654
624 32318.927566466482
655 32318.92756642778
656 32318.927566323036
657 32318.927566094208
671 32318.927565847458
685 32318.92756583249
758 32318.92756583126
772 32318.92756582933
773 32318.927565823997
774 32318.92756581467
822 32318.927565814654
824 32318.927565814585
825 32318.927565814538
831 32318.927565814498
