157 2350.1812406092376
158 2350.13472017304
160 2348.858309914335
161 2348.444074133074
163 2342.5478218898847
164 2340.774555661448
170 2337.0424237963794
171 2334.5385908815683
186 2334.2873480158887
211 2334.2092595537224
238 2334.2086442716204
249 2334.1971914567475
251 2334.15937819422
291 2334.145816568207
303 2334.140923818092
307 2334.1383616324365
322 2334.137532151981
327 2334.13716215406
331 2334.1370038762243
338 2334.136860690309
349 2334.1367745849225
361 2334.1367663568067
363 2334.136766139378
364 2334.1367655512286
365 2334.1367643640137
376 2334.136762272463
378 2334.136762260554
380 2334.136762257961
381 2334.1367622532525
421 2334.1367622530042
423 2334.1367622530015
424 2334.1367622529933
425 2334.136762252976
430 2334.1367622464663
435 2334.1367622455737
447 2334.136762245507
463 2334.1367622454986
464 2334.136762245476
465 2334.1367622454263
477 2334.136762245033
479 2334.1367622450325
481 2334.136762245032
482 2334.1367622450316
533 2334.136762245027
538 2334.1367622450266
540 2334.136762245026
