168 1058.6640280441648
169 1047.4254696758253
178 1040.0652669448098
189 914.3539018688912
204 894.4802904906569
228 858.2984442997474
259 846.0962048531973
260 815.121129221262
261 806.6562862906815
262 770.2316549182663
337 767.2468915703362
347 766.3753695988391
349 763.9423453289072
356 762.7668847494294
360 762.2219845115281
364 761.6078875463619
365 760.1993947765305
366 759.7380735525289
367 757.4531846725864
368 756.9333366109213
369 753.7312336233177
370 751.9936557516328
371 747.3928397798159
401 742.6635545140676
417 737.7763064195844
445 734.0792431344652
510 734.0519876911137
525 734.0398451213848
526 733.9994574040328
528 733.9356085021142
535 733.9316409396823
536 733.8733533502507
538 733.8370267963988
557 733.8116973035048
561 733.7330405907893
585 733.7092233242214
589 733.6938397378553
590 733.6503250788293
593 733.27716987983
595 732.9778852000436
622 732.9456488872521
625 732.8694223284926
727 732.8640335403089
731 732.8631304209241
733 732.8594106910977
740 732.8585262752483
741 732.8564192908652
747 732.8556733240135
753 732.8556488902814
757 732.8553616754938
777 732.855135342125
791 732.8538336814408
793 732.8523884192363
794 732.845664043525
796 732.8440674903263
828 732.8417037620504
834 732.8408969874561
841 732.8400764488058
856 732.8357169037997
886 732.8336532026486
900 732.8330675024721
901 732.831808003531
907 732.831492831079
914 732.8306730832096
916 732.8282800256171
930 732.8197833959429
943 732.819674386324
977 732.8181713901494
978 732.8140760096197
1022 732.8128287583208
1093 732.8117945906457
1129 732.8116826550879
1149 732.8113646723502
1158 732.8112427843015
1172 732.8111388275618
1200 732.8111299266902
1202 732.8110995737102
1206 732.810841278123
1221 732.8106309816087
1267 732.8104142397755
1281 732.8103400697166
1340 732.8103399570056
1341 732.810339056089
1342 732.8103379132344
1346 732.8103369389756
1347 732.8103354166208
1350 732.8103308115952
1354 732.8103284995657
1356 732.8103254198601
1358 732.8103080255993
1367 732.8103047277123
1369 732.8102932451019
1370 732.8102809832795
1374 732.8102755695189
1378 732.8102687050888
1384 732.810264510611
1388 732.8102629207773
1396 732.8102593291852
1404 732.8102587006999
1405 732.8102566387826
1421 732.8102157932102
1437 732.8101914713645
1472 732.8101695766558
1474 732.8101564311078
1497 732.810155696171
1571 732.8101556592176
1576 732.8101553747797
1608 732.8101552782238
1612 732.810154925748
1632 732.8101546036395
1705 732.8101545985527
1712 732.8101545946242
1732 732.8101545941187
1735 732.8101545898243
1736 732.8101545763362
1747 732.810154564855
1748 732.8101545375349
1761 732.8101545352487
1783 732.8101545343035
1796 732.8101545337806
1800 732.8101545303108
1820 732.8101545289894
1822 732.8101545286802
1834 732.8101545285014
1835 732.8101545279723
1836 732.8101545264249
1839 732.8101545208763
1849 732.8101545208015
1850 732.8101545201459
1854 732.810154516554
1889 732.8101545144762
1892 732.8101545128898
1952 732.8101545128777
1953 732.8101545128421
1958 732.8101545125485
1959 732.8101545116638
1967 732.8101545097144
1971 732.8101545079539
1972 732.8101545031658
2009 732.810154502704
2011 732.8101545004208
2040 732.8101544972474
2043 732.8101544934121
