160 2116.1686723518455
164 2085.1731916680974
165 2068.481783533249
170 2058.064474908569
176 2052.818727548227
181 2050.8696430652294
184 2049.69334803761
187 2049.3767374650356
190 2048.8375538850196
192 2048.731408978655
226 2048.5462714911864
232 2048.542612131478
245 2048.541443006775
259 2048.534759650101
289 2048.5346615533117
302 2048.5344891351738
328 2048.534467526034
332 2048.5344674052067
333 2048.5344671227776
334 2048.5344669737856
339 2048.5344668253692
342 2048.534466763552
356 2048.534466443073
382 2048.534466420974
410 2048.5344664204677
413 2048.534466420444
414 2048.5344664203812
415 2048.534466420272
430 2048.534466420261
445 2048.534466420174
448 2048.5344664201734
449 2048.534466420173
472 2048.534466420164
