131 -3151.5017426318254
140 -3164.9611035321186
150 -3205.5444268966444
153 -3215.3761704709614
159 -3220.1260118777936
161 -3223.5716869580747
164 -3224.311182928618
166 -3224.923895871774
168 -3226.505189816966
170 -3227.7104501148197
174 -3227.8690571625243
177 -3228.6295193762444
178 -3229.5903492591488
179 -3231.0548325099626
180 -3232.0728748219217
182 -3235.5021678799835
183 -3236.6417008137105
190 -3238.1823497903697
194 -3238.553339622217
221 -3238.7423301688186
242 -3238.7917789983785
265 -3238.7988452592226
278 -3238.7988497263896
303 -3238.7997077960995
364 -3238.799899199904
403 -3238.7999223455745
428 -3238.7999283104728
471 -3238.7999292021896
488 -3238.799934006086
494 -3238.799937068957
508 -3238.7999424754144
572 -3238.7999439723017
590 -3238.7999476827636
621 -3238.7999489555305
674 -3238.7999489884423
676 -3238.7999490973284
679 -3238.7999491915016
685 -3238.799949247451
686 -3238.7999494439764
688 -3238.7999494896067
692 -3238.79994997128
717 -3238.7999500113137
738 -3238.7999503283004
740 -3238.799950868657
744 -3238.7999520829267
758 -3238.7999522340424
772 -3238.7999526536714
776 -3238.7999546231995
778 -3238.7999552456085
792 -3238.799957389445
806 -3238.7999576842826
884 -3238.79995803163
898 -3238.799958035454
899 -3238.799958047144
900 -3238.7999580841924
945 -3238.7999593041177
965 -3238.799959663641
985 -3238.799959986805
1017 -3238.7999612371636
1031 -3238.7999612381154
1049 -3238.7999612384356
1052 -3238.799961238725
1157 -3238.799961238792
1210 -3238.7999612388103
1237 -3238.7999612388107
1241 -3238.799961238814
1285 -3238.7999612388153
1301 -3238.7999612388157
1302 -3238.799961238819
