128 380.2397373013969
134 374.8397373013968
138 368.3397373013969
145 367.8506982596157
149 365.55333166351477
151 359.85069825961574
154 356.38315379164936
163 354.9967481537672
165 352.6318370896999
169 352.629203685801
171 351.029203685801
173 349.1967481537672
183 348.9292036858009
185 348.09674815376724
186 346.5805203877504
187 346.09674815376735
189 345.31297591978415
193 344.48052038775046
195 344.3129759197841
199 343.5805203877504
201 343.4805203877504
229 343.2475246611767
233 343.15000294730464
235 343.00784494307084
237 342.7850072207309
242 342.60892821861404
246 342.586037828196
248 342.5352221664691
250 342.3640641622352
257 342.3334719930988
261 342.2847132728758
265 342.2841737718173
266 342.25130971543865
274 342.2293097154385
275 342.1764456590597
281 342.15125704736056
308 342.135743880341
336 341.68845178484855
398 341.6884517848135
400 341.6884517847917
425 341.68845178478944
431 341.68845178477955
566 341.6884517847741
