140 99.32991614024532
145 99.1023060922189
147 87.13588917733367
158 82.50996430744415
159 78.13530533304493
169 76.35861932252296
170 71.64111715586532
189 70.31463046556308
193 61.2988548460527
255 61.26204117411299
282 60.337794759385616
415 60.336252786956884
436 60.33613045868342
440 60.335641970895736
449 60.33512821133243
451 60.33510263359658
461 60.334786806357094
505 60.32215416017195
507 60.32203808835238
567 60.32193004663467
581 60.32192997790293
584 60.32192993047525
585 60.32192979761856
610 60.32192953417945
670 60.321929245422204
693 60.32192923269627
743 60.32192923240492
745 60.32192923096906
803 60.32192923095467
