147 405.2794291833127
148 392.3223465953261
151 388.13556163585747
153 382.63528559955967
169 375.6176840946341
191 374.9900125738044
237 370.5230933279315
238 368.6371931400377
241 366.67312038300594
287 365.0001736613165
308 364.7998365728884
336 364.7573323062446
337 364.6744138798627
338 364.5383524777458
374 364.44702242678665
377 364.4319874327277
378 364.4260798143382
402 364.40022698948934
406 364.39619933835894
412 364.37347416094264
448 364.3683444628344
451 364.3600451358866
509 364.35412038679215
526 364.35210882401554
553 364.352068308304
559 364.35206197502913
560 364.35201042837195
561 364.3518202605328
563 364.35154437938826
588 364.35143822348164
591 364.35022634502417
669 364.3500995652229
700 364.3500910221477
701 364.3500793950402
702 364.35004602141817
703 364.34995969014824
792 364.34992271830635
820 364.3499133640282
824 364.3499110081699
830 364.3499051421424
843 364.34990354834537
850 364.3499028306911
854 364.34990245280017
866 364.34990207583536
870 364.34990141535434
885 364.34990127093647
911 364.34990127069733
912 364.34990126998014
917 364.349901255874
922 364.3499012556052
937 364.3499012554783
938 364.3499012550976
939 364.3499012539556
940 364.3499012505294
941 364.3499012402508
942 364.34990120941643
943 364.34990111692235
944 364.3499008395242
945 364.3499000080856
962 364.3498989154258
967 364.34989810198255
994 364.34989624185835
1026 364.34989611009735
1027 364.3498957150485
1028 364.3498945320116
1029 364.34989100190126
1030 364.34988058290844
1061 364.34987637541485
1062 364.3498675384021
1092 364.3498012670759
1149 364.349799086047
1152 364.3497990320027
1157 364.3497948033379
1251 364.349794673842
1252 364.3497942855556
1253 364.34979312251204
1254 364.3497896497286
1255 364.3497793788012
1256 364.3497499009141
1265 364.3497143310917
1297 364.34967533588787
1333 364.3496337127457
1335 364.3496226657113
1368 364.3496131045285
1383 364.3496126270699
1384 364.34961119872645
1385 364.34960695003025
1386 364.34959453215873
1393 364.3495886814345
1411 364.3495624991532
1470 364.3495615057642
1497 364.3495286958657
1541 364.3495075071955
1559 364.34950666172716
1560 364.34950489639846
1561 364.349499702135
1598 364.34948907809695
1634 364.34948905092045
1646 364.3494890347217
1647 364.34948902750307
1648 364.34948900586994
1649 364.34948894117707
1650 364.34948874895747
1651 364.34948818904354
1652 364.34948666047933
1653 364.3494834484504
1667 364.34946478295126
1671 364.3494626390351
1672 364.3494611198718
1673 364.34945674340906
1686 364.34945447598705
1691 364.34945116081377
1729 364.3494511253227
1730 364.3494510189157
1731 364.34945070029147
1732 364.34944974979595
1733 364.3494469467934
1738 364.3494415044118
1759 364.3494412216855
1760 364.3494405845096
1761 364.34943868846995
1825 364.34943753138833
1826 364.34943572005386
1885 364.3494327026191
1939 364.34942294563297
1940 364.3494227061884
1941 364.3494219909958
1942 364.34941987372844
1943 364.349413777929
1973 364.3494136258463
1976 364.34941188721456
1994 364.34940459748293
1999 364.3494000542616
2056 364.34940000187964
2089 364.3494000014048
2094 364.34939999524704
2112 364.34939999460477
2119 364.34939999411927
2128 364.3493999934643
2133 364.3493999916531
