145 1371.425593492814
146 1366.3834690031565
149 1356.8072929662324
150 1356.1211538429839
151 1327.2907939195122
155 1316.8829597668885
160 1297.5234085307372
162 1290.1051665373882
186 1289.1245961321997
200 1283.923357094437
209 1268.55452182134
227 1262.262992379173
232 1258.7643957592363
233 1243.8535984045036
237 1179.041451177224
271 1176.2614394496738
279 1176.1110806477614
291 1175.8037462206403
348 1169.4588629386042
359 1169.4503483774868
379 1169.4092892999124
447 1169.3812316560422
505 1169.3786792662913
544 1169.3785349090886
553 1169.3785348198076
611 1169.378534686936
626 1169.37853464619
631 1169.3785346434338
669 1169.3785346434154
682 1169.3785346431403
687 1169.3785346422364
