377 413.3853546296595
417 413.38502186484055
479 413.38492963782386
484 413.3849098008459
496 413.38487610238883
497 413.3848501985294
498 413.3847724890514
499 413.3845393765675
527 413.3840066893007
546 413.3839994023797
560 413.38383498940595
597 413.3837691737981
646 413.3837448697036
659 413.38369255127697
716 413.3836921919064
719 413.38368652457115
720 413.38367275688313
721 413.38363145365724
724 413.3836054339984
730 413.3835929204461
732 413.383522743831
740 413.3834520060378
745 413.3833807178933
805 413.38336407022217
821 413.38334205193814
822 413.38321971601044
824 413.3831570077161
827 413.3830857953009
842 413.3830458991063
858 413.38290855640446
871 413.38285885178726
918 413.38285261644114
926 413.3828081344131
927 413.3827157447461
942 413.38241108074857
958 413.38238913668664
959 413.3823233028496
999 413.3821181828846
1014 413.3821019840573
1027 413.3820379369568
1029 413.3820289395435
1043 413.38200609329283
1044 413.3819375520312
1059 413.3817319051233
1121 413.38168205035333
1122 413.38160962703824
1135 413.38155210335935
1137 413.38148686992605
1153 413.3813365594918
1155 413.381088995209
1188 413.38073732144755
1194 413.3807004452387
1221 413.3806272912004
1235 413.3806187642368
1240 413.38056033674627
1266 413.3805501525217
1273 413.3805227648707
1280 413.3805189275451
1281 413.38049342950615
1295 413.3803842350913
1313 413.3803764443195
1315 413.38030929816347
1366 413.38030549231985
1380 413.3803051526358
1393 413.3802981678455
1395 413.38027849742207
1422 413.3802676802949
1424 413.38023088309683
1448 413.3800968338133
1462 413.3800944273061
1467 413.380086159034
1483 413.37989432641143
1497 413.379828712291
1514 413.3797660666222
1536 413.3797604724797
1537 413.3797456902764
1543 413.37973976957966
1545 413.37972200569845
1559 413.37960294407395
1575 413.3795408651182
1617 413.3795181306846
1620 413.37939592119375
1662 413.3793879448767
1689 413.37934369109735
1720 413.37929912063595
1722 413.3792697290776
1754 413.3792367210762
1768 413.37913277686664
1782 413.3791164042972
1796 413.37903178922096
1820 413.3790245636365
1822 413.3790061974175
1824 413.3789600769953
1855 413.37892658418957
1884 413.3788909633394
1898 413.3788780809809
1904 413.3788534061917
1906 413.3787793737308
1917 413.3787506851814
1931 413.3787093472682
1935 413.3786782458339
1936 413.3785849172097
1953 413.3785051561919
2003 413.3784619813017
2022 413.3784507458389
2023 413.37843771506914
2024 413.3783986190894
2030 413.37839606900405
2032 413.37838841805774
2033 413.3783654589664
2059 413.3782799907174
2074 413.37816206915187
2129 413.37814363530777
2160 413.37812255275196
2174 413.37810883573883
2196 413.3781071575182
2197 413.3781034923603
2198 413.3780924967279
2199 413.3780595084031
2202 413.3780584828159
2209 413.3780534957346
2226 413.3779380785391
2251 413.377905427181
2257 413.37790248683984
2263 413.3778879544063
2265 413.3778213309299
2267 413.3777305182736
2296 413.3776078002384
2298 413.3775754756065
2300 413.3774781968348
2336 413.3774469822027
2340 413.37735131760644
2355 413.37730063658654
2361 413.3772589413018
2362 413.37713379359496
2400 413.37706686835253
