283 1311.00000174511
301 1311.0000014196717
302 1311.0000009798464
308 1311.0000009550515
309 1311.000000511092
316 1311.0000004592998
323 1311.0000003218395
343 1311.00000030764
350 1311.0000003027676
351 1311.0000002854204
352 1311.000000222687
370 1311.000000216402
371 1311.0000001998264
372 1311.0000001632623
390 1311.000000158786
392 1311.00000005326
405 1311.0000000106784
407 1311.0000000076793
413 1311.0000000061768
414 1311.0000000046605
435 1311.0000000042862
442 1311.0000000036898
450 1311.0000000034538
451 1311.0000000026444
458 1311.000000002474
459 1311.0000000019
473 1311.0000000014486
497 1311.0000000012894
511 1311.0000000001828
525 1311.0000000000925
527 1311.0000000000591
544 1311.0000000000246
582 1311.000000000009
