353 -99993.9592895122
357 -99994.3621203856
362 -99994.59747669367
396 -99998.20863597508
433 -99998.838344126
435 -99998.95503727363
495 -99999.07357288877
568 -99999.07678666833
584 -99999.10812244241
662 -99999.11002506997
736 -99999.11004694382
819 -99999.1100476531
821 -99999.11004782583
890 -99999.11004782737
935 -99999.11004782739
941 -99999.1100478274
943 -99999.11004782742
949 -99999.11004782743
950 -99999.11004782746
953 -99999.11004782747
954 -99999.11004782749
956 -99999.11004782752
957 -99999.11004782758
962 -99999.11004782762
963 -99999.11004782768
966 -99999.11004782774
967 -99999.11004782784
973 -99999.11004782787
1020 -99999.11004782788
