663 375.7123866088486
714 375.71230543883473
736 375.7122797633466
814 375.7122750905306
853 375.71227496430413
873 375.7122733910844
875 375.7122723213984
945 375.71227172278446
992 375.71227171002124
1051 375.71227168960036
1058 375.7122716893717
1059 375.7122716885436
1060 375.7122716846172
1076 375.7122716837301
1077 375.71227168094026
1090 375.7122716231588
1189 375.7122716223962
1209 375.71227162150853
1283 375.71227162125047
1318 375.71227162109915
1333 375.71227162109443
1334 375.7122716210458
1336 375.71227162104253
1337 375.71227162101195
1341 375.71227162094453
1358 375.71227162054936
1372 375.7122716205193
1373 375.71227162024485
1376 375.7122716201725
1381 375.7122716201573
1382 375.71227161996893
1383 375.7122716197236
1399 375.71227161969244
1406 375.7122716196277
