198 -1167.3143560317176
203 -1198.6413558973143
222 -1238.0380442529238
240 -1251.5915107428582
260 -1289.2830073970752
293 -1310.91126819289
312 -1364.7950376781337
322 -1421.503385009948
340 -1432.58193929539
342 -1443.2385308485095
364 -1480.7422601564485
382 -1487.9633888767285
400 -1517.7791781474073
428 -1523.3512488352048
444 -1524.0698752937922
466 -1525.511201240808
469 -1527.1375856446261
508 -1527.6056608731074
525 -1527.6351782484621
584 -1527.771012837581
591 -1527.7758933353102
600 -1527.858460379282
604 -1527.8655646795482
620 -1527.911265335993
660 -1527.9396751460854
709 -1527.943430470375
744 -1527.9453608842637
746 -1527.9453732696222
749 -1527.9459539583763
780 -1527.9473462533556
840 -1527.9475131656745
875 -1527.9484830152671
962 -1527.9486762690958
1012 -1527.9488543510415
1043 -1527.9489684378127
1050 -1527.949121970681
1079 -1527.949183665089
1081 -1527.9491890542479
1103 -1527.9492465926505
1133 -1527.949300594984
1149 -1527.9493444901582
1151 -1527.949360009106
1236 -1527.9493862526674
1247 -1527.9493960040165
1263 -1527.94939964924
1372 -1527.949400343828
1374 -1527.9494016614212
1396 -1527.9494026894004
1412 -1527.9494107173218
1554 -1527.9494107455241
1566 -1527.9494110251853
1595 -1527.9494219491685
1598 -1527.949423304895
1612 -1527.9494256858534
1699 -1527.9494257042534
1701 -1527.949426040086
1702 -1527.9494263395554
1703 -1527.9494270871528
1704 -1527.949427972849
1706 -1527.9494333634798
1837 -1527.949433668798
1853 -1527.949433877168
1869 -1527.9494338823515
1870 -1527.9494338978782
1871 -1527.9494339442545
1872 -1527.9494340815568
1877 -1527.9494346564352
2085 -1527.9494368057876
2097 -1527.9494371634364
2099 -1527.9494372442446
2102 -1527.9494372477654
2104 -1527.9494374101478
2183 -1527.9494374246538
2191 -1527.9494374702788
2192 -1527.9494376261302
2195 -1527.9494376962245
2216 -1527.9494379151915
2231 -1527.9494384746577
2247 -1527.9494388861594
2339 -1527.9494389033057
2340 -1527.9494391591907
2347 -1527.9494396482328
2505 -1527.9494396597909
2507 -1527.9494396662951
2532 -1527.9494397220633
2709 -1527.9494397221335
2710 -1527.9494397223448
2711 -1527.949439722978
2712 -1527.9494397248789
2713 -1527.949439730582
2714 -1527.9494397477017
2715 -1527.9494397991696
2839 -1527.949439799845
2866 -1527.9494398009747
2880 -1527.9494398018676
2881 -1527.9494398045467
2882 -1527.9494398125776
2883 -1527.9494398366323
2988 -1527.9494398370975
3022 -1527.9494398373356
3023 -1527.9494398380507
3024 -1527.9494398401948
3025 -1527.949439846616
3026 -1527.9494398657914
3027 -1527.9494399225182
3106 -1527.9494399275354
3108 -1527.9494399276282
3114 -1527.9494399281418
3116 -1527.949439929253
3128 -1527.9494399296873
3129 -1527.9494399311284
3130 -1527.9494399354903
3131 -1527.9494399489115
3132 -1527.9494399922075
3149 -1527.9494400173735
3211 -1527.9494400764054
3225 -1527.9494402659932
3319 -1527.9494402700132
3321 -1527.949440270709
3337 -1527.9494402716623
3338 -1527.9494402745047
3339 -1527.9494402828782
3340 -1527.9494403066205
3341 -1527.9494403654485
3429 -1527.949440378737
3607 -1527.9494403787771
3608 -1527.9494403788972
3643 -1527.9494404741195
3666 -1527.9494404756479
3678 -1527.949440477321
3687 -1527.9494404779723
3688 -1527.9494404783497
3695 -1527.9494404789452
3700 -1527.9494404791672
3701 -1527.9494404798309
3702 -1527.9494404818217
3703 -1527.9494404877782
3704 -1527.9494405054993
3705 -1527.9494405573316
3851 -1527.9494408534829
3866 -1527.9494409395757
3876 -1527.9494409413812
3878 -1527.9494409423899
3996 -1527.9494409423905
