154 11007.241006638278
159 11006.022525044364
163 11004.471439778015
165 11002.248452532971
169 10998.698792882304
175 10995.610630572777
178 10993.850625274643
179 10988.566398404018
182 10988.50372204544
184 10986.161888998076
186 10983.441994701663
187 10982.968786525478
188 10981.731568183797
191 10977.799671998348
196 10977.347900732975
200 10976.753692814736
205 10976.199225146058
207 10976.156431847408
209 10975.740366450485
232 10975.383098043732
235 10975.161551998859
244 10975.088696316268
304 10975.05025918967
306 10975.050181286168
319 10975.048684009456
378 10975.048676643743
379 10975.048638780963
381 10975.047995950088
391 10975.047982120524
393 10975.047973528724
395 10975.047953568614
397 10975.047943530593
399 10975.047941297724
401 10975.047908934735
423 10975.047908814759
425 10975.047902053298
427 10975.04789987361
434 10975.047892183555
454 10975.047891706143
461 10975.047891466202
480 10975.047891079246
486 10975.04789080605
491 10975.04789022572
494 10975.04788658773
496 10975.04788075027
498 10975.047880730961
532 10975.047880653477
538 10975.047880535849
543 10975.047880176944
549 10975.04787999569
566 10975.047879607955
568 10975.047879597147
570 10975.047879596808
571 10975.047879595832
572 10975.047879593236
573 10975.047879588441
662 10975.047879566893
675 10975.047879566402
677 10975.0478795664
691 10975.047879566358
693 10975.047879566357
706 10975.047879566353
