317 637.4784355237263
331 637.414211323712
372 636.9497962724487
417 636.9215298068123
509 636.8799148326675
542 636.859817256131
543 636.847562258064
574 636.8322034348348
575 636.810460206981
576 636.7745509526693
643 636.7637657323
648 636.7568087588688
649 636.7117800970215
654 636.6986250536809
778 636.6936811394972
823 636.6881753594164
838 636.6880152116527
853 636.6867263472323
1018 636.6864664846838
1079 636.6864384192875
1157 636.6862368881555
1164 636.6857986178771
1216 636.6857880026068
1255 636.685588224079
1256 636.6854182088034
1326 636.6854178873136
1328 636.6854172672851
1330 636.6854149534526
1345 636.6854144697955
1349 636.6854109230252
1356 636.685407725497
1359 636.6854042812748
1375 636.6853918385056
1376 636.6853545142988
1409 636.6853022219558
1410 636.6851455289448
1411 636.6846771050998
1412 636.6832867033936
1413 636.6792485505249
1486 636.6790766939088
1501 636.6787738084521
1508 636.6787045043587
1573 636.678697931759
1575 636.6786769267209
1593 636.6784850493175
1600 636.6784702390494
1601 636.6784270730526
1604 636.6783876796557
1621 636.6783511167685
1642 636.6783184276443
1644 636.6782763255909
1757 636.6782760575469
1805 636.6782438454154
1815 636.6782413000034
1831 636.6782338099194
1833 636.6782331723207
1834 636.678232836162
1835 636.6782318277219
1836 636.6782288027229
1837 636.6782197306184
1838 636.6781925403229
1839 636.6781112033703
1840 636.6778692912267
1841 636.6771622526591
1842 636.6752031315132
1883 636.6726346242629
1888 636.6716270536094
1894 636.6709472575614
1901 636.6701505541168
1903 636.6688357669377
1919 636.6685908641608
1932 636.6680189216721
1949 636.6679675565118
1975 636.6675986318902
2129 636.6675793102228
2154 636.6675780205792
2159 636.6675600253142
2217 636.6675485426181
2348 636.6675482895336
2351 636.667541602456
2352 636.6675344245231
2353 636.6675128920817
2354 636.6674483069779
2355 636.667254661648
2356 636.666674715497
2357 636.664943785477
2410 636.6648527699145
2432 636.6648447491781
2435 636.6648223288826
2439 636.6648182302947
2532 636.6648181676802
2534 636.6648180251653
2535 636.6648176497649
2536 636.6648165235656
2537 636.6648131449965
2538 636.6648030095367
2539 636.6647726053935
2540 636.6646814130831
2541 636.6644080170823
2542 636.6635894536864
2543 636.6611482795253
2683 636.6610075128566
2749 636.6610074674517
2765 636.6610074418222
2767 636.6610073874839
2770 636.6610072641911
2787 636.6609760842293
2793 636.6609719348338
2809 636.6609679279057
2826 636.6609675309048
2831 636.6609625112424
2832 636.6609617428933
2833 636.6609594378617
2834 636.6609525229077
2835 636.6609317793209
2836 636.6608695600287
2837 636.6606830053528
2838 636.6601242696335
2839 636.65845640363
2840 636.6535275020143
2841 636.6394024013632
2842 636.6026091209842
2908 636.5976556833111
2910 636.5970994390199
2912 636.5954881204683
2935 636.5836006689738
2956 636.580759862456
3080 636.5793213024446
3083 636.5792926094762
3140 636.5791379100574
3141 636.578848713914
3142 636.5779904992354
3143 636.5754966863952
3144 636.5686301559776
3233 636.5661687289594
3239 636.5655913660045
3304 636.5651936574252
3335 636.5651872027358
3339 636.5651620008616
3371 636.5651537436785
3461 636.5651515878794
3477 636.5643459498938
3542 636.5643452847078
3543 636.5643432891319
3559 636.5643427020766
3564 636.5643356701536
3573 636.5643355236265
3576 636.5643354908667
3577 636.5643353925858
3578 636.5643350977396
3579 636.5643342131499
3597 636.5643069030821
3598 636.5643066882585
3599 636.5643060438234
3600 636.5643041108356
3601 636.5642983147274
3602 636.5642809522592
3603 636.5642291013046
3604 636.5640757610066
3605 636.5636371290702
3679 636.5635023489986
3707 636.5634879572547
3708 636.5634447852815
3709 636.563315298676
3732 636.5630611097516
3738 636.5630506176157
3759 636.5628508604367
3878 636.5626214676936
3884 636.5622823948727
3892 636.5621988392253
3912 636.5618322486537
3914 636.5618177938935
