131 1241.4969569990826
133 1232.952998911528
134 1207.1852630271912
136 1201.7051028610217
138 1185.615916052555
140 1181.793555792565
144 1181.7280504167584
145 1176.4250124051723
146 1176.4241416922107
147 1167.265147848002
149 1149.419847091987
153 1128.4707438789849
155 1110.7333990642278
161 1110.4032296839575
163 1068.2381986406638
164 1005.7929384596756
169 997.6161467476863
170 961.646938787676
171 961.2443526445419
173 940.17293253286
175 938.9919094514763
177 909.2878931238713
184 875.5627605325888
187 870.0321915902516
188 848.1259226289709
193 840.382015753468
221 775.2674177069927
283 767.6019310537031
336 760.5900718470164
420 758.7262370317559
538 758.6931330179285
545 758.4785303172897
563 758.3706855474074
565 758.2584854347842
583 758.1742528121729
613 758.1432891269563
640 758.1146747254301
721 758.1142524783168
722 758.1128439751801
766 758.1063704776981
801 758.1041848957733
836 758.0865362142359
984 758.0850193895023
1046 758.0850052043419
1064 758.0835988702787
1131 758.083072208832
1160 758.0830721944486
1161 758.0830721513045
1163 758.0830170928997
1196 758.0830160618318
1197 758.083013727034
1198 758.0830067225427
1199 758.0829857081951
1200 758.0829226572882
1201 758.0827334338454
1202 758.082165128386
1245 758.0821008614674
1280 758.0820453515463
1298 758.0818592000204
1332 758.0818412168636
1348 758.0817872558398
1369 758.081773874523
1370 758.0816945289248
1371 758.0814563300838
1412 758.0813167309989
1509 758.0813029308986
1514 758.0811985704132
1585 758.0811932915168
1598 758.0811812503694
1600 758.0811804703217
1602 758.0811673723315
1603 758.0811577728979
1604 758.0811289748945
1605 758.0810425835547
1654 758.081018305721
1656 758.0810180974464
1658 758.0810079425597
1682 758.081005629258
1701 758.0809941335363
1707 758.0809815414921
1708 758.0809437617785
1709 758.0808303904428
1745 758.0808215376328
1747 758.0808052281379
1748 758.0804436485377
1749 758.0793560497825
1801 758.0783760631375
1820 758.0770164296855
1842 758.076348560498
1876 758.0761782413947
1878 758.0760400101016
1953 758.0735762861866
1955 758.0722968540889
1976 758.0722186463693
1987 758.0717401965227
2019 758.0709548949714
2033 758.0697823785673
2035 758.0697335608704
2074 758.0696495216818
2117 758.0696045635832
2118 758.0694696552242
2134 758.0685019678532
2136 758.0671937672204
2153 758.066256916403
2254 758.0662269181856
2255 758.0658080464187
2317 758.0656847595366
2319 758.0656804002774
2320 758.0656673221243
2321 758.065628084279
2322 758.0655103403109
2323 758.065156835599
2376 758.0639587735473
2377 758.0639553157112
2446 758.0630621756771
2476 758.0617002516665
2531 758.0616940007411
2533 758.0611120904464
2601 758.0611101478637
2613 758.0611093817912
2623 758.0611079029184
2639 758.0611076092526
2681 758.0611066625343
2731 758.0611066625339
2733 758.0611066625297
2748 758.0611066625235
2762 758.0611066625223
