145 963.078632419828
147 859.4884367992004
173 783.0946939407221
175 719.540054959575
180 656.952917289214
219 629.5635745352754
268 577.3584979917762
277 510.8638297371834
279 503.54750669057637
303 501.80078891971283
306 493.53231380923876
308 481.90504325308393
324 480.4280020266259
345 476.6719787412614
351 476.0722140342552
353 474.5415245663771
379 464.4177232472525
393 417.60218372317985
400 387.896934636945
413 344.5927015107076
427 344.3899110866621
451 338.67988861602225
500 336.65260997106486
502 336.61035405496483
532 336.06636590684843
548 335.86357548280296
576 335.80195377028787
580 335.7923772756765
607 335.6147423563807
610 335.6070112887613
614 335.60255155262905
701 335.60078456149745
738 335.60052621987097
833 335.6004754680531
886 335.60033514885095
890 335.60024009869267
918 335.6001380071064
961 335.6001332816412
962 335.6001120944242
1035 335.600080170616
1075 335.6000759387245
1112 335.60007010279435
1128 335.6000699700546
1187 335.60006954946016
1192 335.6000690853208
1284 335.6000689533426
1288 335.60006883267965
1290 335.600068817197
1292 335.60006849298065
1307 335.6000683826353
1311 335.60006837477516
1327 335.6000680573476
1331 335.6000667905939
1361 335.60006669037034
1476 335.6000666029722
1545 335.6000665683732
1546 335.60006652940297
1579 335.60006633709514
1595 335.60006629231043
1613 335.6000662912522
1617 335.6000657631438
1661 335.6000654093993
1678 335.6000650220865
1694 335.6000639053349
1745 335.6000637994755
1746 335.600063238066
1817 335.6000626015084
1874 335.6000623362234
1893 335.6000622490509
1895 335.600062040279
1897 335.6000620001018
1913 335.6000618966117
1914 335.6000617816872
1985 335.6000614386366
2010 335.6000613123779
2051 335.6000611937173
2052 335.6000610107381
2195 335.60006098341916
2200 335.60006094113044
2237 335.60006089368136
2238 335.6000605517512
2242 335.60006054266097
2327 335.60006034079447
2386 335.6000602793646
2409 335.6000602042941
2485 335.6000601991491
2505 335.6000601941885
2507 335.6000601524715
2508 335.60006012104895
2528 335.60006008460493
2529 335.6000600138043
2551 335.6000599811348
2552 335.6000598777765
2553 335.6000596793322
2557 335.6000596342818
2603 335.6000592773755
2677 335.6000592613601
2714 335.60005921509315
2720 335.6000592039529
2721 335.60005912613855
2723 335.6000589819457
2808 335.6000589723451
2823 335.6000589139437
2931 335.60005891067954
2937 335.60005885004534
2956 335.6000588356465
2958 335.6000588316957
2964 335.60005881610664
2975 335.6000588046772
2982 335.60005878559
3032 335.6000587364939
3107 335.60005871039897
3137 335.6000586828665
3151 335.6000586745882
3153 335.60005867265653
3161 335.6000586681039
3163 335.60005866046566
3165 335.6000586463488
3208 335.6000586208373
3260 335.60005861338027
3261 335.60005860330415
3263 335.60005843368754
3316 335.60005841545876
3429 335.60005838977503
3458 335.60005838757485
3459 335.6000583782591
3474 335.6000583695245
3496 335.6000583689194
3501 335.60005833471814
3565 335.6000583109215
3611 335.6000582945674
3632 335.60005827997475
3652 335.6000582619562
3673 335.60005824323406
3703 335.6000582188392
3744 335.6000582095016
3745 335.60005819375164
3747 335.6000581584284
3786 335.60005810652575
3790 335.6000580023117
3882 335.6000579991994
3939 335.6000579975181
3943 335.6000579863131
3945 335.60005797512986
3967 335.6000578300159
