321 86.43670988100084
322 84.64828472062585
325 84.3430383677084
326 82.05510610514654
328 81.21198707952793
329 78.02794894134581
338 76.57542695919562
339 74.0111548573388
341 71.49816649857473
348 70.73484440965214
350 69.5457239158884
351 67.22241884085537
358 66.2292233590356
360 64.63176788750573
367 64.59610725721322
368 63.431515316035636
372 62.8110647946367
374 61.88822431094234
403 61.43296403113936
409 60.606565627284525
452 60.47152723042805
462 60.43158718449394
463 60.11938506846516
466 60.1153838015709
515 58.79788166409091
549 57.691580547215935
632 57.642093705443145
662 57.56609225385553
757 57.48488168440719
795 57.413127066141655
812 57.409640731669356
849 57.39313711803632
880 57.39171672047485
902 57.38847804219969
924 57.38172860534032
945 57.38044773133268
986 57.37356881794602
993 57.36755934076038
1054 57.36655464178426
1079 57.36010948590261
1103 57.355278905846454
1119 57.35435862356921
1120 57.35160104125519
1164 57.34085893881384
1200 57.334641710112436
1250 57.32616082665899
1287 57.31763387831292
1302 57.310699787632075
1331 57.308373494590015
1333 57.30492028049349
1349 57.29786048453582
1351 57.29124771212442
1354 57.27749337092899
1385 57.274010504508155
1420 57.2699256158664
1456 57.26650863039172
1489 57.25750785299347
1538 57.25705330911943
1540 57.25469720506439
1558 57.25381676961657
1582 57.25358069445335
1584 57.250693819332085
1621 57.249887306241334
1623 57.24945222990922
1625 57.24932645420962
1721 57.249304996240404
1723 57.24928976163742
1750 57.24928687595142
1771 57.2492866752542
1787 57.24928653511421
1815 57.249286425717486
1861 57.24928641293868
1863 57.249286409290576
1932 57.24928640907482
1947 57.2492864023798
1952 57.24928640216838
1960 57.24928640214024
1961 57.2492864020559
1969 57.24928640203647
1975 57.24928640197936
1982 57.24928640190058
1989 57.24928640189633
1990 57.24928640184874
2007 57.249286401838866
2012 57.2492864018275
2014 57.249286401663056
2016 57.24928640164414
2017 57.24928640158737
2019 57.24928640156351
2042 57.249286401561754
2062 57.249286401528394
2110 57.24928640152626
2111 57.24928640151987
2112 57.249286401500754
2114 57.249286401449595
2116 57.24928640144695
2118 57.24928640135506
2120 57.24928640130736
2122 57.24928640130429
2124 57.24928640129427
2125 57.249286401264214
2126 57.24928640117399
2172 57.24928640115966
2173 57.249286401116706
2196 57.24928640109457
2239 57.24928640106219
