159 2233.706454898344
175 1046.3862505670297
190 1046.386243541705
203 1046.3862371114715
216 559.5629694561355
269 556.019999282995
274 480.31406478312374
301 448.57757263807645
305 439.973789464593
307 420.62454721932625
311 419.41867277673964
313 397.6716103278318
317 397.66540020450725
321 387.7490542163792
327 383.5317496278844
355 371.6806672302126
363 371.28267110400054
382 365.01883895227974
384 363.5391454570182
391 363.3549575766076
395 363.3549561085035
397 357.59958434669113
399 357.42064898604457
439 351.3097515427772
444 347.3326610776273
497 344.99828303250627
528 344.681700110974
535 343.7670920898208
552 342.9201926577269
666 342.9162101919376
671 342.8651527055125
692 342.8432225134376
746 342.8430889002454
818 342.84264971670746
820 342.84264393364714
847 342.84256990853265
853 342.8424502167218
854 342.84220299662155
856 342.84064210005164
915 342.8395951273222
937 342.83956627525555
945 342.83951811954665
949 342.8392756171625
950 342.8390433860728
954 342.83903923800466
959 342.8380568687127
989 342.83786907194377
993 342.8376604040268
998 342.83752084378534
1040 342.8375206701208
1044 342.83748735219456
1067 342.8374854362742
1076 342.83739034155536
1108 342.8373881510298
1112 342.8373877469958
1216 342.83738739386484
1219 342.8373872041903
1221 342.83738657942894
1230 342.83738631571595
1237 342.83738631244654
1240 342.8373862315201
1244 342.8373860653473
1245 342.83738578278235
1279 342.83738480767295
1325 342.83738480614954
1360 342.8373847723718
1436 342.8373847718321
1453 342.8373847716969
1479 342.83738477166725
1494 342.83738477163257
1515 342.83738477153577
1516 342.8373847712413
1522 342.8373847707305
1526 342.8373847702624
1541 342.8373847700149
1563 342.8373847699972
1565 342.83738476982916
1567 342.83738476899106
1577 342.8373847683696
1612 342.8373847683656
1613 342.8373847683535
1614 342.83738476831786
1633 342.8373847683031
1640 342.8373847682992
1647 342.83738476828745
1654 342.83738476826073
1658 342.8373847681139
1675 342.837384768089
1682 342.83738476797663
1685 342.8373847672349
1730 342.8373847671487
