275 971.6200489861398
277 969.3710185267743
281 968.8447999402578
285 968.7534053597154
290 957.2075989064759
322 954.3680259250516
328 953.1854462390853
329 949.8726100316792
333 948.2477195758803
351 946.8051459020558
365 940.8940281833701
369 939.3048598709233
397 937.0952224553563
399 934.0386231829654
417 933.5608008248633
419 932.8616724177846
423 932.168037739928
424 930.234749223077
427 929.2521063169467
431 928.3403513477339
432 926.1314264673717
435 924.5618371138661
441 924.1045936079357
446 923.7678119855257
465 922.9101232987289
477 922.8660642663414
479 907.6817710914132
482 906.33049969201
549 905.5331769496654
561 905.3019044466267
579 904.511682882741
582 888.3400311320333
684 888.0458613430651
687 887.9630431922354
717 887.9283887824699
789 887.928019731096
824 887.9274173674283
826 887.9185716837585
986 887.9184927033868
1009 887.9184764375093
1012 887.9183663727308
1078 887.9183565021674
1185 887.9183563299122
1191 887.9183561543713
1195 887.9183561316675
1285 887.9183561288031
1307 887.9183561286461
1308 887.9183561281682
1309 887.9183561274758
