451 2297.33432356175
483 2297.329626159799
532 2297.3293829806535
562 2297.328990770718
579 2297.3287320988425
632 2297.3287229689454
634 2297.3286915245935
636 2297.3286645731378
671 2297.3286505239444
673 2297.328616430671
681 2297.328615298923
709 2297.3286149799055
728 2297.3286147685353
764 2297.328614569196
796 2297.3286144965746
850 2297.3286144411313
858 2297.328614319259
878 2297.3286143151477
881 2297.328614192382
887 2297.328614191926
894 2297.3286141919166
895 2297.3286141918893
900 2297.3286141912463
908 2297.3286141911985
910 2297.3286141873527
916 2297.328614187245
917 2297.328614186922
920 2297.328614186303
927 2297.3286141861813
944 2297.3286141818585
