195 237.50632416311032
198 231.00741932016132
199 223.02459555536498
200 218.39774541531543
205 217.17209859166528
209 212.23779779282165
223 211.51205510960634
229 210.80356483177428
232 210.24434264013098
248 210.19452610436286
255 209.8756145623811
273 209.83044225505478
289 208.29219908680275
291 208.28605834688634
308 208.09886494939735
340 207.88095110914097
342 207.86942801367414
346 207.8211193075944
363 207.65039451990904
406 207.6220823355605
408 207.55148963041836
461 207.54622341928257
475 207.5439627152674
509 207.54378826081333
523 207.54374977741475
539 207.54374579962953
568 207.54374550088355
570 207.54374550047342
571 207.54374549938146
572 207.54374549735292
615 207.54374549568172
617 207.5437454951766
681 207.54374549517306
1002 207.54374549517297
