323 549.8376964187445
328 548.996182805402
348 545.884515785601
352 526.5390847107385
402 521.5990139594012
406 513.7849679536295
411 509.5428747927201
412 501.93373283307153
413 490.5521245037545
414 479.46048793497755
430 475.37361017978924
450 474.1036762862791
456 472.66747808403
484 470.69438863527154
493 470.6518183358017
503 470.14626738326655
537 470.0548985663521
538 469.9548626417891
556 468.0890267058352
638 467.8115658320698
699 467.75524063188766
820 467.75437633589945
864 467.74799652628485
866 467.7460469217051
870 467.72960295121993
889 467.69920594625444
895 467.67547176959806
897 467.67493850437205
918 467.66565226960864
965 467.6057969201662
967 467.5982717169538
985 467.592877411889
1042 467.579567258303
1089 467.5783336726472
1102 467.5771357526182
1103 467.5758049646538
1137 467.5752068457997
1197 467.5750989110003
1290 467.5750521822947
1292 467.5749853180713
1358 467.5749771661117
1374 467.5749727526271
1379 467.5749572805596
1399 467.57495494954344
1451 467.574954375975
1563 467.5749543624494
1743 467.57495436227896
1745 467.57495436147406
1776 467.57495436125214
