204 -2968.0149842703313
208 -2968.1628622446897
210 -2970.6766322532235
233 -2995.7937749753264
267 -2997.9755143172656
278 -3095.810699760296
307 -3098.4235097907376
332 -3107.258430185193
338 -3124.623935321106
352 -3126.381383100868
367 -3131.3202705890635
373 -3131.6275058213246
378 -3132.1099071734807
380 -3133.939855958726
381 -3135.8219334551186
397 -3138.791530506624
412 -3139.58998357564
427 -3140.9993375277027
433 -3141.276110657651
449 -3142.248309976155
493 -3142.303396336852
495 -3142.358569058435
544 -3142.38260545104
572 -3142.406842828309
591 -3142.406918002919
607 -3142.4123094997904
637 -3142.4127447855763
644 -3142.4133156206644
727 -3142.413377386572
747 -3142.41504673236
764 -3142.415166516608
933 -3142.4151956823966
940 -3142.415250647082
971 -3142.415263703255
1026 -3142.415263920814
1032 -3142.4152797604233
1034 -3142.4153188791797
1036 -3142.4153645426813
1191 -3142.4153711600575
1194 -3142.415371816741
1292 -3142.415371960399
1308 -3142.415372378753
1309 -3142.4153735218433
1310 -3142.41537598794
1352 -3142.4153766133795
1363 -3142.415380213038
1364 -3142.415383412342
1365 -3142.415390224388
1371 -3142.4153952411134
1376 -3142.415412705973
1435 -3142.415413521069
1500 -3142.4154140011774
1523 -3142.415414998777
1528 -3142.415419714261
1545 -3142.4154199340064
1556 -3142.4154202391082
1557 -3142.4154210580837
1683 -3142.4154216042234
1684 -3142.415423239532
1688 -3142.4154240584867
1700 -3142.4154251208747
1788 -3142.4154256852735
1792 -3142.415425693347
1808 -3142.415425696045
1810 -3142.4154256964976
1818 -3142.4154256992483
1819 -3142.415425705489
1820 -3142.4154257239124
1821 -3142.4154257765013
1842 -3142.415425782733
1843 -3142.415425819659
1844 -3142.415425911153
1845 -3142.415426012014
1847 -3142.41542603837
1857 -3142.4154260590717
1893 -3142.415426092387
1894 -3142.415426093112
1914 -3142.4154261020303
1923 -3142.415426102628
1947 -3142.415426115189
1954 -3142.4154261215253
1956 -3142.4154261316908
1962 -3142.415426164152
2021 -3142.415426297762
2075 -3142.4154263383953
2127 -3142.4154263820215
2188 -3142.4154264696062
2310 -3142.4154264701347
2330 -3142.4154264714116
2346 -3142.4154265295692
2348 -3142.4154265593907
2350 -3142.4154265919624
2423 -3142.415426592961
2433 -3142.4154265938746
2442 -3142.415426596717
2590 -3142.415426596804
2594 -3142.415426596812
2608 -3142.415426596886
2610 -3142.4154265970897
2611 -3142.4154265976204
2612 -3142.415426598504
2685 -3142.415426598667
2824 -3142.415426598668
