194 1474.7583212104446
211 1360.7215111441003
260 1353.8138128075364
264 1339.033648341714
285 1337.9348240663805
287 1336.08286237169
292 1329.3536459089994
299 1314.0303112126346
300 1287.5640159119098
308 1210.5218923023308
324 1159.9606597079653
364 1157.9537410223156
382 1096.4898502159372
420 1094.6662629031653
506 1091.6059702461982
530 1090.182318092533
541 1089.2895296285571
558 1087.7484566101725
587 1083.8509231087246
604 1083.746699235563
620 1083.7174464254542
645 1083.715970435418
690 1083.7150900814036
711 1083.71504204241
727 1083.71499838161
774 1083.7144543171676
776 1083.7144513380333
824 1083.7144433821059
835 1083.714440077062
851 1083.7144292456012
860 1083.7144288536078
862 1083.7144287605054
864 1083.7144285081868
882 1083.7144282265904
898 1083.7144275535518
900 1083.7144275008918
902 1083.7144274346808
996 1083.7144273988256
