127 885.9311786762912
129 880.1639518904042
130 763.0321915164013
131 758.9065664223502
137 718.5379574820859
139 707.7272663994376
143 591.1234946841422
144 480.8594026672356
150 460.72749034804946
153 406.56336975743835
154 295.08789669444866
155 273.4130496611688
157 247.2123872677448
159 245.08465302429843
160 181.30433402622205
175 163.76301828075137
176 114.77485117348708
185 113.09179131053565
219 108.28306979611
239 104.85363324674121
241 103.7348960807474
259 102.43023678359341
265 100.14417506852799
267 98.74893371413795
269 96.01927184421483
271 95.44069903590339
272 90.47866332405965
277 90.12334005380663
315 88.08955048924584
317 85.87900211944108
333 85.50237514526593
335 84.92178848193876
339 84.90694025859136
341 84.0753422124048
348 83.5787188330722
349 82.69865014406047
353 82.47188856057875
355 82.26337481267483
361 82.12522688505997
415 82.1162701241035
418 75.25274612318772
434 75.02827544601664
463 74.96598660877424
566 74.9653454733448
621 74.9617418598981
652 74.96162820377609
658 74.96053518676567
660 74.95997917748194
666 74.95981995922884
668 74.95946009842052
669 74.95804045087263
675 74.95790653247025
681 74.95674000548902
683 74.95554822409828
689 74.95534231604464
690 74.95462127041527
696 74.9539786093159
713 74.93897493142225
730 74.93880813183746
745 74.93872957783175
749 74.9246326407863
754 74.91924260381353
815 74.91534111838149
889 74.91515562055527
891 74.91508764743112
965 74.9150842849812
1088 74.91508415407941
1175 74.91508413990563
1209 74.91508413840025
1225 74.91508413739301
1232 74.91508413402532
1267 74.91508413080027
1295 74.91508413008322
1310 74.91508412874353
1318 74.91508412860404
1323 74.91508412838557
1326 74.91508412671635
1378 74.9150841264809
1404 74.91508412610612
