232 1458.6295722178022
233 1451.1041220502004
243 1451.104119368419
272 1449.8344853519247
273 1447.7278923391214
286 1446.0331664298558
315 1445.5635471787245
329 1439.8461505858231
381 1439.190406941421
430 1438.512778878215
448 1438.4804112383197
450 1438.2431121553195
463 1436.8058977436408
481 1436.7988418507807
516 1436.1446711651324
550 1435.9418452427515
643 1435.9019099108816
702 1435.8944896018559
704 1435.8261303905147
737 1435.7326919857126
758 1435.6656448700498
763 1435.4536976920774
819 1435.4155702113742
855 1435.4016685327492
856 1435.37898594068
902 1435.3787129753557
904 1435.3726361211343
906 1435.3720914896858
924 1435.3695102637648
926 1435.364819455964
928 1435.3564436784209
944 1435.354695770532
946 1435.3082148825986
1027 1435.2991524310107
1029 1435.2925611055196
1047 1435.2913679370192
1078 1435.2890329290565
1080 1435.2869788052078
1129 1435.2859814391209
1131 1435.2852020827966
1133 1435.2832559116
1134 1435.2774187327932
1135 1435.2599192386676
1167 1435.254913001892
1183 1435.249344716888
1185 1435.241064434014
1217 1435.2409294847998
1219 1435.2286328573452
1225 1435.2241672112223
1232 1435.2201132185774
1239 1435.2160213384484
1240 1435.2035770164957
1243 1435.193463707976
1273 1435.1746337895472
1294 1435.1685412767636
1295 1435.1540999042593
1326 1435.149494227706
1332 1435.1420709963215
1339 1435.1327680654172
1340 1435.116462126549
1356 1435.0873803142288
1377 1435.0852073837345
1381 1435.0697386809575
1433 1435.0643803473513
1467 1435.0526027721962
1483 1435.0387644803252
1524 1435.0377848749315
1537 1435.0319241676245
1538 1435.0253936773129
1539 1435.0058135010634
1571 1434.9683388163596
1649 1434.9670965018333
1653 1434.9659144329657
1655 1434.9639823823327
1656 1434.9601250344128
1661 1434.9593193995324
1663 1434.9567546295834
1664 1434.9515855305744
1666 1434.9507090903185
1667 1434.944533687772
1669 1434.9412993103956
1670 1434.9318932215976
1671 1434.931139496878
1672 1434.9170657186523
1677 1434.9088063387856
1681 1434.9077753218116
1682 1434.8957283097657
1683 1434.894472510684
1684 1434.8762021523198
1688 1434.8709107754128
1690 1434.8640151141897
1705 1434.8620165830644
1707 1434.8596458852583
1708 1434.8513737655762
1709 1434.8497374733658
1711 1434.846546515769
1715 1434.8441004430763
1716 1434.8341504134798
1726 1434.8340027298009
1728 1434.8041863084286
1733 1434.7241556260246
1786 1434.721113927314
1787 1434.7119919973784
1789 1434.7007888254132
1805 1434.6940770090957
1811 1434.6870355661797
1817 1434.6868933108804
1835 1434.6820402596766
1854 1434.667676555321
1871 1434.6617185573325
1902 1434.6488005736792
1918 1434.6479266144286
1919 1434.6453057902488
1936 1434.6333367556738
1953 1434.6073074455592
1983 1434.6024689943526
1989 1434.595595161521
1992 1434.5930092316635
1999 1434.5853586492342
2000 1434.5743933382637
2016 1434.532840664734
2031 1434.4717385493063
2064 1434.4070201832042
2110 1434.3896446181834
2126 1434.3675424053665
2132 1434.3622877065613
2134 1434.3465379499687
2135 1434.2994183461428
2164 1434.2688455571115
2188 1434.2404188673213
2206 1434.1546288286947
2223 1434.145542000956
2245 1434.136726741982
2283 1434.101286870862
2302 1434.0736939569165
2337 1434.0647709291252
2410 1434.0455363688748
2434 1434.0438128308215
2452 1434.0418612312294
2454 1434.0405225453894
2473 1434.0400342723992
2476 1434.0352954543368
2493 1434.0111517905232
2522 1433.9912195808245
2591 1433.9893217807316
2610 1433.9885271025191
2611 1433.9861432881785
2612 1433.978993829174
2629 1433.976668169484
2634 1433.975586942305
2635 1433.968723608232
2636 1433.9481499954554
2653 1433.9297596607923
2695 1433.9185754444159
2710 1433.912992032739
2725 1433.9123331428743
2727 1433.8877539266123
2772 1433.8839364266632
2792 1433.8825553751367
2793 1433.8793192130217
2794 1433.8696145030099
2795 1433.840534458624
2797 1433.753603711755
2871 1433.7418258914972
2887 1433.739742247901
2903 1433.7389192834926
2905 1433.7259515862545
2906 1433.6871109109884
2925 1433.686930589317
2945 1433.6806825137944
2952 1433.664167507817
2953 1433.6405529274566
2984 1433.6260217095114
2989 1433.5780095234225
3019 1433.568742675216
3036 1433.5596981887923
3066 1433.5494418369246
3067 1433.5187141595568
3076 1433.5185382240265
3111 1433.5084798192036
3118 1433.5063097276632
3121 1433.4940449076582
3122 1433.4573148095585
3123 1433.3477137135778
3157 1433.3332643896288
3158 1433.2475698611142
3176 1433.1021647799585
3198 1433.061085185669
3201 1433.0401282441846
3218 1432.9971913616923
3235 1432.8993234422812
3254 1432.8810635743007
3276 1432.8609105280023
3282 1432.8228887091607
3287 1432.814271525738
3289 1432.686976207624
3323 1432.6307160836861
3384 1432.6038416464878
3454 1432.6024227891646
3464 1432.6011693228868
3480 1432.6003488448519
3501 1432.5978529173392
3510 1432.5953945654198
3513 1432.5902460980212
3514 1432.5748152513256
3515 1432.528654607373
3520 1432.4365075434152
3538 1432.4195735541489
3617 1432.4045460814414
3679 1432.4039625924263
3725 1432.403490703086
3759 1432.4022575531214
3761 1432.4018355909861
3762 1432.400569798375
3778 1432.40021885049
3798 1432.3975532764612
3803 1432.3933438844865
3851 1432.3922348144924
3870 1432.391790941679
3871 1432.3908894021913
3872 1432.3881852201148
3878 1432.3870456667396
3879 1432.3844519929207
3880 1432.376674574337
3881 1432.3533747949657
3923 1432.3529936220493
3940 1432.3411286404
3970 1432.32504578555
3974 1432.3233295248413
3980 1432.3165746387126
3981 1432.3025660029011
3982 1432.2606475222287
3989 1432.2545689204708
3990 1432.203769757454
3991 1432.052819612516
