213 94.48137246825989
255 93.54115104775765
261 92.63996692103045
337 92.62357118572038
338 92.28900898641712
342 92.27042250010071
344 92.01604608276722
348 92.01051843119687
350 91.87410511188274
352 91.73942956948568
359 91.60718881266241
360 91.30381487828672
371 91.3034048062637
372 91.11055524254756
400 90.74661543927002
517 90.74330638887928
566 90.73981260730599
761 90.7397865857414
763 90.73975974863481
765 90.73975514672311
769 90.73968975602118
917 90.73968709198101
947 90.73924479822107
961 90.73923155548171
977 90.73907801725495
1096 90.7390778723658
1173 90.73907783929216
1174 90.73907774007168
1175 90.73907744241156
1176 90.73907654944577
1177 90.73907387067892
1178 90.73906583555258
1179 90.7390417407727
1180 90.73896955257878
1181 90.73875387379094
1182 90.73811536268143
1183 90.73629150749686
1184 90.73204950657683
1190 90.72610153101277
1196 90.72463604667557
1232 90.72243714855996
1236 90.72221138510886
1238 90.71893698770975
1242 90.71884764481416
1248 90.71662700783936
1284 90.71543186792276
1300 90.71529106838408
1422 90.71525469648925
1430 90.7151706630005
1460 90.71497831233356
1477 90.71491883494618
1642 90.71487940029476
1672 90.71487602783037
1674 90.71487539554208
1691 90.71487450722022
1789 90.71487404628164
1791 90.71487400387309
1792 90.71487387664753
1793 90.71487349497139
1794 90.71487234994693
1795 90.71486891490986
1796 90.71485861012447
1797 90.71482769870275
1798 90.71473499089954
1799 90.71445710701545
1800 90.71362564803505
1801 90.71115200260873
1803 90.71114036504994
1837 90.71108133806054
1867 90.71100753662223
1870 90.71100195105109
1871 90.71098519667481
1876 90.71098243749647
1885 90.71097107643637
1889 90.71097055895414
1890 90.71095207515218
1892 90.71089695455328
1952 90.71077977195476
1954 90.71071934911433
1961 90.71041545472966
1963 90.71032240699923
1996 90.71029670832128
2044 90.71011609466552
2076 90.70990301736474
2111 90.7098932880624
2196 90.7098919961375
2199 90.70973574090445
2202 90.70973479639346
2204 90.70953803108016
2238 90.70936316026744
2282 90.70931904939451
2286 90.70904809286186
2292 90.70864500737687
2294 90.70843680743212
2331 90.70830153285871
2335 90.70753462238068
2351 90.70734724254001
2423 90.70721080790639
2482 90.70664153346259
2571 90.70664131920796
2577 90.70664035333628
2578 90.70663745584679
2595 90.70663697685588
2598 90.70663672307353
2604 90.70660170254799
2605 90.70656808285848
2606 90.70646725156433
2608 90.70643590022023
2610 90.7063666642167
2612 90.70616132863447
2635 90.7061361411786
2695 90.70596877599552
2703 90.70595239062958
2734 90.70593108759407
2750 90.70592816395857
2752 90.7057798942789
2753 90.70552387961952
2754 90.70475776342253
2755 90.70247721704064
2756 90.6958080097737
2757 90.67768162929437
2795 90.6771746112543
2837 90.67628545852646
2860 90.67613512063872
2861 90.6752736119205
2880 90.67517001446949
2893 90.6751185269964
2896 90.67485167544885
2898 90.67475130699987
2914 90.67444931302668
2915 90.67354832760462
2916 90.67087884917125
2917 90.66330554221193
2918 90.64516504640243
3009 90.64435616798086
3035 90.64209520687946
3053 90.63829700100969
3141 90.63654780746403
3175 90.63649178996259
3191 90.6363807670122
3220 90.63618973365341
3237 90.63594197893406
3238 90.63520374133103
3239 90.63303469176402
3240 90.62694985691988
3241 90.61279282443758
3282 90.61204920297577
3284 90.60946563072655
3293 90.60897329614498
3297 90.60834776292248
3299 90.607607856602
3303 90.60744475955049
3309 90.60711720077269
3315 90.60711713919196
3324 90.60687441188742
3344 90.60634002072614
3348 90.60626767601262
3357 90.60614478909518
3358 90.60583809742991
3359 90.60493239403468
3478 90.60490593977329
3552 90.60449005228593
3580 90.60438019530906
3582 90.60437122255406
3622 90.60433801694893
3652 90.6043374947112
3682 90.60433489921706
3698 90.60433218259782
3700 90.60433177299778
3746 90.60431787638828
3830 90.60431763697962
3831 90.60431720437525
3832 90.60431590659547
3833 90.60431201355311
3834 90.60430033710111
3835 90.60426533182351
3836 90.60416053276796
3837 90.60384808859276
3838 90.60292838665133
3899 90.6029170351072
3913 90.60288367623042
3924 90.60287253241782
3934 90.6028131289649
3943 90.6028128787946
3944 90.60280884609168
3945 90.60279676226725
3958 90.6027949316331
3959 90.60278596689413
3961 90.60276628797112
3963 90.60271577371321
3965 90.602515292755
