224 2468.248791053116
232 2467.9824667130906
241 2467.692573012756
261 2467.485008985902
292 2467.3648328532286
313 2466.537965078667
315 2466.475093031602
328 2466.4401739058126
350 2466.428441262505
364 2466.4261108444584
379 2466.4149828040495
398 2466.4145690107516
400 2466.4145339031115
402 2466.4144255166457
405 2466.4140299279843
408 2466.4135859841413
424 2466.413373100185
438 2466.4129371596628
440 2466.4129240484517
441 2466.41291855738
468 2466.4129093817273
470 2466.412909377639
472 2466.4129093075335
473 2466.41290917668
488 2466.41290903159
490 2466.412909031524
492 2466.4129090305605
560 2466.4129090303604
589 2466.4129090303304
669 2466.41290903033
