243 2594.5673206123606
260 2591.363136725318
310 2583.1186906564317
364 2581.9383928239454
399 2580.090606186297
460 2579.8131880105648
462 2579.540304165303
521 2579.5134512591626
559 2579.4911500008657
561 2579.48464150886
577 2579.4700925232432
611 2579.469577063355
648 2579.4610626737817
693 2579.460418123945
699 2579.4589772054455
704 2579.4471735211805
707 2579.440823827142
741 2579.438122546165
745 2579.436263111978
848 2579.4360848628485
855 2579.4360438479275
857 2579.4356986860157
859 2579.435685890072
916 2579.4356607779737
918 2579.4356427905045
938 2579.4356390183234
945 2579.435635100344
947 2579.4356290191054
977 2579.4356268609545
981 2579.4356216294736
1064 2579.4356213418223
1135 2579.4356213404308
1191 2579.435621336005
1240 2579.4356213359515
1246 2579.435621335888
1247 2579.4356213356964
1249 2579.4356213354886
1260 2579.4356213331207
1318 2579.435621333053
1320 2579.435621332956
