250 1087.896856803521
265 857.9167946558667
272 825.3386682589446
290 794.0481442442139
300 790.7396689697014
302 759.3231364543987
311 736.7748674115576
313 731.3337527432641
320 722.5785325167525
328 711.5987147862685
335 711.3937916338367
336 692.7660011599477
338 689.7783653150667
344 681.5459749563803
346 678.3549099558321
348 674.8049459247939
354 673.6324640326902
396 671.934571053723
407 671.753560180248
409 670.8694330900134
413 670.0936631798238
414 667.922742984256
416 666.7206657683708
418 665.3291043282856
452 664.3583653254883
454 664.0008555087542
460 663.9061572621673
464 663.6201989921225
465 662.871260978021
469 662.8087014124034
470 661.9981540946111
472 661.6196519458199
481 661.53066680692
502 660.9978286812802
503 660.1828179062366
516 659.9327274597734
521 659.8317755924323
525 651.7981617001223
571 651.2066372274357
577 650.1470786957075
578 645.5719061667921
580 642.9756427693409
600 642.9279440719096
712 642.9257550679226
714 642.7059386455451
840 642.7053737965972
900 642.7050984680258
914 642.7050731579881
916 642.7049952232069
920 642.7046380819957
928 642.7045285875982
929 642.704276724264
938 642.7042458197923
939 642.7040453807647
955 642.701776287071
983 642.7016716417189
1019 642.7012196298953
1027 642.7000141138171
1028 642.695863214536
1042 642.6954727046624
1062 642.6948316368465
1071 642.6929856781494
1079 642.6895052044048
1095 642.6826213133729
1097 642.6800270859138
1112 642.6775373646987
1137 642.6771612827206
1208 642.6770809861276
1209 642.6762305964355
1234 642.676221620468
1241 642.6753675462118
1256 642.6752052705784
1262 642.6751581573104
1271 642.6750231661296
1278 642.6740819213637
1281 642.6726746268222
1300 642.6723659321051
1313 642.6720537663158
1320 642.6716493263552
1350 642.6713693775013
1375 642.6712710509607
1379 642.6709169024252
1386 642.670829986782
1388 642.6707794795667
1394 642.6707570559204
1398 642.6707009851439
1400 642.6706053035122
1429 642.67059181672
1431 642.6705489398031
1492 642.6704928558062
1510 642.6704908447887
1511 642.6704591827317
1513 642.6704533780087
1515 642.6704241408588
1520 642.6704081705659
1521 642.6703704449056
1526 642.6703589946161
1527 642.670324394601
1530 642.6703179933878
1532 642.6703015538686
1534 642.67028809914
1536 642.670271408149
1546 642.6702606092609
1548 642.6702478462324
1574 642.6702442340359
1575 642.6702349208614
1578 642.6702262375877
1579 642.6702159876523
1581 642.6702002808681
1586 642.670165714346
1619 642.6701406386328
1633 642.670135494406
1634 642.6701140652499
1655 642.670089583424
1682 642.6700787840983
1688 642.6700617848938
1730 642.6700563509311
1745 642.6700534094879
1784 642.6700518905484
1790 642.6700514538096
1810 642.6700475039042
1815 642.6700472473007
1821 642.6700465883185
1829 642.6700455712501
1836 642.670026021919
1864 642.6700235237445
1949 642.6700234344689
1951 642.670021524633
2008 642.6700215091339
2018 642.6700213351322
2043 642.6700213024202
2063 642.6700213019662
2067 642.670021300923
2068 642.6700212966
2069 642.670021285956
2075 642.6700212856789
2081 642.6700212830021
2110 642.6700212800554
2111 642.6700212784883
2113 642.670021278288
2117 642.6700212731255
2144 642.6700212706345
2172 642.67002127027
2174 642.6700212701371
2176 642.6700212697534
2178 642.6700212695719
2180 642.6700212692687
2184 642.6700212689981
2200 642.6700212649678
2241 642.670021263491
