357 1390.6343290741445
405 1390.1980874619803
407 1389.962943600418
472 1389.924405432971
473 1389.8808878870445
474 1389.875370677587
475 1389.8326696282193
481 1389.8309107844466
487 1389.8300680962598
495 1389.8163400899443
506 1389.8053068890551
509 1389.8038372925778
514 1389.7993456888507
515 1389.7754574242172
583 1389.7405012553356
630 1389.7361308757872
652 1389.7340366509964
677 1389.7312813316769
697 1389.7144756717803
702 1389.7137294201211
710 1389.711584116799
712 1389.7063694990768
713 1389.6950077197773
727 1389.6896276414604
731 1389.688839760207
755 1389.6884526595322
766 1389.671883437834
797 1389.6665229485698
826 1389.6664884588308
827 1389.6663870174987
889 1389.6633257591864
919 1389.6624027804141
939 1389.6623365771327
943 1389.6612207270493
945 1389.6612130304254
1038 1389.6609839565638
1040 1389.6602999590716
1070 1389.659674935901
1071 1389.657800308017
1098 1389.6572861828156
1182 1389.657283426775
1199 1389.6572377752614
1203 1389.6570657064449
1205 1389.6570089998822
1207 1389.6569646013188
1209 1389.656826922113
1216 1389.6564713018267
1231 1389.6563582050476
1269 1389.6561620409113
1285 1389.6561033952953
1289 1389.6548611838905
1350 1389.6547176257043
1386 1389.654657873324
1416 1389.6546439333567
1420 1389.6544474497007
1437 1389.6544104867528
1453 1389.654366051048
1468 1389.653977649302
1470 1389.6539447302075
1486 1389.6538173886224
1504 1389.6534954273206
1507 1389.6530812773526
1537 1389.6520510107634
1553 1389.650796637777
1555 1389.6489397129822
1585 1389.6467648092082
1609 1389.6465417093748
1625 1389.6463320127586
1626 1389.6459557394194
1639 1389.6447583326549
1682 1389.6440182893627
1713 1389.643569391791
1756 1389.643378952368
1758 1389.6431561677084
1855 1389.643080482592
1857 1389.643059685544
1863 1389.6430115793112
1865 1389.6427479351732
1881 1389.6426069984448
1883 1389.6425569890935
1885 1389.642483593736
1886 1389.6422634212379
1887 1389.6416030299508
1888 1389.6396231006038
1975 1389.6384064446056
2006 1389.6383210525514
2021 1389.637244535415
2023 1389.6372403336052
2057 1389.635940697247
2060 1389.6355856584273
2063 1389.6350369457393
2066 1389.6339967850843
2143 1389.6324040107183
2199 1389.6322290250848
2206 1389.6320758488705
2286 1389.6320706373444
2316 1389.6319771083881
2318 1389.6319579523845
2408 1389.6319542664753
2409 1389.631935811361
2410 1389.6318804501307
2411 1389.6317144035625
2459 1389.6317000740482
2460 1389.6316182130847
2478 1389.6314997993413
2480 1389.6314510671373
2513 1389.6313399617245
2538 1389.6311700330775
2573 1389.6311243707498
2588 1389.6310270509998
2590 1389.630927869746
2631 1389.6309064639147
2637 1389.6309052467993
2670 1389.6308877079218
2671 1389.6307734846075
2721 1389.6307231172593
2749 1389.630679406751
2786 1389.6306359880025
2796 1389.630624201712
2817 1389.630596218679
2837 1389.6305807991678
2894 1389.6305599060554
2929 1389.6305587974218
2959 1389.6305568481164
2963 1389.6305527689299
2964 1389.630543539011
2965 1389.6305158523382
2966 1389.6304328201134
3014 1389.630405414149
3016 1389.6303657757055
3018 1389.6303065528298
3036 1389.6300147246525
3079 1389.6299159570267
3112 1389.62984427881
3118 1389.6297796135198
3137 1389.6295875758733
3163 1389.629353713854
3172 1389.6286805286513
3283 1389.628632065425
3288 1389.6286100378582
3333 1389.6285773797965
3335 1389.6285080717944
3341 1389.6284559906735
3372 1389.628426989305
3374 1389.6283888799637
3380 1389.6283668744927
3396 1389.6283524547534
3411 1389.628223850425
3450 1389.628165041942
3482 1389.6281391914688
3501 1389.6280988798933
3507 1389.628089982412
3509 1389.6278993665753
3533 1389.6273828883222
3563 1389.6269593313
3613 1389.6268593107886
3619 1389.6265319363858
3621 1389.625726751008
3649 1389.6249451547612
3672 1389.624913499306
3688 1389.624631175072
3694 1389.6245668046824
3761 1389.624560619821
3787 1389.6243112026198
3803 1389.624106775767
3809 1389.6240036554766
3811 1389.6237189466674
3855 1389.6230068104196
3881 1389.6230031691368
3889 1389.6228497198492
3891 1389.6223654750938
3949 1389.622291962056
3958 1389.621946894342
3977 1389.621317872831
