183 32342.385865826407
184 32331.881107499306
206 32331.605214017723
214 32327.452523624066
216 32325.06903445307
224 32324.497978876854
232 32324.43889171504
233 32324.1074770572
234 32324.102877718156
238 32323.500645176584
239 32323.131856242282
263 32322.487752858935
265 32322.11622661005
294 32321.213019801395
298 32319.989361944256
299 32319.650754286333
300 32319.482261979032
301 32319.46541736638
306 32318.94657431584
316 32318.852815456758
323 32318.658982971145
330 32318.644214596843
345 32318.491604506995
420 32318.479576466554
430 32318.466696175044
465 32318.458605623353
470 32318.452755712657
518 32318.445014148976
521 32318.42737776179
574 32318.42470273304
581 32318.4207672394
582 32318.417441861915
634 32318.41532671147
655 32318.41442783109
698 32318.414385408527
760 32318.414282996873
784 32318.414212771982
813 32318.41407621336
828 32318.413999143366
844 32318.413969662008
887 32318.413967383487
912 32318.413962237035
946 32318.41395777239
994 32318.41395715682
1024 32318.413956954708
1165 32318.413956953562
1187 32318.413956951663
1188 32318.413956946
1189 32318.41395692922
1190 32318.413956880846
1191 32318.413956753266
1192 32318.413956527347
1198 32318.41395635356
1308 32318.41395627801
1391 32318.413956275897
1395 32318.413956268825
1399 32318.413956268592
1405 32318.413956265944
1407 32318.413956264583
1410 32318.413956263805
1429 32318.41395626265
1578 32318.41395626259
1579 32318.4139562624
1590 32318.413956262208
1591 32318.413956261935
1592 32318.413956261502
