Dim = 2
+0.0000000000000000e+00 +1.0000000000000000e+00 
+1.0000000000000000e+00 +6.8377223398316200e+00 
+1.0000000000000000e+00 +0.0000000000000000e+00 
+0.0000000000000000e+00 +1.0000000000000000e+01 
+1.0000000000000000e+00 +3.1547921200882851e+00 
+5.0000000000000000e-01 +2.9289321881345243e-01 
+0.0000000000000000e+00 +5.5000000000000000e+00 
+5.0000000000000000e-01 +3.8416876048223001e+00 
+2.5000000000000000e-01 +5.0000000000000000e-01 
+0.0000000000000000e+00 +3.2500000000000000e+00 
+7.5000000000000000e-01 +1.3397459621556140e-01 
+5.0000000000000000e-01 +1.9752451216018037e+00 
+2.5000000000000000e-01 +2.3486121811340026e+00 
+3.7500000000000000e-01 +3.8762756430420553e-01 
+2.5000000000000000e-01 +1.3961310131443376e+00 
+1.2500000000000000e-01 +6.4644660940672627e-01 
+0.0000000000000000e+00 +2.1250000000000000e+00 
+1.2500000000000000e-01 +1.6096117967977925e+00 
+6.2500000000000000e-02 +7.5000000000000000e-01 
+0.0000000000000000e+00 +1.5625000000000000e+00 
+1.0000000000000000e+00 +1.4472243622680052e+00 
+7.5000000000000000e-01 +1.6887505004004002e+00 
+1.0000000000000000e+00 +6.6726202628867481e-01 
+8.7500000000000000e-01 +6.4585653306514668e-02 
+7.5000000000000000e-01 +8.6256188270474032e-01 
+6.2500000000000000e-01 +2.0943058495790512e-01 
+6.2500000000000000e-02 +1.2500000000000000e+00 
+9.3750000000000000e-02 +6.9381378215210276e-01 
+6.2500000000000000e-02 +9.9826921443320582e-01 
+3.1250000000000000e-02 +8.2322330470336313e-01 
+0.0000000000000000e+00 +1.2812500000000000e+00 
+3.1250000000000000e-02 +1.0811523675802235e+00 
+1.5625000000000000e-02 +8.7500000000000000e-01 
+0.0000000000000000e+00 +1.1406250000000000e+00 
+1.8750000000000000e-01 +5.6698729810778070e-01 
+1.2500000000000000e-01 +1.1205582617584078e+00 
+5.0000000000000000e-01 +1.0942235935955849e+00 
+3.7500000000000000e-01 +1.2323214464321437e+00 
+8.7500000000000000e-01 +7.6141098567053578e-01 
+6.2500000000000000e-01 +9.7255694283838912e-01 
+3.1250000000000000e-01 +4.4098300562505255e-01 
+2.5000000000000000e-01 +9.3750000000000000e-01 
+5.6250000000000000e-01 +2.5000000000000000e-01 
+5.0000000000000000e-01 +6.7861652351681556e-01 
+4.3750000000000000e-01 +3.3856217223385232e-01 
+9.3750000000000000e-01 +3.1754163448145745e-02 
+8.7500000000000000e-01 +3.9323206663314325e-01 
+8.1250000000000000e-01 +9.8612181134002719e-02 
+6.8750000000000000e-01 +1.7084380241115005e-01 
+6.2500000000000000e-01 +5.7428823119738148e-01 
+1.5625000000000000e-02 +1.0071249414794137e+00 
+2.3437500000000000e-02 +8.4690689107605133e-01 
+1.5625000000000000e-02 +9.4099261439650894e-01 
+7.8125000000000000e-03 +9.1161165235168151e-01 
+0.0000000000000000e+00 +1.0703125000000000e+00 
+7.8125000000000000e-03 +9.7886953194750292e-01 
+3.9062500000000000e-03 +9.3750000000000000e-01 
+0.0000000000000000e+00 +1.0351562500000000e+00 
+1.8750000000000000e-01 +1.0212341226347259e+00 
+2.1875000000000000e-01 +5.3229282665325739e-01 
+1.8750000000000000e-01 +7.9111290183255867e-01 
+1.5625000000000000e-01 +6.0471529247895250e-01 
+4.6875000000000000e-02 +7.8349364905389041e-01 
+3.1250000000000000e-02 +9.5182740666258481e-01 
+7.5000000000000000e-01 +4.7996824526945170e-01 
+1.0000000000000000e+00 +3.1249999999999994e-01 
+3.7500000000000000e-01 +7.9703445538025686e-01 
+3.1250000000000000e-01 +8.6372875703131580e-01 
+5.6250000000000000e-01 +6.2500000000000000e-01 
+4.3750000000000000e-01 +7.3570271529231535e-01 
+9.3750000000000000e-01 +3.5219270431018218e-01 
+8.1250000000000000e-01 +4.3576522641750326e-01 
+6.8750000000000000e-01 +5.2605475301393756e-01 
+2.8125000000000000e-01 +4.6966991411008940e-01 
+2.5000000000000000e-01 +7.1528842886641142e-01 
+7.8125000000000000e-01 +1.1611652351681556e-01 
+7.5000000000000000e-01 +3.0097580366511745e-01 
+7.1875000000000000e-01 +1.5220875210934148e-01 
+1.0000000000000000e+00 +1.4932685773282289e-01 
+9.6875000000000000e-01 +1.5749015748523609e-02 
+4.0625000000000000e-01 +3.6262256080090194e-01 
+3.7500000000000000e-01 +5.8809146834941151e-01 
+3.4375000000000000e-01 +4.1369803002207128e-01 
+5.9375000000000000e-01 +2.2944824962887800e-01 
+5.6250000000000000e-01 +4.3230764329961724e-01 
+5.3125000000000000e-01 +2.7113101314433741e-01 
+4.6875000000000000e-01 +3.1534680311854235e-01 
+4.3750000000000000e-01 +5.3255321558056623e-01 
+9.3750000000000000e-01 +1.8527013020311364e-01 
+9.0625000000000000e-01 +4.8028361767011418e-02 
+8.4375000000000000e-01 +8.1441346456308183e-02 
+8.1250000000000000e-01 +2.6094826766784329e-01 
+6.8750000000000000e-01 +3.4270891139492460e-01 
+6.5625000000000000e-01 +1.8990741269901745e-01 
+3.9062500000000000e-03 +9.7156710704648552e-01 
+5.8593750000000000e-03 +9.2345344553802566e-01 
+3.9062500000000000e-03 +9.5453120159543370e-01 
+1.9531250000000000e-03 +9.5580582617584076e-01 
+9.3750000000000000e-02 +9.3467073417470570e-01 
+7.8125000000000000e-02 +7.2049150281252627e-01 
+6.2500000000000000e-02 +8.7362488295882712e-01 
+1.2500000000000000e-01 +8.8105473516044686e-01 
+1.0937500000000000e-01 +6.6928108611692616e-01 
+9.3750000000000000e-02 +8.1361797599286956e-01 
+0.0000000000000000e+00 +1.0175781250000000e+00 
+1.5625000000000000e-01 +8.3381809177261390e-01 
+1.4062500000000000e-01 +6.2500000000000000e-01 
+1.2500000000000000e-01 +7.6302981332516961e-01 
+4.6875000000000000e-02 +9.0939611582892599e-01 
+5.4687500000000000e-02 +7.6614641332662869e-01 
+4.6875000000000000e-02 +8.4632388770575862e-01 
+3.9062500000000000e-02 +8.0235764623947625e-01 
+1.7187500000000000e-01 +5.8542190120557502e-01 
+1.5625000000000000e-01 +7.1846074730917830e-01 
+1.1718750000000000e-02 +8.9174682452694520e-01 
+7.8125000000000000e-03 +9.4522762161545837e-01 
+2.1875000000000000e-01 +7.5184142668445575e-01 
+2.0312500000000000e-01 +5.4930609056700130e-01 
+1.8750000000000000e-01 +6.7816723165785175e-01 
+2.3437500000000000e-01 +5.1587708172407287e-01 
+2.1875000000000000e-01 +6.4111351990169430e-01 
+6.2500000000000000e-01 +3.8638618354522797e-01 
+8.7500000000000000e-01 +2.2243285336891147e-01 
+5.0000000000000000e-01 +4.8085947032089388e-01 
+3.1250000000000000e-01 +6.4848572714635666e-01 
+2.8125000000000000e-01 +6.8095710274067045e-01 
+7.8125000000000000e-01 +2.8076183790111747e-01 
+7.1875000000000000e-01 +3.2161546670099456e-01 
+9.6875000000000000e-01 +1.6715353312650708e-01 
+4.0625000000000000e-01 +5.5978772621155015e-01 
+3.4375000000000000e-01 +6.1760123182514681e-01 
+5.9375000000000000e-01 +4.0904464144044606e-01 
+5.3125000000000000e-01 +4.5622632609724473e-01 
+4.6875000000000000e-01 +5.0627520202267229e-01 
+9.0625000000000000e-01 +2.0369127190208339e-01 
+8.4375000000000000e-01 +2.4151220252411712e-01 
+6.5625000000000000e-01 +3.6428745305492444e-01 
+2.6562500000000000e-01 +4.8461179679779243e-01 
+2.5000000000000000e-01 +6.0662476591765424e-01 
+6.4062500000000000e-01 +1.9960947032089393e-01 
+6.2500000000000000e-01 +2.9629649461835650e-01 
+6.0937500000000000e-01 +2.1937525020020021e-01 
+8.9062500000000000e-01 +5.6270695591156272e-02 
+8.7500000000000000e-01 +1.4160203980338873e-01 
+8.5937500000000000e-01 +7.2975189113042127e-02 
+5.1562500000000000e-01 +2.8192966918274642e-01 
+5.0000000000000000e-01 +3.8543462665033923e-01 
+4.8437500000000000e-01 +3.0402945464624731e-01 
+3.2812500000000000e-01 +4.2717803813052002e-01 
+3.1250000000000000e-01 +5.4359458829553753e-01 
+2.9687500000000000e-01 +4.5513763205741575e-01 
+7.9687500000000000e-01 +1.0732144643214370e-01 
+7.8125000000000000e-01 +1.9663703331292406e-01 
+7.6562500000000000e-01 +1.2500000000000000e-01 
+7.3437500000000000e-01 +1.4304317494986951e-01 
+7.1875000000000000e-01 +2.3518355034684876e-01 
+7.0312500000000000e-01 +1.6147450843757882e-01 
+9.8437500000000000e-01 +7.8432583507784814e-03 
+9.6875000000000000e-01 +8.9444488027864991e-02 
+9.5312500000000000e-01 +2.3718790511668253e-02 
+4.2187500000000000e-01 +3.5048094716167100e-01 
+4.0625000000000000e-01 +4.5990559653775115e-01 
+3.9062500000000000e-01 +3.7500000000000000e-01 
+3.5937500000000000e-01 +4.0052105958591011e-01 
+3.4375000000000000e-01 +5.1445422157769127e-01 
+5.9375000000000000e-01 +3.1767536985851919e-01 
+5.7812500000000000e-01 +2.3965468371272258e-01 
+5.4687500000000000e-01 +2.6049002711254798e-01 
+5.3125000000000000e-01 +3.6219258080742811e-01 
+4.6875000000000000e-01 +4.0941506520015059e-01 
+4.5312500000000000e-01 +3.2685439910818703e-01 
+9.2187500000000000e-01 +3.9856781516424022e-02 
+9.0625000000000000e-01 +1.2391884468765998e-01 
+8.4375000000000000e-01 +1.5960392797860862e-01 
+8.2812500000000000e-01 +8.9986263839935243e-02 
+6.7187500000000000e-01 +1.8032018446224996e-01 
+6.5625000000000000e-01 +2.7544573750580453e-01 
+7.8125000000000000e-02 +8.4210979414776876e-01 
+7.0312500000000000e-02 +7.3483495705504476e-01 
+6.2500000000000000e-02 +8.1167272879301799e-01 
+2.3437500000000000e-02 +9.1192863333817742e-01 
+1.9531250000000000e-02 +8.6024575140626314e-01 
+1.5625000000000000e-02 +9.0797796409297105e-01 
+8.5937500000000000e-02 +7.0684901501103559e-01 
+7.8125000000000000e-02 +7.8114444494809765e-01 
+1.0937500000000000e-01 +7.8741704514195887e-01 
+1.0156250000000000e-01 +6.8131128040045097e-01 
+9.3750000000000000e-02 +7.5354476667635484e-01 
+3.1250000000000000e-02 +8.8742656389500585e-01 
+2.7343750000000000e-02 +8.3464054305846314e-01 
+2.3437500000000000e-02 +8.7939529658299309e-01 
+1.1718750000000000e-01 +6.5767340155927112e-01 
+1.0937500000000000e-01 +7.2816424311784078e-01 
+1.4062500000000000e-01 +7.4012482443824068e-01 
+1.3281250000000000e-01 +6.3556550657216870e-01 
+1.2500000000000000e-01 +7.0454062779001170e-01 
+3.9062500000000000e-02 +8.6583980737027499e-01 
+3.5156250000000000e-02 +8.1250000000000000e-01 
+3.1250000000000000e-02 +8.5529899323091652e-01 
+1.4843750000000000e-01 +6.1472412481443905e-01 
+1.4062500000000000e-01 +6.8235284318952694e-01 
+1.1718750000000000e-02 +9.2501662359475245e-01 
+1.3671875000000000e-02 +8.8307320666331435e-01 
+1.1718750000000000e-02 +9.0837765040238772e-01 
+9.7656250000000000e-03 +9.0117882311973818e-01 
+1.7187500000000000e-01 +6.9785539639672645e-01 
+1.6406250000000000e-01 +5.9495370634950873e-01 
+1.5625000000000000e-01 +6.6136711474055010e-01 
+4.2968750000000000e-02 +7.9271095060278751e-01 
+3.9062500000000000e-02 +8.3406972380884770e-01 
+1.7968750000000000e-01 +5.7610437605467069e-01 
+1.7187500000000000e-01 +6.4140696152153731e-01 
+1.9531250000000000e-03 +9.7299721792768235e-01 
+2.0312500000000000e-01 +6.5928369372658246e-01 
+1.9531250000000000e-01 +5.5805826175840778e-01 
+1.8750000000000000e-01 +6.2233527541151712e-01 
+5.4687500000000000e-02 +8.2837714738746837e-01 
+5.0781250000000000e-02 +7.7465304528350065e-01 
+4.6875000000000000e-02 +8.1487699718950501e-01 
+2.1093750000000000e-01 +5.4072067322815409e-01 
+2.0312500000000000e-01 +6.0404302151947575e-01 
+2.3437500000000000e-01 +6.2358149663205331e-01 
+2.2656250000000000e-01 +5.2401418088350571e-01 
+2.1875000000000000e-01 +5.8644179477493685e-01 
+5.8593750000000000e-02 +7.5793854086203649e-01 
+5.4687500000000000e-02 +7.9722746354935847e-01 
+2.4218750000000000e-01 +5.0787450787426180e-01 
+2.3437500000000000e-01 +5.6945873672423108e-01 
+6.8750000000000000e-01 +2.5508579279345289e-01 
+8.1250000000000000e-01 +1.7794238745316490e-01 
+9.3750000000000000e-01 +1.0653799326410646e-01 
+4.3750000000000000e-01 +4.3420909028391785e-01 
+5.6250000000000000e-01 +3.3962464887648142e-01 
+3.7500000000000000e-01 +4.8661095198573912e-01 
+1.0000000000000000e+00 +7.2624531835308689e-02 
+7.5000000000000000e-01 +2.1570946331570359e-01 
+2.8125000000000000e-01 +5.7423221998775442e-01 
+2.6562500000000000e-01 +5.9019015769348326e-01 
+6.4062500000000000e-01 +2.8580753958812938e-01 
+6.0937500000000000e-01 +3.0691740175286880e-01 
+8.9062500000000000e-01 +1.3272166107061636e-01 
+8.5937500000000000e-01 +1.5056206797244454e-01 
+5.1562500000000000e-01 +3.7372555051199835e-01 
+4.8437500000000000e-01 +3.9732813173335652e-01 
+3.2812500000000000e-01 +5.2885087654837837e-01 
+2.9687500000000000e-01 +5.5871173595199775e-01 
+7.9687500000000000e-01 +1.8724388686895002e-01 
+7.6562500000000000e-01 +2.0612459035589500e-01 
+7.3437500000000000e-01 +2.2539470964953306e-01 
+7.0312500000000000e-01 +2.4507938244330629e-01 
+9.8437500000000000e-01 +8.1001135425876655e-02 
+9.5312500000000000e-01 +9.7956211206070523e-02 
+4.2187500000000000e-01 +4.4693834748677774e-01 
+3.9062500000000000e-01 +4.7312470739706786e-01 
+3.5937500000000000e-01 +5.0038121098287891e-01 
+5.7812500000000000e-01 +3.2857584623835734e-01 
+5.4687500000000000e-01 +3.5082800274374304e-01 
+4.5312500000000000e-01 +4.2170518310454125e-01 
+9.2187500000000000e-01 +1.1519159315438728e-01 
+8.2812500000000000e-01 +1.6872990374475086e-01 
+6.7187500000000000e-01 +2.6520657326053504e-01 
+2.5781250000000000e-01 +4.9224759971025245e-01 
+2.5000000000000000e-01 +5.5303295758603599e-01 
+6.9531250000000000e-01 +1.6614599599210411e-01 
+6.8750000000000000e-01 +2.1250142304307476e-01 
+6.7968750000000000e-01 +1.7556837760794253e-01 
+8.2031250000000000e-01 +9.4288953363160122e-02 
+8.1250000000000000e-01 +1.3777354303895165e-01 
+8.0468750000000000e-01 +1.0295624409954229e-01 
+9.4531250000000000e-01 +2.7728175868497185e-02 
+9.3750000000000000e-01 +6.8604973448462087e-02 
+9.2968750000000000e-01 +3.5796961216155498e-02 
+4.4531250000000000e-01 +3.3268260924804305e-01 
+4.3750000000000000e-01 +3.8601598623568156e-01 
+4.2968750000000000e-01 +3.4449446989365529e-01 
+5.7031250000000000e-01 +2.4480962665033923e-01 
+5.6250000000000000e-01 +2.9439318637905393e-01 
+5.5468750000000000e-01 +2.5522654451168847e-01 
+3.8281250000000000e-01 +3.8128156646177092e-01 
+3.7500000000000000e-01 +4.3677703335270962e-01 
+3.6718750000000000e-01 +3.9404001782295883e-01 
+1.0000000000000000e+00 +3.5753415172072034e-02 
+9.9218750000000000e-01 +3.9139093431732608e-03 
+7.5781250000000000e-01 +1.2947573267599255e-01 
+7.5000000000000000e-01 +1.7435805082303424e-01 
+7.4218750000000000e-01 +1.3849695299436116e-01 
+2.8906250000000000e-01 +4.6235467080983583e-01 
+2.8125000000000000e-01 +5.2165469168501766e-01 
+2.7343750000000000e-01 +4.7708748341620277e-01 
+6.4843750000000000e-01 +1.9474382957967962e-01 
+6.4062500000000000e-01 +2.4226120611024343e-01 
+6.3281250000000000e-01 +2.0450487116513405e-01 
+6.1718750000000000e-01 +2.1438718187646655e-01 
+6.0937500000000000e-01 +2.6271007325308887e-01 
+6.0156250000000000e-01 +2.2439539712557144e-01 
+8.9843750000000000e-01 +5.2140569493556166e-02 
+8.9062500000000000e-01 +9.3968774505489489e-02 
+8.8281250000000000e-01 +6.0418976351693243e-02 
+8.6718750000000000e-01 +6.8770973390541279e-02 
+8.5937500000000000e-01 +1.1125056003600578e-01 
+8.5156250000000000e-01 +7.7198558735412481e-02 
+5.2343750000000000e-01 +2.7651019357561091e-01 
+5.1562500000000000e-01 +3.2742631570761455e-01 
+5.0781250000000000e-01 +2.8739035931303880e-01 
+4.9218750000000000e-01 +2.9843923997988597e-01 
+4.8437500000000000e-01 +3.5028984953162762e-01 
+4.7656250000000000e-01 +3.0966493642579618e-01 
+3.3593750000000000e-01 +4.2039884403151850e-01 
+3.2812500000000000e-01 +4.7769433535897254e-01 
+3.2031250000000000e-01 +4.3403842886641142e-01 
+3.0468750000000000e-01 +4.4801494585450952e-01 
+2.9687500000000000e-01 +5.0662018726414237e-01 
+7.9687500000000000e-01 +1.4678379257532018e-01 
+7.8906250000000000e-01 +1.1170809977800655e-01 
+7.7343750000000000e-01 +1.2054704503310698e-01 
+7.6562500000000000e-01 +1.6507330077556298e-01 
+7.3437500000000000e-01 +1.8374003133909009e-01 
+7.2656250000000000e-01 +1.4761364393838405e-01 
+7.1093750000000000e-01 +1.5682890229799740e-01 
+7.0312500000000000e-01 +2.0280833484429306e-01 
+9.8437500000000000e-01 +4.3867729353522379e-02 
+9.7656250000000000e-01 +1.1788231197381482e-02 
+9.6093750000000000e-01 +1.9725803665117336e-02 
+9.5312500000000000e-01 +6.0291905377048795e-02 
+4.2187500000000000e-01 +3.9834666311727568e-01 
+4.1406250000000000e-01 +3.5652311618831245e-01 
+3.9843750000000000e-01 +3.6878094135237016e-01 
+3.9062500000000000e-01 +4.2371307198254499e-01 
+3.5937500000000000e-01 +4.5011611603158308e-01 
+3.5156250000000000e-01 +4.0707293871842887e-01 
+5.8593750000000000e-01 +2.3453445538025686e-01 
+5.7812500000000000e-01 +2.8369034542863281e-01 
+5.4687500000000000e-01 +3.0524573922843168e-01 
+5.3906250000000000e-01 +2.6579124222057937e-01 
+4.6093750000000000e-01 +3.2107621929998653e-01 
+4.5312500000000000e-01 +3.7390360318542026e-01 
+9.2187500000000000e-01 +7.6987610581890284e-02 
+9.1406250000000000e-01 +4.3933841201352797e-02 
+8.3593750000000000e-01 +8.5703822604512925e-02 
+8.2812500000000000e-01 +1.2884952193739979e-01 
+6.7187500000000000e-01 +2.2230530018534045e-01 
+6.6406250000000000e-01 +1.8509969934966886e-01 
+7.0312500000000000e-02 +7.9598359584250888e-01 
+6.6406250000000000e-02 +7.4230589839889616e-01 
+6.2500000000000000e-02 +7.8079967818594209e-01 
+1.9531250000000000e-02 +8.9296660372498993e-01 
+1.7578125000000000e-02 +8.6741747852752238e-01 
+1.5625000000000000e-02 +8.9148427819086740e-01 
+7.4218750000000000e-02 +7.2756881602870793e-01 
+7.0312500000000000e-02 +7.6537036484637488e-01 
+8.5937500000000000e-02 +7.6703048525341133e-01 
+8.2031250000000000e-02 +7.1358901906526007e-01 
+7.8125000000000000e-02 +7.5077695744997974e-01 
+2.1484375000000000e-02 +8.5342450750551779e-01 
+1.9531250000000000e-02 +8.7660091849516730e-01 
+8.9843750000000000e-02 +7.0026052979295506e-01 
+8.5937500000000000e-02 +7.3689673173717074e-01 
+1.0156250000000000e-01 +7.4061018990610639e-01 
+9.7656250000000000e-02 +6.8750000000000000e-01 
+9.3750000000000000e-02 +7.2363434316598618e-01 
+2.7343750000000000e-02 +8.6691519166126529e-01 
+2.5390625000000000e-02 +8.4065564020022543e-01 
+2.3437500000000000e-02 +8.6314533280647809e-01 
+1.0546875000000000e-01 +6.7524047358083550e-01 
+1.0156250000000000e-01 +7.1091396922738848e-01 
+5.8593750000000000e-03 +9.4036172890323899e-01 
+1.1718750000000000e-01 +7.1615540760490204e-01 
+1.1328125000000000e-01 +6.6342719955409346e-01 
+1.0937500000000000e-01 +6.9867413332253081e-01 
+2.9296875000000000e-02 +8.2883670077963556e-01 
+2.7343750000000000e-02 +8.5077164474377998e-01 
+1.2109375000000000e-01 +6.5201472732312360e-01 
+1.1718750000000000e-01 +6.8686416991939436e-01 
+1.3281250000000000e-01 +6.9328348399957329e-01 
+1.2890625000000000e-01 +6.4096483459137321e-01 
+1.2500000000000000e-01 +6.7544173646183314e-01 
+3.5156250000000000e-02 +8.4438882113945657e-01 
+3.3203125000000000e-02 +8.1778275328608441e-01 
+3.1250000000000000e-02 +8.3925449671072927e-01 
+1.3671875000000000e-01 +6.3024501355627405e-01 
+1.3281250000000000e-01 +6.6437101640361607e-01 
+7.8125000000000000e-03 +9.2841631085536458e-01 
+1.4843750000000000e-01 +6.7172184316174688e-01 
+1.4453125000000000e-01 +6.1982734185636135e-01 
+1.4062500000000000e-01 +6.5362139227891303e-01 
+3.7109375000000000e-02 +8.0736206240721953e-01 
+3.5156250000000000e-02 +8.2843735478630121e-01 
+1.5234375000000000e-01 +6.0968762510010011e-01 
+1.4843750000000000e-01 +6.4316644674055945e-01 
+1.6406250000000000e-01 +6.5126817712800356e-01 
+1.6015625000000000e-01 +5.9980473516044697e-01 
+1.5625000000000000e-01 +6.3298319761769539e-01 
+4.2968750000000000e-02 +8.2425492208292050e-01 
+4.1015625000000000e-02 +7.9747685317475436e-01 
+3.9062500000000000e-02 +8.1820624757539306e-01 
+1.6796875000000000e-01 +5.9016009223112498e-01 
+1.6406250000000000e-01 +6.2305150328428338e-01 
+9.7656250000000000e-03 +9.1789218628769653e-01 
+1.7968750000000000e-01 +6.3176743122855661e-01 
+1.7578125000000000e-01 +5.8073725421878941e-01 
+1.7187500000000000e-01 +6.1335359416584101e-01 
+4.4921875000000000e-02 +7.8805218802733534e-01 
+4.2968750000000000e-02 +8.0847513588077735e-01 
+1.8359375000000000e-01 +5.7152158747493476e-01 
+1.7968750000000000e-01 +6.0387369914513989e-01 
+1.9531250000000000e-01 +6.1309765973751473e-01 
+1.9140625000000000e-01 +5.6250000000000000e-01 
+1.8750000000000000e-01 +5.9459774437900992e-01 
+5.0781250000000000e-02 +8.0588233451829394e-01 
+4.8828125000000000e-02 +7.7902913087920389e-01 
+4.6875000000000000e-02 +7.9917717580477554e-01 
+1.9921875000000000e-01 +5.5366072321607185e-01 
+1.9531250000000000e-01 +5.8551310807729140e-01 
+2.1093750000000000e-01 +5.9516090001453215e-01 
+2.0703125000000000e-01 +5.4499313191996768e-01 
+2.0312500000000000e-01 +5.7660841903658788e-01 
+5.2734375000000000e-02 +7.7036033661407699e-01 
+5.0781250000000000e-02 +7.9025920990458565e-01 
+2.1484375000000000e-01 +5.3648759455652106e-01 
+2.1093750000000000e-01 +5.6787338974897927e-01 
+2.2656250000000000e-01 +5.7787704658376804e-01 
+2.2265625000000000e-01 +5.2813534779557814e-01 
+2.1875000000000000e-01 +5.5929867709871683e-01 
+5.8593750000000000e-02 +7.8887655834143566e-01 
+5.6640625000000000e-02 +7.6200709044175285e-01 
+5.4687500000000000e-02 +7.8167813832993360e-01 
+2.3046875000000000e-01 +5.1992839075821196e-01 
+2.2656250000000000e-01 +5.5087576526968896e-01 
+1.3671875000000000e-02 +8.9962813166496680e-01 
+2.4218750000000000e-01 +5.6117960124590249e-01 
+2.3828125000000000e-01 +5.1185939525583413e-01 
+2.3437500000000000e-01 +5.4259686668287144e-01 
+6.0546875000000000e-02 +7.5393725393713096e-01 
+5.8593750000000000e-02 +7.7339844062450014e-01 
+2.4609375000000000e-01 +5.0392162917538919e-01 
+2.4218750000000000e-01 +5.3445483768236435e-01 
+6.5625000000000000e-01 +2.3222385425600711e-01 
+8.4375000000000000e-01 +1.2000930002906438e-01 
+9.0625000000000000e-01 +8.5441593167535967e-02 
+4.6875000000000000e-01 +3.6199831520980386e-01 
+5.3125000000000000e-01 +3.1625446799914664e-01 
+5.9375000000000000e-01 +2.7313118632349392e-01 
+3.4375000000000000e-01 +4.6374847050682272e-01 
+4.0625000000000000e-01 +4.1090787981221277e-01 
+9.6875000000000000e-01 +5.2046702491805132e-02 
+7.1875000000000000e-01 +1.9322236245711324e-01 
+7.8125000000000000e-01 +1.5588281947502927e-01 
+3.1250000000000000e-01 +4.9197638989619541e-01 
+5.0000000000000000e-01 +3.3876875558002345e-01 
+8.7500000000000000e-01 +1.0257108954987362e-01 
+6.2500000000000000e-01 +2.5242172948109998e-01 
+2.6562500000000000e-01 +5.3711295216401400e-01 
+2.5781250000000000e-01 +5.4501264143705508e-01 
+6.9531250000000000e-01 +2.0764126473348787e-01 
+6.7968750000000000e-01 +2.1738927523486914e-01 
+8.2031250000000000e-01 +1.3330090847284604e-01 
+8.0468750000000000e-01 +1.4226773284501520e-01 
+9.4531250000000000e-01 +6.4439851422532182e-02 
+9.2968750000000000e-01 +7.2787486607478608e-02 
+4.4531250000000000e-01 +3.7993323093389464e-01 
+4.2968750000000000e-01 +3.9215329867353421e-01 
+5.7031250000000000e-01 +2.8902343847651363e-01 
+5.5468750000000000e-01 +2.9980035548587874e-01 
+3.8281250000000000e-01 +4.3021172363252053e-01 
+3.6718750000000000e-01 +4.4341109539657275e-01 
+9.9218750000000000e-01 +3.9802585640244782e-02 
+7.5781250000000000e-01 +1.6970371067677226e-01 
+7.4218750000000000e-01 +1.7903669611337483e-01 
+2.8906250000000000e-01 +5.1408664027101358e-01 
+2.7343750000000000e-01 +5.2932860539799798e-01 
+6.4843750000000000e-01 +2.3722741327791128e-01 
+6.3281250000000000e-01 +2.4732578752752635e-01 
+6.1718750000000000e-01 +2.5754962185302788e-01 
+6.0156250000000000e-01 +2.6790371186190259e-01 
+8.9843750000000000e-01 +8.9695915029732398e-02 
+8.8281250000000000e-01 +9.8260416052719957e-02 
+8.6718750000000000e-01 +1.0690105046571610e-01 
+8.5156250000000000e-01 +1.1561988544741529e-01 
+5.2343750000000000e-01 +3.2181954798324913e-01 
+5.0781250000000000e-01 +3.3307572229133880e-01 
+4.9218750000000000e-01 +3.4450644216240522e-01 
+4.7656250000000000e-01 +3.5612008840404225e-01 
+3.3593750000000000e-01 +4.7068085851603858e-01 
+3.2031250000000000e-01 +4.8479181492025836e-01 
+3.0468750000000000e-01 +4.9925134754454714e-01 
+7.8906250000000000e-01 +1.5132204464627327e-01 
+7.7343750000000000e-01 +1.6046645576023408e-01 
+7.2656250000000000e-01 +1.8846845155308220e-01 
+7.1093750000000000e-01 +1.9800218080805673e-01 
+9.7656250000000000e-01 +4.7949036851375006e-02 
+9.6093750000000000e-01 +5.6160924559351164e-02 
+4.1406250000000000e-01 +4.0459764397585352e-01 
+3.9843750000000000e-01 +4.1727908835956179e-01 
+3.5156250000000000e-01 +4.5689442211082498e-01 
+5.8593750000000000e-01 +2.7839316669088704e-01 
+5.3906250000000000e-01 +3.1073015947907262e-01 
+4.6093750000000000e-01 +3.6792573477107715e-01 
+9.1406250000000000e-01 +8.1205569718319146e-02 
+8.3593750000000000e-01 +1.2441908345205185e-01 
+6.6406250000000000e-01 +2.2724999073319005e-01 
+2.5390625000000000e-01 +4.9610889073134068e-01 
+2.5000000000000000e-01 +5.2644310637188430e-01 
+6.6015625000000000e-01 +1.8750000000000000e-01 
+6.5625000000000000e-01 +2.1094675656856671e-01 
+6.5234375000000000e-01 +1.9232200104249464e-01 
+8.4765625000000000e-01 +7.9317508583985341e-02 
+8.4375000000000000e-01 +1.0059052949795848e-01 
+8.3984375000000000e-01 +8.3570106336551264e-02 
+9.1015625000000000e-01 +4.5978904845390800e-02 
+9.0625000000000000e-01 +6.6595280539377993e-02 
+9.0234375000000000e-01 +5.0082240401833511e-02 
+4.7265625000000000e-01 +3.1250000000000000e-01 
+4.6875000000000000e-01 +3.3857208983878878e-01 
+4.6484375000000000e-01 +3.1820549283526789e-01 
+5.3515625000000000e-01 +2.6845625558002340e-01 
+5.3125000000000000e-01 +2.9358578280723208e-01 
+5.2734375000000000e-01 +2.7381562258610936e-01 
+5.9765625000000000e-01 +2.2691769519668870e-01 
+5.9375000000000000e-01 +2.5117664348111873e-01 
+5.8984375000000000e-01 +2.3198714203471826e-01 
+3.4765625000000000e-01 +4.1037617924646230e-01 
+3.4375000000000000e-01 +4.3863721347434143e-01 
+3.3984375000000000e-01 +4.1703880918194902e-01 
+4.1015625000000000e-01 +3.5956557712752513e-01 
+4.0625000000000000e-01 +3.8667168845477706e-01 
+4.0234375000000000e-01 +3.6569427718173630e-01 
+9.7265625000000000e-01 +1.3766635121281290e-02 
+9.6875000000000000e-01 +3.3753425364728654e-02 
+9.6484375000000000e-01 +1.7735397156143029e-02 
+7.2265625000000000e-01 +1.4990809320403475e-01 
+7.1875000000000000e-01 +1.7259114829027980e-01 
+7.1484375000000000e-01 +1.5451567134570732e-01 
+7.8515625000000000e-01 +1.1390957007763591e-01 
+7.8125000000000000e-01 +1.3586996615458288e-01 
+7.7734375000000000e-01 +1.1832900127088219e-01 
+3.1640625000000000e-01 +4.3750000000000000e-01 
+3.1250000000000000e-01 +4.6639766489995949e-01 
+3.0859375000000000e-01 +4.4448784891777571e-01 
+5.0390625000000000e-01 +2.9013645677496580e-01 
+5.0000000000000000e-01 +3.1572722292366634e-01 
+4.9609375000000000e-01 +2.9566077065095975e-01 
+8.7890625000000000e-01 +6.2500000000000000e-02 
+8.7500000000000000e-01 +8.3441104197433696e-02 
+8.7109375000000000e-01 +6.6675967308245099e-02 
+6.2890625000000000e-01 +2.0696390372190498e-01 
+6.2500000000000000e-01 +2.3081014523539065e-01 
+6.2109375000000000e-01 +2.1190498669259428e-01 
+2.6953125000000000e-01 +4.8083600856762032e-01 
+2.6562500000000000e-01 +5.1078674392031775e-01 
+2.6171875000000000e-01 +4.8841545175797185e-01 
+6.9921875000000000e-01 +1.6380698998377174e-01 
+6.9531250000000000e-01 +1.8677126658850363e-01 
+6.9140625000000000e-01 +1.6849158152187060e-01 
+6.8359375000000000e-01 +1.7320271529231546e-01 
+6.7968750000000000e-01 +1.9635784533301753e-01 
+6.7578125000000000e-01 +1.7794084762713092e-01 
+8.2421875000000000e-01 +9.2135059604128156e-02 
+8.2031250000000000e-01 +1.1366202249332431e-01 
+8.1640625000000000e-01 +9.6447981574939945e-02 
+8.0859375000000000e-01 +1.0078158937886506e-01 
+8.0468750000000000e-01 +1.2248035192781190e-01 
+8.0078125000000000e-01 +1.0513618354522791e-01 
+9.4921875000000000e-01 +2.5721420742506496e-02 
+9.4531250000000000e-01 +4.5941337770041203e-02 
+9.4140625000000000e-01 +2.9739081483748486e-02 
+9.3359375000000000e-01 +3.3773447891230823e-02 
+9.2968750000000000e-01 +5.4150732088976666e-02 
+9.2578125000000000e-01 +3.7824730103709236e-02 
+4.4921875000000000e-01 +3.2976216907727451e-01 
+4.4531250000000000e-01 +3.5620999470572040e-01 
+4.4140625000000000e-01 +3.3561588670408438e-01 
+4.3359375000000000e-01 +3.4152164044670386e-01 
+4.2968750000000000e-01 +3.6822769222797375e-01 
+4.2578125000000000e-01 +3.4748084319309058e-01 
+5.7421875000000000e-01 +2.4222777168861620e-01 
+5.7031250000000000e-01 +2.6680571227120725e-01 
+5.6640625000000000e-01 +2.4740033882548151e-01 
+5.5859375000000000e-01 +2.5260870355616261e-01 
+5.5468750000000000e-01 +2.7740415833553289e-01 
+5.5078125000000000e-01 +2.5785361956013020e-01 
+3.8671875000000000e-01 +3.7813285180836254e-01 
+3.8281250000000000e-01 +4.0565585130820808e-01 
+3.7890625000000000e-01 +3.8444638738774350e-01 
+3.7109375000000000e-01 +3.9082535344943981e-01 
+3.6718750000000000e-01 +4.1863663510776072e-01 
+3.6328125000000000e-01 +3.9727182743794032e-01 
+9.9609375000000000e-01 +1.9550360830430380e-03 
+9.9218750000000000e-01 +2.1712076995450597e-02 
+9.8828125000000000e-01 +5.8766424633208691e-03 
+7.6171875000000000e-01 +1.2723499726444121e-01 
+7.5781250000000000e-01 +1.4946197673008377e-01 
+7.5390625000000000e-01 +1.3172225065938725e-01 
+7.4609375000000000e-01 +1.3623281493217165e-01 
+7.4218750000000000e-01 +1.5864040342512212e-01 
+7.3828125000000000e-01 +1.4076705719577998e-01 
+2.9296875000000000e-01 +4.5873412263472579e-01 
+2.8906250000000000e-01 +4.8814175886139688e-01 
+2.8515625000000000e-01 +4.6599976591765435e-01 
+2.7734375000000000e-01 +4.7336563917647756e-01 
+2.7343750000000000e-01 +5.0313130969233444e-01 
+6.4843750000000000e-01 +2.1586745423908210e-01 
+6.4453125000000000e-01 +1.9717296383342942e-01 
+6.3671875000000000e-01 +2.0205341657476850e-01 
+6.3281250000000000e-01 +2.2579859453912465e-01 
+6.1718750000000000e-01 +2.3585311723566821e-01 
+6.1328125000000000e-01 +2.1687724461614577e-01 
+6.0546875000000000e-01 +2.2188127512570421e-01 
+6.0156250000000000e-01 +2.4603573851862626e-01 
+8.9843750000000000e-01 +7.0779148779022708e-02 
+8.9453125000000000e-01 +5.4203378098652721e-02 
+8.8671875000000000e-01 +5.8342551667539766e-02 
+8.8281250000000000e-01 +7.9201817533093674e-02 
+8.6718750000000000e-01 +8.7699358871503846e-02 
+8.6328125000000000e-01 +7.0870703292593373e-02 
+8.5546875000000000e-01 +7.5084463315703620e-02 
+8.5156250000000000e-01 +9.6273805739471155e-02 
+5.2343750000000000e-01 +2.9905870238190402e-01 
+5.1953125000000000e-01 +2.7921483783307521e-01 
+5.1171875000000000e-01 +2.8465480360877515e-01 
+5.0781250000000000e-01 +3.1012846901286772e-01 
+4.9218750000000000e-01 +3.2136989064807525e-01 
+4.8828125000000000e-01 +3.0122875703131569e-01 
+4.8046875000000000e-01 +3.0684146834941139e-01 
+4.7656250000000000e-01 +3.3279120930490319e-01 
+3.3593750000000000e-01 +4.4545479779356784e-01 
+3.3203125000000000e-01 +4.2377847141919456e-01 
+3.2421875000000000e-01 +4.3059790130348130e-01 
+3.2031250000000000e-01 +4.5933206995184939e-01 
+3.0468750000000000e-01 +4.7355214573982368e-01 
+3.0078125000000000e-01 +4.5156472578799234e-01 
+7.9296875000000000e-01 +1.0951207195156210e-01 
+7.8906250000000000e-01 +1.3138471995735418e-01 
+7.7343750000000000e-01 +1.4037769521151217e-01 
+7.6953125000000000e-01 +1.2277069702386256e-01 
+7.3046875000000000e-01 +1.4532535430141602e-01 
+7.2656250000000000e-01 +1.6791596444436174e-01 
+7.1093750000000000e-01 +1.7729181054329021e-01 
+7.0703125000000000e-01 +1.5914849705789313e-01 
+9.8046875000000000e-01 +9.8137801403213043e-03 
+9.7656250000000000e-01 +2.9723619044238210e-02 
+9.6093750000000000e-01 +3.7799513929914090e-02 
+9.5703125000000000e-01 +2.1720259843841960e-02 
+4.1796875000000000e-01 +3.5349497295071242e-01 
+4.1406250000000000e-01 +3.8046595316826520e-01 
+3.9843750000000000e-01 +3.9293738671476836e-01 
+3.9453125000000000e-01 +3.7188277367994438e-01 
+3.5546875000000000e-01 +4.0378799911440899e-01 
+3.5156250000000000e-01 +4.3189667142654298e-01 
+5.8593750000000000e-01 +2.5635148291496535e-01 
+5.8203125000000000e-01 +2.3709027401664362e-01 
+5.4296875000000000e-01 +2.6313586734052530e-01 
+5.3906250000000000e-01 +2.8815295950147418e-01 
+4.6093750000000000e-01 +3.4440134847242126e-01 
+4.5703125000000000e-01 +3.2395913585050196e-01 
+9.1796875000000000e-01 +4.1893142702756792e-02 
+9.1406250000000000e-01 +6.2429407682165670e-02 
+8.3593750000000000e-01 +1.0492728477994465e-01 
+8.3203125000000000e-01 +8.7842530042098521e-02 
+6.6796875000000000e-01 +1.8270644808612369e-01 
+6.6406250000000000e-01 +2.0605526262534674e-01 
+6.6406250000000000e-02 +7.7297149696015877e-01 
+6.4453125000000000e-02 +7.4612379985512622e-01 
+6.2500000000000000e-02 +7.6539043138173479e-01 
+6.8359375000000000e-02 +7.3854374170810133e-01 
+6.6406250000000000e-02 +7.5762900043274695e-01 
+7.4218750000000000e-02 +7.5797760195926878e-01 
+7.2265625000000000e-02 +7.3117733540491792e-01 
+7.0312500000000000e-02 +7.5009268256609385e-01 
+1.7578125000000000e-02 +8.8383540378304704e-01 
+7.6171875000000000e-02 +7.2400747292725476e-01 
+7.4218750000000000e-02 +7.4276295717834606e-01 
+8.2031250000000000e-02 +7.4375418903815216e-01 
+8.0078125000000000e-02 +7.1701921443320571e-01 
+7.8125000000000000e-02 +7.3562371199033449e-01 
+8.3984375000000000e-02 +7.1019942201575925e-01 
+8.2031250000000000e-02 +7.2866082616449190e-01 
+8.9843750000000000e-02 +7.3019343368309642e-01 
+8.7890625000000000e-02 +7.0353646935921443e-01 
+8.5937500000000000e-02 +7.2186184185484159e-01 
+2.1484375000000000e-02 +8.6971998342742085e-01 
+9.1796875000000000e-02 +6.9702000891147942e-01 
+8.9843750000000000e-02 +7.1521570228849851e-01 
+9.7656250000000000e-02 +7.1721053523242762e-01 
+9.5703125000000000e-02 +6.9064078323088540e-01 
+9.3750000000000000e-02 +7.0871254061295630e-01 
+9.9609375000000000e-02 +6.8439047067618508e-01 
+9.7656250000000000e-02 +7.0234350797716849e-01 
+1.0546875000000000e-01 +7.0473737078425736e-01 
+1.0351562500000000e-01 +6.7826155809415622e-01 
+1.0156250000000000e-01 +6.9610063228812680e-01 
+2.5390625000000000e-02 +8.5683937864406345e-01 
+1.0742187500000000e-01 +6.7224723494682759e-01 
+1.0546875000000000e-01 +6.8997670120716337e-01 
+1.1328125000000000e-01 +6.9271823525088871e-01 
+1.1132812500000000e-01 +6.6634130462402152e-01 
+1.0937500000000000e-01 +6.8396516448755984e-01 
+1.1523437500000000e-01 +6.6053810964999327e-01 
+1.1328125000000000e-01 +6.7806005188362495e-01 
+1.2109375000000000e-01 +6.8110688600051827e-01 
+1.1914062500000000e-01 +6.5483246821289809e-01 
+1.1718750000000000e-01 +6.7225590370018629e-01 
+2.9296875000000000e-02 +8.4491701435009325e-01 
+1.2304687500000000e-01 +6.4921961998994293e-01 
+1.2109375000000000e-01 +6.6654771168198168e-01 
+1.2890625000000000e-01 +6.6986443466387380e-01 
+1.2695312500000000e-01 +6.4369517965651935e-01 
+1.2500000000000000e-01 +6.6093086842145854e-01 
+1.3085937500000000e-01 +6.3825509678780545e-01 
+1.2890625000000000e-01 +6.5540112383098414e-01 
+1.3671875000000000e-01 +6.5895780694808170e-01 
+1.3476562500000000e-01 +6.3289562111028963e-01 
+1.3281250000000000e-01 +6.4995454750997761e-01 
+3.3203125000000000e-02 +8.3376633625498875e-01 
+1.3867187500000000e-01 +6.2761327225584429e-01 
+1.3671875000000000e-01 +6.4458749605961518e-01 
+1.4453125000000000e-01 +6.4835859390858519e-01 
+1.4257812500000000e-01 +6.2240481332516961e-01 
+1.4062500000000000e-01 +6.3929658457260219e-01 
+1.4648437500000000e-01 +6.1726722769012843e-01 
+1.4453125000000000e-01 +6.3407866166412219e-01 
+1.5234375000000000e-01 +6.3804217953543241e-01 
+1.5039062500000000e-01 +6.1219769856278572e-01 
+1.4843750000000000e-01 +6.2893078752077902e-01 
+3.7109375000000000e-02 +8.2325445626038951e-01 
+1.5429687500000000e-01 +6.0719359093823333e-01 
+1.5234375000000000e-01 +6.2385021453330636e-01 
+1.6015625000000000e-01 +6.2798706751676925e-01 
+1.5820312500000000e-01 +6.0225243558256703e-01 
+1.5625000000000000e-01 +6.1883437015078624e-01 
+1.6210937500000000e-01 +5.9737191478983975e-01 
+1.6015625000000000e-01 +6.1388084165264911e-01 
+1.6796875000000000e-01 +6.1817435426927714e-01 
+1.6601562500000000e-01 +5.9254984967483448e-01 
+1.6406250000000000e-01 +6.0898736258262420e-01 
+4.1015625000000000e-02 +8.1328274379131205e-01 
+1.6992187500000000e-01 +5.8778418880397121e-01 
+1.6796875000000000e-01 +6.0415180062817952e-01 
+1.7578125000000000e-01 +6.0858731117496967e-01 
+1.7382812500000000e-01 +5.8307299799605206e-01 
+1.7187500000000000e-01 +5.9937214676155470e-01 
+1.7773437500000000e-01 +5.7841445114899870e-01 
+1.7578125000000000e-01 +5.9464650548550180e-01 
+1.8359375000000000e-01 +5.9921104957517890e-01 
+1.8164062500000000e-01 +5.7380682196919208e-01 
+1.7968750000000000e-01 +5.8997308604940790e-01 
+4.4921875000000000e-02 +8.0377560552470395e-01 
+1.8554687500000000e-01 +5.6924847649718058e-01 
+1.8359375000000000e-01 +5.8535019452035275e-01 
+1.9140625000000000e-01 +5.9003224932539866e-01 
+1.8945312500000000e-01 +5.6473786633799627e-01 
+1.8750000000000000e-01 +5.8077622660955119e-01 
+1.9335937500000000e-01 +5.6027352251655349e-01 
+1.9140625000000000e-01 +5.7624966116803589e-01 
+1.9921875000000000e-01 +5.8103893676509644e-01 
+1.9726562500000000e-01 +5.5585404988900322e-01 
+1.9531250000000000e-01 +5.7176905427682312e-01 
+4.8828125000000000e-02 +7.9467358963841161e-01 
+2.0117187500000000e-01 +5.5147812204977109e-01 
+1.9921875000000000e-01 +5.6733303386646661e-01 
+2.0703125000000000e-01 +5.7222030153324677e-01 
+2.0507812500000000e-01 +5.4714447668158006e-01 
+2.0312500000000000e-01 +5.6294029480917107e-01 
+2.0898437500000000e-01 +5.4285191130225652e-01 
+2.0703125000000000e-01 +5.5858959443370537e-01 
+2.1484375000000000e-01 +5.6356654423243602e-01 
+2.1289062500000000e-01 +5.3859927936770624e-01 
+2.1093750000000000e-01 +5.5427974841943450e-01 
+5.2734375000000000e-02 +7.8592893670971720e-01 
+2.1679687500000000e-01 +5.3438548669527064e-01 
+2.1484375000000000e-01 +5.5000962703101930e-01 
+2.2265625000000000e-01 +5.5506874882020196e-01 
+2.2070312500000000e-01 +5.3020948817584657e-01 
+2.1875000000000000e-01 +5.4577815165986732e-01 
+2.2460937500000000e-01 +5.2607028474677808e-01 
+2.2265625000000000e-01 +5.4158429164232791e-01 
+2.3046875000000000e-01 +5.4671877499200316e-01 
+2.2851562500000000e-01 +5.2196692060067640e-01 
+2.2656250000000000e-01 +5.3742706132804219e-01 
+5.6640625000000000e-02 +7.7750259316402115e-01 
+2.3242187500000000e-01 +5.1789848060807775e-01 
+2.3046875000000000e-01 +5.3330551737481768e-01 
+2.3828125000000000e-01 +5.3850916685613159e-01 
+2.3632812500000000e-01 +5.1386408793424865e-01 
+2.3437500000000000e-01 +5.2921875624900017e-01 
+2.4023437500000000e-01 +5.0986290183255867e-01 
+2.3828125000000000e-01 +5.2516591191257445e-01 
+2.4609375000000000e-01 +5.3043307498379622e-01 
+2.4414062500000000e-01 +5.0589411559869069e-01 
+2.4218750000000000e-01 +5.2114615368022543e-01 
+6.0546875000000000e-02 +7.6936213934011266e-01 
+2.4804687500000000e-01 +5.0195695467158663e-01 
+2.4609375000000000e-01 +5.1715868423133970e-01 
+6.7187500000000000e-01 +2.0119245853855419e-01 
+8.2812500000000000e-01 +1.0928435306649335e-01 
+9.2187500000000000e-01 +5.8281299984006336e-02 
+4.5312500000000000e-01 +3.5028022050177759e-01 
+5.4687500000000000e-01 +2.8275936389616324e-01 
+5.7812500000000000e-01 +2.6156093781717016e-01 
+3.5937500000000000e-01 +4.2523061736619283e-01 
+3.9062500000000000e-01 +3.9926482046485517e-01 
+4.2187500000000000e-01 +3.7431849156851477e-01 
+9.5312500000000000e-01 +4.1862083712263271e-02 
+9.8437500000000000e-01 +2.5709899967592428e-02 
+7.0312500000000000e-01 +1.8201837234993926e-01 
+7.3437500000000000e-01 +1.6326584915035774e-01 
+7.6562500000000000e-01 +1.4490824865079729e-01 
+7.9687500000000000e-01 +1.2692162353019293e-01 
+2.9687500000000000e-01 +4.8079895391853772e-01 
+3.2812500000000000e-01 +4.5235212807630426e-01 
+4.8437500000000000e-01 +3.2705752200103660e-01 
+5.1562500000000000e-01 +3.0457261932774765e-01 
+8.5937500000000000e-01 +9.1976838464872132e-02 
+8.9062500000000000e-01 +7.4981247640404106e-02 
+6.0937500000000000e-01 +2.4092810907086493e-01 
+6.4062500000000000e-01 +2.2081788503353839e-01 
+2.8125000000000000e-01 +4.9558447969274977e-01 
+7.5000000000000000e-01 +1.5403923875801973e-01 
+1.0000000000000000e+00 +1.7729962743768368e-02 
+3.7500000000000000e-01 +4.1211243633197236e-01 
+5.6250000000000000e-01 +2.7208653455782622e-01 
+4.3750000000000000e-01 +3.6219201664506162e-01 
+9.3750000000000000e-01 +5.0037483365742805e-02 
+8.1250000000000000e-01 +1.1806058807317570e-01 
+6.8750000000000000e-01 +1.9155093833168199e-01 
+2.5781250000000000e-01 +5.1855561052776222e-01 
+2.5390625000000000e-01 +5.2248418951536379e-01 
+6.6015625000000000e-01 +2.0849739160431183e-01 
+6.5234375000000000e-01 +2.1340342222212280e-01 
+8.4765625000000000e-01 +9.8429681016786813e-02 
+8.3984375000000000e-01 +1.0275638575937411e-01 
+9.1015625000000000e-01 +6.4510109192721848e-02 
+9.0234375000000000e-01 +6.8684950653279869e-02 
+4.7265625000000000e-01 +3.3567567751134075e-01 
+4.6484375000000000e-01 +3.4148059590369439e-01 
+5.3515625000000000e-01 +2.9086441414926162e-01 
+5.2734375000000000e-01 +2.9631717502430710e-01 
+5.9765625000000000e-01 +2.4860199088047652e-01 
+5.8984375000000000e-01 +2.5375977935533589e-01 
+3.4765625000000000e-01 +4.3525747517289426e-01 
+3.3984375000000000e-01 +4.4203621001151883e-01 
+4.1015625000000000e-01 +3.8356143290577038e-01 
+4.0234375000000000e-01 +3.8979693344763355e-01 
+9.7265625000000000e-01 +3.1736499203224813e-02 
+9.6484375000000000e-01 +3.5774422025357688e-02 
+7.2265625000000000e-01 +1.7025039744201068e-01 
+7.1484375000000000e-01 +1.7493826856393549e-01 
+7.8515625000000000e-01 +1.3362455371081094e-01 
+7.7734375000000000e-01 +1.3812099918153989e-01 
+3.1640625000000000e-01 +4.6285396341836971e-01 
+3.0859375000000000e-01 +4.6996358459868975e-01 
+5.0390625000000000e-01 +3.1292242075799998e-01 
+4.9609375000000000e-01 +3.1854300291449050e-01 
+8.7890625000000000e-01 +8.1319105697282776e-02 
+8.7109375000000000e-01 +8.5567844611413951e-02 
+6.2890625000000000e-01 +2.2830047890360231e-01 
+6.2109375000000000e-01 +2.3332766660549570e-01 
+2.6953125000000000e-01 +5.0694515771982795e-01 
+2.6171875000000000e-01 +5.1465668246445673e-01 
+6.9921875000000000e-01 +1.8439150038957594e-01 
+6.9140625000000000e-01 +1.8915772696549582e-01 
+6.8359375000000000e-01 +1.9395095830632697e-01 
+6.7578125000000000e-01 +1.9877165869626698e-01 
+8.2421875000000000e-01 +1.1147059436292803e-01 
+8.1640625000000000e-01 +1.1585867455091696e-01 
+8.0859375000000000e-01 +1.2026780104928909e-01 
+8.0078125000000000e-01 +1.2469827962447932e-01 
+9.4921875000000000e-01 +4.3899612352772142e-02 
+9.4140625000000000e-01 +4.7987286004189111e-02 
+9.3359375000000000e-01 +5.2091956439585169e-02 
+9.2578125000000000e-01 +5.6213837459654213e-02 
+4.4921875000000000e-01 +3.5323866210562138e-01 
+4.4140625000000000e-01 +3.5919438829731298e-01 
+4.3359375000000000e-01 +3.6520305740111592e-01 
+4.2578125000000000e-01 +3.7126610692637940e-01 
+5.7421875000000000e-01 +2.6417886516326727e-01 
+5.6640625000000000e-01 +2.6944157094091170e-01 
+5.5859375000000000e-01 +2.7474069813152496e-01 
+5.5078125000000000e-01 +2.8007701354841236e-01 
+3.8671875000000000e-01 +4.0245226624876146e-01 
+3.7890625000000000e-01 +4.0887582331275119e-01 
+3.7109375000000000e-01 +4.1536595106943630e-01 
+3.6328125000000000e-01 +4.2192476316545036e-01 
+9.9609375000000000e-01 +1.9719067847190727e-02 
+9.8828125000000000e-01 +2.3709013266757190e-02 
+7.6171875000000000e-01 +1.4718219361958559e-01 
+7.5390625000000000e-01 +1.5174764318118339e-01 
+7.4609375000000000e-01 +1.5633680984267315e-01 
+7.3828125000000000e-01 +1.6095006711445647e-01 
+2.9296875000000000e-01 +4.8445811797376231e-01 
+2.8515625000000000e-01 +4.9185037444364044e-01 
+2.7734375000000000e-01 +4.9934460752576493e-01 
+6.4453125000000000e-01 +2.1833891928412172e-01 
+6.3671875000000000e-01 +2.2330442019687177e-01 
+6.1328125000000000e-01 +2.3838657252393514e-01 
+6.0546875000000000e-01 +2.4347780470659211e-01 
+8.9453125000000000e-01 +7.2877904479426367e-02 
+8.8671875000000000e-01 +7.7089208475928206e-02 
+8.6328125000000000e-01 +8.9835679269989657e-02 
+8.5546875000000000e-01 +9.4122869485691402e-02 
+5.1953125000000000e-01 +3.0181047854712495e-01 
+5.1171875000000000e-01 +3.0734524272909625e-01 
+4.8828125000000000e-01 +3.2420801862494936e-01 
+4.8046875000000000e-01 +3.2991853866276050e-01 
+3.3203125000000000e-01 +4.4889331953892059e-01 
+3.2421875000000000e-01 +4.5583158676729468e-01 
+3.0078125000000000e-01 +4.7716378515812374e-01 
+7.9296875000000000e-01 +1.2915042351918338e-01 
+7.6953125000000000e-01 +1.4264009720061646e-01 
+7.3046875000000000e-01 +1.6558779841485452e-01 
+7.0703125000000000e-01 +1.7965182722778983e-01 
+9.8046875000000000e-01 +2.7714760635884364e-02 
+9.5703125000000000e-01 +3.9828726074929148e-02 
+4.1796875000000000e-01 +3.7738504063675377e-01 
+3.9453125000000000e-01 +3.9609327246350357e-01 
+3.5546875000000000e-01 +4.2855448752136410e-01 
+5.8203125000000000e-01 +2.5895183998108462e-01 
+5.4296875000000000e-01 +2.8545131129598728e-01 
+4.5703125000000000e-01 +3.4733450355488177e-01 
+9.1796875000000000e-01 +6.0353147385329681e-02 
+8.3203125000000000e-01 +1.0710326194769454e-01 
+6.6796875000000000e-01 +2.0362030587780661e-01 
+2.5195312500000000e-01 +4.9805067486846843e-01 
+2.5000000000000000e-01 +5.1320273776346970e-01 
+6.7382812500000000e-01 +1.7912965396476888e-01 
+6.7187500000000000e-01 +1.9072547625635899e-01 
+6.6992187500000000e-01 +1.8151244664320032e-01 
+8.3007812500000000e-01 +8.8913766430421814e-02 
+8.2812500000000000e-01 +9.9601063867410966e-02 
+8.2617187500000000e-01 +9.1060026734438360e-02 
+9.2382812500000000e-01 +3.8840218798143811e-02 
+9.2187500000000000e-01 +4.9032909749635395e-02 
+9.1992187500000000e-01 +4.0874421673574579e-02 
+4.5507812500000000e-01 +3.2540521422115931e-01 
+4.5312500000000000e-01 +3.3854197876724978e-01 
+4.5117187500000000e-01 +3.2830671061860384e-01 
+5.4882812500000000e-01 +2.5917065055439392e-01 
+5.4687500000000000e-01 +2.7159686711923053e-01 
+5.4492187500000000e-01 +2.6181176181139276e-01 
+5.8007812500000000e-01 +2.3837139956537867e-01 
+5.7812500000000000e-01 +2.5057919832824443e-01 
+5.7617187500000000e-01 +2.4094013740680509e-01 
+3.6132812500000000e-01 +3.9889424807277052e-01 
+3.5937500000000000e-01 +4.1285327957699697e-01 
+3.5742187500000000e-01 +4.0215229782159401e-01 
+3.9257812500000000e-01 +3.7343944825739306e-01 
+3.9062500000000000e-01 +3.8710889095433704e-01 
+3.8867187500000000e-01 +3.7656445802312488e-01 
+4.2382812500000000e-01 +3.4897916700001064e-01 
+4.2187500000000000e-01 +3.6237527741432668e-01 
+4.1992187500000000e-01 +3.5198620770850875e-01 
+9.5507812500000000e-01 +2.2719014305506935e-02 
+9.5312500000000000e-01 +3.2753698825148711e-02 
+9.5117187500000000e-01 +2.4719591604547841e-02 
+9.8632812500000000e-01 +6.8594636205809856e-03 
+9.8437500000000000e-01 +1.6739243462679344e-02 
+9.8242187500000000e-01 +8.8280295528934127e-03 
+7.0507812500000000e-01 +1.6031069734097481e-01 
+7.0312500000000000e-01 +1.7171488597100362e-01 
+7.0117187500000000e-01 +1.6263993706410862e-01 
+7.3632812500000000e-01 +1.4190436139087614e-01 
+7.3437500000000000e-01 +1.5312226404070550e-01 
+7.3242187500000000e-01 +1.4418350389817791e-01 
+7.6757812500000000e-01 +1.2388463944523831e-01 
+7.6562500000000000e-01 +1.3492119733607175e-01 
+7.6367187500000000e-01 +1.2611678411815230e-01 
+7.9882812500000000e-01 +1.0622814712030682e-01 
+7.9687500000000000e-01 +1.1708794273293327e-01 
+7.9492187500000000e-01 +1.0841608639455591e-01 
+2.9882812500000000e-01 +4.5334825985825311e-01 
+2.9687500000000000e-01 +4.6794778935669235e-01 
+2.9492187500000000e-01 +4.5693290009428855e-01 
+3.3007812500000000e-01 +4.2547574028593016e-01 
+3.2812500000000000e-01 +4.3974352732898386e-01 
+3.2617187500000000e-01 +4.2888540992196666e-01 
+4.8632812500000000e-01 +3.0262769986183136e-01 
+4.8437500000000000e-01 +3.1551729836396347e-01 
+4.8242187500000000e-01 +3.0543403840959782e-01 
+5.1757812500000000e-01 +2.8057097292366640e-01 
+5.1562500000000000e-01 +2.9322412266196846e-01 
+5.1367187500000000e-01 +2.8329094117626785e-01 
+8.6132812500000000e-01 +7.1922349692656429e-02 
+8.5937500000000000e-01 +8.2441129062038557e-02 
+8.5742187500000000e-01 +7.4029225623184147e-02 
+8.9257812500000000e-01 +5.5236471385564090e-02 
+8.9062500000000000e-01 +6.5590458284655984e-02 
+8.8867187500000000e-01 +5.7306054437602727e-02 
+6.1132812500000000e-01 +2.1812524980019976e-01 
+6.0937500000000000e-01 +2.3012230406661263e-01 
+6.0742187500000000e-01 +2.2062725541625461e-01 
+6.4257812500000000e-01 +1.9839029135120878e-01 
+6.4062500000000000e-01 +2.1018355830529839e-01 
+6.3867187500000000e-01 +2.0083050921597367e-01 
+2.8320312500000000e-01 +4.6783167606479992e-01 
+2.8125000000000000e-01 +4.8260724013218775e-01 
+2.7929687500000000e-01 +4.7151454608475740e-01 
+7.5195312500000000e-01 +1.3284769215552450e-01 
+7.5000000000000000e-01 +1.4397432821910230e-01 
+7.4804687500000000e-01 +1.3510296855637205e-01 
+1.0000000000000000e+00 +8.8273505269392139e-03 
+9.9804687500000000e-01 +9.7703980338870178e-04 
+3.7695312500000000e-01 +3.8603491548785940e-01 
+3.7500000000000000e-01 +3.9984695622591260e-01 
+3.7304687500000000e-01 +3.8922436607212296e-01 
+5.6445312500000000e-01 +2.4869904498929329e-01 
+5.6250000000000000e-01 +2.6101504414520438e-01 
+5.6054687500000000e-01 +2.5130321558056634e-01 
+4.3945312500000000e-01 +3.3708739263761167e-01 
+4.3750000000000000e-01 +3.5035220397511962e-01 
+4.3554687500000000e-01 +3.4004024743928518e-01 
+9.3945312500000000e-01 +3.0746098795573551e-02 
+9.3750000000000000e-01 +4.0859387498000381e-02 
+9.3554687500000000e-01 +3.2763278716114952e-02 
+8.1445312500000000e-01 +9.7529432612896816e-02 
+8.1250000000000000e-01 +1.0830246461834218e-01 
+8.1054687500000000e-01 +9.9696231819504155e-02 
+6.8945312500000000e-01 +1.6966685902584855e-01 
+6.8750000000000000e-01 +1.8116616852310938e-01 
+6.8554687500000000e-01 +1.7202241878176439e-01 
+2.5976562500000000e-01 +4.9032792405312220e-01 
+2.5781250000000000e-01 +5.0538249796716161e-01 
+2.5585937500000000e-01 +4.9417456074254229e-01 
+6.6210937500000000e-01 +1.8629896460677897e-01 
+6.6015625000000000e-01 +1.9796812074063808e-01 
+6.5820312500000000e-01 +1.8870281339080186e-01 
+6.5429687500000000e-01 +1.9111380590345095e-01 
+6.5234375000000000e-01 +2.0283231802676441e-01 
+6.5039062500000000e-01 +1.9353200621475375e-01 
+8.4960937500000000e-01 +7.8257424765460937e-02 
+8.4765625000000000e-01 +8.8838948740307982e-02 
+8.4570312500000000e-01 +8.0378814402364940e-02 
+8.4179687500000000e-01 +8.2505109006050126e-02 
+8.3984375000000000e-01 +9.3128760016731316e-02 
+8.3789062500000000e-01 +8.4636342757699379e-02 
+9.1210937500000000e-01 +4.4955825628992141e-02 
+9.1015625000000000e-01 +5.5208606399150338e-02 
+9.0820312500000000e-01 +4.7003082376443350e-02 
+9.0429687500000000e-01 +4.9054746581066344e-02 
+9.0234375000000000e-01 +5.9347849319634799e-02 
+9.0039062500000000e-01 +5.1110846831939005e-02 
+4.7460937500000000e-01 +3.1108100984223119e-01 
+4.7265625000000000e-01 +3.2406196754977068e-01 
+4.7070312500000000e-01 +3.1392192499687033e-01 
+4.6679687500000000e-01 +3.1677465284139228e-01 
+4.6484375000000000e-01 +3.2981738786609760e-01 
+4.6289062500000000e-01 +3.1963934196633625e-01 
+5.3710937500000000e-01 +2.6712253752758908e-01 
+5.3515625000000000e-01 +2.7963280625542580e-01 
+5.3320312500000000e-01 +2.6979240965325479e-01 
+5.2929687500000000e-01 +2.7247207957357400e-01 
+5.2734375000000000e-01 +2.8503907187350036e-01 
+5.2539062500000000e-01 +2.7516165595354991e-01 
+5.9960937500000000e-01 +2.2565551916475834e-01 
+5.9765625000000000e-01 +2.3773075129824087e-01 
+5.9570312500000000e-01 +2.2818193529822073e-01 
+5.9179687500000000e-01 +2.3071664843180184e-01 
+5.8984375000000000e-01 +2.4284455972225316e-01 
+5.8789062500000000e-01 +2.3325974085091894e-01 
+3.4960937500000000e-01 +4.0872225223673431e-01 
+3.4765625000000000e-01 +4.2279463916710358e-01 
+3.4570312500000000e-01 +4.1203475868041317e-01 
+3.4179687500000000e-01 +4.1536603331657163e-01 
+3.3984375000000000e-01 +4.2951557227455328e-01 
+3.3789062500000000e-01 +4.1871639882067890e-01 
+4.1210937500000000e-01 +3.5804254424455817e-01 
+4.1015625000000000e-01 +3.7153940492818321e-01 
+4.0820312500000000e-01 +3.6109224061684775e-01 
+4.0429687500000000e-01 +3.6415656408200614e-01 
+4.0234375000000000e-01 +3.7772173585438185e-01 
+4.0039062500000000e-01 +3.6723572714635666e-01 
+9.7460937500000000e-01 +1.2776937566792879e-02 
+9.7265625000000000e-01 +2.2714454367419652e-02 
+9.7070312500000000e-01 +1.4757326847847141e-02 
+9.6679687500000000e-01 +1.6741704840482874e-02 
+9.6484375000000000e-01 +2.6717946143785826e-02 
+9.6289062500000000e-01 +1.8730095743276109e-02 
+7.2460937500000000e-01 +1.4876009550773528e-01 
+7.2265625000000000e-01 +1.6004725564628910e-01 
+7.2070312500000000e-01 +1.5105764329961724e-01 
+7.1679687500000000e-01 +1.5336142599099589e-01 
+7.1484375000000000e-01 +1.6469515366514645e-01 
+7.1289062500000000e-01 +1.5567149461835650e-01 
+7.8710937500000000e-01 +1.1280815208885064e-01 
+7.8515625000000000e-01 +1.2373371756264778e-01 
+7.8320312500000000e-01 +1.1501235884335648e-01 
+7.7929687500000000e-01 +1.1722206926090406e-01 
+7.7734375000000000e-01 +1.2819182220156544e-01 
+7.7539062500000000e-01 +1.1943732477466429e-01 
+3.1835937500000000e-01 +4.3576655983538160e-01 
+3.1640625000000000e-01 +4.5015581435890323e-01 
+3.1445312500000000e-01 +4.3923879859605119e-01 
+3.1054687500000000e-01 +4.4273267187103105e-01 
+3.0859375000000000e-01 +4.5720481236661031e-01 
+3.0664062500000000e-01 +4.4624858916658283e-01 
+5.0585937500000000e-01 +2.8876208270368486e-01 
+5.0390625000000000e-01 +3.0150272600155564e-01 
+5.0195312500000000e-01 +2.9151349695283535e-01 
+4.9804687500000000e-01 +2.9427563808523660e-01 
+4.9609375000000000e-01 +3.0707538190239680e-01 
+4.9414062500000000e-01 +2.9704863254987546e-01 
+8.8085937500000000e-01 +6.1458911394924542e-02 
+8.7890625000000000e-01 +7.1874273931505528e-02 
+8.7695312500000000e-01 +6.3542246014268944e-02 
+8.7304687500000000e-01 +6.5630225767121630e-02 
+8.7109375000000000e-01 +7.6086784187871945e-02 
+8.6914062500000000e-01 +6.7722881863981343e-02 
+6.3085937500000000e-01 +2.0573343580382286e-01 
+6.2890625000000000e-01 +2.1760234869437886e-01 
+6.2695312500000000e-01 +2.0819628379250454e-01 
+6.2304687500000000e-01 +2.1066681623030692e-01 
+6.2109375000000000e-01 +2.2258666996779733e-01 
+6.1914062500000000e-01 +2.1314510549911425e-01 
+2.7148437500000000e-01 +4.7895837498334171e-01 
+2.6953125000000000e-01 +4.9387104656406144e-01 
+2.6757812500000000e-01 +4.8272045758603599e-01 
+2.6367187500000000e-01 +4.8651010233890679e-01 
+2.6171875000000000e-01 +5.0151681575240314e-01 
+6.9921875000000000e-01 +1.7406777853716990e-01 
+6.9726562500000000e-01 +1.6497567400703828e-01 
+6.9335937500000000e-01 +1.6731796284536071e-01 
+6.9140625000000000e-01 +1.7879336387931699e-01 
+6.8359375000000000e-01 +1.8354572371889941e-01 
+6.8164062500000000e-01 +1.7438469914856836e-01 
+6.7773437500000000e-01 +1.7675375798003179e-01 
+6.7578125000000000e-01 +1.8832531838120042e-01 
+8.2421875000000000e-01 +1.0176866325872505e-01 
+8.2226562500000000e-01 +9.3211366965818221e-02 
+8.1835937500000000e-01 +9.5367823366866999e-02 
+8.1640625000000000e-01 +1.0611932663702341e-01 
+8.0859375000000000e-01 +1.1049085686549531e-01 
+8.0664062500000000e-01 +1.0186825855000536e-01 
+8.0273437500000000e-01 +1.0404555082303435e-01 
+8.0078125000000000e-01 +1.1488355710332970e-01 
+9.4921875000000000e-01 +3.4773853621490075e-02 
+9.4726562500000000e-01 +2.6724281100160230e-02 
+9.4335937500000000e-01 +2.8733108254996642e-02 
+9.4140625000000000e-01 +3.8826672005787925e-02 
+9.3359375000000000e-01 +4.2896342243843796e-02 
+9.3164062500000000e-01 +3.4784674282468675e-02 
+9.2773437500000000e-01 +3.6810312036097415e-02 
+9.2578125000000000e-01 +4.6983076313290323e-02 
+4.4921875000000000e-01 +3.4147519397555626e-01 
+4.4726562500000000e-01 +3.3122079503022828e-01 
+4.4335937500000000e-01 +3.3414763272929637e-01 
+4.4140625000000000e-01 +3.4738013616514740e-01 
+4.3359375000000000e-01 +3.5333756982686182e-01 
+4.3164062500000000e-01 +3.4300637369910503e-01 
+4.2773437500000000e-01 +3.4598595198573912e-01 
+4.2578125000000000e-01 +3.5934892021252157e-01 
+5.7421875000000000e-01 +2.5317480281671456e-01 
+5.7226562500000000e-01 +2.4351759769311221e-01 
+5.6835937500000000e-01 +2.4610386988657384e-01 
+5.6640625000000000e-01 +2.5839263392204137e-01 
+5.5859375000000000e-01 +2.6364657587785401e-01 
+5.5664062500000000e-01 +2.5391647585541732e-01 
+5.5273437500000000e-01 +2.5653892166435510e-01 
+5.5078125000000000e-01 +2.6893738895890246e-01 
+3.8671875000000000e-01 +3.9026915764233200e-01 
+3.8476562500000000e-01 +3.7970521121002476e-01 
+3.8085937500000000e-01 +3.8286194818339070e-01 
+3.7890625000000000e-01 +3.9663794154769572e-01 
+3.7109375000000000e-01 +4.0307272850276921e-01 
+3.6914062500000000e-01 +3.9243055952426309e-01 
+3.6523437500000000e-01 +3.9565376231832139e-01 
+3.6328125000000000e-01 +4.0957561413128968e-01 
+9.9609375000000000e-01 +1.0799494689831633e-02 
+9.9414062500000000e-01 +2.9339916535114918e-03 
+9.9023437500000000e-01 +4.8947919943338469e-03 
+9.8828125000000000e-01 +1.4755418163115434e-02 
+7.6171875000000000e-01 +1.3717575255752198e-01 
+7.5976562500000000e-01 +1.2835464493866544e-01 
+7.5585937500000000e-01 +1.3059826604727776e-01 
+7.5390625000000000e-01 +1.4170227289493070e-01 
+7.4609375000000000e-01 +1.4625230809841253e-01 
+7.4414062500000000e-01 +1.3736414113485873e-01 
+7.4023437500000000e-01 +1.3963125637898721e-01 
+7.3828125000000000e-01 +1.5082622849347588e-01 
+2.9296875000000000e-01 +4.7157575201193891e-01 
+2.9101562500000000e-01 +4.6054135932399787e-01 
+2.8710937500000000e-01 +4.6417411876617976e-01 
+2.8515625000000000e-01 +4.7890497530063797e-01 
+2.7734375000000000e-01 +4.8633530565514638e-01 
+2.7539062500000000e-01 +4.7522326175791674e-01 
+6.4648437500000000e-01 +1.9595747935821206e-01 
+6.4453125000000000e-01 +2.0772573049905996e-01 
+6.3671875000000000e-01 +2.1264889098166481e-01 
+6.3476562500000000e-01 +2.0327820100112737e-01 
+6.1523437500000000e-01 +2.1563122512430422e-01 
+6.1328125000000000e-01 +2.2760243899905969e-01 
+6.0546875000000000e-01 +2.3265025865106367e-01 
+6.0351562500000000e-01 +2.2313731908399670e-01 
+8.9648437500000000e-01 +5.3171412028555243e-02 
+8.9453125000000000e-01 +6.3505050163011306e-02 
+8.8671875000000000e-01 +6.7680444706304521e-02 
+8.8476562500000000e-01 +5.9380191044224317e-02 
+8.6523437500000000e-01 +6.9820245866423991e-02 
+8.6328125000000000e-01 +8.0318227360793262e-02 
+8.5546875000000000e-01 +8.4568861047549335e-02 
+8.5351562500000000e-01 +7.6140906306594869e-02 
+5.2148437500000000e-01 +2.7786124948179103e-01 
+5.1953125000000000e-01 +2.9048553443542391e-01 
+5.1171875000000000e-01 +2.9597310412476818e-01 
+5.0976562500000000e-01 +2.8602127132525856e-01 
+4.9023437500000000e-01 +2.9983260929974753e-01 
+4.8828125000000000e-01 +3.1269209247583640e-01 
+4.8046875000000000e-01 +3.1835391936485907e-01 
+4.7851562500000000e-01 +3.0825176183816705e-01 
+3.3398437500000000e-01 +4.2208618722165847e-01 
+3.3203125000000000e-01 +4.3631421177606150e-01 
+3.2421875000000000e-01 +4.4319331695330055e-01 
+3.2226562500000000e-01 +4.3231555860672033e-01 
+3.0273437500000000e-01 +4.4978697307315596e-01 
+3.0078125000000000e-01 +4.6434361739029184e-01 
+7.9296875000000000e-01 +1.1929773792222700e-01 
+7.9101562500000000e-01 +1.1060940807764330e-01 
+7.7148437500000000e-01 +1.2165816734030022e-01 
+7.6953125000000000e-01 +1.3267238623235800e-01 
+7.3046875000000000e-01 +1.5542441422906458e-01 
+7.2851562500000000e-01 +1.4646873226577106e-01 
+7.0898437500000000e-01 +1.5798790091828252e-01 
+7.0703125000000000e-01 +1.6936852019031257e-01 
+9.8046875000000000e-01 +1.8727008843996671e-02 
+9.7851562500000000e-01 +1.0800513040974180e-02 
+9.5898437500000000e-01 +2.0722524000475140e-02 
+9.5703125000000000e-01 +3.0737679466170963e-02 
+4.1796875000000000e-01 +3.6541567826330401e-01 
+4.1601562500000000e-01 +3.5500726748280331e-01 
+3.9648437500000000e-01 +3.7032994751219106e-01 
+3.9453125000000000e-01 +3.8396438648977310e-01 
+3.5546875000000000e-01 +4.1614880735652682e-01 
+3.5351562500000000e-01 +4.0542820029873605e-01 
+5.8398437500000000e-01 +2.3581129621015728e-01 
+5.8203125000000000e-01 +2.4799234806125856e-01 
+5.4296875000000000e-01 +2.7426586049833462e-01 
+5.4101562500000000e-01 +2.6446235650376126e-01 
+4.5898437500000000e-01 +3.2251614410378748e-01 
+4.5703125000000000e-01 +3.3562137971375661e-01 
+9.1796875000000000e-01 +5.1087090673455550e-02 
+9.1601562500000000e-01 +4.2912948055402800e-02 
+8.3398437500000000e-01 +8.6772550237346424e-02 
+8.3203125000000000e-01 +9.7438570738579158e-02 
+6.6796875000000000e-01 +1.9313262153503857e-01 
+6.6601562500000000e-01 +1.8390219642496275e-01 
+6.4453125000000000e-02 +7.6148031148358075e-01 
+6.8359375000000000e-02 +7.5383392195721866e-01 
+7.2265625000000000e-02 +7.4640305389379913e-01 
+7.6171875000000000e-02 +7.3917044956659117e-01 
+8.0078125000000000e-02 +7.3212103839850107e-01 
+8.3984375000000000e-02 +7.2524156751565649e-01 
+8.7890625000000000e-02 +7.1852030886308960e-01 
+9.1796875000000000e-02 +7.1194682433961376e-01 
+9.5703125000000000e-02 +7.0551177549377619e-01 
+9.9609375000000000e-02 +6.9920676786352354e-01 
+1.0351562500000000e-01 +6.9302422254972418e-01 
+1.0742187500000000e-01 +6.8695726941692525e-01 
+1.1132812500000000e-01 +6.8099965762981063e-01 
+1.1523437500000000e-01 +6.7514568020534149e-01 
+1.1914062500000000e-01 +6.6939010998680615e-01 
+1.2304687500000000e-01 +6.6372814499490040e-01 
+1.2695312500000000e-01 +6.5815536153002907e-01 
+1.3085937500000000e-01 +6.5266767372301637e-01 
+1.3476562500000000e-01 +6.4726129848255265e-01 
+1.3867187500000000e-01 +6.4193272498459397e-01 
+1.4257812500000000e-01 +6.3667868800446492e-01 
+1.4648437500000000e-01 +6.3149614451619540e-01 
+1.5039062500000000e-01 +6.2638225308277473e-01 
+1.5429687500000000e-01 +6.2133435564096084e-01 
+1.5820312500000000e-01 +6.1634996134914077e-01 
+1.6210937500000000e-01 +6.1142673221964550e-01 
+1.6601562500000000e-01 +6.0656247030032417e-01 
+1.6992187500000000e-01 +6.0175510620596506e-01 
+1.7382812500000000e-01 +5.9700268882978613e-01 
+1.7773437500000000e-01 +5.9230337608990202e-01 
+1.8164062500000000e-01 +5.8765542658628733e-01 
+1.8554687500000000e-01 +5.8305719206107998e-01 
+1.8945312500000000e-01 +5.7850711056965687e-01 
+1.9335937500000000e-01 +5.7400370028226233e-01 
+1.9726562500000000e-01 +5.6954555384645866e-01 
+2.0117187500000000e-01 +5.6513133324959497e-01 
+2.0507812500000000e-01 +5.6075976512814063e-01 
+2.0898437500000000e-01 +5.5642963647727162e-01 
+2.1289062500000000e-01 +5.5213979071974528e-01 
+2.1679687500000000e-01 +5.4788912409795709e-01 
+2.2070312500000000e-01 +5.4367658235728966e-01 
+2.2460937500000000e-01 +5.3950115769251517e-01 
+2.2851562500000000e-01 +5.3536188593219025e-01 
+2.3242187500000000e-01 +5.3125784393875908e-01 
+2.3632812500000000e-01 +5.2718814720450546e-01 
+2.4023437500000000e-01 +5.2315194762561490e-01 
+2.4414062500000000e-01 +5.1914843143848266e-01 
+2.4804687500000000e-01 +5.1517681730404130e-01 
+6.6406250000000000e-01 +1.9554681560064840e-01 
+6.6210937500000000e-01 +1.9675657535755678e-01 
+6.6601562500000000e-01 +1.9433883359791737e-01 
+6.5820312500000000e-01 +1.9918145968015610e-01 
+6.6992187500000000e-01 +1.9192817165476767e-01 
+6.5625000000000000e-01 +2.0039660016524818e-01 
+6.5429687500000000e-01 +2.0161355024453956e-01 
+6.7382812500000000e-01 +1.8952452769499126e-01 
+6.5039062500000000e-01 +2.0405291168139728e-01 
+6.7773437500000000e-01 +1.8712784078032030e-01 
+6.4843750000000000e-01 +2.0527533943929083e-01 
+6.7968750000000000e-01 +1.8593208741193004e-01 
+6.4648437500000000e-01 +2.0649960959332447e-01 
+6.8164062500000000e-01 +1.8473805084930922e-01 
+6.4257812500000000e-01 +2.0895371057540721e-01 
+6.8554687500000000e-01 +1.8235509869977309e-01 
+6.3867187500000000e-01 +2.1141528223637182e-01 
+6.8945312500000000e-01 +1.7997892597167556e-01 
+6.3476562500000000e-01 +2.1388439322031694e-01 
+6.9335937500000000e-01 +1.7760947513045164e-01 
+6.3281250000000000e-01 +2.1512179769828160e-01 
+6.9531250000000000e-01 +1.7642725265957235e-01 
+6.3085937500000000e-01 +2.1636111322904919e-01 
+6.9726562500000000e-01 +1.7524668945075425e-01 
+6.2695312500000000e-01 +2.1884551304504127e-01 
+7.0117187500000000e-01 +1.7289051300060862e-01 
+6.2500000000000000e-01 +2.2009061530157226e-01 
+6.2304687500000000e-01 +2.2133766455503526e-01 
+7.0507812500000000e-01 +1.7054089062596403e-01 
+6.1914062500000000e-01 +2.2383764077431295e-01 
+7.0898437500000000e-01 +1.6819776793562982e-01 
+6.1718750000000000e-01 +2.2509058628192177e-01 
+7.1093750000000000e-01 +1.6702862717980407e-01 
+6.1523437500000000e-01 +2.2634551587165588e-01 
+7.1289062500000000e-01 +1.6586109128658527e-01 
+6.1132812500000000e-01 +2.2886136519502059e-01 
+7.1679687500000000e-01 +1.6353080776964921e-01 
+7.1875000000000000e-01 +1.6236804709881558e-01 
+6.0742187500000000e-01 +2.3138526529795186e-01 
+7.2070312500000000e-01 +1.6120686519550337e-01 
+6.0351562500000000e-01 +2.3391729396676331e-01 
+7.2460937500000000e-01 +1.5888921208105367e-01 
+6.0156250000000000e-01 +2.3518638116554944e-01 
+7.2656250000000000e-01 +1.5773272817257475e-01 
+5.9960937500000000e-01 +2.3645753024850971e-01 
+7.2851562500000000e-01 +1.5657779763612309e-01 
+5.9570312500000000e-01 +2.3900605447978118e-01 
+7.3242187500000000e-01 +1.5427257175046580e-01 
+5.9375000000000000e-01 +2.4028345004155802e-01 
+5.9179687500000000e-01 +2.4156294831634811e-01 
+7.3632812500000000e-01 +1.5197348498109065e-01 
+5.8789062500000000e-01 +2.4412829476368914e-01 
+7.4023437500000000e-01 +1.4968048853988905e-01 
+5.8593750000000000e-01 +2.4541416403239077e-01 
+7.4218750000000000e-01 +1.4853625912216006e-01 
+5.8398437500000000e-01 +2.4670217820843163e-01 
+7.4414062500000000e-01 +1.4739353428155474e-01 
+5.8007812500000000e-01 +2.4928468445074248e-01 
+7.4804687500000000e-01 +1.4511257469178909e-01 
+5.7617187500000000e-01 +2.5187590073769950e-01 
+7.5195312500000000e-01 +1.4283756287578331e-01 
+5.7226562500000000e-01 +2.5447591579768541e-01 
+7.5585937500000000e-01 +1.4056845254696945e-01 
+5.7031250000000000e-01 +2.5577925100892979e-01 
+7.5781250000000000e-01 +1.3943609613931365e-01 
+5.6835937500000000e-01 +2.5708481987583798e-01 
+7.5976562500000000e-01 +1.3830519801603272e-01 
+5.6445312500000000e-01 +2.5970270477059942e-01 
+7.6367187500000000e-01 +1.3604775418017712e-01 
+5.6054687500000000e-01 +2.6232966387140599e-01 
+7.6757812500000000e-01 +1.3379607651263925e-01 
+5.5664062500000000e-01 +2.6496579219756178e-01 
+7.7148437500000000e-01 +1.3155012105244027e-01 
+5.5468750000000000e-01 +2.6628732496918794e-01 
+7.7343750000000000e-01 +1.3042927556452480e-01 
+5.5273437500000000e-01 +2.6761118643834120e-01 
+7.7539062500000000e-01 +1.2930984439437229e-01 
+5.4882812500000000e-01 +2.7026594499437095e-01 
+7.7929687500000000e-01 +1.2707520367921096e-01 
+7.8125000000000000e-01 +1.2595998355364632e-01 
+5.4492187500000000e-01 +2.7293016802033815e-01 
+7.8320312500000000e-01 +1.2484615658414859e-01 
+5.4101562500000000e-01 +2.7560395746907912e-01 
+7.8710937500000000e-01 +1.2262266131344206e-01 
+5.3906250000000000e-01 +2.7694447196510552e-01 
+7.8906250000000000e-01 +1.2151298269291727e-01 
+5.3710937500000000e-01 +2.7828741713710392e-01 
+7.9101562500000000e-01 +1.2040467658926864e-01 
+5.3320312500000000e-01 +2.8098065271161327e-01 
+7.9492187500000000e-01 +1.1819216164278569e-01 
+5.3125000000000000e-01 +2.8233097001995522e-01 
+5.2929687500000000e-01 +2.8368377181906745e-01 
+7.9882812500000000e-01 +1.1598507620538683e-01 
+5.2539062500000000e-01 +2.8639688407537256e-01 
+8.0273437500000000e-01 +1.1378338050015124e-01 
+5.2343750000000000e-01 +2.8775722244603263e-01 
+8.0468750000000000e-01 +1.1268454149918999e-01 
+5.2148437500000000e-01 +2.8912010113774828e-01 
+8.0664062500000000e-01 +1.1158703523347906e-01 
+5.1757812500000000e-01 +2.9185353675834774e-01 
+8.1054687500000000e-01 +1.0939600158690979e-01 
+5.1367187500000000e-01 +2.9459730683970164e-01 
+8.1445312500000000e-01 +1.0721024120911703e-01 
+5.0976562500000000e-01 +2.9735152949206323e-01 
+8.1835937500000000e-01 +1.0502971620807625e-01 
+5.0781250000000000e-01 +2.9873259806005825e-01 
+8.2031250000000000e-01 +1.0394140525628125e-01 
+5.0585937500000000e-01 +3.0011632509273539e-01 
+8.2226562500000000e-01 +1.0285438914340096e-01 
+5.0195312500000000e-01 +3.0289181634746215e-01 
+8.2617187500000000e-01 +1.0068422301884142e-01 
+5.0000000000000000e-01 +3.0428361184291702e-01 
+4.9804687500000000e-01 +3.0567812835397579e-01 
+8.3007812500000000e-01 +9.8519181274944023e-02 
+4.9414062500000000e-01 +3.0847538866778973e-01 
+8.3398437500000000e-01 +9.6359227781864995e-02 
+4.9218750000000000e-01 +3.0987816498980081e-01 
+8.3593750000000000e-01 +9.5281147954543330e-02 
+4.9023437500000000e-01 +3.1128372737033810e-01 
+8.3789062500000000e-01 +9.4204326832335900e-02 
+4.8632812500000000e-01 +3.1410327713956249e-01 
+8.4179687500000000e-01 +9.2054443134776565e-02 
+8.4375000000000000e-01 +9.0981371838868993e-02 
+4.8242187500000000e-01 +3.1693417332305562e-01 
+8.4570312500000000e-01 +8.9909541806551183e-02 
+4.7851562500000000e-01 +3.1977655401387567e-01 
+8.4960937500000000e-01 +8.7769588367365106e-02 
+4.7656250000000000e-01 +3.2120209497361224e-01 
+8.5156250000000000e-01 +8.6701456439490537e-02 
+4.7460937500000000e-01 +3.2263056012915176e-01 
+8.5351562500000000e-01 +8.5634548732797480e-02 
+4.7070312500000000e-01 +3.2549633549160623e-01 
+8.5742187500000000e-01 +8.3504389207967183e-02 
+4.6875000000000000e-01 +3.2693368240037257e-01 
+4.6679687500000000e-01 +3.2837402691412859e-01 
+8.6132812500000000e-01 +8.1379076481328597e-02 
+4.6289062500000000e-01 +3.3126378428754033e-01 
+8.6523437500000000e-01 +7.9258577618593895e-02 
+4.6093750000000000e-01 +3.3271323541068293e-01 
+8.6718750000000000e-01 +7.8200123195913976e-02 
+4.5898437500000000e-01 +3.3416576067170012e-01 
+8.6914062500000000e-01 +7.7142860056778076e-02 
+4.5507812500000000e-01 +3.3708011239010593e-01 
+8.7304687500000000e-01 +7.5031891598364944e-02 
+8.7500000000000000e-01 +7.3978178319734481e-02 
+4.5117187500000000e-01 +3.4000699912815890e-01 
+8.7695312500000000e-01 +7.2925640405590672e-02 
+4.4726562500000000e-01 +3.4294658403526485e-01 
+8.8085937500000000e-01 +7.0824074994840572e-02 
+4.4531250000000000e-01 +3.4442119025962126e-01 
+8.8281250000000000e-01 +6.9775039714579240e-02 
+4.4335937500000000e-01 +3.4589903383095671e-01 
+8.8476562500000000e-01 +6.8727164231158738e-02 
+4.3945312500000000e-01 +3.4886451891523473e-01 
+8.8867187500000000e-01 +6.6634877322866284e-02 
+4.3554687500000000e-01 +3.5184321348332931e-01 
+8.9257812500000000e-01 +6.4547183816286061e-02 
+4.3164062500000000e-01 +3.5483529564510757e-01 
+8.9648437500000000e-01 +6.2464053590570501e-02 
+4.2968750000000000e-01 +3.5633641383385045e-01 
+8.9843750000000000e-01 +6.1424190385030483e-02 
+4.2773437500000000e-01 +3.5784094754935264e-01 
+9.0039062500000000e-01 +6.0385456852631615e-02 
+4.2382812500000000e-01 +3.6086035551316359e-01 
+9.0429687500000000e-01 +5.8311364132169551e-02 
+9.0625000000000000e-01 +5.7275997656084397e-02 
+4.1992187500000000e-01 +3.6389371015673294e-01 
+9.0820312500000000e-01 +5.6241746276797545e-02 
+4.1601562500000000e-01 +3.6694120654378209e-01 
+9.1210937500000000e-01 +5.4176574447260865e-02 
+4.1406250000000000e-01 +3.6847032009944841e-01 
+9.1406250000000000e-01 +5.3145646864380343e-02 
+4.1210937500000000e-01 +3.7000304432794234e-01 
+9.1601562500000000e-01 +5.2115820112748984e-02 
+4.0820312500000000e-01 +3.7307942790539717e-01 
+9.1992187500000000e-01 +5.0059455046296039e-02 
+4.0625000000000000e-01 +3.7462313957625354e-01 
+4.0429687500000000e-01 +3.7617056657411169e-01 
+9.2382812500000000e-01 +4.8007451320269914e-02 
+4.0039062500000000e-01 +3.7927667470000415e-01 
+9.2773437500000000e-01 +4.5959781301947535e-02 
+3.9843750000000000e-01 +3.8083541072704702e-01 
+9.2968750000000000e-01 +4.4937562877518142e-02 
+3.9648437500000000e-01 +3.8239797189043001e-01 
+9.3164062500000000e-01 +4.3916417649172652e-02 
+3.9257812500000000e-01 +3.8553468317537698e-01 
+9.3554687500000000e-01 +4.1877333306096914e-02 
+3.8867187500000000e-01 +3.8868703919679481e-01 
+9.3945312500000000e-01 +3.9842501498999323e-02 
+3.8476562500000000e-01 +3.9185527640650875e-01 
+9.4335937500000000e-01 +3.7811895732185428e-02 
+3.8281250000000000e-01 +3.9344542598755244e-01 
+9.4531250000000000e-01 +3.6798169409010893e-02 
+3.8085937500000000e-01 +3.9503963727319935e-01 
+9.4726562500000000e-01 +3.5785489783961601e-02 
+3.7695312500000000e-01 +3.9824037049895988e-01 
+9.5117187500000000e-01 +3.3763257702684582e-02 
+3.7304687500000000e-01 +4.0145773124597939e-01 
+9.5507812500000000e-01 +3.1745173802883858e-02 
+3.6914062500000000e-01 +4.0469198137393614e-01 
+9.5898437500000000e-01 +2.9731212661455137e-02 
+3.6718750000000000e-01 +4.0631552367922757e-01 
+9.6093750000000000e-01 +2.8725770251229899e-02 
+3.6523437500000000e-01 +4.0794338968872612e-01 
+9.6289062500000000e-01 +2.7721349113923609e-02 
+3.6132812500000000e-01 +4.1121223220319569e-01 
+9.6679687500000000e-01 +2.5715558250775809e-02 
+9.6875000000000000e-01 +2.4714182360450775e-02 
+3.5742187500000000e-01 +4.1449879241059323e-01 
+9.7070312500000000e-01 +2.3713815413856993e-02 
+3.5351562500000000e-01 +4.1780336157150838e-01 
+9.7460937500000000e-01 +2.1716096192835398e-02 
+3.5156250000000000e-01 +4.1946249272617919e-01 
+9.7656250000000000e-01 +2.0718737876965244e-02 
+3.4960937500000000e-01 +4.2112623901511870e-01 
+9.7851562500000000e-01 +1.9722376421728159e-02 
+3.4570312500000000e-01 +4.2446773245562669e-01 
+9.8242187500000000e-01 +1.7732632175491460e-02 
+3.4375000000000000e-01 +4.2614555870968318e-01 
+3.4179687500000000e-01 +4.2782815832483401e-01 
+9.8632812500000000e-01 +1.5746839766670028e-02 
+3.3789062500000000e-01 +4.3120784212187002e-01 
+9.9023437500000000e-01 +1.3764975742108033e-02 
+3.3593750000000000e-01 +4.3290501003131299e-01 
+9.9218750000000000e-01 +1.2775509608082556e-02 
+3.3398437500000000e-01 +4.3460711878116848e-01 
+9.9414062500000000e-01 +1.1787016879716342e-02 
+3.3007812500000000e-01 +4.3802633305987004e-01 
+9.9804687500000000e-01 +9.8129401852985083e-03 
+3.2617187500000000e-01 +4.4146583994591931e-01 
+3.0468750000000000e-01 +4.6076277413318217e-01 
+3.0664062500000000e-01 +4.5898096045624032e-01 
+3.0273437500000000e-01 +4.6255030796237895e-01 
+3.1054687500000000e-01 +4.5543427616136928e-01 
+2.9882812500000000e-01 +4.6614275876496641e-01 
+3.1250000000000000e-01 +4.5366929898066910e-01 
+3.1445312500000000e-01 +4.5190982878932268e-01 
+2.9492187500000000e-01 +4.6975876737927447e-01 
+3.1835937500000000e-01 +4.4840720525034172e-01 
+2.9101562500000000e-01 +4.7339880342189816e-01 
+3.2031250000000000e-01 +4.4666395179700219e-01 
+2.8906250000000000e-01 +4.7522798278759820e-01 
+3.2226562500000000e-01 +4.4492600508822217e-01 
+2.8710937500000000e-01 +4.7706335232267355e-01 
+2.7343750000000000e-01 +4.9008971891443726e-01 
+2.7148437500000000e-01 +4.9197698223174380e-01 
+2.7539062500000000e-01 +4.8820918387285173e-01 
+2.6757812500000000e-01 +4.9577198597084321e-01 
+2.7929687500000000e-01 +4.8446801406525197e-01 
+2.6562500000000000e-01 +4.9767987586549389e-01 
+2.6367187500000000e-01 +4.9959479305027948e-01 
+2.8320312500000000e-01 +4.8075291608033621e-01 
+2.5390625000000000e-01 +5.0927757827515019e-01 
+2.5195312500000000e-01 +5.1123635452733729e-01 
+2.5585937500000000e-01 +5.0732632140086342e-01 
+2.5976562500000000e-01 +5.0344602366129432e-01 
