Dim = 2
+0.0000000000000000e+00 +4.0000000000000000e+00 
+4.0000000000000000e+00 +0.0000000000000000e+00 
+4.0000000000000000e+00 +0.0000000000000000e+00 
+0.0000000000000000e+00 +3.7892015508762715e+00 
+2.0000000000000000e+00 +5.5945622266585182e-01 
+4.0000000000000000e+00 +0.0000000000000000e+00 
+0.0000000000000000e+00 +3.2642411176571149e+00 
+2.0000000000000000e+00 +3.7626117832010586e-01 
+2.0000000000000000e+00 +6.3641433898514155e-01 
+1.0000000000000000e+00 +8.3574913934398398e-01 
+0.0000000000000000e+00 +2.1211738743730484e+00 
+0.0000000000000000e+00 +3.9942086375913171e+00 
+3.0000000000000000e+00 +6.8165934335615561e-02 
+2.0000000000000000e+00 +3.0964933967733102e-02 
+2.0000000000000000e+00 +6.3427608991325113e-01 
+3.0000000000000000e+00 +2.1490079090921912e-01 
+4.0000000000000000e+00 +0.0000000000000000e+00 
+3.0000000000000000e+00 +0.0000000000000000e+00 
+1.0000000000000000e+00 +3.6352466925495364e-01 
+1.0000000000000000e+00 +1.0733202822016981e+00 
+5.0000000000000000e-01 +6.4317295851570189e-01 
+0.0000000000000000e+00 +3.0699136237318880e+00 
+0.0000000000000000e+00 +2.2623698874743132e+00 
+5.0000000000000000e-01 +1.1196778515688783e+00 
+5.0000000000000000e-01 +7.1117912500811464e-01 
+7.5000000000000000e-01 +4.8549698349320664e-01 
+5.0000000000000000e-01 +8.4936477455533355e-01 
+2.5000000000000000e-01 +8.7832820248689880e-01 
+5.0000000000000000e-01 +5.8945058845697873e-01 
+0.0000000000000000e+00 +2.5424733401610178e+00 
+0.0000000000000000e+00 +2.0077972610597650e+00 
+2.5000000000000000e-01 +1.1187444167078393e+00 
+2.5000000000000000e-01 +8.1511462848104821e-01 
+2.5000000000000000e-01 +9.5797913594181072e-01 
+1.2500000000000000e-01 +1.0048747107889591e+00 
+0.0000000000000000e+00 +2.0175011031953636e+00 
+0.0000000000000000e+00 +2.0934494432498569e+00 
+1.2500000000000000e-01 +1.0109453420908021e+00 
+1.2500000000000000e-01 +1.0586066939032939e+00 
+1.8750000000000000e-01 +8.9788100781532709e-01 
+1.2500000000000000e-01 +1.0003051441173816e+00 
+6.2500000000000000e-02 +1.1644432837599308e+00 
+1.2500000000000000e-01 +1.0245120808323345e+00 
+1.5000000000000000e+00 +1.7601527789321122e-01 
+1.0000000000000000e+00 +7.5067936754281095e-01 
+1.0000000000000000e+00 +4.1768279602301400e-01 
+3.5000000000000000e+00 +0.0000000000000000e+00 
+3.0000000000000000e+00 +1.7629689212240361e-02 
+2.5000000000000000e+00 +0.0000000000000000e+00 
+3.0000000000000000e+00 +0.0000000000000000e+00 
+0.0000000000000000e+00 +2.0004882216502056e+00 
+0.0000000000000000e+00 +2.0391622803096054e+00 
+6.2500000000000000e-02 +1.1594378571554260e+00 
+6.2500000000000000e-02 +1.1859465648327019e+00 
+6.2500000000000000e-02 +1.1710919719295634e+00 
+3.1250000000000000e-02 +1.2932519850987154e+00 
+0.0000000000000000e+00 +2.0059725098005923e+00 
+0.0000000000000000e+00 +2.0010983311192301e+00 
+3.1250000000000000e-02 +1.2972826182287329e+00 
+3.1250000000000000e-02 +1.2937003309020156e+00 
+4.6875000000000000e-02 +1.2178026657017715e+00 
+3.1250000000000000e-02 +1.2947086538701844e+00 
+1.5625000000000000e-02 +1.4057758055965295e+00 
+3.1250000000000000e-02 +1.2929156440410063e+00 
+0.0000000000000000e+00 +2.0024703968554300e+00 
+0.0000000000000000e+00 +2.0000305173452952e+00 
+1.5625000000000000e-02 +1.4073160843254162e+00 
+1.5625000000000000e-02 +1.4054201552111341e+00 
+1.5625000000000000e-02 +1.4062498885789281e+00 
+7.8125000000000000e-03 +1.5000247953539660e+00 
+0.0000000000000000e+00 +2.0000686633720894e+00 
+0.0000000000000000e+00 +2.0003738053950597e+00 
+7.8125000000000000e-03 +1.5000557890450719e+00 
+7.8125000000000000e-03 +1.5003037185208250e+00 
+2.0000000000000000e+00 +3.1186374491379404e-01 
+2.0000000000000000e+00 +6.8654873366753105e-02 
+1.5000000000000000e+00 +5.0325900485781283e-01 
+1.5000000000000000e+00 +2.2088803586058678e-01 
+2.5000000000000000e+00 +1.5363093873390507e-01 
+2.5000000000000000e+00 +0.0000000000000000e+00 
+2.2500000000000000e+00 +0.0000000000000000e+00 
+2.0000000000000000e+00 +1.4805624411140192e-01 
+1.7500000000000000e+00 +9.9590234675500641e-02 
+2.0000000000000000e+00 +1.9521605181527962e-03 
+1.5000000000000000e+00 +3.1421715586010668e-01 
+1.2500000000000000e+00 +2.6268611367202543e-01 
+1.5000000000000000e+00 +1.4114806388960119e-01 
+1.0000000000000000e+00 +5.2901658747068692e-01 
+1.0000000000000000e+00 +3.2108930646009659e-01 
+7.5000000000000000e-01 +4.3813864262315000e-01 
+2.2500000000000000e+00 +7.6502508534771876e-02 
+2.2500000000000000e+00 +0.0000000000000000e+00 
+1.7500000000000000e+00 +2.2666924306085690e-01 
+1.7500000000000000e+00 +6.7807645363212252e-02 
+1.2500000000000000e+00 +4.1350202968590699e-01 
+1.2500000000000000e+00 +2.2432074004946415e-01 
+7.5000000000000000e-01 +5.4569511664681492e-01 
+1.7500000000000000e+00 +1.4067846373618448e-01 
+1.2500000000000000e+00 +3.1185076693395369e-01 
+3.7500000000000000e-01 +6.8787695564431739e-01 
+2.5000000000000000e-01 +8.2049783044283975e-01 
+2.5000000000000000e-01 +8.6280708281794671e-01 
+2.3750000000000000e+00 +0.0000000000000000e+00 
+2.2500000000000000e+00 +1.3691248608241448e-02 
+2.1250000000000000e+00 +0.0000000000000000e+00 
+2.2500000000000000e+00 +0.0000000000000000e+00 
+2.1250000000000000e+00 +0.0000000000000000e+00 
+2.0000000000000000e+00 +4.3895809862404753e-03 
+1.8750000000000000e+00 +3.4056041047634121e-02 
+2.0000000000000000e+00 +2.3763944556730626e-02 
+1.6250000000000000e+00 +1.0341891596327880e-01 
+1.5000000000000000e+00 +1.4408973871312919e-01 
+1.3750000000000000e+00 +1.8131454173241368e-01 
+1.5000000000000000e+00 +1.6739006135288131e-01 
+1.1250000000000000e+00 +2.7068444793417734e-01 
+1.0000000000000000e+00 +3.2468284066376341e-01 
+8.7500000000000000e-01 +3.7646694759110255e-01 
+1.0000000000000000e+00 +3.5305832669621051e-01 
+7.5000000000000000e-01 +4.4215620250668269e-01 
+6.2500000000000000e-01 +5.0807824785303668e-01 
+7.5000000000000000e-01 +4.7383301344690487e-01 
+1.8750000000000000e-01 +8.9360369335440437e-01 
+9.3750000000000000e-02 +1.0697129897064677e+00 
+6.2500000000000000e-02 +1.1631934484128301e+00 
+6.2500000000000000e-02 +1.1598555961222223e+00 
+3.7500000000000000e-01 +6.9279922341803291e-01 
+3.7500000000000000e-01 +7.3151979334253514e-01 
+4.3750000000000000e-01 +6.3601744836924812e-01 
+3.7500000000000000e-01 +6.8417326511440812e-01 
+3.1250000000000000e-01 +7.4668891896638900e-01 
+3.7500000000000000e-01 +7.0380752054050633e-01 
+5.0000000000000000e-01 +5.9401629455651961e-01 
+5.0000000000000000e-01 +6.2996079220048595e-01 
+1.2500000000000000e+00 +2.2756371816706494e-01 
+1.2500000000000000e+00 +2.5320988945879364e-01 
+1.7500000000000000e+00 +7.0483635460566560e-02 
+1.7500000000000000e+00 +9.1715423938872886e-02 
+2.1250000000000000e+00 +4.6190086117635712e-02 
+2.1250000000000000e+00 +0.0000000000000000e+00 
+1.8750000000000000e+00 +3.6609761788872444e-02 
+1.8750000000000000e+00 +5.6889601151899727e-02 
+1.6250000000000000e+00 +1.0622391228759751e-01 
+1.6250000000000000e+00 +1.2846010094862473e-01 
+1.3750000000000000e+00 +1.8440172458386789e-01 
+1.3750000000000000e+00 +2.0883492501777798e-01 
+1.1250000000000000e+00 +2.7409538431110186e-01 
+1.1250000000000000e+00 +3.0104922353734492e-01 
+8.7500000000000000e-01 +3.8026109414080816e-01 
+8.7500000000000000e-01 +4.1019848211984067e-01 
+6.2500000000000000e-01 +5.1234917259645940e-01 
+6.2500000000000000e-01 +5.4599859925885674e-01 
+5.6250000000000000e-01 +5.4706532361116245e-01 
+5.0000000000000000e-01 +5.8601574854722538e-01 
+5.0000000000000000e-01 +6.0423020714428266e-01 
+1.3125000000000000e+00 +2.0243349808493827e-01 
+1.2500000000000000e+00 +2.2188324860422140e-01 
+1.1875000000000000e+00 +2.4704482606126379e-01 
+1.2500000000000000e+00 +2.3483072218728854e-01 
+1.8125000000000000e+00 +5.0713574298610106e-02 
+1.7500000000000000e+00 +6.5797667843062332e-02 
+1.6875000000000000e+00 +8.5365918293913712e-02 
+1.7500000000000000e+00 +7.6487445628864517e-02 
+2.1875000000000000e+00 +0.0000000000000000e+00 
+2.1250000000000000e+00 +2.0058429826274867e-02 
+2.0625000000000000e+00 +1.4823125784383578e-02 
+2.1250000000000000e+00 +0.0000000000000000e+00 
+1.9375000000000000e+00 +1.7809887234872770e-02 
+1.8750000000000000e+00 +3.2138255691137090e-02 
+1.8750000000000000e+00 +4.2341167790927545e-02 
+2.0625000000000000e+00 +0.0000000000000000e+00 
+2.0000000000000000e+00 +1.2206658455780328e-04 
+2.0000000000000000e+00 +9.8618813550634468e-03 
+1.6250000000000000e+00 +1.0131166661994817e-01 
+1.5625000000000000e+00 +1.2200043872252116e-01 
+1.6250000000000000e+00 +1.1251513571145369e-01 
+1.4375000000000000e+00 +1.6090374576188909e-01 
+1.3750000000000000e+00 +1.7899452128014273e-01 
+1.3750000000000000e+00 +1.9132163198947477e-01 
+1.1250000000000000e+00 +2.6812031449275303e-01 
+1.0625000000000000e+00 +2.9533059002147982e-01 
+1.1250000000000000e+00 +2.8173658290507592e-01 
+9.3750000000000000e-01 +3.4808534451307110e-01 
+8.7500000000000000e-01 +3.7361387032855514e-01 
+8.1250000000000000e-01 +4.0641233738132837e-01 
+8.7500000000000000e-01 +3.8875604751789367e-01 
+6.8750000000000000e-01 +4.7191448985453888e-01 
+6.2500000000000000e-01 +5.0486567566340801e-01 
+6.2500000000000000e-01 +5.2190634115539980e-01 
+4.6875000000000000e-02 +1.2174792719082552e+00 
+2.3437500000000000e-02 +1.3419859803049583e+00 
+1.5625000000000000e-02 +1.4054497956294385e+00 
+1.5625000000000000e-02 +1.4056869000841907e+00 
+2.5000000000000000e-01 +8.1106338954285329e-01 
+1.8750000000000000e-01 +9.0356404121074907e-01 
+1.5625000000000000e-01 +9.4292337728745190e-01 
+1.2500000000000000e-01 +1.0037336536229504e+00 
+1.2500000000000000e-01 +1.0006864852164401e+00 
+9.3750000000000000e-02 +1.0732841602607486e+00 
+9.3750000000000000e-02 +1.0701102062187926e+00 
+1.0937500000000000e-01 +1.0331429447466340e+00 
+9.3750000000000000e-02 +1.0710035595505873e+00 
+7.8125000000000000e-02 +1.1111857351272136e+00 
+9.3750000000000000e-02 +1.0694150084173262e+00 
+3.1250000000000000e-01 +7.4282458415727359e-01 
+2.1875000000000000e-01 +8.5011433569220096e-01 
+1.8750000000000000e-01 +8.9681288844766516e-01 
+1.8750000000000000e-01 +8.9396062900458795e-01 
+6.2500000000000000e-02 +1.1591244788875870e+00 
+4.6875000000000000e-02 +1.2182337542466748e+00 
+3.9062500000000000e-02 +1.2523475703619247e+00 
+3.1250000000000000e-02 +1.2929436751376671e+00 
+3.1250000000000000e-02 +1.2931679064004251e+00 
+3.1250000000000000e-01 +7.5182424034253748e-01 
+2.8125000000000000e-01 +7.7551912698922354e-01 
+2.5000000000000000e-01 +8.1410293110195175e-01 
+2.5000000000000000e-01 +8.1140144603862618e-01 
+2.3437500000000000e-02 +1.3420147133286211e+00 
+2.3437500000000000e-02 +1.3422445594049841e+00 
+4.3750000000000000e-01 +6.3245541155561746e-01 
+7.5000000000000000e-01 +4.3511710975333773e-01 
+7.5000000000000000e-01 +4.5114889893944349e-01 
+1.0000000000000000e+00 +3.1838749266064637e-01 
+1.0000000000000000e+00 +3.3273084935579827e-01 
+1.5000000000000000e+00 +1.3893775776272979e-01 
+1.5000000000000000e+00 +1.5068546846467940e-01 
+5.6250000000000000e-01 +5.4374625862092407e-01 
+5.6250000000000000e-01 +5.6134931128737720e-01 
+1.3125000000000000e+00 +2.0005579141834604e-01 
+1.3125000000000000e+00 +2.1268754231829781e-01 
+1.1875000000000000e+00 +2.4454526400637328e-01 
+1.8125000000000000e+00 +4.8750289059583937e-02 
+1.8125000000000000e+00 +5.9193485481200098e-02 
+1.6875000000000000e+00 +8.3307980529967629e-02 
+1.9375000000000000e+00 +1.5936478082156386e-02 
+1.9375000000000000e+00 +2.5905039993815115e-02 
+2.0625000000000000e+00 +0.0000000000000000e+00 
+2.0625000000000000e+00 +0.0000000000000000e+00 
+1.5625000000000000e+00 +1.1984243413890283e-01 
+1.4375000000000000e+00 +1.5863947719106358e-01 
+1.4375000000000000e+00 +1.7067216289797732e-01 
+1.0625000000000000e+00 +2.9269913589380075e-01 
+9.3750000000000000e-01 +3.4530979131045386e-01 
+9.3750000000000000e-01 +3.6004256488971509e-01 
+8.1250000000000000e-01 +4.0347746459136313e-01 
+6.8750000000000000e-01 +4.6880069860179607e-01 
+6.8750000000000000e-01 +4.8531970317710765e-01 
+4.3750000000000000e-01 +6.4075184867142876e-01 
+5.6250000000000000e-01 +5.5147748385276263e-01 
+1.3125000000000000e+00 +2.0559718696469603e-01 
+1.1875000000000000e+00 +2.5037012498764794e-01 
+1.8125000000000000e+00 +5.3327639011827688e-02 
+1.6875000000000000e+00 +8.8105515404009530e-02 
+1.9375000000000000e+00 +2.0304754276965837e-02 
+1.5625000000000000e+00 +1.2487274890849201e-01 
+1.4375000000000000e+00 +1.6391698798350537e-01 
+1.0625000000000000e+00 +2.9883081009276119e-01 
+9.3750000000000000e-01 +3.5177667519952316e-01 
+8.1250000000000000e-01 +4.1031496480483381e-01 
+6.8750000000000000e-01 +4.7605440691714518e-01 
+3.4375000000000000e-01 +7.1249767422995680e-01 
+3.1250000000000000e-01 +7.4572386751563802e-01 
+3.1250000000000000e-01 +7.4314703263024828e-01 
+5.3125000000000000e-01 +5.6441450142822613e-01 
+5.0000000000000000e-01 +5.8859272665687357e-01 
+4.6875000000000000e-01 +6.0865461297223833e-01 
+5.0000000000000000e-01 +5.8630233068480142e-01 
+1.9062500000000000e+00 +2.3987563900682962e-02 
+1.8750000000000000e+00 +3.3576792702114083e-02 
+1.8437500000000000e+00 +4.0391477131446765e-02 
+1.8750000000000000e+00 +3.2298151370955708e-02 
+2.0937500000000000e+00 +0.0000000000000000e+00 
+2.0625000000000000e+00 +0.0000000000000000e+00 
+2.0312500000000000e+00 +0.0000000000000000e+00 
+2.0625000000000000e+00 +0.0000000000000000e+00 
+2.0312500000000000e+00 +0.0000000000000000e+00 
+2.0000000000000000e+00 +1.4947974453088152e-03 
+1.9687500000000000e+00 +7.9822034704960469e-03 
+2.0000000000000000e+00 +2.7463931364982987e-04 
+1.4062500000000000e+00 +1.6873217891524403e-01 
+1.3750000000000000e+00 +1.8073490700405759e-01 
+1.3437500000000000e+00 +1.8943331035906449e-01 
+1.3750000000000000e+00 +1.7918800687889988e-01 
+6.5625000000000000e-01 +4.8651104516170141e-01 
+6.2500000000000000e-01 +5.0727585772280548e-01 
+5.9375000000000000e-01 +5.2392208317750188e-01 
+6.2500000000000000e-01 +5.0513369662922136e-01 
+4.3750000000000000e-01 +6.3512784185759907e-01 
+4.0625000000000000e-01 +6.5756760091780420e-01 
+4.3750000000000000e-01 +6.3275261567455576e-01 
+7.8125000000000000e-01 +4.1905992056995200e-01 
+7.5000000000000000e-01 +4.3738393044667612e-01 
+7.1875000000000000e-01 +4.5168421499495820e-01 
+7.5000000000000000e-01 +4.3536917737411940e-01 
+1.0312500000000000e+00 +3.0539733326196111e-01 
+1.0000000000000000e+00 +3.2041438702506797e-01 
+9.6875000000000000e-01 +3.3168577459832405e-01 
+1.0000000000000000e+00 +3.1861286112521475e-01 
+1.5312500000000000e+00 +1.2931702156171362e-01 
+1.5000000000000000e+00 +1.4059581072090480e-01 
+1.4687500000000000e+00 +1.4871001370454118e-01 
+1.5000000000000000e+00 +1.3912208131835524e-01 
+1.3125000000000000e+00 +2.0183946652633009e-01 
+1.2812500000000000e+00 +2.1086968849511961e-01 
+1.3125000000000000e+00 +2.0025409428760815e-01 
+1.2187500000000000e+00 +2.3310529124626206e-01 
+1.1875000000000000e+00 +2.4642038288072421e-01 
+1.1562500000000000e+00 +2.5621330517486668e-01 
+1.1875000000000000e+00 +2.4475374279677758e-01 
+1.8125000000000000e+00 +5.0222970482931950e-02 
+1.7812500000000000e+00 +5.7217898400668876e-02 
+1.8125000000000000e+00 +4.8913984351574347e-02 
+1.7187500000000000e+00 +7.4493126340883800e-02 
+1.6875000000000000e+00 +8.4851691913464741e-02 
+1.6562500000000000e+00 +9.2246127155224955e-02 
+1.6875000000000000e+00 +8.3479580081613103e-02 
+1.5937500000000000e+00 +1.1050891778205038e-01 
+1.5625000000000000e+00 +1.2146123852408806e-01 
+1.5625000000000000e+00 +1.2002239008807947e-01 
+1.0937500000000000e+00 +2.8027803333418377e-01 
+1.0625000000000000e+00 +2.9467323034943776e-01 
+1.0625000000000000e+00 +2.9291862875055619e-01 
+9.3750000000000000e-01 +3.4739202183070228e-01 
+9.0625000000000000e-01 +3.5927879062005580e-01 
+9.3750000000000000e-01 +3.4554131761803725e-01 
+8.4375000000000000e-01 +3.8833822949694524e-01 
+8.1250000000000000e-01 +4.0567925308378289e-01 
+8.1250000000000000e-01 +4.0372229538699511e-01 
+7.8125000000000000e-02 +1.1108806370264688e+00 
+5.4687500000000000e-02 +1.1867329292394202e+00 
+4.6875000000000000e-02 +1.2175062239247518e+00 
+4.6875000000000000e-02 +1.2177218234722857e+00 
+1.5625000000000000e-01 +9.4623394417481332e-01 
+1.5625000000000000e-01 +9.4329159365608994e-01 
+1.4062500000000000e-01 +9.7041610115319765e-01 
+1.2500000000000000e-01 +1.0015441409968751e+00 
+1.2500000000000000e-01 +1.0000190733626371e+00 
+1.7187500000000000e-01 +9.1742158744384894e-01 
+1.5625000000000000e-01 +9.4411973708743646e-01 
+1.5625000000000000e-01 +9.4264715336632887e-01 
+7.8125000000000000e-02 +1.1115924375552484e+00 
+7.0312500000000000e-02 +1.1339952027811542e+00 
+6.2500000000000000e-02 +1.1591505961674990e+00 
+6.2500000000000000e-02 +1.1593595185387444e+00 
+2.1875000000000000e-01 +8.5323414265766051e-01 
+2.1875000000000000e-01 +8.5046132417402420e-01 
+2.0312500000000000e-01 +8.7123108570603602e-01 
+1.8750000000000000e-01 +8.9476340654342923e-01 
+1.8750000000000000e-01 +8.9333593279627632e-01 
+1.0937500000000000e-01 +1.0328512389552362e+00 
+8.5937500000000000e-02 +1.0894399532629890e+00 
+7.8125000000000000e-02 +1.1109060642019744e+00 
+7.8125000000000000e-02 +1.1111094663302328e+00 
+2.3437500000000000e-01 +8.3010032948326162e-01 
+2.1875000000000000e-01 +8.5124173444925744e-01 
+2.1875000000000000e-01 +8.4985403800063952e-01 
+1.0937500000000000e-01 +1.0335317967207427e+00 
+1.0156250000000000e-01 +1.0506051912046963e+00 
+9.3750000000000000e-02 +1.0694398424474292e+00 
+9.3750000000000000e-02 +1.0696384999215158e+00 
+2.8125000000000000e-01 +7.7848561078765321e-01 
+2.8125000000000000e-01 +7.7584905357039524e-01 
+2.6562500000000000e-01 +7.9289897827547740e-01 
+2.5000000000000000e-01 +8.1216177179540250e-01 
+2.5000000000000000e-01 +8.1080979307697298e-01 
+3.9062500000000000e-02 +1.2523750211522644e+00 
+3.9062500000000000e-02 +1.2525946104624830e+00 
+1.4062500000000000e-01 +9.7013515942199890e-01 
+1.1718750000000000e-01 +1.0160244208927451e+00 
+1.0937500000000000e-01 +1.0328755499586182e+00 
+1.0937500000000000e-01 +1.0330700236678103e+00 
+2.9687500000000000e-01 +7.5884904892348914e-01 
+2.8125000000000000e-01 +7.7659109835147933e-01 
+2.8125000000000000e-01 +7.7527162999463717e-01 
+8.7500000000000000e-01 +3.7575427711924220e-01 
+8.7500000000000000e-01 +3.7385187052893459e-01 
+1.1250000000000000e+00 +2.7004388958119996e-01 
+1.1250000000000000e+00 +2.6833418552183119e-01 
+1.6250000000000000e+00 +1.0289238282208635e-01 
+1.6250000000000000e+00 +1.0148738409161531e-01 
+1.7500000000000000e+00 +6.7305388488769199e-02 
+1.7500000000000000e+00 +6.5965262322255733e-02 
+1.2500000000000000e+00 +2.2371178791893076e-01 
+1.2500000000000000e+00 +2.2208654399126665e-01 
+1.4375000000000000e+00 +1.6033802510958797e-01 
+1.4375000000000000e+00 +1.5882830705192494e-01 
+6.8750000000000000e-01 +4.7113675262270294e-01 
+6.8750000000000000e-01 +4.6906047055180367e-01 
+3.7500000000000000e-01 +6.8695199641396731e-01 
+3.7500000000000000e-01 +6.8448229847673447e-01 
+5.6250000000000000e-01 +5.4623635592177844e-01 
+5.6250000000000000e-01 +5.4402317260621180e-01 
+1.9375000000000000e+00 +1.7341713921413194e-02 
+1.9375000000000000e+00 +1.6092667986165082e-02 
+3.4375000000000000e-01 +7.1533462358648459e-01 
+3.4375000000000000e-01 +7.1281318613511102e-01 
+5.3125000000000000e-01 +5.6694708028385166e-01 
+5.3125000000000000e-01 +5.6469614278825531e-01 
+4.6875000000000000e-01 +6.1127812305695528e-01 
+4.6875000000000000e-01 +6.0894637321793144e-01 
+1.9062500000000000e+00 +2.5409347960625682e-02 
+1.9062500000000000e+00 +2.4145595301334210e-02 
+1.8437500000000000e+00 +4.1846977833141043e-02 
+1.8437500000000000e+00 +4.0553260541680222e-02 
+2.0312500000000000e+00 +0.0000000000000000e+00 
+2.0312500000000000e+00 +0.0000000000000000e+00 
+1.9687500000000000e+00 +9.3710900750485666e-03 
+1.9687500000000000e+00 +8.1365740211502280e-03 
+1.4062500000000000e+00 +1.7045147139657832e-01 
+1.4062500000000000e+00 +1.6892331724439894e-01 
+1.3437500000000000e+00 +1.9119515199455031e-01 
+1.3437500000000000e+00 +1.8962918358546282e-01 
+6.5625000000000000e-01 +4.8888350107049056e-01 
+6.5625000000000000e-01 +4.8677486793720792e-01 
+5.9375000000000000e-01 +5.2637143382162610e-01 
+5.9375000000000000e-01 +5.2419446284861881e-01 
+4.0625000000000000e-01 +6.6029164687273478e-01 
+4.0625000000000000e-01 +6.5787054885980412e-01 
+7.8125000000000000e-01 +4.2129373727895947e-01 
+7.8125000000000000e-01 +4.1930831548612774e-01 
+7.1875000000000000e-01 +4.5398508775529006e-01 
+7.1875000000000000e-01 +4.5194007195165875e-01 
+1.0312500000000000e+00 +3.0739752762226907e-01 
+1.0312500000000000e+00 +3.0561973053289698e-01 
+9.6875000000000000e-01 +3.3374000228264922e-01 
+9.6875000000000000e-01 +3.3191418473231316e-01 
+1.5312500000000000e+00 +1.3095530003612282e-01 
+1.5312500000000000e+00 +1.2949914460006559e-01 
+1.4687500000000000e+00 +1.5038815258051269e-01 
+1.4687500000000000e+00 +1.4889657243401905e-01 
+1.2812500000000000e+00 +2.1267559051253351e-01 
+1.2812500000000000e+00 +2.1107046478916050e-01 
+1.2187500000000000e+00 +2.3495689637375405e-01 
+1.2187500000000000e+00 +2.3331115341179087e-01 
+1.1562500000000000e+00 +2.5811240656841788e-01 
+1.1562500000000000e+00 +2.5642445275543407e-01 
+1.7812500000000000e+00 +5.8707984168128738e-02 
+1.7812500000000000e+00 +5.7383530459267217e-02 
+1.7187500000000000e+00 +7.6018719652393749e-02 
+1.7187500000000000e+00 +7.4662709701824287e-02 
+1.6562500000000000e+00 +9.3808210026272057e-02 
+1.6562500000000000e+00 +9.2419771097822401e-02 
+1.5937500000000000e+00 +1.1210853803581149e-01 
+1.5937500000000000e+00 +1.1068673890874201e-01 
+1.0937500000000000e+00 +2.8222659742646966e-01 
+1.0937500000000000e+00 +2.8049468515568321e-01 
+9.0625000000000000e-01 +3.6138973305426808e-01 
+9.0625000000000000e-01 +3.5951351200789400e-01 
+8.4375000000000000e-01 +3.9050890077002270e-01 
+8.4375000000000000e-01 +3.8857959754839272e-01 
+3.2812500000000000e-01 +7.2739024116508200e-01 
+3.1250000000000000e-01 +7.4387226209150792e-01 
+3.1250000000000000e-01 +7.4258269761599638e-01 
+8.9062500000000000e-01 +3.6639917296074315e-01 
+8.7500000000000000e-01 +3.7438720908798340e-01 
+8.5937500000000000e-01 +3.8092585020836067e-01 
+8.7500000000000000e-01 +3.7343534113354493e-01 
+1.1406250000000000e+00 +2.6213622571566975e-01 
+1.1250000000000000e+00 +2.6881526707872710e-01 
+1.1093750000000000e+00 +2.7416706610045588e-01 
+1.1250000000000000e+00 +2.6795988821701294e-01 
+1.6406250000000000e+00 +9.6762708156578878e-02 
+1.6250000000000000e+00 +1.0188267332598482e-01 
+1.6093750000000000e+00 +1.0589354934444037e-01 
+1.6250000000000000e+00 +1.0117986506409753e-01 
+1.7656250000000000e+00 +6.1493546575517158e-02 
+1.7500000000000000e+00 +6.6342286146071544e-02 
+1.7343750000000000e+00 +7.0130708600159158e-02 
+1.7500000000000000e+00 +6.5671960565177087e-02 
+1.2656250000000000e+00 +2.1635097348917698e-01 
+1.2500000000000000e+00 +2.2254384509481098e-01 
+1.2343750000000000e+00 +2.2746763455234242e-01 
+1.2500000000000000e+00 +2.2173075670764220e-01 
+1.4531250000000000e+00 +1.5365472594623497e-01 
+1.4375000000000000e+00 +1.5925308088482670e-01 
+1.4218750000000000e+00 +1.6366503219344944e-01 
+1.4375000000000000e+00 +1.5849783806060039e-01 
+7.0312500000000000e-01 +4.6017113169504653e-01 
+6.8750000000000000e-01 +4.6964476520021392e-01 
+6.7187500000000000e-01 +4.7757863891785107e-01 
+6.8750000000000000e-01 +4.6860583514395709e-01 
+3.9062500000000000e-01 +6.7067083229104851e-01 
+3.7500000000000000e-01 +6.8517736263814832e-01 
+3.5937500000000000e-01 +6.9810448452321772e-01 
+3.7500000000000000e-01 +6.8394144326462147e-01 
+5.7812500000000000e-01 +5.3373369716912078e-01 
+5.6250000000000000e-01 +5.4464601293998738e-01 
+5.4687500000000000e-01 +5.5396964081234568e-01 
+5.6250000000000000e-01 +5.4353853434507660e-01 
+1.9531250000000000e+00 +1.1947409225204634e-02 
+1.9375000000000000e+00 +1.6444047412474742e-02 
+1.9218750000000000e+00 +1.9949747846861342e-02 
+1.9375000000000000e+00 +1.5819327090821320e-02 
+5.3125000000000000e-01 +5.6532961312578389e-01 
+5.1562500000000000e-01 +5.7509237007529646e-01 
+5.3125000000000000e-01 +5.6420323043781384e-01 
+4.8437500000000000e-01 +5.9719822615765172e-01 
+4.6875000000000000e-01 +6.0960259694364882e-01 
+4.5312500000000000e-01 +6.2040109441636437e-01 
+4.6875000000000000e-01 +6.0843575028429098e-01 
+1.9062500000000000e+00 +2.4501115528256047e-02 
+1.8906250000000000e+00 +2.8050279434428567e-02 
+1.9062500000000000e+00 +2.3869031325843167e-02 
+1.8593750000000000e+00 +3.6251862218509463e-02 
+1.8437500000000000e+00 +4.0917217560294310e-02 
+1.8281250000000000e+00 +4.4557487385189505e-02 
+1.8437500000000000e+00 +4.0270129610095982e-02 
+2.0468750000000000e+00 +0.0000000000000000e+00 
+2.0312500000000000e+00 +0.0000000000000000e+00 
+2.0156250000000000e+00 +0.0000000000000000e+00 
+2.0312500000000000e+00 +0.0000000000000000e+00 
+1.9843750000000000e+00 +4.0405303635633848e-03 
+1.9687500000000000e+00 +8.4838624383804621e-03 
+1.9687500000000000e+00 +7.8664174496559693e-03 
+1.4062500000000000e+00 +1.6935328191322258e-01 
+1.3906250000000000e+00 +1.7384172949680810e-01 
+1.4062500000000000e+00 +1.6858880785563055e-01 
+1.3593750000000000e+00 +1.8419141788748705e-01 
+1.3437500000000000e+00 +1.9006979517318517e-01 
+1.3281250000000000e+00 +1.9472111835394990e-01 
+1.3437500000000000e+00 +1.8928638694112576e-01 
+6.5625000000000000e-01 +4.8736827129660837e-01 
+6.4062500000000000e-01 +4.9560441244848286e-01 
+6.5625000000000000e-01 +4.8631314257060454e-01 
+6.0937500000000000e-01 +5.1430225109292416e-01 
+5.9375000000000000e-01 +5.2480710729581903e-01 
+5.9375000000000000e-01 +5.2371776077245868e-01 
+4.2187500000000000e-01 +6.4483707239722510e-01 
+4.0625000000000000e-01 +6.5855192930785611e-01 
+4.0625000000000000e-01 +6.5734034465676128e-01 
+7.9687500000000000e-01 +4.1121140012376295e-01 
+7.8125000000000000e-01 +4.1986702766668604e-01 
+7.6562500000000000e-01 +4.2702706716980160e-01 
+7.8125000000000000e-01 +4.1887359273575375e-01 
+7.3437500000000000e-01 +4.4333456474374872e-01 
+7.1875000000000000e-01 +4.5251556332217652e-01 
+7.1875000000000000e-01 +4.5149228876222691e-01 
+1.0468750000000000e+00 +2.9901269713456829e-01 
+1.0312500000000000e+00 +3.0611998424937753e-01 
+1.0156250000000000e+00 +3.1185493973072576e-01 
+1.0312500000000000e+00 +3.0523051017026326e-01 
+9.8437500000000000e-01 +3.2499705359143527e-01 
+9.6875000000000000e-01 +3.3242795900942795e-01 
+9.5312500000000000e-01 +3.3845590380202306e-01 
+9.6875000000000000e-01 +3.3151444035400196e-01 
+1.5468750000000000e+00 +1.2456178322217960e-01 
+1.5312500000000000e+00 +1.2990883743085707e-01 
+1.5156250000000000e+00 +1.3410879251801250e-01 
+1.5312500000000000e+00 +1.2918041422720070e-01 
+1.4843750000000000e+00 +1.4380459799678572e-01 
+1.4687500000000000e+00 +1.4931623938700297e-01 
+1.4687500000000000e+00 +1.4857007849119833e-01 
+1.2968750000000000e+00 +2.0543831032590679e-01 
+1.2812500000000000e+00 +2.1152210144476949e-01 
+1.2812500000000000e+00 +2.1071908654895447e-01 
+1.2187500000000000e+00 +2.3377422618913052e-01 
+1.2031250000000000e+00 +2.3879741969323659e-01 
+1.2187500000000000e+00 +2.3295087362322142e-01 
+1.1718750000000000e+00 +2.5035011354229258e-01 
+1.1562500000000000e+00 +2.5689941034935365e-01 
+1.1562500000000000e+00 +2.5605492216733078e-01 
+1.7968750000000000e+00 +5.2970287655025809e-02 
+1.7812500000000000e+00 +5.7756141572132130e-02 
+1.7812500000000000e+00 +5.7093663429526306e-02 
+1.7187500000000000e+00 +7.5044205737299835e-02 
+1.7031250000000000e+00 +7.8885390036156425e-02 
+1.7187500000000000e+00 +7.4365926903767060e-02 
+1.6718750000000000e+00 +8.7761390953090213e-02 
+1.6562500000000000e+00 +9.2810397782044862e-02 
+1.6562500000000000e+00 +9.2115881265289357e-02 
+1.5937500000000000e+00 +1.1108675843466478e-01 
+1.5781250000000000e+00 +1.1515834857838332e-01 
+1.5937500000000000e+00 +1.1037553795827648e-01 
+1.0937500000000000e+00 +2.8098201961942393e-01 
+1.0781250000000000e+00 +2.8645483032542679e-01 
+1.0937500000000000e+00 +2.8011552076794993e-01 
+9.2187500000000000e-01 +3.5224989563390535e-01 
+9.0625000000000000e-01 +3.6004147780901058e-01 
+9.0625000000000000e-01 +3.5910272135531007e-01 
+8.4375000000000000e-01 +3.8912250907794937e-01 
+8.2812500000000000e-01 +3.9585428495313635e-01 
+8.4375000000000000e-01 +3.8815717357048490e-01 
+1.4062500000000000e-01 +9.7079060583621124e-01 
+1.3281250000000000e-01 +9.8474730616033257e-01 
+1.2500000000000000e-01 +1.0000429147180543e+00 
+1.2500000000000000e-01 +1.0002336316465903e+00 
+5.4687500000000000e-02 +1.1867594414446219e+00 
+5.4687500000000000e-02 +1.1869715228792541e+00 
+1.7187500000000000e-01 +9.1714973968427538e-01 
+1.4843750000000000e-01 +9.5611975602043775e-01 
+1.4062500000000000e-01 +9.7015857330273969e-01 
+1.4062500000000000e-01 +9.7034587080073287e-01 
+1.7187500000000000e-01 +9.1778397087747254e-01 
+1.6406250000000000e-01 +9.2967069684221304e-01 
+1.5625000000000000e-01 +9.4267017404467601e-01 
+1.5625000000000000e-01 +9.4285432626097532e-01 
+2.0312500000000000e-01 +8.7096716433511623e-01 
+1.7968750000000000e-01 +9.0504863498760357e-01 
+1.7187500000000000e-01 +9.1717239563467279e-01 
+1.7187500000000000e-01 +9.1735363034039163e-01 
+7.0312500000000000e-02 +1.1340209605991429e+00 
+7.0312500000000000e-02 +1.1342270075835028e+00 
+2.0312500000000000e-01 +8.7158290414808193e-01 
+1.9531250000000000e-01 +8.8198373383382167e-01 
+1.8750000000000000e-01 +8.9335824810189024e-01 
+1.8750000000000000e-01 +8.9353675794169041e-01 
+2.3437500000000000e-01 +8.2984346623786887e-01 
+2.1093750000000000e-01 +8.6026394554829189e-01 
+2.0312500000000000e-01 +8.7098915966651003e-01 
+2.0312500000000000e-01 +8.7116510998715768e-01 
+8.5937500000000000e-02 +1.0894650737400693e+00 
+8.5937500000000000e-02 +1.0896660225441390e+00 
+2.3437500000000000e-01 +8.3044274023158804e-01 
+2.2656250000000000e-01 +8.3971934536328108e-01 
+2.1875000000000000e-01 +8.4987573131915561e-01 
+2.1875000000000000e-01 +8.5004926579597551e-01 
+2.6562500000000000e-01 +7.9264849886132738e-01 
+2.4218750000000000e-01 +8.2021148478597627e-01 
+2.3437500000000000e-01 +8.2986487331500758e-01 
+2.3437500000000000e-01 +8.3003611810646682e-01 
+2.6562500000000000e-01 +7.9323288008912241e-01 
+2.5781250000000000e-01 +8.0162593951682071e-01 
+2.5000000000000000e-01 +8.1083092788678779e-01 
+2.5000000000000000e-01 +8.1099999477332207e-01 
+1.0156250000000000e-01 +1.0506297561696247e+00 
+1.0156250000000000e-01 +1.0508262613532313e+00 
+2.9687500000000000e-01 +7.5860441254986732e-01 
+2.7343750000000000e-01 +7.8386696020101665e-01 
+2.6562500000000000e-01 +7.9266937388276981e-01 
+2.6562500000000000e-01 +7.9283636268528002e-01 
+2.9687500000000000e-01 +7.5917516261612883e-01 
+2.8906250000000000e-01 +7.6685354777111125e-01 
+2.8125000000000000e-01 +7.7529225644852551e-01 
+2.8125000000000000e-01 +7.7545725692392886e-01 
+3.2812500000000000e-01 +7.2715100318999426e-01 
+3.0468750000000000e-01 +7.5051651837270839e-01 
+2.9687500000000000e-01 +7.5862480058741577e-01 
+2.9687500000000000e-01 +7.5878789393671442e-01 
+1.1718750000000000e-01 +1.0160484911967791e+00 
+1.1718750000000000e-01 +1.0162410395177592e+00 
+8.1250000000000000e-01 +4.0427299326430172e-01 
+8.1250000000000000e-01 +4.0329381073985854e-01 
+9.3750000000000000e-01 +3.4606209894215323e-01 
+9.3750000000000000e-01 +3.4513611915579484e-01 
+1.0625000000000000e+00 +2.9341235158354811e-01 
+1.0625000000000000e+00 +2.9253449183986502e-01 
+1.5625000000000000e+00 +1.2042720998889778e-01 
+1.5625000000000000e+00 +1.1970745266380733e-01 
+1.6875000000000000e+00 +8.3865609735838523e-02 
+1.6875000000000000e+00 +8.3179268445063848e-02 
+1.8125000000000000e+00 +4.9282240439199827e-02 
+1.8125000000000000e+00 +4.8627507148271444e-02 
+1.1875000000000000e+00 +2.4522269933281471e-01 
+1.1875000000000000e+00 +2.4438888325959807e-01 
+1.3125000000000000e+00 +2.0070016918513325e-01 
+1.3125000000000000e+00 +1.9990704515999255e-01 
+1.5000000000000000e+00 +1.3953672224574465e-01 
+1.5000000000000000e+00 +1.3879949948935735e-01 
+1.0000000000000000e+00 +3.1911979588586759e-01 
+1.0000000000000000e+00 +3.1821844042987901e-01 
+7.5000000000000000e-01 +4.3593614802071567e-01 
+7.5000000000000000e-01 +4.3492802647121476e-01 
+4.3750000000000000e-01 +6.3342108052694401e-01 
+4.3750000000000000e-01 +6.3223246459985039e-01 
+6.2500000000000000e-01 +5.0573654006502033e-01 
+6.2500000000000000e-01 +5.0466462337855411e-01 
+1.3750000000000000e+00 +1.7962324963250684e-01 
+1.3750000000000000e+00 +1.7884938918068269e-01 
+2.0156250000000000e+00 +0.0000000000000000e+00 
+2.0000000000000000e+00 +6.1788513832016878e-04 
+2.0000000000000000e+00 +7.6293799786686903e-06 
+1.8750000000000000e+00 +3.2657863627414303e-02 
+1.8750000000000000e+00 +3.2018324440195062e-02 
+5.0000000000000000e-01 +5.8694691088493889e-01 
+5.0000000000000000e-01 +5.8580077073671732e-01 
+3.4375000000000000e-01 +7.1352281798754813e-01 
+3.4375000000000000e-01 +7.1226099185113090e-01 
+8.9062500000000000e-01 +3.6716715089490765e-01 
+8.9062500000000000e-01 +3.6622188182319515e-01 
+8.5937500000000000e-01 +3.8170462207807337e-01 
+8.5937500000000000e-01 +3.8074606626200169e-01 
+1.1406250000000000e+00 +2.6282673187060718e-01 
+1.1406250000000000e+00 +2.6197682632233182e-01 
+1.1093750000000000e+00 +2.7486651167860021e-01 
+1.1093750000000000e+00 +2.7400560218923808e-01 
+1.6406250000000000e+00 +9.7330334794095349e-02 
+1.6406250000000000e+00 +9.6631687211706577e-02 
+1.6093750000000000e+00 +1.0646796058311543e-01 
+1.6093750000000000e+00 +1.0576096152773801e-01 
+1.7656250000000000e+00 +6.2034966734397456e-02 
+1.7656250000000000e+00 +6.1368577894025070e-02 
+1.7343750000000000e+00 +7.0678546535701298e-02 
+1.7343750000000000e+00 +7.0004257763234712e-02 
+1.2656250000000000e+00 +2.1700745926538859e-01 
+1.2656250000000000e+00 +2.1619943094281169e-01 
+1.2343750000000000e+00 +2.2813238047786294e-01 
+1.2343750000000000e+00 +2.2731418436321948e-01 
+1.4531250000000000e+00 +1.5426462575901123e-01 
+1.4531250000000000e+00 +1.5351394220972114e-01 
+1.4218750000000000e+00 +1.6428237008711702e-01 
+1.4218750000000000e+00 +1.6352253066702491e-01 
+7.0312500000000000e-01 +4.6100878616029639e-01 
+7.0312500000000000e-01 +4.5997774908930128e-01 
+6.7187500000000000e-01 +4.7842922789715497e-01 
+6.7187500000000000e-01 +4.7738226914672460e-01 
+3.9062500000000000e-01 +6.7166489693616427e-01 
+3.9062500000000000e-01 +6.7044132748754404e-01 
+3.5937500000000000e-01 +6.9911893353214927e-01 
+3.5937500000000000e-01 +6.9787027204645591e-01 
+5.7812500000000000e-01 +5.3462601173158031e-01 
+5.7812500000000000e-01 +5.3352769107018183e-01 
+5.4687500000000000e-01 +5.5487699153673831e-01 
+5.4687500000000000e-01 +5.5376016218230095e-01 
+1.9531250000000000e+00 +1.2452014508659091e-02 
+1.9531250000000000e+00 +1.1830942766596832e-02 
+1.9218750000000000e+00 +2.0460299206341535e-02 
+1.9218750000000000e+00 +1.9831908169871657e-02 
+5.1562500000000000e-01 +5.7601541588084093e-01 
+5.1562500000000000e-01 +5.7487926673984113e-01 
+4.8437500000000000e-01 +5.9813769754915247e-01 
+4.8437500000000000e-01 +5.9698132941012605e-01 
+4.5312500000000000e-01 +6.2135780652026251e-01 
+4.5312500000000000e-01 +6.2018021600713813e-01 
+1.8906250000000000e+00 +2.8566849831460926e-02 
+1.8906250000000000e+00 +2.7931049688934565e-02 
+1.8593750000000000e+00 +3.6774526738406733e-02 
+1.8593750000000000e+00 +3.6131225063910519e-02 
+1.8281250000000000e+00 +4.5086323335841914e-02 
+1.8281250000000000e+00 +4.4435424967590217e-02 
+2.0156250000000000e+00 +0.0000000000000000e+00 
+2.0156250000000000e+00 +0.0000000000000000e+00 
+1.9843750000000000e+00 +4.5392605016307081e-03 
+1.9843750000000000e+00 +3.9254207422388622e-03 
+1.3906250000000000e+00 +1.7446662910695862e-01 
+1.3906250000000000e+00 +1.7369748162741264e-01 
+1.3593750000000000e+00 +1.8482400775381450e-01 
+1.3593750000000000e+00 +1.8404539398948072e-01 
+1.3281250000000000e+00 +1.9536153223303956e-01 
+1.3281250000000000e+00 +1.9457328753687678e-01 
+6.4062500000000000e-01 +4.9646839533985493e-01 
+6.4062500000000000e-01 +4.9540494941615731e-01 
+6.0937500000000000e-01 +5.1518012726916651e-01 
+6.0937500000000000e-01 +5.1409957947159235e-01 
+4.2187500000000000e-01 +6.4581194146619436e-01 
+4.2187500000000000e-01 +6.4461200072203895e-01 
+7.9687500000000000e-01 +4.1201267543788073e-01 
+7.9687500000000000e-01 +4.1102641911241922e-01 
+7.6562500000000000e-01 +4.2784009419340113e-01 
+7.6562500000000000e-01 +4.2683937215624740e-01 
+7.3437500000000000e-01 +4.4415970892771212e-01 
+7.3437500000000000e-01 +4.4314407132881595e-01 
+1.0468750000000000e+00 +2.9973060406732677e-01 
+1.0468750000000000e+00 +2.9884696966005259e-01 
+1.0156250000000000e+00 +3.1258238899284946e-01 
+1.0156250000000000e+00 +3.1168700849997938e-01 
+9.8437500000000000e-01 +3.2573426799995547e-01 
+9.8437500000000000e-01 +3.2482686714590925e-01 
+9.5312500000000000e-01 +3.3920311870544345e-01 
+9.5312500000000000e-01 +3.3828340778908450e-01 
+1.5468750000000000e+00 +1.2515006574813123e-01 
+1.5468750000000000e+00 +1.2442599189671201e-01 
+1.5156250000000000e+00 +1.3470416887562706e-01 
+1.5156250000000000e+00 +1.3397136290537964e-01 
+1.4843750000000000e+00 +1.4440717874792008e-01 
+1.4843750000000000e+00 +1.4366550456324492e-01 
+1.2968750000000000e+00 +2.0608668753187631e-01 
+1.2968750000000000e+00 +2.0528864041582431e-01 
+1.2031250000000000e+00 +2.3947058412826888e-01 
+1.2031250000000000e+00 +2.3864202528880923e-01 
+1.1718750000000000e+00 +2.5103186211743422e-01 
+1.1718750000000000e+00 +2.5019273667095121e-01 
+1.7968750000000000e+00 +5.3505374672067771e-02 
+1.7968750000000000e+00 +5.2846781582950211e-02 
+1.7031250000000000e+00 +7.9439733070252871e-02 
+1.7031250000000000e+00 +7.8757436877217965e-02 
+1.6718750000000000e+00 +8.8322329231246305e-02 
+1.6718750000000000e+00 +8.7631914653455711e-02 
+1.5781250000000000e+00 +1.1573964395471009e-01 
+1.5781250000000000e+00 +1.1502417090236426e-01 
+1.0781250000000000e+00 +2.8716340623205666e-01 
+1.0781250000000000e+00 +2.8629125780764980e-01 
+9.2187500000000000e-01 +3.5300736005662375e-01 
+9.2187500000000000e-01 +3.5207503254253658e-01 
+8.2812500000000000e-01 +3.9664414928120861e-01 
+8.2812500000000000e-01 +3.9567193925552280e-01 
+3.2812500000000000e-01 +7.2770915939487724e-01 
+2.0156250000000000e+00 +0.0000000000000000e+00 
+8.9062500000000000e-01 +3.6663552296867902e-01 
+8.5937500000000000e-01 +3.8116552285227151e-01 
+1.1406250000000000e+00 +2.6234872802509457e-01 
+1.1093750000000000e+00 +2.7438232018183706e-01 
+1.6406250000000000e+00 +9.6937385160919431e-02 
+1.6093750000000000e+00 +1.0607031481408474e-01 
+1.7656250000000000e+00 +6.1660156588137664e-02 
+1.7343750000000000e+00 +7.0299294160578965e-02 
+1.2656250000000000e+00 +2.1655300349832435e-01 
+1.2343750000000000e+00 +2.2767220723641393e-01 
+1.4531250000000000e+00 +1.5384241566241424e-01 
+1.4218750000000000e+00 +1.6385501153189336e-01 
+7.0312500000000000e-01 +4.6042892983445988e-01 
+6.7187500000000000e-01 +4.7784041861538296e-01 
+3.9062500000000000e-01 +6.7097677728923732e-01 
+3.5937500000000000e-01 +6.9841670432453440e-01 
+5.7812500000000000e-01 +5.3400832101631879e-01 
+5.4687500000000000e-01 +5.5424889315601211e-01 
+1.9531250000000000e+00 +1.2102686723474190e-02 
+1.9218750000000000e+00 +2.0106855691997862e-02 
+5.1562500000000000e-01 +5.7537645374679802e-01 
+4.8437500000000000e-01 +5.9748736602414021e-01 
+4.5312500000000000e-01 +6.2069554139359018e-01 
+1.8906250000000000e+00 +2.8209240085765103e-02 
+1.8593750000000000e+00 +3.6412698789132121e-02 
+1.8281250000000000e+00 +4.4720223672347438e-02 
+1.9843750000000000e+00 +4.1939993491422146e-03 
+1.3906250000000000e+00 +1.7403403651555979e-01 
+1.3593750000000000e+00 +1.8438609215419163e-01 
+1.3281250000000000e+00 +1.9491820104213864e-01 
+6.4062500000000000e-01 +4.9587031511801932e-01 
+6.0937500000000000e-01 +5.1457243045356316e-01 
+4.2187500000000000e-01 +6.4513710853005335e-01 
+7.9687500000000000e-01 +4.1145799987536386e-01 
+7.6562500000000000e-01 +4.2727728438349644e-01 
+7.3437500000000000e-01 +4.4358851191421073e-01 
+1.0468750000000000e+00 +2.9923363407005898e-01 
+1.0156250000000000e+00 +3.1207881402735710e-01 
+9.8437500000000000e-01 +3.2522393383771042e-01 
+9.5312500000000000e-01 +3.3868586244393778e-01 
+1.5468750000000000e+00 +1.2474281861153205e-01 
+1.5156250000000000e+00 +1.3429201156134180e-01 
+1.4843750000000000e+00 +1.4399003472772107e-01 
+1.2968750000000000e+00 +2.0563784431985441e-01 
+1.2031250000000000e+00 +2.3900458379935563e-01 
+1.1718750000000000e+00 +2.5055992005558692e-01 
+1.7968750000000000e+00 +5.3134948172505171e-02 
+1.7031250000000000e+00 +7.9055978024178339e-02 
+1.6718750000000000e+00 +8.7934009117693931e-02 
+1.5781250000000000e+00 +1.1533723315308594e-01 
+1.0781250000000000e+00 +2.8667289494405401e-01 
+9.2187500000000000e-01 +3.5248300932722748e-01 
+8.2812500000000000e-01 +3.9609737212560647e-01 
+3.2031250000000000e-01 +7.3479627097459888e-01 
+3.1250000000000000e-01 +7.4260285647080071e-01 
+3.1250000000000000e-01 +7.4276411655483476e-01 
+8.8281250000000000e-01 +3.6981664207190840e-01 
+8.7500000000000000e-01 +3.7345021951715451e-01 
+8.6718750000000000e-01 +3.7707835431720560e-01 
+8.7500000000000000e-01 +3.7356924036344830e-01 
+1.1328125000000000e+00 +2.6496062048462427e-01 
+1.1250000000000000e+00 +2.6797325782619635e-01 
+1.1171875000000000e+00 +2.7097481805994239e-01 
+1.1250000000000000e+00 +2.6808020977194580e-01 
+1.6328125000000000e+00 +9.8901695817776719e-02 
+1.6250000000000000e+00 +1.0119084896715982e-01 
+1.6171875000000000e+00 +1.0346626373436614e-01 
+1.6250000000000000e+00 +1.0127871731140274e-01 
+1.7578125000000000e+00 +6.3516683064461843e-02 
+1.7500000000000000e+00 +6.5682436545146744e-02 
+1.7421875000000000e+00 +6.7834466524285181e-02 
+1.7500000000000000e+00 +6.5766241940560591e-02 
+1.2578125000000000e+00 +2.1895865201855197e-01 
+1.2500000000000000e+00 +2.2174346503185938e-01 
+1.2421875000000000e+00 +2.2451588625722768e-01 
+1.2500000000000000e+00 +2.2184512726540587e-01 
+1.4453125000000000e+00 +1.5600083886246124e-01 
+1.4375000000000000e+00 +1.5850964186904731e-01 
+1.4296875000000000e+00 +1.6100503608516739e-01 
+1.4375000000000000e+00 +1.5860406875270716e-01 
+6.9531250000000000e-01 +4.6427361455069355e-01 
+6.8750000000000000e-01 +4.6862207489462865e-01 
+6.7968750000000000e-01 +4.7297513696131638e-01 
+6.8750000000000000e-01 +4.6875198550906444e-01 
+3.8281250000000000e-01 +6.7713972284693902e-01 
+3.7500000000000000e-01 +6.8396076328515265e-01 
+3.6718750000000000e-01 +6.9085028593294195e-01 
+3.7500000000000000e-01 +6.8411531341490850e-01 
+5.7031250000000000e-01 +5.3850739904559808e-01 
+5.6250000000000000e-01 +5.4355584597111928e-01 
+5.5468750000000000e-01 +5.4862235355196987e-01 
+5.6250000000000000e-01 +5.4369433066861561e-01 
+1.9453125000000000e+00 +1.3822131618430007e-02 
+1.9375000000000000e+00 +1.5829089953412916e-02 
+1.9296875000000000e+00 +1.7822571633584000e-02 
+1.9375000000000000e+00 +1.5907191021813732e-02 
+5.3906250000000000e-01 +5.5895331732053399e-01 
+5.3125000000000000e-01 +5.6422083766216036e-01 
+5.2343750000000000e-01 +5.6951137040817801e-01 
+5.3125000000000000e-01 +5.6436168689239896e-01 
+4.7656250000000000e-01 +6.0267332986125588e-01 
+4.6875000000000000e-01 +6.0845399023305724e-01 
+4.6093750000000000e-01 +6.1427065767695821e-01 
+4.6875000000000000e-01 +6.0859990071563563e-01 
+1.9140625000000000e+00 +2.1847380103405933e-02 
+1.9062500000000000e+00 +2.3878909335490618e-02 
+1.8984375000000000e+00 +2.5896906224284730e-02 
+1.9062500000000000e+00 +2.3957931481518105e-02 
+1.8515625000000000e+00 +3.8197402876577101e-02 
+1.8437500000000000e+00 +4.0280242229379822e-02 
+1.8359375000000000e+00 +4.2349453903917499e-02 
+1.8437500000000000e+00 +4.0361141051150469e-02 
+2.0234375000000000e+00 +0.0000000000000000e+00 
+2.0156250000000000e+00 +0.0000000000000000e+00 
+2.0078125000000000e+00 +0.0000000000000000e+00 
+2.0156250000000000e+00 +0.0000000000000000e+00 
+1.9765625000000000e+00 +5.8929983884887741e-03 
+1.9687500000000000e+00 +7.8760665497905700e-03 
+1.9609375000000000e+00 +9.8457185517607133e-03 
+1.9687500000000000e+00 +7.9532576161687549e-03 
+1.4140625000000000e+00 +1.6605042101680501e-01 
+1.4062500000000000e+00 +1.6860075601043242e-01 
+1.3984375000000000e+00 +1.7113779344665020e-01 
+1.4062500000000000e+00 +1.6869633754105032e-01 
+1.3515625000000000e+00 +1.8666021016377801e-01 
+1.3437500000000000e+00 +1.8929863116460652e-01 
+1.3359375000000000e+00 +1.9192404016273426e-01 
+1.3437500000000000e+00 +1.8939658099056306e-01 
+6.6406250000000000e-01 +4.8182800490549421e-01 
+6.5625000000000000e-01 +4.8632963561559139e-01 
+6.4843750000000000e-01 +4.9083850672957968e-01 
+6.5625000000000000e-01 +4.8646157236716464e-01 
+6.0156250000000000e-01 +5.1888524850585038e-01 
+5.9375000000000000e-01 +5.2373478887209379e-01 
+5.8593750000000000e-01 +5.2859820030072369e-01 
+5.9375000000000000e-01 +5.2387100560165689e-01 
+4.1406250000000000e-01 +6.5093114024805909e-01 
+4.0625000000000000e-01 +6.5735928416167322e-01 
+3.9843750000000000e-01 +6.6384266731780850e-01 
+4.0625000000000000e-01 +6.5751079049304217e-01 
+7.8906250000000000e-01 +4.1493543789093318e-01 
+7.8125000000000000e-01 +4.1888912109118209e-01 
+7.7343750000000000e-01 +4.2284139546193716e-01 
+7.8125000000000000e-01 +4.1901334115420652e-01 
+7.2656250000000000e-01 +4.4730134860722470e-01 
+7.1875000000000000e-01 +4.5150828371204310e-01 
+7.1093750000000000e-01 +4.5571753476272114e-01 
+7.1875000000000000e-01 +4.5163623612972770e-01 
+1.0390625000000000e+00 +3.0202974047019071e-01 
+1.0312500000000000e+00 +3.0524441291734472e-01 
+1.0234375000000000e+00 +3.0844951806568149e-01 
+1.0312500000000000e+00 +3.0535562950872636e-01 
+9.7656250000000000e-01 +3.2816062227310749e-01 
+9.6875000000000000e-01 +3.3152871907976444e-01 
+9.6093750000000000e-01 +3.3488860539929033e-01 
+9.6875000000000000e-01 +3.3164294317792159e-01 
+1.5390625000000000e+00 +1.2679867789254359e-01 
+1.5312500000000000e+00 +1.2919179866433328e-01 
+1.5234375000000000e+00 +1.3157128186278430e-01 
+1.5312500000000000e+00 +1.2928287093739274e-01 
+1.4765625000000000e+00 +1.4611292585365293e-01 
+1.4687500000000000e+00 +1.4858174028793228e-01 
+1.4609375000000000e+00 +1.5103705324201308e-01 
+1.4687500000000000e+00 +1.4867503119976599e-01 
+1.2890625000000000e+00 +2.0799769247955446e-01 
+1.2812500000000000e+00 +2.1073163735665118e-01 
+1.2734375000000000e+00 +2.1345295462548938e-01 
+1.2812500000000000e+00 +2.1083203959321928e-01 
+1.2265625000000000e+00 +2.3012579722855447e-01 
+1.2187500000000000e+00 +2.3296374244568713e-01 
+1.2109375000000000e+00 +2.3578956494611791e-01 
+1.2187500000000000e+00 +2.3306668852747880e-01 
+1.1640625000000000e+00 +2.5311645244728914e-01 
+1.1562500000000000e+00 +2.5606812148183633e-01 
+1.1484375000000000e+00 +2.5900832073193247e-01 
+1.1562500000000000e+00 +2.5617371121631055e-01 
+1.7890625000000000e+00 +5.4966745243730505e-02 
+1.7812500000000000e+00 +5.7104016701178699e-02 
+1.7734375000000000e+00 +5.9227589607600717e-02 
+1.7812500000000000e+00 +5.7186840535365713e-02 
+1.7265625000000000e+00 +7.2181391808540579e-02 
+1.7187500000000000e+00 +7.4376527246645036e-02 
+1.7109375000000000e+00 +7.6557922021772418e-02 
+1.7187500000000000e+00 +7.4461327438593530e-02 
+1.6640625000000000e+00 +8.9869950789805184e-02 
+1.6562500000000000e+00 +9.2126735512525676e-02 
+1.6484375000000000e+00 +9.4369771361332747e-02 
+1.6562500000000000e+00 +9.2213566721435422e-02 
+1.6015625000000000e+00 +1.0806402907552475e-01 
+1.5937500000000000e+00 +1.1038665340091212e-01 
+1.5859375000000000e+00 +1.1269556072326258e-01 
+1.5937500000000000e+00 +1.1047557394885302e-01 
+1.1015625000000000e+00 +2.7705243651236683e-01 
+1.0937500000000000e+00 +2.8012906425747258e-01 
+1.0859375000000000e+00 +2.8319505862866057e-01 
+1.0937500000000000e+00 +2.8023740709670725e-01 
+9.1406250000000000e-01 +3.5557761447712649e-01 
+9.0625000000000000e-01 +3.5911739471784998e-01 
+8.9843750000000000e-01 +3.6265069410240319e-01 
+9.0625000000000000e-01 +3.5923477557154015e-01 
+8.5156250000000000e-01 +3.8443887125622761e-01 
+8.4375000000000000e-01 +3.8817226254265969e-01 
+8.3593750000000000e-01 +3.9190138780551481e-01 
+8.4375000000000000e-01 +3.8829296791674250e-01 
+3.3593750000000000e-01 +7.1964106374276882e-01 
+3.2812500000000000e-01 +7.2717094130200710e-01 
+3.2812500000000000e-01 +7.2733043563315647e-01 
+8.2031250000000000e-01 +3.9946926428784674e-01 
+8.1250000000000000e-01 +4.0330911623417592e-01 
+8.0468750000000000e-01 +4.0714603833406526e-01 
+8.1250000000000000e-01 +4.0343155359957533e-01 
+9.4531250000000000e-01 +3.4169914446930283e-01 
+9.3750000000000000e-01 +3.4515059273296639e-01 
+9.2968750000000000e-01 +3.4859464254657174e-01 
+9.3750000000000000e-01 +3.4526637547516958e-01 
+1.0703125000000000e+00 +2.8940433016864275e-01 
+1.0625000000000000e+00 +2.9254821297665490e-01 
+1.0546875000000000e+00 +2.9568196333195740e-01 
+1.0625000000000000e+00 +2.9265797684156492e-01 
+1.5703125000000000e+00 +1.1736144303038719e-01 
+1.5625000000000000e+00 +1.1971870159488857e-01 
+1.5546875000000000e+00 +1.2206227639996418e-01 
+1.5625000000000000e+00 +1.1980868993583105e-01 
+1.6953125000000000e+00 +8.0964531939350076e-02 
+1.6875000000000000e+00 +8.3189994858453561e-02 
+1.6796875000000000e+00 +8.5401708412252933e-02 
+1.6875000000000000e+00 +8.3275803506299526e-02 
+1.8203125000000000e+00 +4.6528092589912869e-02 
+1.8125000000000000e+00 +4.8637739315726417e-02 
+1.8046875000000000e+00 +5.0733719618168638e-02 
+1.8125000000000000e+00 +4.8719594420267451e-02 
+1.1953125000000000e+00 +2.4150841150125779e-01 
+1.1875000000000000e+00 +2.4440191569716016e-01 
+1.1796875000000000e+00 +2.4728360313603590e-01 
+1.1875000000000000e+00 +2.4450617055930701e-01 
+1.3203125000000000e+00 +1.9723424868016565e-01 
+1.3125000000000000e+00 +1.9991944130676051e-01 
+1.3046875000000000e+00 +2.0259180053817161e-01 
+1.3125000000000000e+00 +2.0001860638862926e-01 
+1.5078125000000000e+00 +1.3638074062721373e-01 
+1.5000000000000000e+00 +1.3881102152276900e-01 
+1.4921875000000000e+00 +1.4122772516498999e-01 
+1.5000000000000000e+00 +1.3890319444797206e-01 
+1.0078125000000000e+00 +3.1494323100056926e-01 
+1.0000000000000000e+00 +3.1823252896290860e-01 
+9.9218750000000000e-01 +3.2151289714211556e-01 
+1.0000000000000000e+00 +3.1834523168242934e-01 
+7.5781250000000000e-01 +4.3086806372539260e-01 
+7.5000000000000000e-01 +4.3494378447741383e-01 
+7.4218750000000000e-01 +4.3901983269445322e-01 
+7.5000000000000000e-01 +4.3506984154951173e-01 
+4.4531250000000000e-01 +6.2616669252419843e-01 
+4.3750000000000000e-01 +6.3225104494889917e-01 
+4.2968750000000000e-01 +6.3838002715327480e-01 
+4.3750000000000000e-01 +6.3239967834159927e-01 
+6.3281250000000000e-01 +5.0001335137130798e-01 
+6.2500000000000000e-01 +5.0468137893243914e-01 
+6.1718750000000000e-01 +5.0935970767895755e-01 
+6.2500000000000000e-01 +5.0481541552990628e-01 
+1.3828125000000000e+00 +1.7626797784310402e-01 
+1.3750000000000000e+00 +1.7886148410804895e-01 
+1.3671875000000000e+00 +1.8144182440393394e-01 
+1.3750000000000000e+00 +1.7895823969321817e-01 
+2.0078125000000000e+00 +0.0000000000000000e+00 
+2.0000000000000000e+00 +1.7166064018898220e-05 
+1.9921875000000000e+00 +1.9636443240900123e-03 
+2.0000000000000000e+00 +9.3457898120877754e-05 
+1.8828125000000000e+00 +2.9971507120908625e-02 
+1.8750000000000000e+00 +3.2028319021468507e-02 
+1.8671875000000000e+00 +3.4071548093776514e-02 
+1.8750000000000000e+00 +3.2108273640458887e-02 
+5.0781250000000000e-01 +5.8030851304039111e-01 
+5.0000000000000000e-01 +5.8581868690324468e-01 
+4.9218750000000000e-01 +5.9135777307269421e-01 
+5.0000000000000000e-01 +5.8596200740579052e-01 
+3.5156250000000000e-01 +7.0500566521727037e-01 
+3.4375000000000000e-01 +7.1228071696886197e-01 
+3.4375000000000000e-01 +7.1243850752855586e-01 
+1.3281250000000000e-01 +9.8477092906063857e-01 
+1.3281250000000000e-01 +9.8495989853576815e-01 
+1.4843750000000000e-01 +9.5614296941773314e-01 
+1.4843750000000000e-01 +9.5632866322022125e-01 
+1.6406250000000000e-01 +9.2969353189873827e-01 
+1.6406250000000000e-01 +9.2987619929976628e-01 
+1.7968750000000000e-01 +9.0507111783765604e-01 
+1.7968750000000000e-01 +9.0525096788917314e-01 
+1.9531250000000000e-01 +8.8200588675181857e-01 
+1.9531250000000000e-01 +8.8218309763004565e-01 
+2.1093750000000000e-01 +8.6028578777541032e-01 
+2.1093750000000000e-01 +8.6046051339325291e-01 
+2.2656250000000000e-01 +8.3974089371000860e-01 
+2.2656250000000000e-01 +8.3991326853693737e-01 
+2.4218750000000000e-01 +8.2023275408236229e-01 
+2.4218750000000000e-01 +8.2040289674604716e-01 
+2.5781250000000000e-01 +8.0164694295613181e-01 
+2.5781250000000000e-01 +8.0181495899138122e-01 
+2.7343750000000000e-01 +7.8388770960687193e-01 
+2.7343750000000000e-01 +7.8405369359249066e-01 
+2.8906250000000000e-01 +7.6687405380847795e-01 
+2.8906250000000000e-01 +7.6703809105505139e-01 
+3.0468750000000000e-01 +7.5053679071691259e-01 
+3.0468750000000000e-01 +7.5069895861874691e-01 
+3.5937500000000000e-01 +6.9788979131202511e-01 
+3.5937500000000000e-01 +6.9804593523109038e-01 
+3.6718750000000000e-01 +6.9086970478106635e-01 
+3.6718750000000000e-01 +6.9102504544675003e-01 
+3.5156250000000000e-01 +7.0502528655112595e-01 
+3.5156250000000000e-01 +7.0518224692888531e-01 
+3.8281250000000000e-01 +6.7715894557220813e-01 
+3.8281250000000000e-01 +6.7731271742336951e-01 
+3.3593750000000000e-01 +7.1966089442879522e-01 
+3.3593750000000000e-01 +7.1981952944424810e-01 
+3.9062500000000000e-01 +6.7046045439556523e-01 
+3.9062500000000000e-01 +6.7061345979097653e-01 
+3.9843750000000000e-01 +6.6386169983524479e-01 
+3.9843750000000000e-01 +6.6401395018698373e-01 
+3.2031250000000000e-01 +7.3481631844840323e-01 
+3.2031250000000000e-01 +7.3497668758002987e-01 
+5.1562500000000000e-01 +5.7489702667963083e-01 
+5.1562500000000000e-01 +5.7503909750235171e-01 
+5.2343750000000000e-01 +5.6952905356285366e-01 
+5.2343750000000000e-01 +5.6967051017055881e-01 
+5.0781250000000000e-01 +5.8032635064287619e-01 
+5.0781250000000000e-01 +5.8046904270050836e-01 
+5.3906250000000000e-01 +5.5897084944745823e-01 
+5.3906250000000000e-01 +5.5911109796276715e-01 
+4.9218750000000000e-01 +5.9137576872940423e-01 
+4.9218750000000000e-01 +5.9151972508519046e-01 
+5.4687500000000000e-01 +5.5377762002369724e-01 
+5.4687500000000000e-01 +5.5391727431853932e-01 
+4.8437500000000000e-01 +5.9699940550904085e-01 
+4.8437500000000000e-01 +5.9714400533342804e-01 
+5.5468750000000000e-01 +5.4863973789954357e-01 
+5.5468750000000000e-01 +5.4877880430687576e-01 
+4.7656250000000000e-01 +6.0269148738143508e-01 
+4.7656250000000000e-01 +6.0283673850605801e-01 
+5.7031250000000000e-01 +5.3852463870372724e-01 
+5.7031250000000000e-01 +5.3866254771968003e-01 
+4.6093750000000000e-01 +6.1428898109120200e-01 
+4.6093750000000000e-01 +6.1443555922596904e-01 
+5.7812500000000000e-01 +5.3354485949603991e-01 
+5.7812500000000000e-01 +5.3368219871495826e-01 
+4.5312500000000000e-01 +6.2019862395470438e-01 
+4.5312500000000000e-01 +6.2034587828350318e-01 
+5.8593750000000000e-01 +5.2861529821264341e-01 
+5.8593750000000000e-01 +5.2875207338056995e-01 
+4.4531250000000000e-01 +6.2618518610536422e-01 
+4.4531250000000000e-01 +6.2633312542946473e-01 
+6.0156250000000000e-01 +5.1890220747877647e-01 
+6.0156250000000000e-01 +5.1903787125399525e-01 
+4.2968750000000000e-01 +6.3839869544017946e-01 
+4.2968750000000000e-01 +6.3854803226025536e-01 
+6.0937500000000000e-01 +5.1411646998787897e-01 
+6.0937500000000000e-01 +5.1425158616873334e-01 
+4.2187500000000000e-01 +6.4463075815425730e-01 
+4.2187500000000000e-01 +6.4478080806033666e-01 
+6.1718750000000000e-01 +5.0937653039371167e-01 
+6.1718750000000000e-01 +5.0951110422049506e-01 
+4.1406250000000000e-01 +6.5094998807245708e-01 
+4.1406250000000000e-01 +6.5110076103839887e-01 
+1.8906250000000000e+00 +2.7940985803754988e-02 
+1.8906250000000000e+00 +2.8020472741298045e-02 
+1.8984375000000000e+00 +2.5906813241684246e-02 
+1.8984375000000000e+00 +2.5986067424832855e-02 
+1.8828125000000000e+00 +2.9981472423467992e-02 
+1.8828125000000000e+00 +3.0061192837873531e-02 
+1.9140625000000000e+00 +2.1857229194328039e-02 
+1.9140625000000000e+00 +2.1936020015370764e-02 
+1.8671875000000000e+00 +3.4081572045403435e-02 
+1.8671875000000000e+00 +3.4161761602015762e-02 
+1.9218750000000000e+00 +1.9841728430459945e-02 
+1.9218750000000000e+00 +1.9920288633575405e-02 
+1.8593750000000000e+00 +3.6141278478202352e-02 
+1.8593750000000000e+00 +3.6221703710849248e-02 
+1.9296875000000000e+00 +1.7832363151602484e-02 
+1.9296875000000000e+00 +1.7910693438826245e-02 
+1.8515625000000000e+00 +3.8207485846525439e-02 
+1.8515625000000000e+00 +3.8288147499058039e-02 
+1.9453125000000000e+00 +1.3831865912123481e-02 
+1.9453125000000000e+00 +1.3909738453859077e-02 
+1.8359375000000000e+00 +4.2359596266911693e-02 
+1.8359375000000000e+00 +4.2440733012838253e-02 
+1.9531250000000000e+00 +1.1840648577314272e-02 
+1.9531250000000000e+00 +1.1918293279684892e-02 
+1.8281250000000000e+00 +4.4445597169373470e-02 
+1.8281250000000000e+00 +4.4526972600004537e-02 
+1.9609375000000000e+00 +9.8553959648230924e-03 
+1.9609375000000000e+00 +9.9328135103248782e-03 
+1.8203125000000000e+00 +4.6538294726276110e-02 
+1.8203125000000000e+00 +4.6619909607857175e-02 
+1.9765625000000000e+00 +5.9026192598351582e-03 
+1.9765625000000000e+00 +5.9795845201348853e-03 
+1.8046875000000000e+00 +5.0743981913956168e-02 
+1.8046875000000000e+00 +5.0826078019300017e-02 
+1.9843750000000000e+00 +3.9350134683558153e-03 
+1.9843750000000000e+00 +4.0117535909741592e-03 
+1.7968750000000000e+00 +5.2857074105048696e-02 
+1.7968750000000000e+00 +5.2939411994940476e-02 
+1.9921875000000000e+00 +1.9732089879610348e-03 
+1.9921875000000000e+00 +2.0497246366964683e-03 
+1.7890625000000000e+00 +5.4977068090865500e-02 
+1.7890625000000000e+00 +5.5059648555023322e-02 
+2.0078125000000000e+00 +0.0000000000000000e+00 
+2.0078125000000000e+00 +6.5154563929880087e-04 
+1.7734375000000000e+00 +5.9237973404016465e-02 
+1.7734375000000000e+00 +5.9321041410113559e-02 
+1.3906250000000000e+00 +1.7370950285927775e-01 
+1.3906250000000000e+00 +1.7380566894368465e-01 
+1.3984375000000000e+00 +1.7114977806343618e-01 
+1.3984375000000000e+00 +1.7124565125863322e-01 
+1.3828125000000000e+00 +1.7628003584465191e-01 
+1.3828125000000000e+00 +1.7637649605496533e-01 
+1.4140625000000000e+00 +1.6606233286123276e-01 
+1.4140625000000000e+00 +1.6615762394002101e-01 
+1.3671875000000000e+00 +1.8145395641480969e-01 
+1.3671875000000000e+00 +1.8155100863622944e-01 
+1.4218750000000000e+00 +1.6353440635122590e-01 
+1.4218750000000000e+00 +1.6362940817923224e-01 
+1.3593750000000000e+00 +1.8405756324313760e-01 
+1.3593750000000000e+00 +1.8415491337484377e-01 
+1.4296875000000000e+00 +1.6101687575784765e-01 
+1.4296875000000000e+00 +1.6111158952459526e-01 
+1.3515625000000000e+00 +1.8667241682109284e-01 
+1.3515625000000000e+00 +1.8677006614996250e-01 
+1.4453125000000000e+00 +1.5601260695256411e-01 
+1.4453125000000000e+00 +1.5610674812012473e-01 
+1.3359375000000000e+00 +1.9193632211654588e-01 
+1.3359375000000000e+00 +1.9203457375276767e-01 
+1.4531250000000000e+00 +1.5352567472599166e-01 
+1.4531250000000000e+00 +1.5361953133342462e-01 
+1.3281250000000000e+00 +1.9458560738686764e-01 
+1.3281250000000000e+00 +1.9468416216000120e-01 
+1.4609375000000000e+00 +1.5104875032760623e-01 
+1.4609375000000000e+00 +1.5114232352002846e-01 
+1.3203125000000000e+00 +1.9724660659389551e-01 
+1.3203125000000000e+00 +1.9734546584427479e-01 
+1.4765625000000000e+00 +1.4612455250202799e-01 
+1.4765625000000000e+00 +1.4621756225715682e-01 
+1.3046875000000000e+00 +2.0260423508904316e-01 
+1.3046875000000000e+00 +2.0270370737078433e-01 
+1.4843750000000000e+00 +1.4367709620246349e-01 
+1.4843750000000000e+00 +1.4376982591438486e-01 
+1.2968750000000000e+00 +2.0530111354366276e-01 
+1.2968750000000000e+00 +2.0540089440803000e-01 
+1.4921875000000000e+00 +1.4123928193297433e-01 
+1.4921875000000000e+00 +1.4133173270494995e-01 
+1.2890625000000000e+00 +2.0801020435904893e-01 
+1.2890625000000000e+00 +2.0811029520340713e-01 
+1.5078125000000000e+00 +1.3639222806147069e-01 
+1.5078125000000000e+00 +1.3648412422312983e-01 
+1.2734375000000000e+00 +2.1346554453982319e-01 
+1.2734375000000000e+00 +2.1356625959592410e-01 
+1.5156250000000000e+00 +1.3398281587467448e-01 
+1.5156250000000000e+00 +1.3407443634621510e-01 
+1.2656250000000000e+00 +2.1621206014413696e-01 
+1.2656250000000000e+00 +2.1631308946245340e-01 
+1.5234375000000000e+00 +1.3158270050010124e-01 
+1.5234375000000000e+00 +1.3167404634528493e-01 
+1.2578125000000000e+00 +2.1897132068917624e-01 
+1.2578125000000000e+00 +2.1907266572801171e-01 
+1.5390625000000000e+00 +1.2681002826011056e-01 
+1.5390625000000000e+00 +1.2690082800588387e-01 
+1.2421875000000000e+00 +2.2452863442135179e-01 
+1.2421875000000000e+00 +2.2463061533996279e-01 
+1.5468750000000000e+00 +1.2443730832417391e-01 
+1.5468750000000000e+00 +1.2452783657823500e-01 
+1.2343750000000000e+00 +2.2732697255562040e-01 
+1.2343750000000000e+00 +2.2742927366609195e-01 
+1.5546875000000000e+00 +1.2207355901563960e-01 
+1.5546875000000000e+00 +1.2216381680442691e-01 
+1.2265625000000000e+00 +2.3013862563969323e-01 
+1.2265625000000000e+00 +2.3024124846555091e-01 
+1.5703125000000000e+00 +1.1737265840295558e-01 
+1.5703125000000000e+00 +1.1746237830459626e-01 
+1.2109375000000000e+00 +2.3580247437466556e-01 
+1.2109375000000000e+00 +2.3590574527026248e-01 
+1.5781250000000000e+00 +1.1503535284140570e-01 
+1.5781250000000000e+00 +1.1512480530352287e-01 
+1.2031250000000000e+00 +2.3865497552039755e-01 
+1.2031250000000000e+00 +2.3875857280530366e-01 
+1.5859375000000000e+00 +1.1270670935268165e-01 
+1.5859375000000000e+00 +1.1279589536640852e-01 
+1.1953125000000000e+00 +2.4152140273508965e-01 
+1.1953125000000000e+00 +2.4162532800275535e-01 
+1.6015625000000000e+00 +1.0807511145316405e-01 
+1.6015625000000000e+00 +1.0816376750950941e-01 
+1.1796875000000000e+00 +2.4729667698114080e-01 
+1.1796875000000000e+00 +2.4740126306809221e-01 
+1.6093750000000000e+00 +1.0577201096112970e-01 
+1.6093750000000000e+00 +1.0586040349176942e-01 
+1.1718750000000000e+00 +2.5020585212977908e-01 
+1.1718750000000000e+00 +2.5031077109080063e-01 
+1.6171875000000000e+00 +1.0347728034323565e-01 
+1.6171875000000000e+00 +1.0356541030586840e-01 
+1.1640625000000000e+00 +2.5312960972843201e-01 
+1.1640625000000000e+00 +2.5323486323207867e-01 
+1.6328125000000000e+00 +9.8912647132749332e-02 
+1.6328125000000000e+00 +9.9000254800244325e-02 
+1.1484375000000000e+00 +2.5902156229335033e-01 
+1.1484375000000000e+00 +2.5912748996686663e-01 
+1.6406250000000000e+00 +9.6642606055323835e-02 
+1.6406250000000000e+00 +9.6729953979842118e-02 
+1.1406250000000000e+00 +2.6199011034676056e-01 
+1.1406250000000000e+00 +2.6209637768792238e-01 
+1.6484375000000000e+00 +9.4380657849357272e-02 
+1.6484375000000000e+00 +9.4467746956902562e-02 
+1.1328125000000000e+00 +2.6497394719075990e-01 
+1.1328125000000000e+00 +2.6508055594894331e-01 
+1.6640625000000000e+00 +8.9880772910111748e-02 
+1.6640625000000000e+00 +8.9967347131155756e-02 
+1.1171875000000000e+00 +2.7098823079621298e-01 
+1.1171875000000000e+00 +2.7109552772164663e-01 
+1.6718750000000000e+00 +8.7642704759757439e-02 
+1.6718750000000000e+00 +8.7729022896235673e-02 
+1.1093750000000000e+00 +2.7401905827938372e-01 
+1.1093750000000000e+00 +2.7412670199860872e-01 
+1.6796875000000000e+00 +8.5412466616552274e-02 
+1.6796875000000000e+00 +8.5498529564391093e-02 
+1.1015625000000000e+00 +2.7706593618597763e-01 
+1.1015625000000000e+00 +2.7717392853551803e-01 
+1.6953125000000000e+00 +8.0975226672024503e-02 
+1.6953125000000000e+00 +8.1060781901336865e-02 
+1.0859375000000000e+00 +2.8320864616945640e-01 
+1.0859375000000000e+00 +2.8331734138106912e-01 
+1.7031250000000000e+00 +7.8768100038483918e-02 
+1.7031250000000000e+00 +7.8853402723625426e-02 
+1.0781250000000000e+00 +2.8630488963805051e-01 
+1.0781250000000000e+00 +2.8641393912849233e-01 
+1.7109375000000000e+00 +7.6568553720061383e-02 
+1.7109375000000000e+00 +7.6653604728388114e-02 
+1.0703125000000000e+00 +2.8941800653001104e-01 
+1.0703125000000000e+00 +2.8952741222997508e-01 
+1.7265625000000000e+00 +7.2191960902719524e-02 
+1.7265625000000000e+00 +7.2276511131894164e-02 
+1.0546875000000000e+00 +2.9569572949177730e-01 
+1.0546875000000000e+00 +2.9580585350228861e-01 
+1.7343750000000000e+00 +7.0014795714582911e-02 
+1.7343750000000000e+00 +7.0099096827839796e-02 
+1.0468750000000000e+00 +2.9886078109372977e-01 
+1.0468750000000000e+00 +2.9897126725624462e-01 
+1.7421875000000000e+00 +6.7844973437837866e-02 
+1.7421875000000000e+00 +6.7929026275368495e-02 
+1.0390625000000000e+00 +3.0204359743183745e-01 
+1.0390625000000000e+00 +3.0215444777903527e-01 
+1.7578125000000000e+00 +6.3527128214247913e-02 
+1.7578125000000000e+00 +6.3610686994652402e-02 
+1.0234375000000000e+00 +3.0846346685908604e-01 
+1.0234375000000000e+00 +3.0857505178153488e-01 
+1.7656250000000000e+00 +6.1378992316224262e-02 
+1.7656250000000000e+00 +6.1462305302304641e-02 
+1.0156250000000000e+00 +3.1170100360409081e-01 
+1.0156250000000000e+00 +3.1181295897244887e-01 
+6.4062500000000000e-01 +4.9542157251496477e-01 
+6.4062500000000000e-01 +4.9555454958548967e-01 
+6.4843750000000000e-01 +4.9085506450767286e-01 
+6.4843750000000000e-01 +4.9098751906854149e-01 
+6.3281250000000000e-01 +5.0003004039103649e-01 
+6.3281250000000000e-01 +5.0016354477235558e-01 
+7.6562500000000000e-01 +4.2685501445822877e-01 
+7.6562500000000000e-01 +4.2698014599588469e-01 
+7.7343750000000000e-01 +4.2285698057483012e-01 
+7.7343750000000000e-01 +4.2298165464886062e-01 
+7.5781250000000000e-01 +4.3088376365582332e-01 
+7.5781250000000000e-01 +4.3100935617161701e-01 
+7.8906250000000000e-01 +4.1495090991299544e-01 
+7.8906250000000000e-01 +4.1507467935743675e-01 
+7.4218750000000000e-01 +4.3903564923192578e-01 
+7.4218750000000000e-01 +4.3916217450397926e-01 
+7.9687500000000000e-01 +4.1104183521789245e-01 
+7.9687500000000000e-01 +4.1116515737760950e-01 
+7.3437500000000000e-01 +4.4315994686149168e-01 
+7.3437500000000000e-01 +4.4328694404453989e-01 
+8.0468750000000000e-01 +4.0716139893260184e-01 
+8.0468750000000000e-01 +4.0728427708446296e-01 
+7.2656250000000000e-01 +4.4731728360770534e-01 
+7.2656250000000000e-01 +4.4744475648215476e-01 
+8.2031250000000000e-01 +3.9948451507390986e-01 
+8.2031250000000000e-01 +3.9960651482022841e-01 
+7.1093750000000000e-01 +4.5573359015260112e-01 
+7.1093750000000000e-01 +4.5586202603892545e-01 
+8.2812500000000000e-01 +3.9568713572272113e-01 
+8.2812500000000000e-01 +3.9580870096473675e-01 
+7.0312500000000000e-01 +4.5999386541944987e-01 
+7.0312500000000000e-01 +4.6012278877562235e-01 
+8.3593750000000000e-01 +3.9191653033683077e-01 
+8.3593750000000000e-01 +3.9203766413807806e-01 
+6.9531250000000000e-01 +4.6428979233108258e-01 
+6.9531250000000000e-01 +4.6441920723644081e-01 
+8.5156250000000000e-01 +3.8445390703991839e-01 
+8.5156250000000000e-01 +3.8457418695177675e-01 
+6.7968750000000000e-01 +4.7299143921269926e-01 
+6.7968750000000000e-01 +4.7312184977918681e-01 
+8.5937500000000000e-01 +3.8076104922193510e-01 
+8.5937500000000000e-01 +3.8088090658906881e-01 
+6.7187500000000000e-01 +4.7739863443996372e-01 
+6.7187500000000000e-01 +4.7752954928719687e-01 
+8.6718750000000000e-01 +3.7709328481232518e-01 
+8.6718750000000000e-01 +3.7721272250597587e-01 
+6.6406250000000000e-01 +4.8184443379279485e-01 
+6.6406250000000000e-01 +4.8197585733794041e-01 
+9.8437500000000000e-01 +3.2484105020922976e-01 
+9.8437500000000000e-01 +3.2495450908994794e-01 
+9.7656250000000000e-01 +3.2817485302415361e-01 
+9.7656250000000000e-01 +3.2828869336575178e-01 
+9.9218750000000000e-01 +3.2152703280072664e-01 
+9.9218750000000000e-01 +3.2164011248445384e-01 
+9.6093750000000000e-01 +3.3490293239082264e-01 
+9.6093750000000000e-01 +3.3501754257371535e-01 
+1.0078125000000000e+00 +3.1495727268334034e-01 
+1.0078125000000000e+00 +3.1506960064100165e-01 
+9.5312500000000000e-01 +3.3829778334159361e-01 
+9.5312500000000000e-01 +3.3841278197062519e-01 
+9.2187500000000000e-01 +3.5208960537744799e-01 
+9.2187500000000000e-01 +3.5220618209638449e-01 
+9.1406250000000000e-01 +3.5559223741474794e-01 
+9.1406250000000000e-01 +3.5570921491236657e-01 
+9.2968750000000000e-01 +3.4860916559621768e-01 
+9.2968750000000000e-01 +3.4872534407575784e-01 
+8.9843750000000000e-01 +3.6266541821694653e-01 
+8.9843750000000000e-01 +3.6278320504310724e-01 
+9.4531250000000000e-01 +3.4171356888224352e-01 
+9.4531250000000000e-01 +3.4182895835279437e-01 
+8.9062500000000000e-01 +3.6623665702182068e-01 
+8.9062500000000000e-01 +3.6635485247679739e-01 
+8.8281250000000000e-01 +3.6983146869180944e-01 
+8.8281250000000000e-01 +3.6995007547285974e-01 
