Dim = 2
+0.0000000000000000e+00 +1.0000000000000000e+00 
+1.0000000000000000e+00 +9.9000000000000004e+00 
+1.0000000000000000e+00 +0.0000000000000000e+00 
+0.0000000000000000e+00 +1.0000000000000000e+01 
+1.0000000000000000e+00 +5.3181818181818183e+00 
+5.0000000000000000e-01 +7.5000000000000000e-01 
+5.0000000000000000e-01 +5.4545454545454550e+00 
+7.5000000000000000e-01 +4.3750000000000000e-01 
+5.0000000000000000e-01 +3.1730769230769229e+00 
+2.5000000000000000e-01 +9.3750000000000000e-01 
+1.0000000000000000e+00 +2.9423076923076921e+00 
+7.5000000000000000e-01 +3.0769230769230766e+00 
+1.0000000000000000e+00 +1.6544117647058822e+00 
+8.7500000000000000e-01 +2.3437500000000000e-01 
+7.5000000000000000e-01 +1.8602941176470589e+00 
+6.2500000000000000e-01 +6.0937500000000000e-01 
+0.0000000000000000e+00 +5.5000000000000000e+00 
+2.5000000000000000e-01 +3.2307692307692308e+00 
+0.0000000000000000e+00 +3.2500000000000000e+00 
+5.0000000000000000e-01 +2.0073529411764706e+00 
+3.7500000000000000e-01 +8.5937500000000000e-01 
+2.5000000000000000e-01 +2.0955882352941178e+00 
+1.2500000000000000e-01 +9.8437500000000000e-01 
+8.7500000000000000e-01 +1.7647058823529413e+00 
+9.3750000000000000e-01 +1.2109375000000000e-01 
+8.7500000000000000e-01 +1.0724999999999998e+00 
+8.1250000000000000e-01 +3.3984375000000000e-01 
+6.2500000000000000e-01 +1.9411764705882353e+00 
+7.5000000000000000e-01 +1.2025000000000001e+00 
+6.8750000000000000e-01 +5.2734375000000000e-01 
+6.2500000000000000e-01 +1.3125000000000000e+00 
+5.6250000000000000e-01 +6.8359375000000000e-01 
+0.0000000000000000e+00 +2.1250000000000000e+00 
+3.7500000000000000e-01 +2.0588235294117645e+00 
+1.2500000000000000e-01 +2.1176470588235294e+00 
+5.0000000000000000e-01 +1.4024999999999999e+00 
+4.3750000000000000e-01 +8.0859375000000000e-01 
+6.2500000000000000e-02 +9.9609375000000000e-01 
+0.0000000000000000e+00 +1.5625000000000000e+00 
+3.7500000000000000e-01 +1.4724999999999999e+00 
+3.1250000000000000e-01 +9.0234375000000000e-01 
+1.8750000000000000e-01 +9.6484375000000000e-01 
+1.2500000000000000e-01 +1.5525000000000000e+00 
+1.0000000000000000e+00 +9.2250000000000010e-01 
+9.3750000000000000e-01 +1.0000000000000000e+00 
+1.0000000000000000e+00 +5.0076219512195119e-01 
+9.6875000000000000e-01 +6.1523437500000000e-02 
+9.3750000000000000e-01 +5.9527439024390238e-01 
+9.0625000000000000e-01 +1.7871093750000000e-01 
+8.1250000000000000e-01 +1.1400000000000001e+00 
+8.7500000000000000e-01 +6.8368902439024382e-01 
+8.4375000000000000e-01 +2.8808593750000000e-01 
+8.1250000000000000e-01 +7.6600609756097571e-01 
+7.8125000000000000e-01 +3.8964843750000000e-01 
+6.8750000000000000e-01 +1.2600000000000000e+00 
+7.5000000000000000e-01 +8.4222560975609762e-01 
+7.1875000000000000e-01 +4.8339843750000000e-01 
+6.8750000000000000e-01 +9.1234756097560965e-01 
+6.5625000000000000e-01 +5.6933593750000000e-01 
+5.6250000000000000e-01 +1.3600000000000001e+00 
+6.2500000000000000e-01 +9.7637195121951226e-01 
+5.9375000000000000e-01 +6.4746093750000000e-01 
+5.6250000000000000e-01 +1.0342987804878048e+00 
+5.3125000000000000e-01 +7.1777343750000000e-01 
+2.5000000000000000e-01 +1.5225000000000000e+00 
+4.3750000000000000e-01 +1.4399999999999999e+00 
+6.2500000000000000e-02 +1.5599999999999998e+00 
+3.1250000000000000e-01 +1.5000000000000000e+00 
+1.8750000000000000e-01 +1.5400000000000000e+00 
+5.0000000000000000e-01 +1.0861280487804879e+00 
+4.6875000000000000e-01 +7.8027343750000000e-01 
+2.8125000000000000e-01 +9.2089843750000000e-01 
+2.5000000000000000e-01 +1.2324695121951219e+00 
+2.1875000000000000e-01 +9.5214843750000000e-01 
+4.3750000000000000e-01 +1.1318597560975610e+00 
+4.0625000000000000e-01 +8.3496093750000000e-01 
+9.3750000000000000e-02 +9.9121093750000000e-01 
+6.2500000000000000e-02 +1.2782012195121950e+00 
+3.1250000000000000e-02 +9.9902343750000000e-01 
+3.4375000000000000e-01 +8.8183593750000000e-01 
+3.1250000000000000e-01 +1.2050304878048781e+00 
+1.8750000000000000e-01 +1.2538109756097562e+00 
+1.5625000000000000e-01 +9.7558593750000000e-01 
+9.6875000000000000e-01 +5.4878048780487798e-01 
+9.8437500000000000e-01 +3.1005859375000000e-02 
+9.6875000000000000e-01 +3.1785102739726040e-01 
+9.5312500000000000e-01 +9.1552734375000000e-02 
+9.0625000000000000e-01 +6.4024390243902440e-01 
+9.3750000000000000e-01 +3.7007705479452069e-01 
+9.2187500000000000e-01 +1.5014648437500000e-01 
+9.0625000000000000e-01 +4.2059075342465768e-01 
+8.9062500000000000e-01 +2.0678710937500000e-01 
+8.4375000000000000e-01 +7.2560975609756084e-01 
+8.7500000000000000e-01 +4.6939212328767127e-01 
+8.5937500000000000e-01 +2.6147460937500000e-01 
+8.4375000000000000e-01 +5.1648116438356162e-01 
+8.2812500000000000e-01 +3.1420898437500000e-01 
+7.8125000000000000e-01 +8.0487804878048774e-01 
+8.1250000000000000e-01 +5.6185787671232879e-01 
+7.9687500000000000e-01 +3.6499023437500000e-01 
+7.8125000000000000e-01 +6.0552226027397260e-01 
+7.6562500000000000e-01 +4.1381835937500000e-01 
+7.1875000000000000e-01 +8.7804878048780488e-01 
+7.5000000000000000e-01 +6.4747431506849329e-01 
+7.3437500000000000e-01 +4.6069335937500000e-01 
+7.1875000000000000e-01 +6.8771404109589052e-01 
+7.0312500000000000e-01 +5.0561523437500000e-01 
+6.5625000000000000e-01 +9.4512195121951215e-01 
+6.8750000000000000e-01 +7.2624143835616450e-01 
+6.7187500000000000e-01 +5.4858398437500000e-01 
+6.5625000000000000e-01 +7.6305650684931503e-01 
+6.4062500000000000e-01 +5.8959960937500000e-01 
+5.9375000000000000e-01 +1.0060975609756098e+00 
+6.2500000000000000e-01 +7.9815924657534254e-01 
+6.0937500000000000e-01 +6.2866210937500000e-01 
+5.9375000000000000e-01 +8.3154965753424648e-01 
+5.7812500000000000e-01 +6.6577148437500000e-01 
+5.3125000000000000e-01 +1.0609756097560976e+00 
+5.6250000000000000e-01 +8.6322773972602740e-01 
+5.4687500000000000e-01 +7.0092773437500000e-01 
+5.3125000000000000e-01 +8.9319349315068497e-01 
+5.1562500000000000e-01 +7.3413085937500000e-01 
+1.2500000000000000e-01 +1.2690548780487805e+00 
+3.7500000000000000e-01 +1.1714939024390245e+00 
+0.0000000000000000e+00 +1.2812500000000000e+00 
+4.6875000000000000e-01 +1.1097560975609755e+00 
+2.8125000000000000e-01 +1.2195121951219512e+00 
+2.1875000000000000e-01 +1.2439024390243902e+00 
+4.0625000000000000e-01 +1.1524390243902438e+00 
+9.3750000000000000e-02 +1.2743902439024390e+00 
+3.1250000000000000e-02 +1.2804878048780488e+00 
+3.4375000000000000e-01 +1.1890243902439024e+00 
+1.5625000000000000e-01 +1.2621951219512195e+00 
+5.0000000000000000e-01 +9.2144691780821930e-01 
+4.8437500000000000e-01 +7.6538085937500000e-01 
+1.4062500000000000e-01 +9.8022460937500000e-01 
+1.2500000000000000e-01 +1.1269263698630136e+00 
+1.0937500000000000e-01 +9.8803710937500000e-01 
+3.9062500000000000e-01 +8.4741210937500000e-01 
+3.7500000000000000e-01 +1.0173373287671232e+00 
+3.5937500000000000e-01 +8.7084960937500000e-01 
+1.5625000000000000e-02 +9.9975585937500000e-01 
+0.0000000000000000e+00 +1.1406250000000000e+00 
+4.6875000000000000e-01 +9.4798801369863017e-01 
+4.5312500000000000e-01 +7.9467773437500000e-01 
+2.9687500000000000e-01 +9.1186523437500000e-01 
+2.8125000000000000e-01 +1.0712756849315068e+00 
+2.6562500000000000e-01 +9.2944335937500000e-01 
+2.3437500000000000e-01 +9.4506835937500000e-01 
+2.1875000000000000e-01 +1.0986729452054795e+00 
+2.0312500000000000e-01 +9.5874023437500000e-01 
+4.2187500000000000e-01 +8.2202148437500000e-01 
+4.0625000000000000e-01 +9.9593321917808231e-01 
+9.3750000000000000e-02 +1.1329195205479452e+00 
+7.8125000000000000e-02 +9.9389648437500000e-01 
+4.6875000000000000e-02 +9.9780273437500000e-01 
+3.1250000000000000e-02 +1.1397688356164384e+00 
+3.4375000000000000e-01 +1.0370291095890412e+00 
+3.2812500000000000e-01 +8.9233398437500000e-01 
+1.7187500000000000e-01 +9.7045898437500000e-01 
+1.5625000000000000e-01 +1.1192208904109588e+00 
+1.0000000000000000e+00 +2.6391267123287682e-01 
+9.8437500000000000e-01 +2.9109589041095885e-01 
+1.0000000000000000e+00 +1.3600593065693434e-01 
+9.9218750000000000e-01 +1.5563964843750000e-02 
+9.8437500000000000e-01 +1.6497490875912413e-01 
+9.7656250000000000e-01 +4.6325683593750000e-02 
+9.5312500000000000e-01 +3.4417808219178087e-01 
+9.6875000000000000e-01 +1.9348768248175185e-01 
+9.6093750000000000e-01 +7.6599121093750000e-02 
+9.5312500000000000e-01 +2.2154425182481755e-01 
+9.4531250000000000e-01 +1.0638427734375000e-01 
+9.2187500000000000e-01 +3.9554794520547948e-01 
+9.3750000000000000e-01 +2.4914461678832106e-01 
+9.2968750000000000e-01 +1.3568115234375000e-01 
+9.2187500000000000e-01 +2.7628877737226293e-01 
+9.1406250000000000e-01 +1.6448974609375000e-01 
+8.9062500000000000e-01 +4.4520547945205474e-01 
+9.0625000000000000e-01 +3.0297673357664234e-01 
+8.9843750000000000e-01 +1.9281005859375000e-01 
+8.9062500000000000e-01 +3.2920848540145992e-01 
+8.8281250000000000e-01 +2.2064208984375000e-01 
+8.5937500000000000e-01 +4.9315068493150682e-01 
+8.7500000000000000e-01 +3.5498403284671526e-01 
+8.6718750000000000e-01 +2.4798583984375000e-01 
+8.5937500000000000e-01 +3.8030337591240876e-01 
+8.5156250000000000e-01 +2.7484130859375000e-01 
+8.2812500000000000e-01 +5.3938356164383561e-01 
+8.4375000000000000e-01 +4.0516651459854003e-01 
+8.3593750000000000e-01 +3.0120849609375000e-01 
+8.2812500000000000e-01 +4.2957344890510940e-01 
+8.2031250000000000e-01 +3.2708740234375000e-01 
+7.9687500000000000e-01 +5.8390410958904104e-01 
+8.1250000000000000e-01 +4.5352417883211688e-01 
+8.0468750000000000e-01 +3.5247802734375000e-01 
+7.9687500000000000e-01 +4.7701870437956206e-01 
+7.8906250000000000e-01 +3.7738037109375000e-01 
+7.6562500000000000e-01 +6.2671232876712324e-01 
+7.8125000000000000e-01 +5.0005702554744536e-01 
+7.7343750000000000e-01 +4.0179443359375000e-01 
+7.6562500000000000e-01 +5.2263914233576647e-01 
+7.5781250000000000e-01 +4.2572021484375000e-01 
+7.3437500000000000e-01 +6.6780821917808220e-01 
+7.5000000000000000e-01 +5.4476505474452552e-01 
+7.4218750000000000e-01 +4.4915771484375000e-01 
+7.3437500000000000e-01 +5.6643476277372251e-01 
+7.2656250000000000e-01 +4.7210693359375000e-01 
+7.0312500000000000e-01 +7.0719178082191769e-01 
+7.1875000000000000e-01 +5.8764826642335777e-01 
+7.1093750000000000e-01 +4.9456787109375000e-01 
+7.0312500000000000e-01 +6.0840556569343063e-01 
+6.9531250000000000e-01 +5.1654052734375000e-01 
+6.7187500000000000e-01 +7.4486301369863006e-01 
+6.8750000000000000e-01 +6.2870666058394153e-01 
+6.7968750000000000e-01 +5.3802490234375000e-01 
+6.7187500000000000e-01 +6.4855155109489049e-01 
+6.6406250000000000e-01 +5.5902099609375000e-01 
+6.4062500000000000e-01 +7.8082191780821919e-01 
+6.5625000000000000e-01 +6.6794023722627738e-01 
+6.4843750000000000e-01 +5.7952880859375000e-01 
+6.4062500000000000e-01 +6.8687271897810220e-01 
+6.3281250000000000e-01 +5.9954833984375000e-01 
+6.0937500000000000e-01 +8.1506849315068497e-01 
+6.2500000000000000e-01 +7.0534899635036508e-01 
+6.1718750000000000e-01 +6.1907958984375000e-01 
+6.0937500000000000e-01 +7.2336906934306577e-01 
+6.0156250000000000e-01 +6.3812255859375000e-01 
+5.7812500000000000e-01 +8.4760273972602751e-01 
+5.9375000000000000e-01 +7.4093293795620430e-01 
+5.8593750000000000e-01 +6.5667724609375000e-01 
+5.7812500000000000e-01 +7.5804060218978098e-01 
+5.7031250000000000e-01 +6.7474365234375000e-01 
+5.4687500000000000e-01 +8.7842465753424659e-01 
+5.6250000000000000e-01 +7.7469206204379559e-01 
+5.5468750000000000e-01 +6.9232177734375000e-01 
+5.4687500000000000e-01 +7.9088731751824815e-01 
+5.3906250000000000e-01 +7.0941162109375000e-01 
+5.1562500000000000e-01 +9.0753424657534243e-01 
+5.3125000000000000e-01 +8.0662636861313863e-01 
+5.2343750000000000e-01 +7.2601318359375000e-01 
+5.1562500000000000e-01 +8.2190921532846717e-01 
+5.0781250000000000e-01 +7.4212646484375000e-01 
+1.8750000000000000e-01 +1.1098030821917808e+00 
+3.1250000000000000e-01 +1.0550085616438356e+00 
+6.2500000000000000e-02 +1.1372003424657533e+00 
+4.3750000000000000e-01 +9.7281678082191780e-01 
+2.5000000000000000e-01 +1.0858304794520548e+00 
+4.8437500000000000e-01 +9.3493150684931503e-01 
+1.4062500000000000e-01 +1.1232876712328768e+00 
+1.0937500000000000e-01 +1.1301369863013697e+00 
+3.9062500000000000e-01 +1.0068493150684932e+00 
+3.5937500000000000e-01 +1.0273972602739725e+00 
+1.5625000000000000e-02 +1.1404109589041096e+00 
+4.5312500000000000e-01 +9.6061643835616439e-01 
+2.9687500000000000e-01 +1.0633561643835616e+00 
+2.6562500000000000e-01 +1.0787671232876712e+00 
+2.3437500000000000e-01 +1.0924657534246576e+00 
+2.0312500000000000e-01 +1.1044520547945205e+00 
+4.2187500000000000e-01 +9.8458904109589040e-01 
+7.8125000000000000e-02 +1.1352739726027397e+00 
+4.6875000000000000e-02 +1.1386986301369864e+00 
+3.2812500000000000e-01 +1.0462328767123288e+00 
+1.7187500000000000e-01 +1.1147260273972603e+00 
+5.0000000000000000e-01 +8.3673585766423364e-01 
+4.9218750000000000e-01 +7.5775146484375000e-01 
+1.9531250000000000e-01 +9.6185302734375000e-01 
+1.8750000000000000e-01 +1.0374657846715329e+00 
+1.7968750000000000e-01 +9.6771240234375000e-01 
+3.2031250000000000e-01 +8.9739990234375000e-01 
+3.1250000000000000e-01 +9.7907162408759130e-01 
+3.0468750000000000e-01 +9.0716552734375000e-01 
+7.0312500000000000e-02 +9.9505615234375000e-01 
+6.2500000000000000e-02 +1.0666628649635037e+00 
+5.4687500000000000e-02 +9.9700927734375000e-01 
+4.4531250000000000e-01 +8.0169677734375000e-01 
+4.3750000000000000e-01 +8.9148038321167888e-01 
+4.2968750000000000e-01 +8.1536865234375000e-01 
+2.5781250000000000e-01 +9.3353271484375000e-01 
+2.5000000000000000e-01 +1.0119183394160585e+00 
+2.4218750000000000e-01 +9.4134521484375000e-01 
+4.8437500000000000e-01 +8.5110629562043794e-01 
+4.7656250000000000e-01 +7.7288818359375000e-01 
+1.4843750000000000e-01 +9.7796630859375000e-01 
+1.4062500000000000e-01 +1.0518362226277373e+00 
+1.3281250000000000e-01 +9.8236083984375000e-01 
+1.1718750000000000e-01 +9.8626708984375000e-01 
+1.0937500000000000e-01 +1.0591354927007299e+00 
+1.0156250000000000e-01 +9.8968505859375000e-01 
+3.9843750000000000e-01 +8.4124755859375000e-01 
+3.9062500000000000e-01 +9.2774863138686137e-01 
+3.8281250000000000e-01 +8.5345458984375000e-01 
+3.6718750000000000e-01 +8.6517333984375000e-01 
+3.5937500000000000e-01 +9.4964644160583944e-01 
+3.5156250000000000e-01 +8.7640380859375000e-01 
+2.3437500000000000e-02 +9.9945068359375000e-01 
+1.5625000000000000e-02 +1.0700843978102190e+00 
+7.8125000000000000e-03 +9.9993896484375000e-01 
+4.6093750000000000e-01 +7.8753662109375000e-01 
+4.5312500000000000e-01 +8.7847855839416056e-01 
+2.9687500000000000e-01 +9.8796760948905105e-01 
+2.8906250000000000e-01 +9.1644287109375000e-01 
+2.7343750000000000e-01 +9.2523193359375000e-01 
+2.6562500000000000e-01 +1.0043909671532847e+00 
+2.3437500000000000e-01 +1.0189895072992701e+00 
+2.2656250000000000e-01 +9.4866943359375000e-01 
+2.1093750000000000e-01 +9.5550537109375000e-01 
+2.0312500000000000e-01 +1.0317632299270072e+00 
+4.2187500000000000e-01 +9.0402600364963492e-01 
+4.1406250000000000e-01 +8.2855224609375000e-01 
+8.5937500000000000e-02 +9.9261474609375000e-01 
+7.8125000000000000e-02 +1.0646099452554745e+00 
+4.6875000000000000e-02 +1.0682595802919708e+00 
+3.9062500000000000e-02 +9.9847412109375000e-01 
+3.3593750000000000e-01 +8.8714599609375000e-01 
+3.2812500000000000e-01 +9.6971943430656926e-01 
+1.7187500000000000e-01 +1.0427121350364963e+00 
+1.6406250000000000e-01 +9.7308349609375000e-01 
+9.9218750000000000e-01 +1.5054744525547450e-01 
+9.9609375000000000e-01 +7.7972412109375000e-03 
+9.9218750000000000e-01 +8.4153891509433920e-02 
+9.8828125000000000e-01 +2.3300170898437500e-02 
+9.7656250000000000e-01 +1.7928832116788318e-01 
+9.8437500000000000e-01 +9.9071344339622572e-02 
+9.8046875000000000e-01 +3.8681030273437500e-02 
+9.7656250000000000e-01 +1.1387087264150944e-01 
+9.7265625000000000e-01 +5.3939819335937500e-02 
+9.6093750000000000e-01 +2.0757299270072996e-01 
+9.6875000000000000e-01 +1.2855247641509429e-01 
+9.6484375000000000e-01 +6.9076538085937500e-02 
+9.6093750000000000e-01 +1.4311615566037739e-01 
+9.5703125000000000e-01 +8.4091186523437500e-02 
+9.4531250000000000e-01 +2.3540145985401456e-01 
+9.5312500000000000e-01 +1.5756191037735845e-01 
+9.4921875000000000e-01 +9.8983764648437500e-02 
+9.4531250000000000e-01 +1.7188974056603776e-01 
+9.4140625000000000e-01 +1.1375427246093750e-01 
+9.2968750000000000e-01 +2.6277372262773713e-01 
+9.3750000000000000e-01 +1.8609964622641506e-01 
+9.3359375000000000e-01 +1.2840270996093750e-01 
+9.2968750000000000e-01 +2.0019162735849055e-01 
+9.2578125000000000e-01 +1.4292907714843750e-01 
+9.1406250000000000e-01 +2.8968978102189791e-01 
+9.2187500000000000e-01 +2.1416568396226407e-01 
+9.1796875000000000e-01 +1.5733337402343750e-01 
+9.1406250000000000e-01 +2.2802181603773580e-01 
+9.1015625000000000e-01 +1.7161560058593750e-01 
+8.9843750000000000e-01 +3.1614963503649640e-01 
+9.0625000000000000e-01 +2.4176002358490564e-01 
+9.0234375000000000e-01 +1.8577575683593750e-01 
+8.9843750000000000e-01 +2.5538030660377348e-01 
+8.9453125000000000e-01 +1.9981384277343750e-01 
+8.8281250000000000e-01 +3.4215328467153289e-01 
+8.9062500000000000e-01 +2.6888266509433956e-01 
+8.8671875000000000e-01 +2.1372985839843750e-01 
+8.8281250000000000e-01 +2.8226709905660369e-01 
+8.7890625000000000e-01 +2.2752380371093750e-01 
+8.6718750000000000e-01 +3.6770072992700725e-01 
+8.7500000000000000e-01 +2.9553360849056598e-01 
+8.7109375000000000e-01 +2.4119567871093750e-01 
+8.6718750000000000e-01 +3.0868219339622632e-01 
+8.6328125000000000e-01 +2.5474548339843750e-01 
+8.5156250000000000e-01 +3.9279197080291967e-01 
+8.5937500000000000e-01 +3.2171285377358483e-01 
+8.5546875000000000e-01 +2.6817321777343750e-01 
+8.5156250000000000e-01 +3.3462558962264144e-01 
+8.4765625000000000e-01 +2.8147888183593750e-01 
+8.3593750000000000e-01 +4.1742700729927001e-01 
+8.4375000000000000e-01 +3.4742040094339616e-01 
+8.3984375000000000e-01 +2.9466247558593750e-01 
+8.3593750000000000e-01 +3.6009728773584893e-01 
+8.3203125000000000e-01 +3.0772399902343750e-01 
+8.2031250000000000e-01 +4.4160583941605852e-01 
+8.2812500000000000e-01 +3.7265624999999986e-01 
+8.2421875000000000e-01 +3.2066345214843750e-01 
+8.2031250000000000e-01 +3.8509728773584900e-01 
+8.1640625000000000e-01 +3.3348083496093750e-01 
+8.0468750000000000e-01 +4.6532846715328469e-01 
+8.1250000000000000e-01 +3.9742040094339615e-01 
+8.0859375000000000e-01 +3.4617614746093750e-01 
+8.0468750000000000e-01 +4.0962558962264140e-01 
+8.0078125000000000e-01 +3.5874938964843750e-01 
+7.8906250000000000e-01 +4.8859489051094890e-01 
+7.9687500000000000e-01 +4.2171285377358486e-01 
+7.9296875000000000e-01 +3.7120056152343750e-01 
+7.8906250000000000e-01 +4.3368219339622632e-01 
+7.8515625000000000e-01 +3.8352966308593750e-01 
+7.7343750000000000e-01 +5.1140510948905105e-01 
+7.8125000000000000e-01 +4.4553360849056600e-01 
+7.7734375000000000e-01 +3.9573669433593750e-01 
+7.7343750000000000e-01 +4.5726709905660390e-01 
+7.6953125000000000e-01 +4.0782165527343750e-01 
+7.5781250000000000e-01 +5.3375912408759119e-01 
+7.6562500000000000e-01 +4.6888266509433968e-01 
+7.6171875000000000e-01 +4.1978454589843750e-01 
+7.5781250000000000e-01 +4.8038030660377368e-01 
+7.5390625000000000e-01 +4.3162536621093750e-01 
+7.4218750000000000e-01 +5.5565693430656937e-01 
+7.5000000000000000e-01 +4.9176002358490573e-01 
+7.4609375000000000e-01 +4.4334411621093750e-01 
+7.4218750000000000e-01 +5.0302181603773588e-01 
+7.3828125000000000e-01 +4.5494079589843750e-01 
+7.2656250000000000e-01 +5.7709854014598549e-01 
+7.3437500000000000e-01 +5.1416568396226425e-01 
+7.3046875000000000e-01 +4.6641540527343750e-01 
+7.2656250000000000e-01 +5.2519162735849068e-01 
+7.2265625000000000e-01 +4.7776794433593750e-01 
+7.1093750000000000e-01 +5.9808394160583955e-01 
+7.1875000000000000e-01 +5.3609964622641515e-01 
+7.1484375000000000e-01 +4.8899841308593750e-01 
+7.1093750000000000e-01 +5.4688974056603779e-01 
+7.0703125000000000e-01 +5.0010681152343750e-01 
+6.9531250000000000e-01 +6.1861313868613144e-01 
+7.0312500000000000e-01 +5.5756191037735858e-01 
+6.9921875000000000e-01 +5.1109313964843750e-01 
+6.9531250000000000e-01 +5.6811615566037743e-01 
+6.9140625000000000e-01 +5.2195739746093750e-01 
+6.7968750000000000e-01 +6.3868613138686137e-01 
+6.8750000000000000e-01 +5.7855247641509444e-01 
+6.8359375000000000e-01 +5.3269958496093750e-01 
+6.7968750000000000e-01 +5.8887087264150950e-01 
+6.7578125000000000e-01 +5.4331970214843750e-01 
+6.6406250000000000e-01 +6.5830291970802912e-01 
+6.7187500000000000e-01 +5.9907134433962272e-01 
+6.6796875000000000e-01 +5.5381774902343750e-01 
+6.6406250000000000e-01 +6.0915389150943400e-01 
+6.6015625000000000e-01 +5.6419372558593750e-01 
+6.4843750000000000e-01 +6.7746350364963503e-01 
+6.5625000000000000e-01 +6.1911851415094354e-01 
+6.5234375000000000e-01 +5.7444763183593750e-01 
+6.4843750000000000e-01 +6.2896521226415103e-01 
+6.4453125000000000e-01 +5.8457946777343750e-01 
+6.3281250000000000e-01 +6.9616788321167877e-01 
+6.4062500000000000e-01 +6.3869398584905668e-01 
+6.3671875000000000e-01 +5.9458923339843750e-01 
+6.3281250000000000e-01 +6.4830483490566038e-01 
+6.2890625000000000e-01 +6.0447692871093750e-01 
+6.1718750000000000e-01 +7.1441605839416067e-01 
+6.2500000000000000e-01 +6.5779775943396224e-01 
+6.2109375000000000e-01 +6.1424255371093750e-01 
+6.1718750000000000e-01 +6.6717275943396226e-01 
+6.1328125000000000e-01 +6.2388610839843750e-01 
+6.0156250000000000e-01 +7.3220802919708039e-01 
+6.0937500000000000e-01 +6.7642983490566044e-01 
+6.0546875000000000e-01 +6.3340759277343750e-01 
+6.0156250000000000e-01 +6.8556898584905668e-01 
+5.9765625000000000e-01 +6.4280700683593750e-01 
+5.8593750000000000e-01 +7.4954379562043782e-01 
+5.9375000000000000e-01 +6.9459021226415096e-01 
+5.8984375000000000e-01 +6.5208435058593750e-01 
+5.8593750000000000e-01 +7.0349351415094341e-01 
+5.8203125000000000e-01 +6.6123962402343750e-01 
+5.7031250000000000e-01 +7.6642335766423353e-01 
+5.7812500000000000e-01 +7.1227889150943402e-01 
+5.7421875000000000e-01 +6.7027282714843750e-01 
+5.7031250000000000e-01 +7.2094634433962268e-01 
+5.6640625000000000e-01 +6.7918395996093750e-01 
+5.5468750000000000e-01 +7.8284671532846706e-01 
+5.6250000000000000e-01 +7.2949587264150950e-01 
+5.5859375000000000e-01 +6.8797302246093750e-01 
+5.5468750000000000e-01 +7.3792747641509437e-01 
+5.5078125000000000e-01 +6.9664001464843750e-01 
+5.3906250000000000e-01 +7.9881386861313852e-01 
+5.4687500000000000e-01 +7.4624115566037730e-01 
+5.4296875000000000e-01 +7.0518493652343750e-01 
+5.3906250000000000e-01 +7.5443691037735860e-01 
+5.3515625000000000e-01 +7.1360778808593750e-01 
+5.2343750000000000e-01 +8.1432481751824815e-01 
+5.3125000000000000e-01 +7.6251474056603774e-01 
+5.2734375000000000e-01 +7.2190856933593750e-01 
+5.2343750000000000e-01 +7.7047464622641504e-01 
+5.1953125000000000e-01 +7.3008728027343750e-01 
+5.0781250000000000e-01 +8.2937956204379559e-01 
+5.1562500000000000e-01 +7.7831662735849050e-01 
+5.1171875000000000e-01 +7.3814392089843750e-01 
+5.0781250000000000e-01 +7.8604068396226412e-01 
+5.0390625000000000e-01 +7.4607849121093750e-01 
+1.5625000000000000e-01 +1.0475022810218979e+00 
+3.4375000000000000e-01 +9.5991104014598538e-01 
+3.1250000000000000e-02 +1.0694000912408759e+00 
+9.3750000000000000e-02 +1.0621008211678833e+00 
+4.0625000000000000e-01 +9.1611541970802923e-01 
+2.1875000000000000e-01 +1.0256044708029197e+00 
+2.8125000000000000e-01 +9.9640739051094884e-01 
+4.6875000000000000e-01 +8.6502052919708028e-01 
+0.0000000000000000e+00 +1.0703125000000000e+00 
+3.7500000000000000e-01 +9.3892563868613133e-01 
+1.2500000000000000e-01 +1.0557139598540146e+00 
+4.9218750000000000e-01 +8.4397810218978098e-01 
+1.9531250000000000e-01 +1.0346715328467153e+00 
+1.7968750000000000e-01 +1.0401459854014599e+00 
+3.2031250000000000e-01 +9.7445255474452552e-01 
+3.0468750000000000e-01 +9.8357664233576647e-01 
+7.0312500000000000e-02 +1.0656934306569343e+00 
+5.4687500000000000e-02 +1.0675182481751824e+00 
+4.4531250000000000e-01 +8.8503649635036497e-01 
+4.2968750000000000e-01 +8.9781021897810220e-01 
+2.5781250000000000e-01 +1.0082116788321167e+00 
+2.4218750000000000e-01 +1.0155109489051095e+00 
+4.7656250000000000e-01 +8.5812043795620430e-01 
+1.4843750000000000e-01 +1.0497262773722629e+00 
+1.3281250000000000e-01 +1.0538321167883211e+00 
+1.1718750000000000e-01 +1.0574817518248174e+00 
+1.0156250000000000e-01 +1.0606751824817517e+00 
+3.9843750000000000e-01 +9.2198905109489049e-01 
+3.8281250000000000e-01 +9.3339416058394153e-01 
+3.6718750000000000e-01 +9.4434306569343063e-01 
+3.5156250000000000e-01 +9.5483576642335766e-01 
+2.3437500000000000e-02 +1.0697992700729928e+00 
+7.8125000000000000e-03 +1.0702554744525548e+00 
+4.6093750000000000e-01 +8.7180656934306577e-01 
+2.8906250000000000e-01 +9.9224452554744513e-01 
+2.7343750000000000e-01 +1.0004562043795620e+00 
+2.2656250000000000e-01 +1.0223540145985401e+00 
+2.1093750000000000e-01 +1.0287408759124088e+00 
+4.1406250000000000e-01 +9.1012773722627738e-01 
+8.5937500000000000e-02 +1.0634124087591241e+00 
+3.9062500000000000e-02 +1.0688868613138685e+00 
+3.3593750000000000e-01 +9.6487226277372262e-01 
+1.6406250000000000e-01 +1.0451642335766422e+00 
+5.0000000000000000e-01 +7.9364681603773579e-01 
+4.9609375000000000e-01 +7.5389099121093750e-01 
+1.6015625000000000e-01 +9.7434997558593750e-01 
+1.5625000000000000e-01 +1.0115713443396226e+00 
+1.5234375000000000e-01 +9.7679138183593750e-01 
+3.4765625000000000e-01 +8.7913513183593750e-01 
+3.4375000000000000e-01 +9.2100530660377367e-01 
+3.3984375000000000e-01 +8.8450622558593750e-01 
+3.5156250000000000e-02 +9.9876403808593750e-01 
+3.1250000000000000e-02 +1.0342128537735849e+00 
+2.7343750000000000e-02 +9.9925231933593750e-01 
+9.7656250000000000e-02 +9.9046325683593750e-01 
+9.3750000000000000e-02 +1.0266656839622641e+00 
+8.9843750000000000e-02 +9.9192810058593750e-01 
+4.1015625000000000e-01 +8.3177185058593750e-01 
+4.0625000000000000e-01 +8.7572228773584904e-01 
+4.0234375000000000e-01 +8.3811950683593750e-01 
+2.2265625000000000e-01 +9.5042419433593750e-01 
+2.1875000000000000e-01 +9.8892983490566044e-01 
+2.1484375000000000e-01 +9.5384216308593750e-01 
+2.8515625000000000e-01 +9.1868591308593750e-01 
+2.8125000000000000e-01 +9.5874115566037732e-01 
+2.7734375000000000e-01 +9.2308044433593750e-01 
+4.7265625000000000e-01 +7.7659606933593750e-01 
+4.6875000000000000e-01 +8.2289209905660377e-01 
+4.6484375000000000e-01 +7.8392028808593750e-01 
+3.9062500000000000e-03 +9.9998474121093750e-01 
+0.0000000000000000e+00 +1.0351562500000000e+00 
+3.7890625000000000e-01 +8.5643005371093750e-01 
+3.7500000000000000e-01 +8.9930719339622645e-01 
+3.7109375000000000e-01 +8.6228942871093750e-01 
+1.2890625000000000e-01 +9.8338317871093750e-01 
+1.2500000000000000e-01 +1.0200619103773585e+00 
+1.2109375000000000e-01 +9.8533630371093750e-01 
+4.9218750000000000e-01 +8.0113502358490563e-01 
+4.8828125000000000e-01 +7.6158142089843750e-01 
+1.9921875000000000e-01 +9.6031188964843750e-01 
+1.9531250000000000e-01 +9.9830483490566035e-01 
+1.9140625000000000e-01 +9.6336364746093750e-01 
+1.8359375000000000e-01 +9.6629333496093750e-01 
+1.7968750000000000e-01 +1.0039652122641509e+00 
+1.7578125000000000e-01 +9.6910095214843750e-01 
+3.2421875000000000e-01 +8.9488220214843750e-01 
+3.2031250000000000e-01 +9.3604068396226414e-01 
+3.1640625000000000e-01 +8.9988708496093750e-01 
+3.0859375000000000e-01 +9.0476989746093750e-01 
+3.0468750000000000e-01 +9.4547464622641508e-01 
+3.0078125000000000e-01 +9.0953063964843750e-01 
+7.4218750000000000e-02 +9.9449157714843750e-01 
+7.0312500000000000e-02 +1.0303803066037736e+00 
+6.6406250000000000e-02 +9.9559020996093750e-01 
+5.8593750000000000e-02 +9.9656677246093750e-01 
+5.4687500000000000e-02 +1.0322670990566039e+00 
+5.0781250000000000e-02 +9.9742126464843750e-01 
+4.4921875000000000e-01 +7.9820251464843750e-01 
+4.4531250000000000e-01 +8.4358785377358492e-01 
+4.4140625000000000e-01 +8.0516052246093750e-01 
+4.3359375000000000e-01 +8.1199645996093750e-01 
+4.2968750000000000e-01 +8.5679540094339623e-01 
+4.2578125000000000e-01 +8.1871032714843750e-01 
+2.6171875000000000e-01 +9.3150329589843750e-01 
+2.5781250000000000e-01 +9.7094634433962268e-01 
+2.5390625000000000e-01 +9.3553161621093750e-01 
+2.4609375000000000e-01 +9.3943786621093750e-01 
+2.4218750000000000e-01 +9.7849351415094343e-01 
+2.3828125000000000e-01 +9.4322204589843750e-01 
+4.8046875000000000e-01 +7.6914978027343750e-01 
+4.7656250000000000e-01 +8.1575766509433967e-01 
+1.4843750000000000e-01 +1.0138708726415093e+00 
+1.4453125000000000e-01 +9.7911071777343750e-01 
+1.3671875000000000e-01 +9.8130798339843750e-01 
+1.3281250000000000e-01 +1.0181161556603773e+00 
+1.1718750000000000e-01 +1.0218897405660377e+00 
+1.1328125000000000e-01 +9.8716735839843750e-01 
+1.0546875000000000e-01 +9.8887634277343750e-01 
+1.0156250000000000e-01 +1.0251916273584907e+00 
+3.9843750000000000e-01 +8.8179540094339615e-01 
+3.9453125000000000e-01 +8.4434509277343750e-01 
+3.8671875000000000e-01 +8.5044860839843750e-01 
+3.8281250000000000e-01 +8.9358785377358485e-01 
+3.6718750000000000e-01 +9.0490860849056609e-01 
+3.6328125000000000e-01 +8.6802673339843750e-01 
+3.5546875000000000e-01 +8.7364196777343750e-01 
+3.5156250000000000e-01 +9.1575766509433965e-01 
+2.3437500000000000e-02 +1.0346255896226415e+00 
+1.9531250000000000e-02 +9.9961853027343750e-01 
+1.1718750000000000e-02 +9.9986267089843750e-01 
+7.8125000000000000e-03 +1.0350972877358491e+00 
+4.6093750000000000e-01 +8.2990860849056602e-01 
+4.5703125000000000e-01 +7.9112243652343750e-01 
+2.9296875000000000e-01 +9.1416931152343750e-01 
+2.8906250000000000e-01 +9.5443691037735856e-01 
+2.7343750000000000e-01 +9.6292747641509435e-01 
+2.6953125000000000e-01 +9.2735290527343750e-01 
+2.3046875000000000e-01 +9.4688415527343750e-01 
+2.2656250000000000e-01 +9.8556898584905661e-01 
+2.1093750000000000e-01 +9.9217275943396221e-01 
+2.0703125000000000e-01 +9.5713806152343750e-01 
+4.1796875000000000e-01 +8.2530212402343750e-01 
+4.1406250000000000e-01 +8.6953124999999998e-01 
+8.5937500000000000e-02 +1.0280218160377359e+00 
+8.2031250000000000e-02 +9.9327087402343750e-01 
+4.2968750000000000e-02 +9.9815368652343750e-01 
+3.9062500000000000e-02 +1.0336821933962264e+00 
+3.3593750000000000e-01 +9.2613502358490574e-01 
+3.3203125000000000e-01 +8.8975524902343750e-01 
+1.6796875000000000e-01 +9.7178649902343750e-01 
+1.6406250000000000e-01 +1.0091538915094340e+00 
+1.0000000000000000e+00 +6.9118514150943389e-02 
+9.9609375000000000e-01 +7.6650943396226454e-02 
+1.0000000000000000e+00 +3.4852597168905985e-02 
+9.9804687500000000e-01 +3.9024353027343750e-03 
+9.9609375000000000e-01 +4.2515145153550961e-02 
+9.9414062500000000e-01 +1.1684417724609375e-02 
+9.8828125000000000e-01 +9.1627358490566038e-02 
+9.9218750000000000e-01 +5.0147702735124776e-02 
+9.9023437500000000e-01 +1.9435882568359375e-02 
+9.8828125000000000e-01 +5.7750269913627653e-02 
+9.8632812500000000e-01 +2.7156829833984375e-02 
+9.8046875000000000e-01 +1.0648584905660374e-01 
+9.8437500000000000e-01 +6.5322846689059480e-02 
+9.8242187500000000e-01 +3.4847259521484375e-02 
+9.8046875000000000e-01 +7.2865433061420376e-02 
+9.7851562500000000e-01 +4.2507171630859375e-02 
+9.7265625000000000e-01 +1.2122641509433954e-01 
+9.7656250000000000e-01 +8.0378029030710216e-02 
+9.7460937500000000e-01 +5.0136566162109375e-02 
+9.7265625000000000e-01 +8.7860634596929013e-02 
+9.7070312500000000e-01 +5.7735443115234375e-02 
+9.6484375000000000e-01 +1.3584905660377358e-01 
+9.6875000000000000e-01 +9.5313249760076768e-02 
+9.6679687500000000e-01 +6.5303802490234375e-02 
+9.6484375000000000e-01 +1.0273587452015358e-01 
+9.6289062500000000e-01 +7.2841644287109375e-02 
+9.5703125000000000e-01 +1.5035377358490559e-01 
+9.6093750000000000e-01 +1.1012850887715935e-01 
+9.5898437500000000e-01 +8.0348968505859375e-02 
+9.5703125000000000e-01 +1.1749115283109406e-01 
+9.5507812500000000e-01 +8.7825775146484375e-02 
+9.4921875000000000e-01 +1.6474056603773585e-01 
+9.5312500000000000e-01 +1.2482380638195772e-01 
+9.5117187500000000e-01 +9.5272064208984375e-02 
+9.4921875000000000e-01 +1.3212646952975046e-01 
+9.4726562500000000e-01 +1.0268783569335938e-01 
+9.4140625000000000e-01 +1.7900943396226407e-01 
+9.4531250000000000e-01 +1.3939914227447214e-01 
+9.4335937500000000e-01 +1.1007308959960938e-01 
+9.4140625000000000e-01 +1.4664182461612277e-01 
+9.3945312500000000e-01 +1.1742782592773438e-01 
+9.3359375000000000e-01 +1.9316037735849054e-01 
+9.3750000000000000e-01 +1.5385451655470248e-01 
+9.3554687500000000e-01 +1.2475204467773438e-01 
+9.3359375000000000e-01 +1.6103721809021102e-01 
+9.3164062500000000e-01 +1.3204574584960938e-01 
+9.2578125000000000e-01 +2.0719339622641500e-01 
+9.2968750000000000e-01 +1.6818992922264861e-01 
+9.2773437500000000e-01 +1.3930892944335938e-01 
+9.2578125000000000e-01 +1.7531264995201529e-01 
+9.2382812500000000e-01 +1.4654159545898438e-01 
+9.1796875000000000e-01 +2.2110849056603768e-01 
+9.2187500000000000e-01 +1.8240538027831080e-01 
+9.1992187500000000e-01 +1.5374374389648438e-01 
+9.1796875000000000e-01 +1.8946812020153558e-01 
+9.1601562500000000e-01 +1.6091537475585938e-01 
+9.1015625000000000e-01 +2.3490566037735847e-01 
+9.1406250000000000e-01 +1.9650086972168912e-01 
+9.1210937500000000e-01 +1.6805648803710938e-01 
+9.1015625000000000e-01 +2.0350362883877168e-01 
+9.0820312500000000e-01 +1.7516708374023438e-01 
+9.0234375000000000e-01 +2.4858490566037736e-01 
+9.0625000000000000e-01 +2.1047639755278322e-01 
+9.0429687500000000e-01 +1.8224716186523438e-01 
+9.0234375000000000e-01 +2.1741917586372372e-01 
+9.0039062500000000e-01 +1.8929672241210938e-01 
+8.9453125000000000e-01 +2.6214622641509422e-01 
+8.9843750000000000e-01 +2.2433196377159317e-01 
+8.9648437500000000e-01 +1.9631576538085938e-01 
+8.9453125000000000e-01 +2.3121476127639157e-01 
+8.9257812500000000e-01 +2.0330429077148438e-01 
+8.8671875000000000e-01 +2.7558962264150938e-01 
+8.9062500000000000e-01 +2.3806756837811902e-01 
+8.8867187500000000e-01 +2.1026229858398438e-01 
+8.8671875000000000e-01 +2.4489038507677541e-01 
+8.8476562500000000e-01 +2.1718978881835938e-01 
+8.7890625000000000e-01 +2.8891509433962259e-01 
+8.8281250000000000e-01 +2.5168321137236088e-01 
+8.8085937500000000e-01 +2.2408676147460938e-01 
+8.7890625000000000e-01 +2.5844604726487519e-01 
+8.7695312500000000e-01 +2.3095321655273438e-01 
+8.7109375000000000e-01 +3.0212264150943391e-01 
+8.7500000000000000e-01 +2.6517889275431855e-01 
+8.7304687500000000e-01 +2.3778915405273438e-01 
+8.7109375000000000e-01 +2.7188174784069102e-01 
+8.6914062500000000e-01 +2.4459457397460938e-01 
+8.6328125000000000e-01 +3.1521226415094333e-01 
+8.6718750000000000e-01 +2.7855461252399227e-01 
+8.6523437500000000e-01 +2.5136947631835938e-01 
+8.6328125000000000e-01 +2.8519748680422263e-01 
+8.6132812500000000e-01 +2.5811386108398438e-01 
+8.5546875000000000e-01 +3.2818396226415086e-01 
+8.5937500000000000e-01 +2.9181037068138194e-01 
+8.5742187500000000e-01 +2.6482772827148438e-01 
+8.5546875000000000e-01 +2.9839326415547018e-01 
+8.5351562500000000e-01 +2.7151107788085938e-01 
+8.4765625000000000e-01 +3.4103773584905650e-01 
+8.5156250000000000e-01 +3.0494616722648749e-01 
+8.4960937500000000e-01 +2.7816390991210938e-01 
+8.4765625000000000e-01 +3.1146907989443373e-01 
+8.4570312500000000e-01 +2.8478622436523438e-01 
+8.3984375000000000e-01 +3.5377358490566030e-01 
+8.4375000000000000e-01 +3.1796200215930898e-01 
+8.4179687500000000e-01 +2.9137802124023438e-01 
+8.3984375000000000e-01 +3.2442493402111311e-01 
+8.3789062500000000e-01 +2.9793930053710938e-01 
+8.3203125000000000e-01 +3.6639150943396215e-01 
+8.3593750000000000e-01 +3.3085787547984635e-01 
+8.3398437500000000e-01 +3.0447006225585938e-01 
+8.3203125000000000e-01 +3.3726082653550854e-01 
+8.3007812500000000e-01 +3.1097030639648438e-01 
+8.2421875000000000e-01 +3.7889150943396221e-01 
+8.2812500000000000e-01 +3.4363378718809967e-01 
+8.2617187500000000e-01 +3.1744003295898438e-01 
+8.2421875000000000e-01 +3.4997675743761986e-01 
+8.2226562500000000e-01 +3.2387924194335938e-01 
+8.1640625000000000e-01 +3.9127358490566033e-01 
+8.2031250000000000e-01 +3.5628973728406915e-01 
+8.1835937500000000e-01 +3.3028793334960938e-01 
+8.1640625000000000e-01 +3.6257272672744723e-01 
+8.1445312500000000e-01 +3.3666610717773438e-01 
+8.0859375000000000e-01 +4.0353773584905650e-01 
+8.1250000000000000e-01 +3.6882572576775441e-01 
+8.1054687500000000e-01 +3.4301376342773438e-01 
+8.0859375000000000e-01 +3.7504873440499042e-01 
+8.0664062500000000e-01 +3.4933090209960938e-01 
+8.0078125000000000e-01 +4.1568396226415083e-01 
+8.0468750000000000e-01 +3.8124175263915550e-01 
+8.0273437500000000e-01 +3.5561752319335938e-01 
+8.0078125000000000e-01 +3.8740478047024962e-01 
+7.9882812500000000e-01 +3.6187362670898438e-01 
+7.9296875000000000e-01 +4.2771226415094332e-01 
+7.9687500000000000e-01 +3.9353781789827258e-01 
+7.9492187500000000e-01 +3.6809921264648438e-01 
+7.9296875000000000e-01 +3.9964086492322465e-01 
+7.9101562500000000e-01 +3.7429428100585938e-01 
+7.8515625000000000e-01 +4.3962264150943386e-01 
+7.8906250000000000e-01 +4.0571392154510560e-01 
+7.8710937500000000e-01 +3.8045883178710938e-01 
+7.8515625000000000e-01 +4.1175698776391556e-01 
+7.8320312500000000e-01 +3.8659286499023438e-01 
+7.7734375000000000e-01 +4.5141509433962257e-01 
+7.8125000000000000e-01 +4.1777006357965457e-01 
+7.7929687500000000e-01 +3.9269638061523438e-01 
+7.7734375000000000e-01 +4.2375314899232253e-01 
+7.7539062500000000e-01 +3.9876937866210938e-01 
+7.6953125000000000e-01 +4.6308962264150955e-01 
+7.7343750000000000e-01 +4.2970624400191942e-01 
+7.7148437500000000e-01 +4.0481185913085938e-01 
+7.6953125000000000e-01 +4.3562934860844527e-01 
+7.6757812500000000e-01 +4.1082382202148438e-01 
+7.6171875000000000e-01 +4.7464622641509435e-01 
+7.6562500000000000e-01 +4.4152246281190022e-01 
+7.6367187500000000e-01 +4.1680526733398438e-01 
+7.6171875000000000e-01 +4.4738558661228406e-01 
+7.5976562500000000e-01 +4.2275619506835938e-01 
+7.5390625000000000e-01 +4.8608490566037743e-01 
+7.5781250000000000e-01 +4.5321872000959690e-01 
+7.5585937500000000e-01 +4.2867660522460938e-01 
+7.5390625000000000e-01 +4.5902186300383879e-01 
+7.5195312500000000e-01 +4.3456649780273438e-01 
+7.4609375000000000e-01 +4.9740566037735862e-01 
+7.5000000000000000e-01 +4.6479501559500952e-01 
+7.4804687500000000e-01 +4.4042587280273438e-01 
+7.4609375000000000e-01 +4.7053817778310930e-01 
+7.4414062500000000e-01 +4.4625473022460938e-01 
+7.3828125000000000e-01 +5.0860849056603774e-01 
+7.4218750000000000e-01 +4.7625134956813814e-01 
+7.4023437500000000e-01 +4.5205307006835938e-01 
+7.3828125000000000e-01 +4.8193453095009586e-01 
+7.3632812500000000e-01 +4.5782089233398438e-01 
+7.3046875000000000e-01 +5.1969339622641519e-01 
+7.3437500000000000e-01 +4.8758772192898264e-01 
+7.3242187500000000e-01 +4.6355819702148438e-01 
+7.3046875000000000e-01 +4.9321092250479831e-01 
+7.2851562500000000e-01 +4.6926498413085938e-01 
+7.2265625000000000e-01 +5.3066037735849070e-01 
+7.2656250000000000e-01 +4.9880413267754320e-01 
+7.2460937500000000e-01 +4.7494125366210938e-01 
+7.2265625000000000e-01 +5.0436735244721698e-01 
+7.2070312500000000e-01 +4.8058700561523438e-01 
+7.1484375000000000e-01 +5.4150943396226425e-01 
+7.1875000000000000e-01 +5.0990058181381959e-01 
+7.1679687500000000e-01 +4.8620223999023438e-01 
+7.1484375000000000e-01 +5.1540382077735136e-01 
+7.1289062500000000e-01 +4.9178695678710938e-01 
+7.0703125000000000e-01 +5.5224056603773597e-01 
+7.1093750000000000e-01 +5.2087706933781197e-01 
+7.0898437500000000e-01 +4.9734115600585938e-01 
+7.0703125000000000e-01 +5.2632032749520163e-01 
+7.0507812500000000e-01 +5.0286483764648438e-01 
+6.9921875000000000e-01 +5.6285377358490574e-01 
+7.0312500000000000e-01 +5.3173359524952024e-01 
+7.0117187500000000e-01 +5.0835800170898438e-01 
+6.9921875000000000e-01 +5.3711687260076790e-01 
+6.9726562500000000e-01 +5.1382064819335938e-01 
+6.9140625000000000e-01 +5.7334905660377367e-01 
+6.9531250000000000e-01 +5.4247015954894440e-01 
+6.9335937500000000e-01 +5.1925277709960938e-01 
+6.9140625000000000e-01 +5.4779345609404995e-01 
+6.8945312500000000e-01 +5.2465438842773438e-01 
+6.8359375000000000e-01 +5.8372641509433976e-01 
+6.8750000000000000e-01 +5.5308676223608444e-01 
+6.8554687500000000e-01 +5.3002548217773438e-01 
+6.8359375000000000e-01 +5.5835007797504799e-01 
+6.8164062500000000e-01 +5.3536605834960938e-01 
+6.7578125000000000e-01 +5.9398584905660390e-01 
+6.7968750000000000e-01 +5.6358340331094059e-01 
+6.7773437500000000e-01 +5.4067611694335938e-01 
+6.7578125000000000e-01 +5.6878673824376202e-01 
+6.7382812500000000e-01 +5.4595565795898438e-01 
+6.6796875000000000e-01 +6.0412735849056609e-01 
+6.7187500000000000e-01 +5.7396008277351251e-01 
+6.6992187500000000e-01 +5.5120468139648438e-01 
+6.6796875000000000e-01 +5.7910343690019184e-01 
+6.6601562500000000e-01 +5.5642318725585938e-01 
+6.6015625000000000e-01 +6.1415094339622645e-01 
+6.6406250000000000e-01 +5.8421680062380033e-01 
+6.6210937500000000e-01 +5.6161117553710938e-01 
+6.6015625000000000e-01 +5.8930017394433776e-01 
+6.5820312500000000e-01 +5.6676864624023438e-01 
+6.5234375000000000e-01 +6.2405660377358496e-01 
+6.5625000000000000e-01 +5.9435355686180424e-01 
+6.5429687500000000e-01 +5.7189559936523438e-01 
+6.5234375000000000e-01 +5.9937694937619967e-01 
+6.5039062500000000e-01 +5.7699203491210938e-01 
+6.4453125000000000e-01 +6.3384433962264153e-01 
+6.4843750000000000e-01 +6.0437035148752405e-01 
+6.4648437500000000e-01 +5.8205795288085938e-01 
+6.4453125000000000e-01 +6.0933376319577737e-01 
+6.4257812500000000e-01 +5.8709335327148438e-01 
+6.3671875000000000e-01 +6.4351415094339626e-01 
+6.4062500000000000e-01 +6.1426718450095963e-01 
+6.3867187500000000e-01 +5.9209823608398438e-01 
+6.3671875000000000e-01 +6.1917061540307095e-01 
+6.3476562500000000e-01 +5.9707260131835938e-01 
+6.2890625000000000e-01 +6.5306603773584904e-01 
+6.3281250000000000e-01 +6.2404405590211121e-01 
+6.3085937500000000e-01 +6.0201644897460938e-01 
+6.2890625000000000e-01 +6.2888750599808074e-01 
+6.2695312500000000e-01 +6.0692977905273438e-01 
+6.2109375000000000e-01 +6.6249999999999998e-01 
+6.2500000000000000e-01 +6.3370096569097889e-01 
+6.2304687500000000e-01 +6.1181259155273438e-01 
+6.2109375000000000e-01 +6.3848443498080620e-01 
+6.1914062500000000e-01 +6.1666488647460938e-01 
+6.1328125000000000e-01 +6.7181603773584908e-01 
+6.1718750000000000e-01 +6.4323791386756235e-01 
+6.1523437500000000e-01 +6.2148666381835938e-01 
+6.1328125000000000e-01 +6.4796140235124766e-01 
+6.1132812500000000e-01 +6.2627792358398438e-01 
+6.0546875000000000e-01 +6.8101415094339623e-01 
+6.0937500000000000e-01 +6.5265490043186192e-01 
+6.0742187500000000e-01 +6.3103866577148438e-01 
+6.0546875000000000e-01 +6.5731840810940489e-01 
+6.0351562500000000e-01 +6.3576889038085938e-01 
+5.9765625000000000e-01 +6.9009433962264144e-01 
+6.0156250000000000e-01 +6.6195192538387715e-01 
+5.9960937500000000e-01 +6.4046859741210938e-01 
+5.9765625000000000e-01 +6.6655545225527835e-01 
+5.9570312500000000e-01 +6.4513778686523438e-01 
+5.8984375000000000e-01 +6.9905660377358492e-01 
+5.9375000000000000e-01 +6.7112898872360849e-01 
+5.9179687500000000e-01 +6.4977645874023438e-01 
+5.8984375000000000e-01 +6.7567253478886757e-01 
+5.8789062500000000e-01 +6.5438461303710938e-01 
+5.8203125000000000e-01 +7.0790094339622645e-01 
+5.8593750000000000e-01 +6.8018609045105571e-01 
+5.8398437500000000e-01 +6.5896224975585938e-01 
+5.8203125000000000e-01 +6.8466965571017269e-01 
+5.8007812500000000e-01 +6.6350936889648438e-01 
+5.7421875000000000e-01 +7.1662735849056602e-01 
+5.7812500000000000e-01 +6.8912323056621883e-01 
+5.7617187500000000e-01 +6.6802597045898438e-01 
+5.7421875000000000e-01 +6.9354681501919391e-01 
+5.7226562500000000e-01 +6.7251205444335938e-01 
+5.6640625000000000e-01 +7.2523584905660377e-01 
+5.7031250000000000e-01 +6.9794040906909782e-01 
+5.6835937500000000e-01 +6.7696762084960938e-01 
+5.6640625000000000e-01 +7.0230401271593090e-01 
+5.6445312500000000e-01 +6.8139266967773438e-01 
+5.5859375000000000e-01 +7.3372641509433967e-01 
+5.6250000000000000e-01 +7.0663762595969282e-01 
+5.6054687500000000e-01 +6.8578720092773438e-01 
+5.5859375000000000e-01 +7.1094124880038378e-01 
+5.5664062500000000e-01 +6.9015121459960938e-01 
+5.5078125000000000e-01 +7.4209905660377351e-01 
+5.5468750000000000e-01 +7.1521488123800381e-01 
+5.5273437500000000e-01 +6.9448471069335938e-01 
+5.5078125000000000e-01 +7.1945852327255277e-01 
+5.4882812500000000e-01 +6.9878768920898438e-01 
+5.4296875000000000e-01 +7.5035377358490574e-01 
+5.4687500000000000e-01 +7.2367217490403069e-01 
+5.4492187500000000e-01 +7.0306015014648438e-01 
+5.4296875000000000e-01 +7.2785583613243754e-01 
+5.4101562500000000e-01 +7.0730209350585938e-01 
+5.3515625000000000e-01 +7.5849056603773579e-01 
+5.3906250000000000e-01 +7.3200950695777345e-01 
+5.3710937500000000e-01 +7.1151351928710938e-01 
+5.3515625000000000e-01 +7.3613318738003830e-01 
+5.3320312500000000e-01 +7.1569442749023438e-01 
+5.2734375000000000e-01 +7.6650943396226412e-01 
+5.3125000000000000e-01 +7.4022687739923232e-01 
+5.2929687500000000e-01 +7.1984481811523438e-01 
+5.2734375000000000e-01 +7.4429057701535506e-01 
+5.2539062500000000e-01 +7.2396469116210938e-01 
+5.1953125000000000e-01 +7.7441037735849050e-01 
+5.2343750000000000e-01 +7.4832428622840697e-01 
+5.2148437500000000e-01 +7.2805404663085938e-01 
+5.1953125000000000e-01 +7.5232800503838770e-01 
+5.1757812500000000e-01 +7.3211288452148438e-01 
+5.1171875000000000e-01 +7.8219339622641504e-01 
+5.1562500000000000e-01 +7.5630173344529761e-01 
+5.1367187500000000e-01 +7.3614120483398438e-01 
+5.1171875000000000e-01 +7.6024547144913623e-01 
+5.0976562500000000e-01 +7.4013900756835938e-01 
+5.0390625000000000e-01 +7.8985849056603774e-01 
+5.0781250000000000e-01 +7.6415921904990403e-01 
+5.0585937500000000e-01 +7.4410629272460938e-01 
+5.0390625000000000e-01 +7.6804297624760076e-01 
+5.0195312500000000e-01 +7.4804306030273438e-01 
+1.7187500000000000e-01 +1.0066185141509434e+00 
+3.2812500000000000e-01 +9.3114681603773586e-01 
+4.6875000000000000e-02 +1.0330336084905660e+00 
+7.8125000000000000e-02 +1.0292600235849056e+00 
+4.2187500000000000e-01 +8.6322228773584908e-01 
+2.0312500000000000e-01 +9.9529775943396226e-01 
+2.3437500000000000e-01 +9.8209021226415094e-01 
+2.6562500000000000e-01 +9.6699587264150944e-01 
+2.9687500000000000e-01 +9.5001474056603774e-01 
+4.5312500000000000e-01 +8.3680719339622645e-01 
+1.5625000000000000e-02 +1.0349204009433963e+00 
+3.5937500000000000e-01 +9.1039209905660379e-01 
+3.9062500000000000e-01 +8.8775058962264142e-01 
+1.0937500000000000e-01 +1.0235996462264150e+00 
+1.4062500000000000e-01 +1.0160524764150942e+00 
+4.8437500000000000e-01 +8.0850530660377351e-01 
+2.5000000000000000e-01 +9.7477889150943398e-01 
+4.3750000000000000e-01 +8.5025058962264144e-01 
+6.2500000000000000e-02 +1.0313826650943396e+00 
+3.1250000000000000e-01 +9.4081662735849059e-01 
+1.8750000000000000e-01 +1.0011939858490566e+00 
+4.9609375000000000e-01 +7.9740566037735849e-01 
+1.6015625000000000e-01 +1.0103773584905660e+00 
+1.5234375000000000e-01 +1.0127358490566039e+00 
+3.4765625000000000e-01 +9.1839622641509433e-01 
+3.3984375000000000e-01 +9.2358490566037732e-01 
+3.5156250000000000e-02 +1.0339622641509434e+00 
+2.7343750000000000e-02 +1.0344339622641510e+00 
+9.7656250000000000e-02 +1.0259433962264151e+00 
+8.9843750000000000e-02 +1.0273584905660378e+00 
+4.1015625000000000e-01 +8.7264150943396224e-01 
+4.0234375000000000e-01 +8.7877358490566038e-01 
+2.2265625000000000e-01 +9.8726415094339626e-01 
+2.1484375000000000e-01 +9.9056603773584906e-01 
+2.8515625000000000e-01 +9.5660377358490556e-01 
+2.7734375000000000e-01 +9.6084905660377362e-01 
+4.7265625000000000e-01 +8.1933962264150939e-01 
+4.6484375000000000e-01 +8.2641509433962257e-01 
+3.9062500000000000e-03 +1.0351415094339622e+00 
+3.7890625000000000e-01 +8.9646226415094343e-01 
+3.7109375000000000e-01 +9.0212264150943400e-01 
+1.2890625000000000e-01 +1.0191037735849058e+00 
+1.2109375000000000e-01 +1.0209905660377359e+00 
+4.8828125000000000e-01 +8.0483490566037730e-01 
+1.9921875000000000e-01 +9.9681603773584904e-01 
+1.9140625000000000e-01 +9.9976415094339621e-01 
+1.8359375000000000e-01 +1.0025943396226416e+00 
+1.7578125000000000e-01 +1.0053066037735849e+00 
+3.2421875000000000e-01 +9.3360849056603767e-01 
+3.1640625000000000e-01 +9.3844339622641515e-01 
+3.0859375000000000e-01 +9.4316037735849056e-01 
+3.0078125000000000e-01 +9.4775943396226414e-01 
+7.4218750000000000e-02 +1.0298349056603775e+00 
+6.6406250000000000e-02 +1.0308962264150943e+00 
+5.8593750000000000e-02 +1.0318396226415094e+00 
+5.0781250000000000e-02 +1.0326650943396225e+00 
+4.4921875000000000e-01 +8.4021226415094341e-01 
+4.4140625000000000e-01 +8.4693396226415085e-01 
+4.3359375000000000e-01 +8.5353773584905657e-01 
+4.2578125000000000e-01 +8.6002358490566033e-01 
+2.6171875000000000e-01 +9.6898584905660379e-01 
+2.5390625000000000e-01 +9.7287735849056600e-01 
+2.4609375000000000e-01 +9.7665094339622638e-01 
+2.3828125000000000e-01 +9.8030660377358481e-01 
+4.8046875000000000e-01 +8.1214622641509437e-01 
+1.4453125000000000e-01 +1.0149764150943397e+00 
+1.3671875000000000e-01 +1.0170990566037736e+00 
+1.1328125000000000e-01 +1.0227594339622641e+00 
+1.0546875000000000e-01 +1.0244103773584907e+00 
+3.9453125000000000e-01 +8.8478773584905657e-01 
+3.8671875000000000e-01 +8.9068396226415103e-01 
+3.6328125000000000e-01 +9.0766509433962261e-01 
+3.5546875000000000e-01 +9.1308962264150939e-01 
+1.9531250000000000e-02 +1.0347877358490567e+00 
+1.1718750000000000e-02 +1.0350235849056604e+00 
+4.5703125000000000e-01 +8.3337264150943402e-01 
+2.9296875000000000e-01 +9.5224056603773588e-01 
+2.6953125000000000e-01 +9.6497641509433962e-01 
+2.3046875000000000e-01 +9.8384433962264151e-01 
+2.0703125000000000e-01 +9.9374999999999991e-01 
+4.1796875000000000e-01 +8.6639150943396226e-01 
+8.2031250000000000e-02 +1.0286556603773584e+00 
+4.2968750000000000e-02 +1.0333726415094340e+00 
+3.3203125000000000e-01 +9.2865566037735847e-01 
+1.6796875000000000e-01 +1.0079009433962265e+00 
+5.0000000000000000e-01 +7.7189674304222655e-01 
+4.9804687500000000e-01 +7.5194931030273438e-01 
+1.7382812500000000e-01 +9.6978378295898438e-01 
+1.7187500000000000e-01 +9.8854741482725528e-01 
+1.6992187500000000e-01 +9.7112655639648438e-01 
+3.3007812500000000e-01 +8.9104843139648438e-01 
+3.2812500000000000e-01 +9.1177198296545103e-01 
+3.2617187500000000e-01 +8.9361190795898438e-01 
+4.8828125000000000e-02 +9.9761581420898438e-01 
+4.6875000000000000e-02 +1.0154188159788868e+00 
+4.4921875000000000e-02 +9.9798202514648438e-01 
+8.0078125000000000e-02 +9.9358749389648438e-01 
+7.8125000000000000e-02 +1.0115800443857965e+00 
+7.6171875000000000e-02 +9.9419784545898438e-01 
+4.2382812500000000e-01 +8.2036972045898438e-01 
+4.2187500000000000e-01 +8.4267409428982720e-01 
+4.1992187500000000e-01 +8.2366561889648438e-01 
+2.0507812500000000e-01 +9.5794296264648438e-01 
+2.0312500000000000e-01 +9.7703110004798466e-01 
+2.0117187500000000e-01 +9.5952987670898438e-01 
+2.3632812500000000e-01 +9.4414901733398438e-01 
+2.3437500000000000e-01 +9.6359539947216888e-01 
+2.3242187500000000e-01 +9.4598007202148438e-01 
+2.6757812500000000e-01 +9.2840194702148438e-01 
+2.6562500000000000e-01 +9.4824031309980805e-01 
+2.6367187500000000e-01 +9.3047714233398438e-01 
+2.9882812500000000e-01 +9.1070175170898438e-01 
+2.9687500000000000e-01 +9.3096584093090207e-01 
+2.9492187500000000e-01 +9.1302108764648438e-01 
+4.5507812500000000e-01 +7.9290390014648438e-01 
+4.5312500000000000e-01 +8.1580269313819587e-01 
+4.5117187500000000e-01 +7.9644393920898438e-01 
+1.7578125000000000e-02 +9.9969100952148438e-01 
+1.5625000000000000e-02 +1.0173382017754318e+00 
+1.3671875000000000e-02 +9.9981307983398438e-01 
+3.6132812500000000e-01 +8.6944198608398438e-01 
+3.5937500000000000e-01 +8.9065873920345484e-01 
+3.5742187500000000e-01 +8.7224960327148438e-01 
+3.9257812500000000e-01 +8.4588241577148438e-01 
+3.9062500000000000e-01 +8.6762610964491360e-01 
+3.8867187500000000e-01 +8.4893417358398438e-01 
+1.1132812500000000e-01 +9.8760604858398438e-01 
+1.0937500000000000e-01 +1.0058218869961613e+00 
+1.0742187500000000e-01 +9.8846054077148438e-01 
+1.4257812500000000e-01 +9.7967147827148438e-01 
+1.4062500000000000e-01 +9.9814434380998085e-01 
+1.3867187500000000e-01 +9.8077011108398438e-01 
+4.8632812500000000e-01 +7.6348495483398438e-01 
+4.8437500000000000e-01 +7.8701190619001915e-01 
+4.8242187500000000e-01 +7.6726913452148438e-01 
+2.5195312500000000e-01 +9.3651962280273438e-01 
+2.5000000000000000e-01 +9.5615777951055658e-01 
+2.4804687500000000e-01 +9.3847274780273438e-01 
+4.3945312500000000e-01 +8.0688095092773438e-01 
+4.3750000000000000e-01 +8.2947831693857965e-01 
+4.3554687500000000e-01 +8.1029891967773438e-01 
+6.4453125000000000e-02 +9.9584579467773438e-01 
+6.2500000000000000e-02 +1.0137393534069097e+00 
+6.0546875000000000e-02 +9.9633407592773438e-01 
+3.1445312500000000e-01 +9.0111923217773438e-01 
+3.1250000000000000e-01 +9.2160883517274483e-01 
+3.1054687500000000e-01 +9.0356063842773438e-01 
+1.8945312500000000e-01 +9.6410751342773438e-01 
+1.8750000000000000e-01 +9.8302918066218814e-01 
+1.8554687500000000e-01 +9.6557235717773438e-01 
+4.9609375000000000e-01 +7.7572051943378117e-01 
+4.9414062500000000e-01 +7.5582504272460938e-01 
+1.6210937500000000e-01 +9.7372055053710938e-01 
+1.6015625000000000e-01 +9.9237119121881001e-01 
+1.5820312500000000e-01 +9.7497177124023438e-01 
+1.5429687500000000e-01 +9.7619247436523438e-01 
+1.5234375000000000e-01 +9.9477042346449140e-01 
+1.5039062500000000e-01 +9.7738265991210938e-01 
+3.4960937500000000e-01 +8.7777328491210938e-01 
+3.4765625000000000e-01 +8.9880113363723613e-01 
+3.4570312500000000e-01 +8.8048934936523438e-01 
+3.4179687500000000e-01 +8.8317489624023438e-01 
+3.3984375000000000e-01 +9.0407944457773515e-01 
+3.3789062500000000e-01 +8.8582992553710938e-01 
+3.7109375000000000e-02 +9.9862289428710938e-01 
+3.5156250000000000e-02 +1.0163635136756237e+00 
+3.3203125000000000e-02 +9.9889755249023438e-01 
+2.9296875000000000e-02 +9.9914169311523438e-01 
+2.7343750000000000e-02 +1.0168433601247602e+00 
+2.5390625000000000e-02 +9.9935531616210938e-01 
+9.9609375000000000e-02 +9.9007797241210938e-01 
+9.7656250000000000e-02 +1.0082061240403071e+00 
+9.5703125000000000e-02 +9.9084091186523438e-01 
+9.1796875000000000e-02 +9.9157333374023438e-01 
+8.9843750000000000e-02 +1.0096456633877160e+00 
+8.7890625000000000e-02 +9.9227523803710938e-01 
+4.1210937500000000e-01 +8.3016586303710938e-01 
+4.1015625000000000e-01 +8.5225602807101730e-01 
+4.0820312500000000e-01 +8.3337020874023438e-01 
+4.0429687500000000e-01 +8.3654403686523438e-01 
+4.0234375000000000e-01 +8.5849403190978879e-01 
+4.0039062500000000e-01 +8.3968734741210938e-01 
+2.2460937500000000e-01 +9.4955062866210938e-01 
+2.2265625000000000e-01 +9.6885871521113243e-01 
+2.2070312500000000e-01 +9.5129013061523438e-01 
+2.1679687500000000e-01 +9.5299911499023438e-01 
+2.1484375000000000e-01 +9.7221764035508640e-01 
+2.1289062500000000e-01 +9.5467758178710938e-01 
+2.8710937500000000e-01 +9.1756820678710938e-01 
+2.8515625000000000e-01 +9.3766869601727454e-01 
+2.8320312500000000e-01 +9.1979598999023438e-01 
+2.7929687500000000e-01 +9.2199325561523438e-01 
+2.7734375000000000e-01 +9.4198731405950098e-01 
+2.7539062500000000e-01 +9.2416000366210938e-01 
+4.7460937500000000e-01 +7.7474594116210938e-01 
+4.7265625000000000e-01 +7.9803337931861806e-01 
+4.7070312500000000e-01 +7.7843856811523438e-01 
+4.6679687500000000e-01 +7.8210067749023438e-01 
+4.6484375000000000e-01 +8.0523107605566213e-01 
+4.6289062500000000e-01 +7.8573226928710938e-01 
+5.8593750000000000e-03 +9.9996566772460938e-01 
+3.9062500000000000e-03 +1.0175631297984644e+00 
+1.9531250000000000e-03 +9.9999618530273438e-01 
+3.8085937500000000e-01 +8.5494613647460938e-01 
+3.7890625000000000e-01 +8.7648827375239924e-01 
+3.7695312500000000e-01 +8.5790634155273438e-01 
+3.7304687500000000e-01 +8.6083602905273438e-01 
+3.7109375000000000e-01 +8.8224643114203460e-01 
+3.6914062500000000e-01 +8.6373519897460938e-01 
+1.3085937500000000e-01 +9.8287582397460938e-01 
+1.2890625000000000e-01 +1.0012483505278311e+00 
+1.2695312500000000e-01 +9.8388290405273438e-01 
+1.2304687500000000e-01 +9.8485946655273438e-01 
+1.2109375000000000e-01 +1.0031677363243763e+00 
+1.1914062500000000e-01 +9.8580551147460938e-01 
+4.9023437500000000e-01 +7.5967025756835938e-01 
+4.8828125000000000e-01 +7.8327810100767759e-01 
+1.9921875000000000e-01 +9.7857560580614200e-01 
+1.9726562500000000e-01 +9.6108627319335938e-01 
+1.9335937500000000e-01 +9.6261215209960938e-01 
+1.9140625000000000e-01 +9.8157464611324374e-01 
+1.8359375000000000e-01 +9.8445372480806148e-01 
+1.8164062500000000e-01 +9.6700668334960938e-01 
+1.7773437500000000e-01 +9.6841049194335938e-01 
+1.7578125000000000e-01 +9.8721284189059511e-01 
+3.2421875000000000e-01 +9.1427618162188096e-01 
+3.2226562500000000e-01 +8.9614486694335938e-01 
+3.1835937500000000e-01 +8.9864730834960938e-01 
+3.1640625000000000e-01 +9.1919460772552786e-01 
+3.0859375000000000e-01 +9.2399307221689064e-01 
+3.0664062500000000e-01 +9.0597152709960938e-01 
+3.0273437500000000e-01 +9.0835189819335938e-01 
+3.0078125000000000e-01 +9.2867157509596920e-01 
+7.4218750000000000e-02 +1.0121648572456814e+00 
+7.2265625000000000e-02 +9.9477767944335938e-01 
+6.8359375000000000e-02 +9.9532699584960938e-01 
+6.6406250000000000e-02 +1.0132445117562381e+00 
+5.8593750000000000e-02 +1.0142042046545106e+00 
+5.6640625000000000e-02 +9.9679183959960938e-01 
+5.2734375000000000e-02 +9.9721908569335938e-01 
+5.0781250000000000e-02 +1.0150439359404990e+00 
+4.4921875000000000e-01 +8.1926658469289837e-01 
+4.4726562500000000e-01 +7.9995346069335938e-01 
+4.4335937500000000e-01 +8.0343246459960938e-01 
+4.4140625000000000e-01 +8.2610439659309021e-01 
+4.3359375000000000e-01 +8.3282224688099815e-01 
+4.3164062500000000e-01 +8.1368637084960938e-01 
+4.2773437500000000e-01 +8.1704330444335938e-01 
+4.2578125000000000e-01 +8.3942013555662187e-01 
+2.6171875000000000e-01 +9.5026466530710174e-01 
+2.5976562500000000e-01 +9.3252182006835938e-01 
+2.5585937500000000e-01 +9.3453598022460938e-01 
+2.5390625000000000e-01 +9.5422339851247595e-01 
+2.4609375000000000e-01 +9.5806217010556627e-01 
+2.4414062500000000e-01 +9.4039535522460938e-01 
+2.4023437500000000e-01 +9.4228744506835938e-01 
+2.3828125000000000e-01 +9.6178098008637236e-01 
+4.8046875000000000e-01 +7.9071572096928977e-01 
+4.7851562500000000e-01 +7.7102279663085938e-01 
+1.4648437500000000e-01 +9.7854232788085938e-01 
+1.4453125000000000e-01 +9.9704969409788868e-01 
+1.3671875000000000e-01 +9.9920900311900196e-01 
+1.3476562500000000e-01 +9.8183822631835938e-01 
+1.1523437500000000e-01 +9.8672103881835938e-01 
+1.1328125000000000e-01 +1.0049671605086372e+00 
+1.0546875000000000e-01 +1.0066466230806141e+00 
+1.0351562500000000e-01 +9.8928451538085938e-01 
+3.9648437500000000e-01 +8.4280014038085938e-01 
+3.9453125000000000e-01 +8.6461207413627639e-01 
+3.8671875000000000e-01 +8.7061015475047987e-01 
+3.8476562500000000e-01 +8.5195541381835938e-01 
+3.6523437500000000e-01 +8.6660385131835938e-01 
+3.6328125000000000e-01 +8.8788462691938586e-01 
+3.5546875000000000e-01 +8.9340286108445299e-01 
+3.5351562500000000e-01 +8.7502670288085938e-01 
+2.1484375000000000e-02 +9.9953842163085938e-01 
+1.9531250000000000e-02 +1.0172032449616122e+00 
+1.1718750000000000e-02 +1.0174431681861804e+00 
+9.7656250000000000e-03 +9.9990463256835938e-01 
+4.5898437500000000e-01 +7.8933334350585938e-01 
+4.5703125000000000e-01 +8.1230881118042231e-01 
+2.9296875000000000e-01 +9.3323011636276387e-01 
+2.9101562500000000e-01 +9.1530990600585938e-01 
+2.7148437500000000e-01 +9.2629623413085938e-01 
+2.6953125000000000e-01 +9.4618597048944331e-01 
+2.3046875000000000e-01 +9.6537982845489434e-01 
+2.2851562500000000e-01 +9.4778060913085938e-01 
+2.0898437500000000e-01 +9.5632553100585938e-01 
+2.0703125000000000e-01 +9.7545660388675626e-01 
+4.1796875000000000e-01 +8.4589806261996159e-01 
+4.1601562500000000e-01 +8.2693099975585938e-01 
+8.3984375000000000e-02 +9.9294662475585938e-01 
+8.2031250000000000e-02 +1.0109652411228407e+00 
+4.2968750000000000e-02 +1.0157637056142035e+00 
+4.1015625000000000e-02 +9.9831771850585938e-01 
+3.3398437500000000e-01 +8.8845443725585938e-01 
+3.3203125000000000e-01 +9.0923779390595005e-01 
+1.6796875000000000e-01 +9.8985199736084450e-01 
+1.6601562500000000e-01 +9.7243881225585938e-01 
+9.9804687500000000e-01 +3.8687619961612185e-02 
+9.9414062500000000e-01 +4.6335172744721639e-02 
+9.9023437500000000e-01 +5.3952735124760037e-02 
+9.8632812500000000e-01 +6.1540307101727393e-02 
+9.8242187500000000e-01 +6.9097888675623692e-02 
+9.7851562500000000e-01 +7.6625479846449074e-02 
+9.7460937500000000e-01 +8.4123080614203385e-02 
+9.7070312500000000e-01 +9.1590690978886655e-02 
+9.6679687500000000e-01 +9.9028310940499117e-02 
+9.6289062500000000e-01 +1.0643594049904040e-01 
+9.5898437500000000e-01 +1.1381357965451064e-01 
+9.5507812500000000e-01 +1.2116122840690983e-01 
+9.5117187500000000e-01 +1.2847888675623809e-01 
+9.4726562500000000e-01 +1.3576655470249530e-01 
+9.4335937500000000e-01 +1.4302423224568145e-01 
+9.3945312500000000e-01 +1.5025191938579657e-01 
+9.3554687500000000e-01 +1.5744961612284075e-01 
+9.3164062500000000e-01 +1.6461732245681387e-01 
+9.2773437500000000e-01 +1.7175503838771594e-01 
+9.2382812500000000e-01 +1.7886276391554709e-01 
+9.1992187500000000e-01 +1.8594049904030707e-01 
+9.1601562500000000e-01 +1.9298824376199611e-01 
+9.1210937500000000e-01 +2.0000599808061423e-01 
+9.0820312500000000e-01 +2.0699376199616118e-01 
+9.0429687500000000e-01 +2.1395153550863719e-01 
+9.0039062500000000e-01 +2.2087931861804216e-01 
+8.9648437500000000e-01 +2.2777711132437617e-01 
+8.9257812500000000e-01 +2.3464491362763906e-01 
+8.8867187500000000e-01 +2.4148272552783098e-01 
+8.8476562500000000e-01 +2.4829054702495199e-01 
+8.8085937500000000e-01 +2.5506837811900179e-01 
+8.7695312500000000e-01 +2.6181621880998074e-01 
+8.7304687500000000e-01 +2.6853406909788857e-01 
+8.6914062500000000e-01 +2.7522192898272557e-01 
+8.6523437500000000e-01 +2.8187979846449146e-01 
+8.6132812500000000e-01 +2.8850767754318629e-01 
+8.5742187500000000e-01 +2.9510556621881007e-01 
+8.5351562500000000e-01 +3.0167346449136279e-01 
+8.4960937500000000e-01 +3.0821137236084456e-01 
+8.4570312500000000e-01 +3.1471928982725528e-01 
+8.4179687500000000e-01 +3.2119721689059499e-01 
+8.3789062500000000e-01 +3.2764515355086377e-01 
+8.3398437500000000e-01 +3.3406309980806143e-01 
+8.3007812500000000e-01 +3.4045105566218808e-01 
+8.2617187500000000e-01 +3.4680902111324374e-01 
+8.2226562500000000e-01 +3.5313699616122840e-01 
+8.1835937500000000e-01 +3.5943498080614200e-01 
+8.1445312500000000e-01 +3.6570297504798460e-01 
+8.1054687500000000e-01 +3.7194097888675626e-01 
+8.0664062500000000e-01 +3.7814899232245680e-01 
+8.0273437500000000e-01 +3.8432701535508640e-01 
+7.9882812500000000e-01 +3.9047504798464489e-01 
+7.9492187500000000e-01 +3.9659309021113243e-01 
+7.9101562500000000e-01 +4.0268114203454897e-01 
+7.8710937500000000e-01 +4.0873920345489440e-01 
+7.8320312500000000e-01 +4.1476727447216882e-01 
+7.7929687500000000e-01 +4.2076535508637231e-01 
+7.7539062500000000e-01 +4.2673344529750473e-01 
+7.7148437500000000e-01 +4.3267154510556632e-01 
+7.6757812500000000e-01 +4.3857965451055669e-01 
+7.6367187500000000e-01 +4.4445777351247606e-01 
+7.5976562500000000e-01 +4.5030590211132443e-01 
+7.5585937500000000e-01 +4.5612404030710185e-01 
+7.5195312500000000e-01 +4.6191218809980811e-01 
+7.4804687500000000e-01 +4.6767034548944342e-01 
+7.4414062500000000e-01 +4.7339851247600767e-01 
+7.4023437500000000e-01 +4.7909668905950098e-01 
+7.3632812500000000e-01 +4.8476487523992329e-01 
+7.3242187500000000e-01 +4.9040307101727454e-01 
+7.2851562500000000e-01 +4.9601127639155473e-01 
+7.2460937500000000e-01 +5.0158949136276387e-01 
+7.2070312500000000e-01 +5.0713771593090207e-01 
+7.1679687500000000e-01 +5.1265595009596920e-01 
+7.1289062500000000e-01 +5.1814419385796540e-01 
+7.0898437500000000e-01 +5.2360244721689064e-01 
+7.0507812500000000e-01 +5.2903071017274472e-01 
+7.0117187500000000e-01 +5.3442898272552786e-01 
+6.9726562500000000e-01 +5.3979726487523982e-01 
+6.9335937500000000e-01 +5.4513555662188096e-01 
+6.8945312500000000e-01 +5.5044385796545092e-01 
+6.8554687500000000e-01 +5.5572216890595005e-01 
+6.8164062500000000e-01 +5.6097048944337813e-01 
+6.7773437500000000e-01 +5.6618881957773515e-01 
+6.7382812500000000e-01 +5.7137715930902111e-01 
+6.6992187500000000e-01 +5.7653550863723613e-01 
+6.6601562500000000e-01 +5.8166386756238009e-01 
+6.6210937500000000e-01 +5.8676223608445299e-01 
+6.5820312500000000e-01 +5.9183061420345495e-01 
+6.5429687500000000e-01 +5.9686900191938586e-01 
+6.5039062500000000e-01 +6.0187739923224581e-01 
+6.4648437500000000e-01 +6.0685580614203460e-01 
+6.4257812500000000e-01 +6.1180422264875245e-01 
+6.3867187500000000e-01 +6.1672264875239924e-01 
+6.3476562500000000e-01 +6.2161108445297508e-01 
+6.3085937500000000e-01 +6.2646952975047987e-01 
+6.2695312500000000e-01 +6.3129798464491360e-01 
+6.2304687500000000e-01 +6.3609644913627639e-01 
+6.1914062500000000e-01 +6.4086492322456812e-01 
+6.1523437500000000e-01 +6.4560340690978879e-01 
+6.1132812500000000e-01 +6.5031190019193852e-01 
+6.0742187500000000e-01 +6.5499040307101719e-01 
+6.0351562500000000e-01 +6.5963891554702503e-01 
+5.9960937500000000e-01 +6.6425743761996148e-01 
+5.9570312500000000e-01 +6.6884596928982720e-01 
+5.9179687500000000e-01 +6.7340451055662176e-01 
+5.8789062500000000e-01 +6.7793306142034537e-01 
+5.8398437500000000e-01 +6.8243162188099804e-01 
+5.8007812500000000e-01 +6.8690019193857965e-01 
+5.7617187500000000e-01 +6.9133877159309021e-01 
+5.7226562500000000e-01 +6.9574736084452982e-01 
+5.6835937500000000e-01 +7.0012595969289837e-01 
+5.6445312500000000e-01 +7.0447456813819576e-01 
+5.6054687500000000e-01 +7.0879318618042242e-01 
+5.5664062500000000e-01 +7.1308181381957780e-01 
+5.5273437500000000e-01 +7.1734045105566213e-01 
+5.4882812500000000e-01 +7.2156909788867574e-01 
+5.4492187500000000e-01 +7.2576775431861806e-01 
+5.4101562500000000e-01 +7.2993642034548945e-01 
+5.3710937500000000e-01 +7.3407509596928977e-01 
+5.3320312500000000e-01 +7.3818378119001915e-01 
+5.2929687500000000e-01 +7.4226247600767759e-01 
+5.2539062500000000e-01 +7.4631118042226496e-01 
+5.2148437500000000e-01 +7.5032989443378106e-01 
+5.1757812500000000e-01 +7.5431861804222644e-01 
+5.1367187500000000e-01 +7.5827735124760087e-01 
+5.0976562500000000e-01 +7.6220609404990403e-01 
+5.0585937500000000e-01 +7.6610484644913635e-01 
+5.0195312500000000e-01 +7.6997360844529750e-01 
+1.6406250000000000e-01 +9.9112658949136279e-01 
+1.6210937500000000e-01 +9.9175263915547018e-01 
+1.6601562500000000e-01 +9.9049304222648760e-01 
+1.5820312500000000e-01 +9.9298224568138194e-01 
+1.6992187500000000e-01 +9.8920345489443384e-01 
+1.5625000000000000e-01 +9.9358580254318618e-01 
+1.5429687500000000e-01 +9.9418186180422263e-01 
+1.7382812500000000e-01 +9.8788387715930903e-01 
+1.5039062500000000e-01 +9.9535148752399227e-01 
+1.7773437500000000e-01 +9.8653430902111316e-01 
+1.4843750000000000e-01 +9.9592505398272546e-01 
+1.7968750000000000e-01 +9.8584827855086377e-01 
+1.4648437500000000e-01 +9.9649112284069097e-01 
+1.8164062500000000e-01 +9.8515475047984646e-01 
+1.4257812500000000e-01 +9.9760076775431861e-01 
+1.8554687500000000e-01 +9.8374520153550860e-01 
+1.3867187500000000e-01 +9.9868042226487519e-01 
+1.8945312500000000e-01 +9.8230566218809978e-01 
+1.3476562500000000e-01 +9.9973008637236083e-01 
+1.9335937500000000e-01 +9.8083613243762002e-01 
+1.3281250000000000e-01 +1.0002436720249521e+00 
+1.9531250000000000e-01 +9.8009012116122840e-01 
+1.3085937500000000e-01 +1.0007497600767754e+00 
+1.9726562500000000e-01 +9.7933661228406910e-01 
+1.2695312500000000e-01 +1.0017394433781190e+00 
+2.0117187500000000e-01 +9.7780710172744723e-01 
+1.2500000000000000e-01 +1.0022230386276392e+00 
+1.2304687500000000e-01 +1.0026991362763915e+00 
+2.0507812500000000e-01 +9.7624760076775430e-01 
+1.1914062500000000e-01 +1.0036288387715930e+00 
+2.0898437500000000e-01 +9.7465810940499042e-01 
+1.1718750000000000e-01 +1.0040824436180422e+00 
+2.1093750000000000e-01 +9.7385211732245680e-01 
+1.1523437500000000e-01 +1.0045285508637236e+00 
+2.1289062500000000e-01 +9.7303862763915538e-01 
+1.1132812500000000e-01 +1.0053982725527832e+00 
+2.1679687500000000e-01 +9.7138915547024951e-01 
+2.1875000000000000e-01 +9.7055317298464494e-01 
+1.0742187500000000e-01 +1.0062380038387717e+00 
+2.2070312500000000e-01 +9.6970969289827258e-01 
+1.0351562500000000e-01 +1.0070477447216890e+00 
+2.2460937500000000e-01 +9.6800023992322459e-01 
+1.0156250000000000e-01 +1.0074413687619961e+00 
+2.2656250000000000e-01 +9.6713426703454886e-01 
+9.9609375000000000e-02 +1.0078274952015356e+00 
+2.2851562500000000e-01 +9.6626079654510555e-01 
+9.5703125000000000e-02 +1.0085772552783110e+00 
+2.3242187500000000e-01 +9.6449136276391556e-01 
+9.3750000000000000e-02 +1.0089408889155471e+00 
+9.1796875000000000e-02 +1.0092970249520155e+00 
+2.3632812500000000e-01 +9.6269193857965452e-01 
+8.7890625000000000e-02 +1.0099868042226487e+00 
+2.4023437500000000e-01 +9.6086252399232253e-01 
+8.5937500000000000e-02 +1.0103204474568139e+00 
+2.4218750000000000e-01 +9.5993657029750479e-01 
+8.3984375000000000e-02 +1.0106465930902111e+00 
+2.4414062500000000e-01 +9.5900311900191937e-01 
+8.0078125000000000e-02 +1.0112763915547025e+00 
+2.4804687500000000e-01 +9.5711372360844527e-01 
+7.6171875000000000e-02 +1.0118761996161227e+00 
+2.5195312500000000e-01 +9.5519433781190022e-01 
+7.2265625000000000e-02 +1.0124460172744723e+00 
+2.5585937500000000e-01 +9.5324496161228411e-01 
+7.0312500000000000e-02 +1.0127196797024953e+00 
+2.5781250000000000e-01 +9.5225902711132437e-01 
+6.8359375000000000e-02 +1.0129858445297506e+00 
+2.5976562500000000e-01 +9.5126559500959695e-01 
+6.4453125000000000e-02 +1.0134956813819578e+00 
+2.6367187500000000e-01 +9.4925623800383885e-01 
+6.0546875000000000e-02 +1.0139755278310940e+00 
+2.6757812500000000e-01 +9.4721689059500958e-01 
+5.6640625000000000e-02 +1.0144253838771593e+00 
+2.7148437500000000e-01 +9.4514755278310936e-01 
+5.4687500000000000e-02 +1.0146390654990403e+00 
+2.7343750000000000e-01 +9.4410163747600762e-01 
+5.2734375000000000e-02 +1.0148452495201536e+00 
+2.7539062500000000e-01 +9.4304822456813808e-01 
+4.8828125000000000e-02 +1.0152351247600768e+00 
+2.7929687500000000e-01 +9.4091890595009597e-01 
+2.8125000000000000e-01 +9.3984300023992329e-01 
+4.4921875000000000e-02 +1.0155950095969291e+00 
+2.8320312500000000e-01 +9.3875959692898270e-01 
+4.1015625000000000e-02 +1.0159249040307101e+00 
+2.8710937500000000e-01 +9.3657029750479848e-01 
+3.9062500000000000e-02 +1.0160786048464492e+00 
+2.8906250000000000e-01 +9.3546440139155473e-01 
+3.7109375000000000e-02 +1.0162248080614205e+00 
+2.9101562500000000e-01 +9.3435100767754320e-01 
+3.3203125000000000e-02 +1.0164947216890594e+00 
+2.9492187500000000e-01 +9.3210172744721687e-01 
+3.1250000000000000e-02 +1.0166184321017275e+00 
+2.9296875000000000e-02 +1.0167346449136276e+00 
+2.9882812500000000e-01 +9.2982245681381959e-01 
+2.5390625000000000e-02 +1.0169445777351247e+00 
+3.0273437500000000e-01 +9.2751319577735125e-01 
+2.3437500000000000e-02 +1.0170382977447217e+00 
+3.0468750000000000e-01 +9.2634731885796551e-01 
+2.1484375000000000e-02 +1.0171245201535508e+00 
+3.0664062500000000e-01 +9.2517394433781186e-01 
+1.7578125000000000e-02 +1.0172744721689060e+00 
+3.1054687500000000e-01 +9.2280470249520152e-01 
+1.3671875000000000e-02 +1.0173944337811900e+00 
+3.1445312500000000e-01 +9.2040547024952013e-01 
+9.7656250000000000e-03 +1.0174844049904030e+00 
+3.1835937500000000e-01 +9.1797624760076768e-01 
+7.8125000000000000e-03 +1.0175181441938581e+00 
+3.2031250000000000e-01 +9.1675038987523993e-01 
+5.8593750000000000e-03 +1.0175443857965452e+00 
+3.2226562500000000e-01 +9.1551703454894429e-01 
+1.9531250000000000e-03 +1.0175743761996161e+00 
+3.2617187500000000e-01 +9.1302783109404995e-01 
+0.0000000000000000e+00 +1.0175781250000000e+00 
+3.3593750000000000e-01 +9.0667361444337813e-01 
+3.3789062500000000e-01 +9.0538027831094048e-01 
+3.3398437500000000e-01 +9.0795945297504799e-01 
+3.4179687500000000e-01 +9.0277111324376191e-01 
+3.3007812500000000e-01 +9.1050863723608444e-01 
+3.4375000000000000e-01 +9.0145528430902111e-01 
+4.1406250000000000e-01 +8.4909204054702492e-01 
+4.1210937500000000e-01 +8.5067778310940501e-01 
+4.1601562500000000e-01 +8.4749880038387715e-01 
+4.0820312500000000e-01 +8.5382677543186181e-01 
+4.1992187500000000e-01 +8.4428982725527835e-01 
+4.0625000000000000e-01 +8.5539002519193852e-01 
+4.0429687500000000e-01 +8.5694577735124755e-01 
+4.2382812500000000e-01 +8.4105086372360849e-01 
+4.0039062500000000e-01 +8.6003478886756235e-01 
+4.2773437500000000e-01 +8.3778190978886757e-01 
+3.9843750000000000e-01 +8.6156804822456812e-01 
+4.2968750000000000e-01 +8.3613618642034548e-01 
+3.9648437500000000e-01 +8.6309380998080620e-01 
+4.3164062500000000e-01 +8.3448296545105571e-01 
+3.9257812500000000e-01 +8.6612284069097889e-01 
+4.3554687500000000e-01 +8.3115403071017280e-01 
+3.8867187500000000e-01 +8.6912188099808063e-01 
+4.3945312500000000e-01 +8.2779510556621883e-01 
+3.8476562500000000e-01 +8.7209093090211132e-01 
+4.4335937500000000e-01 +8.2440619001919391e-01 
+3.8281250000000000e-01 +8.7356420945297508e-01 
+4.4531250000000000e-01 +8.2270048584452971e-01 
+3.8085937500000000e-01 +8.7502999040307106e-01 
+4.4726562500000000e-01 +8.2098728406909782e-01 
+3.7695312500000000e-01 +8.7793905950095974e-01 
+4.5117187500000000e-01 +8.1753838771593090e-01 
+3.7500000000000000e-01 +8.7938234764875234e-01 
+3.7304687500000000e-01 +8.8081813819577726e-01 
+4.5507812500000000e-01 +8.1405950095969293e-01 
+3.6914062500000000e-01 +8.8366722648752394e-01 
+4.5898437500000000e-01 +8.1055062380038378e-01 
+3.6718750000000000e-01 +8.8508052423224570e-01 
+4.6093750000000000e-01 +8.0878493881957769e-01 
+3.6523437500000000e-01 +8.8648632437619956e-01 
+4.6289062500000000e-01 +8.0701175623800381e-01 
+3.6132812500000000e-01 +8.8927543186180424e-01 
+4.6679687500000000e-01 +8.0344289827255277e-01 
+4.6875000000000000e-01 +8.0164722288867563e-01 
+3.5742187500000000e-01 +8.9203454894433776e-01 
+4.7070312500000000e-01 +7.9984404990403069e-01 
+3.5351562500000000e-01 +8.9476367562380033e-01 
+4.7460937500000000e-01 +7.9621521113243754e-01 
+3.5156250000000000e-01 +8.9611699256237998e-01 
+4.7656250000000000e-01 +7.9438954534548933e-01 
+3.4960937500000000e-01 +8.9746281190019195e-01 
+4.7851562500000000e-01 +7.9255638195777356e-01 
+3.4570312500000000e-01 +9.0013195777351251e-01 
+4.8242187500000000e-01 +7.8886756238003841e-01 
+4.9218750000000000e-01 +7.7951430542226496e-01 
+4.9414062500000000e-01 +7.7762116122840697e-01 
+4.9023437500000000e-01 +7.8139995201535517e-01 
+4.9804687500000000e-01 +7.7381238003838781e-01 
+4.8632812500000000e-01 +7.8514875239923221e-01 
