Dim = 2
+0.0000000000000000e+00 +8.4089641525371461e-01 
+1.0905077326652577e+00 +8.4089641525371461e-01 
+1.0000000000000000e+00 +8.4089641525371461e-01 
+1.0000000000000000e+00 +8.4089641525371461e-01 
+8.4089641525371461e-01 +7.0710678118654746e-01 
+8.4089641525371461e-01 +7.0710678118654746e-01 
+9.1700404320467122e-01 +0.0000000000000000e+00 
+7.0710678118654746e-01 +7.4767439061061025e-01 
+7.0710678118654746e-01 +7.4767439061061025e-01 
+1.0282855942978897e+00 +7.0710678118654746e-01 
+1.0282855942978897e+00 +7.0710678118654746e-01 
+9.3060485910209956e-01 +7.4767439061061025e-01 
+8.6468167010213093e-01 +5.0000000000000000e-01 
+7.7110541270397048e-01 +5.9460355750136051e-01 
+5.9460355750136051e-01 +7.9056941504209477e-01 
+5.9460355750136051e-01 +7.9056941504209477e-01 
+6.4841977732550482e-01 +7.2823765756098513e-01 
+5.0000000000000000e-01 +8.1509760967378353e-01 
+5.0000000000000000e-01 +8.1509760967378353e-01 
+9.7437901304265118e-01 +5.0000000000000000e-01 
+9.7437901304265118e-01 +5.0000000000000000e-01 
+8.6468167010213093e-01 +5.0000000000000000e-01 
+9.4294204754028299e-01 +5.9460355750136051e-01 
+9.4585700668274653e-01 +3.5355339059327373e-01 
+9.4585700668274653e-01 +3.5355339059327373e-01 
+8.8913970501946138e-01 +3.5355339059327373e-01 
+8.8913970501946138e-01 +3.5355339059327373e-01 
+5.4525386633262884e-01 +7.8658657091144712e-01 
+4.2044820762685731e-01 +8.2786835078602072e-01 
+4.2044820762685731e-01 +8.2786835078602072e-01 
+4.5850202160233561e-01 +8.1419445304078819e-01 
+3.5355339059327373e-01 +8.3435359354460492e-01 
+3.5355339059327373e-01 +8.3435359354460492e-01 
+9.2397956827360217e-01 +4.2044820762685731e-01 
+8.5336841842253874e-01 +4.2044820762685731e-01 
+9.3141023211528295e-01 +2.5000000000000000e-01 
+9.3141023211528295e-01 +2.5000000000000000e-01 
+9.0282756364312644e-01 +2.5000000000000000e-01 
+9.0282756364312644e-01 +2.5000000000000000e-01 
+3.8555270635198524e-01 +8.2765312436700667e-01 
+2.9730177875068026e-01 +8.3761820552249089e-01 
+2.9730177875068026e-01 +8.3761820552249089e-01 
+3.2420988866275241e-01 +8.3430104742263611e-01 
+2.5000000000000000e-01 +8.3925565905413446e-01 
+2.5000000000000000e-01 +8.3925565905413446e-01 
+9.1878294163871765e-01 +2.9730177875068026e-01 
+8.8689715915175149e-01 +2.9730177875068026e-01 
+9.2419170920436855e-01 +1.7677669529663687e-01 
+9.2419170920436855e-01 +1.7677669529663687e-01 
+9.0987271130967584e-01 +1.7677669529663687e-01 
+9.0987271130967584e-01 +1.7677669529663687e-01 
+2.7262693316631442e-01 +8.3760522291741213e-01 
+2.1022410381342865e-01 +8.4007563028083021e-01 
+2.1022410381342865e-01 +8.4007563028083021e-01 
+2.2925101080116780e-01 +8.3925243241979208e-01 
+9.1745103574029252e-01 +2.1022410381342865e-01 
+9.0232724276771570e-01 +2.1022410381342865e-01 
+9.2059252380193224e-01 +1.2500000000000000e-01 
+9.2059252380193224e-01 +1.2500000000000000e-01 
+9.1342957776973965e-01 +1.2500000000000000e-01 
+9.1342957776973965e-01 +1.2500000000000000e-01 
+8.1935181916601774e-01 +5.2868563172028205e-01 
+8.1935181916601774e-01 +5.2868563172028205e-01 
+7.2710771672447683e-01 +6.7133740357066252e-01 
+7.2710771672447683e-01 +6.7133740357066252e-01 
+9.1711593437847116e-01 +1.4865088937534013e-01 
+9.0975443080372342e-01 +1.4865088937534013e-01 
+9.1879674474316264e-01 +8.8388347648318433e-02 
+9.1879674474316264e-01 +8.8388347648318433e-02 
+9.1521484118347363e-01 +8.8388347648318433e-02 
+9.1521484118347363e-01 +8.8388347648318433e-02 
+8.7125918599329721e-01 +3.7383719530530513e-01 
+8.7125918599329721e-01 +3.7383719530530513e-01 
+7.9291658756862171e-01 +6.2871671484146774e-01 
+8.3586517942058713e-01 +4.7470723052898545e-01 
+8.3586517942058713e-01 +4.7470723052898545e-01 
+6.1142227249692593e-01 +7.5909256917770274e-01 
+6.1142227249692593e-01 +7.5909256917770274e-01 
+9.1703202495856373e-01 +1.0511205190671433e-01 
+9.1340081422266972e-01 +1.0511205190671433e-01 
+9.1789998330433253e-01 +6.2500000000000000e-02 
+9.1789998330433253e-01 +6.2500000000000000e-02 
+9.1610897771724431e-01 +6.2500000000000000e-02 
+9.1610897771724431e-01 +6.2500000000000000e-02 
+8.9484490029040897e-01 +2.6434281586014102e-01 
+8.9484490029040897e-01 +2.6434281586014102e-01 
+5.1414279714894484e-01 +8.0074739557575192e-01 
+5.1414279714894484e-01 +8.0074739557575192e-01 
+6.8899000756831408e-01 +6.9867059816781030e-01 
+6.8899000756831408e-01 +6.9867059816781030e-01 
+7.4767439061061025e-01 +6.3260988360881076e-01 
+7.6167509265862232e-01 +6.4750501602783783e-01 
+7.1248564632365241e-01 +7.0985287860841939e-01 
+8.5629610644748910e-01 +4.4456985250973069e-01 
+8.7902072248892749e-01 +3.3566870178533126e-01 
+8.7902072248892749e-01 +3.3566870178533126e-01 
+4.3234083505106546e-01 +8.2100652041646016e-01 
+4.3234083505106546e-01 +8.2100652041646016e-01 
+6.6676071608166199e-01 +7.3324302191712953e-01 
+5.7936922750982489e-01 +7.7267743056495608e-01 
+5.7936922750982489e-01 +7.7267743056495608e-01 
+7.9536776626213035e-01 +5.5901699437494745e-01 
+7.9536776626213035e-01 +5.5901699437494745e-01 
+7.4767439061061025e-01 +6.3260988360881076e-01 
+9.1701103920349236e-01 +7.4325444687670064e-02 
+9.1520774850162412e-01 +7.4325444687670064e-02 
+9.1745190728241144e-01 +4.4194173824159216e-02 
+9.1745190728241144e-01 +4.4194173824159216e-02 
+9.1655639776329645e-01 +4.4194173824159216e-02 
+9.1655639776329645e-01 +4.4194173824159216e-02 
+9.0609410130320356e-01 +1.8691859765265256e-01 
+9.0609410130320356e-01 +1.8691859765265256e-01 
+3.6355385836223841e-01 +8.3099702931831099e-01 
+3.6355385836223841e-01 +8.3099702931831099e-01 
+5.6067669598506931e-01 +7.8758795622455735e-01 
+4.8718950652132559e-01 +8.0743896915310776e-01 
+4.8718950652132559e-01 +8.0743896915310776e-01 
+8.1534470447665486e-01 +5.1494178597677942e-01 
+8.6229436414758631e-01 +3.9528470752104738e-01 
+8.6229436414758631e-01 +3.9528470752104738e-01 
+8.4453614138951472e-01 +4.4732273854542259e-01 
+8.4453614138951472e-01 +4.4732273854542259e-01 
+8.8746152379951515e-01 +3.1435835742073387e-01 
+8.9857607866730338e-01 +2.3735361526449272e-01 
+8.9857607866730338e-01 +2.3735361526449272e-01 
+3.0571113624846297e-01 +8.3595803264262447e-01 
+3.0571113624846297e-01 +8.3595803264262447e-01 
+4.7147102377014150e-01 +8.1442052399219578e-01 
+4.0967590958300887e-01 +8.2432267866686570e-01 
+4.0967590958300887e-01 +8.2432267866686570e-01 
+9.1700579223940326e-01 +5.2556025953357163e-02 
+9.1610721666177919e-01 +5.2556025953357163e-02 
+7.7697110672894687e-01 +6.0368410069160450e-01 
+8.0743760391436759e-01 +5.4296584641832568e-01 
+8.0523441371503546e-01 +5.3675950321387211e-01 
+7.8321952531637162e-01 +5.7636104712927794e-01 
+7.8588823803611296e-01 +5.8139524600287973e-01 
+9.1159038461268938e-01 +1.3217140793007051e-01 
+9.1159038461268938e-01 +1.3217140793007051e-01 
+2.5707139857447242e-01 +8.3843004123032638e-01 
+2.5707139857447242e-01 +8.3843004123032638e-01 
+7.1759444394224481e-01 +6.6478698711812356e-01 
+6.6882190345817971e-01 +7.1324129411309034e-01 
+6.6882190345817971e-01 +7.1324129411309034e-01 
+6.2871671484146774e-01 +7.4355157044069009e-01 
+6.2871671484146774e-01 +7.4355157044069009e-01 
+8.2558451704474567e-01 +4.9403471778012015e-01 
+8.2558451704474567e-01 +4.9403471778012015e-01 
+8.0523441371503546e-01 +5.3675950321387211e-01 
+3.9645829378431086e-01 +8.2770694671321010e-01 
+3.4449500378415704e-01 +8.3264734678454433e-01 
+3.4449500378415704e-01 +8.3264734678454433e-01 
+8.7061689946714316e-01 +3.6411882878049256e-01 
+8.9086454935425841e-01 +2.7950849718747373e-01 
+8.9086454935425841e-01 +2.7950849718747373e-01 
+8.8294748227751885e-01 +3.1630494180440538e-01 
+8.8294748227751885e-01 +3.1630494180440538e-01 
+9.0245250511713671e-01 +2.2228492625486534e-01 
+9.0792217654756380e-01 +1.6783435089266563e-01 
+9.0792217654756380e-01 +1.6783435089266563e-01 
+7.7697110672894687e-01 +6.0368410069160450e-01 
+7.5918446185974986e-01 +6.1343282483680250e-01 
+7.6249278423004085e-01 +6.1762032268350608e-01 
+7.3686216242817471e-01 +6.5195548421497507e-01 
+7.3263872625863291e-01 +6.4840246103099686e-01 
+6.0342259551701627e-01 +7.5797378563778173e-01 
+5.6240994106114928e-01 +7.7959625646020947e-01 
+5.6240994106114928e-01 +7.7959625646020947e-01 
+5.2868563172028205e-01 +7.9363964529616604e-01 
+5.2868563172028205e-01 +7.9363964529616604e-01 
+7.0847849939769136e-01 +6.8465319688145765e-01 
+7.0287603301017465e-01 +6.8158979478400594e-01 
+6.7664997427443119e-01 +7.1591766868772888e-01 
+3.3338035804083099e-01 +8.3431418488392184e-01 
+2.8968461375491245e-01 +8.3678121604463074e-01 
+2.8968461375491245e-01 +8.3678121604463074e-01 
+8.5410694873191584e-01 +4.2686912129353610e-01 
+8.6677488782389678e-01 +3.8393483195509159e-01 
+8.6644234396901054e-01 +3.7954628458885137e-01 
+8.5782338722312401e-01 +4.0754880483689176e-01 
+8.5817999672857481e-01 +4.1110852099825723e-01 
+9.1430740598697136e-01 +9.3459298826326281e-02 
+9.1430740598697136e-01 +9.3459298826326281e-02 
+5.0741589745335114e-01 +8.0050953801332603e-01 
+4.7292850334137326e-01 +8.1080919238151039e-01 
+4.7292850334137326e-01 +8.1080919238151039e-01 
+4.4456985250973069e-01 +8.1759385165848519e-01 
+4.4456985250973069e-01 +8.1759385165848519e-01 
+8.7481162797188128e-01 +3.4933529908390515e-01 
+8.7481162797188128e-01 +3.4933529908390515e-01 
+8.6644234396901054e-01 +3.7954628458885137e-01 
+2.8033834799253465e-01 +8.3760846862527671e-01 
+8.4611918113687079e-01 +4.5785518768558831e-01 
+8.2743772991171827e-01 +5.0194178410880452e-01 
+8.5410694873191584e-01 +4.2686912129353610e-01 
+8.3500567317705365e-01 +4.7007538663579918e-01 
+8.9471198606776592e-01 +2.5747089298838971e-01 
+9.0420896459750122e-01 +1.9764235376052369e-01 
+9.0420896459750122e-01 +1.9764235376052369e-01 
+9.0044943910333486e-01 +2.2366136927271130e-01 
+9.0044943910333486e-01 +2.2366136927271130e-01 
+9.0978401102306150e-01 +1.5717917871036693e-01 
+9.1249512151273682e-01 +1.1867680763224636e-01 
+9.1249512151273682e-01 +1.1867680763224636e-01 
+8.5782338722312401e-01 +4.0754880483689176e-01 
+8.4893666575249249e-01 +4.3376251024452267e-01 
+8.4893666575249249e-01 +4.3376251024452267e-01 
+6.5335221840408264e-01 +7.2949867987214345e-01 
+6.3839549249418404e-01 +7.3586096366695386e-01 
+6.4117744891586548e-01 +7.3647290678505661e-01 
+6.1962475092195246e-01 +7.5129870616212890e-01 
+6.1607327858693184e-01 +7.5072233542251310e-01 
+4.2668420921126937e-01 +8.2095136933829893e-01 
+3.9768388313106517e-01 +8.2598616801717195e-01 
+3.9768388313106517e-01 +8.2598616801717195e-01 
+3.7383719530530513e-01 +8.2932344508862876e-01 
+3.7383719530530513e-01 +8.2932344508862876e-01 
+6.1607327858693184e-01 +7.5072233542251310e-01 
+5.9104593652600745e-01 +7.6529538443481315e-01 
+5.9104593652600745e-01 +7.6529538443481315e-01 
+8.1635945411036215e-01 +5.1848111305531863e-01 
+8.3072440769432776e-01 +4.8412291827592713e-01 
+8.3027645639954950e-01 +4.8195676587931791e-01 
+8.2045450872782277e-01 +5.0433775568963490e-01 
+8.2094128180672077e-01 +5.0623023830035707e-01 
+8.3976193938241273e-01 +4.5848977713306405e-01 
+8.3976193938241273e-01 +4.5848977713306405e-01 
+8.3027645639954950e-01 +4.8195676587931791e-01 
+7.9414879678828820e-01 +5.5620069828175744e-01 
+8.8703848610217362e-01 +3.0184205034580225e-01 
+8.9285338489952126e-01 +2.7148292320916284e-01 
+8.9278590041959394e-01 +2.6837975160693606e-01 
+8.8887894737542472e-01 +2.8818052356463897e-01 
+8.8894853511378735e-01 +2.9069762300143986e-01 
+8.2045450872782277e-01 +5.0433775568963490e-01 
+8.1026688242599376e-01 +5.2577035762051894e-01 
+8.1026688242599376e-01 +5.2577035762051894e-01 
+9.1565825569932280e-01 +6.6085703965035256e-02 
+9.1565825569932280e-01 +6.6085703965035256e-02 
+5.4940153835405503e-01 +7.8683727582643614e-01 
+5.3682448115248893e-01 +7.9010578308724300e-01 
+5.3916381833487292e-01 +7.9022949808094844e-01 
+5.2104023185274562e-01 +7.9718716692653269e-01 
+5.1805381149735408e-01 +7.9706666398802506e-01 
+6.8562043919051829e-01 +6.9723447423786455e-01 
+6.5335221840408264e-01 +7.2949867987214345e-01 
+6.5860649119525283e-01 +7.2069346245895916e-01 
+6.5860649119525283e-01 +7.2069346245895916e-01 
+6.3839549249418404e-01 +7.3586096366695386e-01 
+3.5879722197112240e-01 +8.3098373389765445e-01 
+3.3441095172908986e-01 +8.3347378040829367e-01 
+3.3441095172908986e-01 +8.3347378040829367e-01 
+3.1435835742073387e-01 +8.3512913555639068e-01 
+3.1435835742073387e-01 +8.3512913555639068e-01 
+5.1805381149735408e-01 +7.9706666398802506e-01 
+4.9700840927499412e-01 +8.0396728773379389e-01 
+4.9700840927499412e-01 +8.0396728773379389e-01 
+7.7260128202026046e-01 +5.9691274097934999e-01 
+7.8321952531637162e-01 +5.7636104712927794e-01 
+7.8929736328148115e-01 +5.6755407407698144e-01 
+7.8865591663282519e-01 +5.6621391342908101e-01 
+7.7714949527715693e-01 +5.8539132477051870e-01 
+7.7786019752304669e-01 +5.8660457754704265e-01 
+8.9664222950616923e-01 +2.4701735889006007e-01 
+8.9664222950616923e-01 +2.4701735889006007e-01 
+8.9278590041959394e-01 +2.6837975160693606e-01 
+7.9968017215385723e-01 +5.4636545082227816e-01 
+7.9968017215385723e-01 +5.4636545082227816e-01 
+7.8865591663282519e-01 +5.6621391342908101e-01 
+8.8323893234758499e-01 +3.2375250801391892e-01 
+8.7512256175829406e-01 +3.5492643930420970e-01 
+8.8703848610217362e-01 +3.0184205034580225e-01 
+8.7887011495736345e-01 +3.3239349355906178e-01 
+9.0606366737569766e-01 +1.8205941439024628e-01 
+9.1067197447194392e-01 +1.3975424859373686e-01 
+9.1067197447194392e-01 +1.3975424859373686e-01 
+9.0883781172284639e-01 +1.5815247090220269e-01 
+9.0883781172284639e-01 +1.5815247090220269e-01 
+7.7260128202026046e-01 +5.9691274097934999e-01 
+7.4578864182941096e-01 +6.3067231144028590e-01 
+9.1340800570387048e-01 +1.1114246312743267e-01 
+9.1475746296197591e-01 +8.3917175446332815e-02 
+9.1475746296197591e-01 +8.3917175446332815e-02 
+8.8887894737542472e-01 +2.8818052356463897e-01 
+8.8491979220954176e-01 +3.0671641241840125e-01 
+8.8491979220954176e-01 +3.0671641241840125e-01 
+7.5918446185974986e-01 +6.1343282483680250e-01 
+7.7714949527715693e-01 +5.8539132477051870e-01 
+7.6510870127748432e-01 +6.0396133800953977e-01 
+7.6510870127748432e-01 +6.0396133800953977e-01 
+4.6198978413680108e-01 +8.1425098843348676e-01 
+4.5141378182156322e-01 +8.1589244007654838e-01 
+4.5338092207229963e-01 +8.1592053312781077e-01 
+4.3814086316793804e-01 +8.1929858029272373e-01 
+4.3562959299664861e-01 +8.1927083332527084e-01 
+7.2005632630740668e-01 +6.6644275831536848e-01 
+7.3263872625863291e-01 +6.4840246103099686e-01 
+7.3916537447466935e-01 +6.3948837773602274e-01 
+7.4017310805672143e-01 +6.4041990005597804e-01 
+7.2625212189553789e-01 +6.5739344873188699e-01 
+7.2510023970518644e-01 +6.5653242075633922e-01 
+7.2005632630740668e-01 +6.6644275831536848e-01 
+7.0287603301017465e-01 +6.8158979478400594e-01 
+7.1149858629540308e-01 +6.7394458817446168e-01 
+7.1016741384664717e-01 +6.7314560089181297e-01 
+6.9423106087189579e-01 +6.8935899405139289e-01 
+6.9578942092843521e-01 +6.9010304153909174e-01 
+7.5247186886227246e-01 +6.2197815483996166e-01 
+7.5247186886227246e-01 +6.2197815483996166e-01 
+7.3916537447466935e-01 +6.3948837773602274e-01 
+5.7653576953998420e-01 +7.7241267896516919e-01 
+5.4940153835405503e-01 +7.8683727582643614e-01 
+5.5381983750891517e-01 +7.8308303864417861e-01 
+5.5381983750891517e-01 +7.8308303864417861e-01 
+5.3682448115248893e-01 +7.9010578308724300e-01 
+4.3562959299664861e-01 +8.1927083332527084e-01 
+4.1793258971029357e-01 +8.2263535279668587e-01 
+4.1793258971029357e-01 +8.2263535279668587e-01 
+8.7077778222710511e-01 +3.6662151095856477e-01 
+8.7691472022118011e-01 +3.4232659844072882e-01 
+8.7683816386731828e-01 +3.4079489739200297e-01 
+8.7271211853307218e-01 +3.5662064705654517e-01 
+8.7279124380223172e-01 +3.5795883434386444e-01 
+6.9423106087189579e-01 +6.8935899405139289e-01 
+6.7711873193189986e-01 +7.0520011483531109e-01 
+6.7711873193189986e-01 +7.0520011483531109e-01 
+8.8090677805030082e-01 +3.2420123051549843e-01 
+8.8090677805030082e-01 +3.2420123051549843e-01 
+8.7683816386731828e-01 +3.4079489739200297e-01 
+3.2024492750233818e-01 +8.3513568484400591e-01 
+2.9956331295664262e-01 +8.3678772661806189e-01 
+3.0171129775850813e-01 +8.3595476767258026e-01 
+8.6212206031205385e-01 +3.9329328545572356e-01 
+9.0235856976785378e-01 +2.1343456064676805e-01 
+9.0515113671293801e-01 +1.9196741597754580e-01 
+9.0513580932657334e-01 +1.8977314229442568e-01 
+9.0326764587056274e-01 +2.0377440241844588e-01 
+9.0328319652687594e-01 +2.0555426049912862e-01 
+8.7271211853307218e-01 +3.5662064705654517e-01 
+8.6852671434360673e-01 +3.7177578522034505e-01 
+8.6852671434360673e-01 +3.7177578522034505e-01 
+3.8848555336447343e-01 +8.2766658093795797e-01 
+3.7959223092987493e-01 +8.2848787052643369e-01 
+3.8124639211502043e-01 +8.2849457857718889e-01 
+3.6843108121408735e-01 +8.3015983550059402e-01 
+3.6631936312931646e-01 +8.3015316773755476e-01 
+6.0549278357265723e-01 +7.5825394602035578e-01 
+5.9717723253364674e-01 +7.6162644183448314e-01 
+5.9829661067389006e-01 +7.6176455525784670e-01 
+5.8508682983017901e-01 +7.6897942654059070e-01 
+5.8377641044496054e-01 +7.6884516561421001e-01 
+4.8480686187171446e-01 +8.0738099055300316e-01 
+4.6198978413680108e-01 +8.1425098843348676e-01 
+4.6570511605764148e-01 +8.1250000000000000e-01 
+4.6570511605764148e-01 +8.1250000000000000e-01 
+4.5141378182156322e-01 +8.1589244007654838e-01 
+3.6631936312931646e-01 +8.3015316773755476e-01 
+3.5143801650508733e-01 +8.3181513105042115e-01 
+3.5143801650508733e-01 +8.3181513105042115e-01 
+8.5355347071118104e-01 +4.2208104692314757e-01 
+8.6005729532746000e-01 +4.0132133446988572e-01 
+8.5996959254437910e-01 +4.0037369778787596e-01 
+8.5559346948373727e-01 +4.1393417539301036e-01 
+8.5568435953740196e-01 +4.1479207465858381e-01 
+9.0699247670346517e-01 +1.7466764954195257e-01 
+9.0699247670346517e-01 +1.7466764954195257e-01 
+9.0513580932657334e-01 +1.8977314229442568e-01 
+5.8377641044496054e-01 +7.6884516561421001e-01 
+5.6938671438267541e-01 +7.7599675161496195e-01 
+5.6938671438267541e-01 +7.7599675161496195e-01 
+8.6427991993753761e-01 +3.8633871528247804e-01 
+8.6427991993753761e-01 +3.8633871528247804e-01 
+8.5996959254437910e-01 +4.0037369778787596e-01 
+9.0051300547675350e-01 +2.2892759384279415e-01 
+8.9670770891279350e-01 +2.5097089205440226e-01 
+9.0235856976785378e-01 +2.1343456064676805e-01 
+8.9854381671290973e-01 +2.3503769331789959e-01 
+9.1158309215213862e-01 +1.2873544649419486e-01 
+9.1385400122579241e-01 +9.8821176880261846e-02 
+9.1385400122579241e-01 +9.8821176880261846e-02 
+9.1294785196543060e-01 +1.1183068463635565e-01 
+9.1294785196543060e-01 +1.1183068463635565e-01 
+8.4932019300580230e-01 +4.3672351836813084e-01 
+8.4017571765760357e-01 +4.6100214392016803e-01 
+8.5355347071118104e-01 +4.2208104692314757e-01 
+8.4433679372317305e-01 +4.4595266812602041e-01 
+9.1520952170815872e-01 +7.8589589355183467e-02 
+9.0326764587056274e-01 +2.0377440241844588e-01 
+9.0138781886599728e-01 +2.1688125512226133e-01 
+9.0138781886599728e-01 +2.1688125512226133e-01 
+8.5559346948373727e-01 +4.1393417539301036e-01 
+8.5114915882591791e-01 +4.2706515768104608e-01 
+8.5114915882591791e-01 +4.2706515768104608e-01 
+6.2713099545128814e-01 +7.4325444687670061e-01 
+6.0973419226770043e-01 +7.5433865352850105e-01 
+6.0973419226770043e-01 +7.5433865352850105e-01 
+5.9717723253364674e-01 +7.6162644183448314e-01 
+3.2667610920204132e-01 +8.3430433184614017e-01 
+8.3522113078639748e-01 +4.7124619367746451e-01 
+8.4214732685509142e-01 +4.5284525413639315e-01 
+8.4204569801405516e-01 +4.5218656838712601e-01 
+8.3738101980713109e-01 +4.6423852678562710e-01 
+8.3748667637009766e-01 +4.6484736550592826e-01 
+5.0915671116824068e-01 +8.0056902228184090e-01 
+5.0216419410867741e-01 +8.0223661323652129e-01 
+5.0310547517412141e-01 +8.0226616535611672e-01 
+4.9199741781635759e-01 +8.0570144461265614e-01 
+4.9089549085284839e-01 +8.0567226891618371e-01 
+8.4663412911169789e-01 +4.3980497103723337e-01 
+8.4663412911169789e-01 +4.3980497103723337e-01 
+8.4204569801405516e-01 +4.5218656838712601e-01 
+4.0767235223832743e-01 +8.2430905766371876e-01 
+3.8848555336447343e-01 +8.2766658093795797e-01 
+3.9160976265818581e-01 +8.2681921927296342e-01 
+3.9160976265818581e-01 +8.2681921927296342e-01 
+3.7959223092987493e-01 +8.2848787052643369e-01 
+8.2535080583046805e-01 +4.9301922481063121e-01 
+8.9474522758260122e-01 +2.5924055652765932e-01 
+8.9760873692976950e-01 +2.4206145913796356e-01 
+8.9759248488174403e-01 +2.4097838293965895e-01 
+8.9567662313835195e-01 +2.5216887784481745e-01 
+8.9569312007858848e-01 +2.5311511915017854e-01 
+8.3738101980713109e-01 +4.6423852678562710e-01 
+8.3263707148711474e-01 +4.7598581911649429e-01 
+8.3263707148711474e-01 +4.7598581911649429e-01 
+4.9089549085284839e-01 +8.0567226891618371e-01 
+4.7879524701748244e-01 +8.0909333641754499e-01 
+4.7879524701748244e-01 +8.0909333641754499e-01 
+8.9949615697764096e-01 +2.2924488856653202e-01 
+8.9949615697764096e-01 +2.2924488856653202e-01 
+8.9759248488174403e-01 +2.4097838293965895e-01 
+8.1559922144919184e-01 +5.1583346340422698e-01 
+8.2301766501406637e-01 +4.9914330856575484e-01 
+8.2289829192596420e-01 +4.9865178329358045e-01 
+8.1789638070353932e-01 +5.0960723446154255e-01 
+8.1802095559963417e-01 +5.1006779275753378e-01 
+6.4967764847126119e-01 +7.2855352736310297e-01 
+6.4337716418366164e-01 +7.3204018502321899e-01 
+6.4404353475412190e-01 +7.3219572315693360e-01 
+6.3349927740281253e-01 +7.3969855124598571e-01 
+6.3275089710554810e-01 +7.3954770010094550e-01 
+8.9083028071977788e-01 +2.7810034914087872e-01 
+8.2781063736544325e-01 +4.8745041936567685e-01 
+8.2781063736544325e-01 +4.8745041936567685e-01 
+8.2289829192596420e-01 +4.9865178329358045e-01 
+6.3275089710554810e-01 +7.3954770010094550e-01 
+6.2156151367541901e-01 +7.4697978000723642e-01 
+6.2156151367541901e-01 +7.4697978000723642e-01 
+9.0976182648974557e-01 +1.5092102517290112e-01 
+9.1113107481887257e-01 +1.3574146160458142e-01 
+9.1112741575344702e-01 +1.3418987580346803e-01 
+9.1021309072460266e-01 +1.4409026178231948e-01 
+9.1021677559644487e-01 +1.4534881150071993e-01 
+8.1079803202270229e-01 +5.2744214455777128e-01 
+8.0026239450318926e-01 +5.4785622989034699e-01 
+8.1559922144919184e-01 +5.1583346340422698e-01 
+8.0495602653471177e-01 +5.3596840378611399e-01 
+8.9567662313835195e-01 +2.5216887784481745e-01 
+8.9374838805839296e-01 +2.6288517881025947e-01 
+8.9374838805839296e-01 +2.6288517881025947e-01 
+8.1789638070353932e-01 +5.0960723446154255e-01 
+8.1280099890081581e-01 +5.2033227741937071e-01 
+8.1280099890081581e-01 +5.2033227741937071e-01 
+5.2735220596948174e-01 +7.9357858904727818e-01 
+5.1272329653552851e-01 +7.9878618115697575e-01 
+5.1272329653552851e-01 +7.9878618115697575e-01 
+5.0216419410867741e-01 +8.0223661323652129e-01 
+7.9445476843751495e-01 +5.5690878462723825e-01 
+8.0245532525209917e-01 +5.4153030240588018e-01 
+8.0231280585628129e-01 +5.4114555594462221e-01 
+7.9691070217869409e-01 +5.5125779953066090e-01 
+7.9706011829367329e-01 +5.5162178639091175e-01 
+4.2814805322374455e-01 +8.2096515814988202e-01 
+4.2226807069475736e-01 +8.2179293674492992e-01 
+4.2305959056843540e-01 +8.2179981007843184e-01 
+4.1371886495585913e-01 +8.2347860442255516e-01 
+4.1279225852237283e-01 +8.2347177304131525e-01 
+6.7897138667264034e-01 +7.0589523654146913e-01 
+6.6085060215462532e-01 +7.2134479024741338e-01 
+6.6779687639732221e-01 +7.1290462123472809e-01 
+6.4967764847126119e-01 +7.2855352736310297e-01 
+8.0760796741106722e-01 +5.3084085416546090e-01 
+8.0760796741106722e-01 +5.3084085416546090e-01 
+8.0231280585628129e-01 +5.4114555594462221e-01 
+6.5350222469479480e-01 +7.2445489057006751e-01 
+6.5350222469479480e-01 +7.2445489057006751e-01 
+6.4337716418366164e-01 +7.3204018502321899e-01 
+7.8288142029079566e-01 +5.7572241894961340e-01 
+3.4281021959525915e-01 +8.3264404271363035e-01 
+3.2667610920204132e-01 +8.3430433184614017e-01 
+8.8693250567015602e-01 +2.9845637048967499e-01 
+8.8987130853778829e-01 +2.8377703703849072e-01 
+8.8985404105075916e-01 +2.8310695671454050e-01 
+8.8788753922469255e-01 +2.9269566238525935e-01 
+8.8790507618518077e-01 +2.9330228877352132e-01 
+9.1203899645268527e-01 +1.2350867944503004e-01 
+9.1203899645268527e-01 +1.2350867944503004e-01 
+9.1112741575344702e-01 +1.3418987580346803e-01 
+7.9691070217869409e-01 +5.5125779953066090e-01 
+7.9139647823779025e-01 +5.6118797500740525e-01 
+7.9139647823779025e-01 +5.6118797500740525e-01 
+4.1279225852237283e-01 +8.2347177304131525e-01 
+4.0261720685751773e-01 +8.2514719362937183e-01 
+4.0261720685751773e-01 +8.2514719362937183e-01 
+8.9180759156528089e-01 +2.7318272541113908e-01 
+8.9180759156528089e-01 +2.7318272541113908e-01 
+8.8985404105075916e-01 +2.8310695671454050e-01 
+9.0885270740680169e-01 +1.6187625400695946e-01 
+9.0700758581611862e-01 +1.7746321965210485e-01 
+9.0976182648974557e-01 +1.5092102517290112e-01 
+9.0791467532126535e-01 +1.6619674677953089e-01 
+7.7148128712481956e-01 +5.9518337638376817e-01 
+7.8018247294503995e-01 +5.8085097703833943e-01 
+7.8000888685632430e-01 +5.8053927798485072e-01 
+7.7412295317441471e-01 +5.8997708390275450e-01 
+7.7430598265315653e-01 +5.9027407724317138e-01 
+8.8499158806551437e-01 +3.0881016134175304e-01 
+8.8098089414224368e-01 +3.2597774210748753e-01 
+8.8693250567015602e-01 +2.9845637048967499e-01 
+8.8291100362726005e-01 +3.1533615572014295e-01 
+9.1430562049709629e-01 +9.1029707195123141e-02 
+7.8576455075962737e-01 +5.7094557048243810e-01 
+7.8576455075962737e-01 +5.7094557048243810e-01 
+7.8000888685632430e-01 +5.8053927798485072e-01 
+9.1021309072460266e-01 +1.4409026178231948e-01 
+9.0929600201087624e-01 +1.5335820620920063e-01 
+9.0929600201087624e-01 +1.5335820620920063e-01 
+5.4631160566994641e-01 +7.8664926961434123e-01 
+5.4101355101814164e-01 +7.8834428231047993e-01 
+5.4157389964207225e-01 +7.8837542431541174e-01 
+5.3270727143384355e-01 +7.9187094575875550e-01 
+5.3207796112462735e-01 +7.9184021437436625e-01 
+7.6590115390110403e-01 +6.0506648689059328e-01 
+7.5336184803650719e-01 +6.2299032768309848e-01 
+7.7148128712481956e-01 +5.9518337638376817e-01 
+7.5876374382914036e-01 +6.1290331823653343e-01 
+8.8788753922469255e-01 +2.9269566238525935e-01 
+8.8590788395849518e-01 +3.0198066900476989e-01 
+8.8590788395849518e-01 +3.0198066900476989e-01 
+7.7412295317441471e-01 +5.8997708390275450e-01 
+7.6809965753328813e-01 +5.9926634663147704e-01 
+7.6809965753328813e-01 +5.9926634663147704e-01 
+6.8647373851988291e-01 +6.9759433731210851e-01 
+6.8135051683082115e-01 +7.0120697233323082e-01 
+6.8179715862265677e-01 +7.0138393309743263e-01 
+6.7293777880008576e-01 +7.0921212012917612e-01 
+6.7244819011365187e-01 +7.0904095754397733e-01 
+5.3207796112462735e-01 +7.9184021437436625e-01 
+5.2266884870933250e-01 +7.9532078037346687e-01 
+5.2266884870933250e-01 +7.9532078037346687e-01 
+6.7244819011365187e-01 +7.0904095754397733e-01 
+6.6317793316517504e-01 +7.1678934857672316e-01 
+6.6317793316517504e-01 +7.1678934857672316e-01 
+7.4626321403861140e-01 +6.3115837909310557e-01 
+7.5582618999428031e-01 +6.1768507973002462e-01 
+7.5560940338407523e-01 +6.1742592923047890e-01 
+7.4912480602861176e-01 +6.2630838576717718e-01 
+7.4935505811944236e-01 +6.2655667457145070e-01 
+4.4344857957587575e-01 +8.1757989156437072e-01 
+4.3114718207379316e-01 +8.2011066376383024e-01 
+4.3114718207379316e-01 +8.2011066376383024e-01 
+4.2226807069475736e-01 +8.2179293674492992e-01 
+7.6193128166839996e-01 +6.0841386357484217e-01 
+7.6193128166839996e-01 +6.0841386357484217e-01 
+7.5560940338407523e-01 +6.1742592923047890e-01 
+7.4626321403861140e-01 +6.3115837909310557e-01 
+7.3209862982122420e-01 +6.4795420465455167e-01 
+8.7890778377948942e-01 +3.3322137915768424e-01 
+8.8192666571684841e-01 +3.2020995002798902e-01 
+8.8190827941249572e-01 +3.1974418886801137e-01 
+8.7988790017832641e-01 +3.2826621037816961e-01 
+8.7990658402858724e-01 +3.2869672436594349e-01 
+7.4912480602861176e-01 +6.2630838576717718e-01 
+7.4246737270445817e-01 +6.3506666724693916e-01 
+7.4246737270445817e-01 +6.3506666724693916e-01 
+7.0215327729109922e-01 +6.8120395268500300e-01 
+6.8647373851988291e-01 +6.9759433731210851e-01 
+3.6002816315370334e-01 +8.3098705781264659e-01 
+8.8391486812186848e-01 +3.1098907741998083e-01 
+8.8391486812186848e-01 +3.1098907741998083e-01 
+8.8190827941249572e-01 +3.1974418886801137e-01 
+6.8991725526797365e-01 +6.9328449281463866e-01 
+6.8991725526797365e-01 +6.9328449281463866e-01 
+6.8135051683082115e-01 +7.0120697233323082e-01 
+5.7094460511286693e-01 +7.7612733584366722e-01 
+5.5570690237008313e-01 +7.8321011094672099e-01 
+5.6154799948013612e-01 +7.7953184032609557e-01 
+5.4631160566994641e-01 +7.8664926961434123e-01 
+7.1821547143195619e-01 +6.6520209002852793e-01 
+7.2510023970518644e-01 +6.5653242075633922e-01 
+7.2858826106756680e-01 +6.5223062902583540e-01 
+7.2886789600305535e-01 +6.5245049443006775e-01 
+7.2164048289150307e-01 +6.6085703965035258e-01 
+7.2134061123672411e-01 +6.6064546381416400e-01 
+5.4952767810618042e-01 +7.8483277885981861e-01 
+5.4952767810618042e-01 +7.8483277885981861e-01 
+5.4101355101814164e-01 +7.8834428231047993e-01 
+8.7477270680368058e-01 +3.4861723711893228e-01 
+9.0607127652844288e-01 +1.8331075547928238e-01 
+9.0745721905914389e-01 +1.7116329922036441e-01 
+9.0745345502748254e-01 +1.7039744869600149e-01 
+9.0652795695716415e-01 +1.7831032352827259e-01 
+9.0653174797048997e-01 +1.7897941717193222e-01 
+7.3562596198382113e-01 +6.4370583844097895e-01 
+7.3562596198382113e-01 +6.4370583844097895e-01 
+7.2858826106756680e-01 +6.5223062902583540e-01 
+8.7988790017832641e-01 +3.2826621037816961e-01 
+8.7785350723205247e-01 +3.3657280044590648e-01 
+8.7785350723205247e-01 +3.3657280044590648e-01 
+7.1821547143195619e-01 +6.6520209002852793e-01 
+7.1016741384664717e-01 +6.7314560089181297e-01 
+7.1419030570117215e-01 +6.6915828380013864e-01 
+7.1386779900871178e-01 +6.6895448956794901e-01 
+7.0615280449317797e-01 +6.7716159885466931e-01 
+7.0650074916149586e-01 +6.7735807692520589e-01 
+6.9855317649392545e-01 +6.8546004063317978e-01 
+6.9817649585593822e-01 +6.8527045133538156e-01 
+6.9032658100506095e-01 +6.9346758658282814e-01 
+9.0837613004161000e-01 +1.6210061525774921e-01 
+9.0837613004161000e-01 +1.6210061525774921e-01 
+9.0745345502748254e-01 +1.7039744869600149e-01 
+8.7065713967001490e-01 +3.6474933993607173e-01 
+8.7376138200795583e-01 +3.5294761827073456e-01 
+8.7374175860651349e-01 +3.5260005741765554e-01 
+8.7166392708878426e-01 +3.6034673122947958e-01 
+8.7168388025240806e-01 +3.6067239512370669e-01 
+4.5939147081935883e-01 +8.1420858799306117e-01 
+4.5493635565483792e-01 +8.1504301169594295e-01 
+4.5540755080399348e-01 +8.1505005721286872e-01 
+4.4795163492830659e-01 +8.1674272456315200e-01 
+4.4742245014520449e-01 +8.1673572276093043e-01 
+9.0420124505796318e-01 +1.9664664272786178e-01 
+5.7725330588718526e-01 +7.7247889238817380e-01 
+5.7294520713430319e-01 +7.7420271688022446e-01 
+5.7332078661596031e-01 +7.7423559661685726e-01 
+5.6587096588178920e-01 +7.7779464370243767e-01 
+5.6545927251041816e-01 +7.7776221329630868e-01 
+8.7580487165736076e-01 +3.4467949702569645e-01 
+8.7580487165736076e-01 +3.4467949702569645e-01 
+8.7374175860651349e-01 +3.5260005741765554e-01 
+4.4742245014520449e-01 +8.1673572276093043e-01 
+4.3951036124446374e-01 +8.1842493290605045e-01 
+4.3951036124446374e-01 +8.1842493290605045e-01 
+9.1340261213012752e-01 +1.0671728032338403e-01 
+8.6860854660957187e-01 +3.7295791710037529e-01 
+8.6436460760237521e-01 +3.8739285527076051e-01 
+8.7065713967001490e-01 +3.6474933993607173e-01 
+8.6640071310513200e-01 +3.7898689281889086e-01 
+5.6545927251041816e-01 +7.7776221329630868e-01 
+5.5766394667396313e-01 +7.8130549408690009e-01 
+5.5766394667396313e-01 +7.8130549408690009e-01 
+9.0652795695716415e-01 +1.7831032352827259e-01 
+9.0559961559390600e-01 +1.8588789261017252e-01 
+9.0559961559390600e-01 +1.8588789261017252e-01 
+8.7166392708878426e-01 +3.6034673122947958e-01 
+8.6957112974924367e-01 +3.6793048183347693e-01 
+8.6957112974924367e-01 +3.6793048183347693e-01 
+3.7289432091470548e-01 +8.2932010113012322e-01 
+8.6216515887338674e-01 +3.9379397811227868e-01 
+8.6536061147367427e-01 +3.8291974904919968e-01 
+8.6533961496482059e-01 +3.8264769221740658e-01 
+8.6320036885202434e-01 +3.8979812823010473e-01 
+8.6322173228946797e-01 +3.9005550580725090e-01 
+5.9043817383273267e-01 +7.6522728856863809e-01 
+5.8014894677652096e-01 +7.7062678015961517e-01 
+5.8014894677652096e-01 +7.7062678015961517e-01 
+5.7294520713430319e-01 +7.7420271688022446e-01 
+4.8010527174785739e-01 +8.0912214361451507e-01 
+4.6729194213474878e-01 +8.1252844638954036e-01 
+4.7220369975574122e-01 +8.1079487889007318e-01 
+4.5939147081935883e-01 +8.1420858799306117e-01 
+8.6746311263735698e-01 +3.7536116771125655e-01 
+8.6746311263735698e-01 +3.7536116771125655e-01 
+8.6533961496482059e-01 +3.8264769221740658e-01 
+4.6209585460218427e-01 +8.1334677785346143e-01 
+4.6209585460218427e-01 +8.1334677785346143e-01 
+4.5493635565483792e-01 +8.1504301169594295e-01 
+8.5777873798958215e-01 +4.0709722652039410e-01 
+9.0233507523151346e-01 +2.1104052346157379e-01 
+9.0373819470195682e-01 +2.0066066723494286e-01 
+9.0373432089355243e-01 +2.0018684889393798e-01 
+9.0279732592423145e-01 +2.0696708769650518e-01 
+9.0280122796375761e-01 +2.0739603732929190e-01 
+8.6320036885202434e-01 +3.8979812823010473e-01 
+8.6104509906248827e-01 +3.9681982264808302e-01 
+8.6104509906248827e-01 +3.9681982264808302e-01 
+9.0466841047206370e-01 +1.9316935764123902e-01 
+9.0466841047206370e-01 +1.9316935764123902e-01 
+9.0373432089355243e-01 +2.0018684889393798e-01 
+9.1340261213012752e-01 +1.0671728032338403e-01 
+9.1249331105144560e-01 +1.1751884665894979e-01 
+8.5341470783327367e-01 +4.2085820149046776e-01 
+8.5670787590314346e-01 +4.1072366472264143e-01 
+8.5668534903973081e-01 +4.1050326020823008e-01 
+8.5448027897646628e-01 +4.1717679677230246e-01 
+8.5450321588929889e-01 +4.1738680277727847e-01 
+9.0140359794574831e-01 +2.1836175918406542e-01 
+8.9951216979789383e-01 +2.3050107196008401e-01 
+9.0233507523151346e-01 +2.1104052346157379e-01 
+9.0044149109760219e-01 +2.2297633406301021e-01 
+6.0394481530688859e-01 +7.5804385485837189e-01 
+6.0028887315148494e-01 +7.5979800178784140e-01 
+6.0056006787307015e-01 +7.5983278709189439e-01 
+5.9409394734396559e-01 +7.6345895268845287e-01 
+5.9380136191967048e-01 +7.6342466073280291e-01 
+8.5887352272457451e-01 +4.0371948457655388e-01 
+8.5887352272457451e-01 +4.0371948457655388e-01 
+8.5668534903973081e-01 +4.1050326020823008e-01 
+3.8630064101013023e-01 +8.2765648857127827e-01 
+8.5124342198707081e-01 +4.2784661594905971e-01 
+8.4673196630918623e-01 +4.4052068531834826e-01 
+8.5341470783327367e-01 +4.2085820149046776e-01 
+8.4888863946448201e-01 +4.3338809253678934e-01 
+5.9380136191967048e-01 +7.6342466073280291e-01 
+5.8709411257965827e-01 +7.6703417321876610e-01 
+5.8709411257965827e-01 +7.6703417321876610e-01 
+9.0279732592423145e-01 +2.0696708769650518e-01 
+9.0185740439021811e-01 +2.1353257884052304e-01 
+9.0185740439021811e-01 +2.1353257884052304e-01 
+8.5448027897646628e-01 +4.1717679677230246e-01 
+8.5225800494920767e-01 +4.2374529744000561e-01 
+8.5225800494920767e-01 +4.2374529744000561e-01 
+4.8541023561389002e-01 +8.0739548637401626e-01 
+4.8178757081603252e-01 +8.0823671763871174e-01 
+4.8210339425580084e-01 +8.0824394264993249e-01 
+4.7583886670615355e-01 +8.0995083268884382e-01 
+4.7549267522598393e-01 +8.0994365326019468e-01 
+4.7549267522598393e-01 +8.0994365326019468e-01 
+4.6893761367437425e-01 +8.1164699914746730e-01 
+4.6893761367437425e-01 +8.1164699914746730e-01 
+8.4438666153223807e-01 +4.4629636985944460e-01 
+8.4778480993380223e-01 +4.3676930851485368e-01 
+8.4776056984992476e-01 +4.3658606143927703e-01 
+8.4548474771562787e-01 +4.4286690668997120e-01 
+8.4550944818602636e-01 +4.4304247338716563e-01 
+6.2240891323209735e-01 +7.4712617487560817e-01 
+6.1070280587236159e-01 +7.5448080724319266e-01 
+6.1561911342882369e-01 +7.5065019566908131e-01 
+6.0394481530688859e-01 +7.5804385485837189e-01 
+8.5001821048112181e-01 +4.3021356870167793e-01 
+8.5001821048112181e-01 +4.3021356870167793e-01 
+8.4776056984992476e-01 +4.3658606143927703e-01 
+6.0657273416588464e-01 +7.5615394969337590e-01 
+6.0657273416588464e-01 +7.5615394969337590e-01 
+6.0028887315148494e-01 +7.5979800178784140e-01 
+8.3971011661983619e-01 +4.5817281200956950e-01 
+8.9855188296169974e-01 +2.3562309683873225e-01 
+8.9997268441261258e-01 +2.2642262706819657e-01 
+8.9996869571124238e-01 +2.2609328419356300e-01 
+8.9901986498559183e-01 +2.3211926339281355e-01 
+8.9902388324778804e-01 +2.3242368275296413e-01 
+8.4548474771562787e-01 +4.4286690668997120e-01 
+8.4319039872909241e-01 +4.4905994691585144e-01 
+8.4319039872909241e-01 +4.4905994691585144e-01 
+4.9649734380489446e-01 +8.0395260567917104e-01 
+9.0091453487412854e-01 +2.1990248551861669e-01 
+9.0091453487412854e-01 +2.1990248551861669e-01 
+8.9996869571124238e-01 +2.2609328419356300e-01 
+4.8784516965759445e-01 +8.0652616949143685e-01 
+4.8784516965759445e-01 +8.0652616949143685e-01 
+4.8178757081603252e-01 +8.0823671763871174e-01 
+3.9707439839414410e-01 +8.2598278336201292e-01 
+3.8630064101013023e-01 +8.2765648857127827e-01 
+8.3505957407053999e-01 +4.7036890871863635e-01 
+8.3857085357915218e-01 +4.6135216900001669e-01 
+8.3854468626422340e-01 +4.6119670068173563e-01 
+8.3619257822533422e-01 +4.6714688742312727e-01 
+8.3621926508070299e-01 +4.6729649413163143e-01 
+8.9663404222635390e-01 +2.4650961240531560e-01 
+9.1158491530556085e-01 +1.2962027826382966e-01 
+8.4087716712018412e-01 +4.5516876345098845e-01 
+8.4087716712018412e-01 +4.5516876345098845e-01 
+8.3854468626422340e-01 +4.6119670068173563e-01 
+8.3274701235298831e-01 +4.7655078844213700e-01 
+8.2792514192599542e-01 +4.8797654038975341e-01 
+8.3505957407053999e-01 +4.7036890871863635e-01 
+8.3022034336766293e-01 +4.8168393431464568e-01 
+6.2753006152078372e-01 +7.4332876117517233e-01 
+6.2433815215002253e-01 +7.4511487678627086e-01 
+6.2454423847094365e-01 +7.4515175909682996e-01 
+6.1880509778863302e-01 +7.4884898789009136e-01 
+6.1858523439976043e-01 +7.4881264922746393e-01 
+8.9901986498559183e-01 +2.3211926339281355e-01 
+8.9806802052597157e-01 +2.3799290955824715e-01 
+8.9806802052597157e-01 +2.3799290955824715e-01 
+8.3619257822533422e-01 +4.6714688742312727e-01 
+8.3382045327518284e-01 +4.7302225587868230e-01 
+8.3382045327518284e-01 +4.7302225587868230e-01 
+6.1858523439976043e-01 +7.4881264922746393e-01 
+6.1266725692765445e-01 +7.5249225178649193e-01 
+6.1266725692765445e-01 +7.5249225178649193e-01 
+8.2540927707325629e-01 +4.9327368643072778e-01 
+8.2904287843087521e-01 +4.8469344296412781e-01 
+8.2901453169251260e-01 +4.8455938308601426e-01 
+8.2657989193176740e-01 +4.9022616616070730e-01 
+8.2660882823245352e-01 +4.9035563300578711e-01 
+8.3142790938548217e-01 +4.7882555850926134e-01 
+8.3142790938548217e-01 +4.7882555850926134e-01 
+8.2901453169251260e-01 +4.8455938308601426e-01 
+8.2039351972707719e-01 +5.0409969201430338e-01 
+5.0785503020262934e-01 +8.0052441032363175e-01 
+5.0478076154977547e-01 +8.0137261832425899e-01 
+5.0500880821899219e-01 +8.0138003058272944e-01 
+4.9957147064546975e-01 +8.0310150793292312e-01 
+4.9932543661102452e-01 +8.0309414323856498e-01 
+8.9472029725698732e-01 +2.5791673170211349e-01 
+8.9615930946061317e-01 +2.4957165428287742e-01 
+8.9615520041930519e-01 +2.4932589164679023e-01 
+8.9519417911660870e-01 +2.5480361723077127e-01 
+8.9519831913533521e-01 +2.5503389637876689e-01 
+6.3804171221041195e-01 +7.3578436334700026e-01 
+8.2657989193176740e-01 +4.9022616616070730e-01 
+8.2412354784068209e-01 +4.9582820515211534e-01 
+8.2412354784068209e-01 +4.9582820515211534e-01 
+6.2993636396709385e-01 +7.4139866261953014e-01 
+6.2993636396709385e-01 +7.4139866261953014e-01 
+6.2433815215002253e-01 +7.4511487678627086e-01 
+4.9932543661102452e-01 +8.0309414323856498e-01 
+4.9368533468479536e-01 +8.0481198578458824e-01 
+4.9368533468479536e-01 +8.0481198578458824e-01 
+9.1067013848600709e-01 +1.3905017457043936e-01 
+4.0817972705518107e-01 +8.2431246297780802e-01 
+8.9711313990186781e-01 +2.4372520968283842e-01 
+8.9711313990186781e-01 +2.4372520968283842e-01 
+8.9615520041930519e-01 +2.4932589164679023e-01 
+8.1540838587085074e-01 +5.1516513965582900e-01 
+8.1917472939560798e-01 +5.0696375840629593e-01 
+8.1914390380206958e-01 +5.0684660906088896e-01 
+8.1661964347143223e-01 +5.1226696578585296e-01 
+8.1665114217540513e-01 +5.1238043726601712e-01 
+8.9376513573975458e-01 +2.6372107227888564e-01 
+8.9182459602883390e-01 +2.7392811494517350e-01 
+8.9472029725698732e-01 +2.5791673170211349e-01 
+8.9277746234842636e-01 +2.6798420189305699e-01 
+8.2164504252724069e-01 +5.0136766921834930e-01 
+8.2164504252724069e-01 +5.0136766921834930e-01 
+8.1914390380206958e-01 +5.0684660906088896e-01 
+8.1293114078029549e-01 +5.2076498654788161e-01 
+8.0774407731042375e-01 +5.3124840982392074e-01 
+8.1540838587085074e-01 +5.1516513965582900e-01 
+8.1020031706052764e-01 +5.2556025953357155e-01 
+8.9519417911660870e-01 +2.5480361723077127e-01 
+8.9423005276007950e-01 +2.6016613870968536e-01 
+8.9423005276007950e-01 +2.6016613870968536e-01 
+8.1661964347143223e-01 +5.1226696578585296e-01 
+8.1407175658831921e-01 +5.1763057893097308e-01 
+8.1407175658831921e-01 +5.1763057893097308e-01 
+6.4873584877858237e-01 +7.2831666354615188e-01 
+6.4589224857734784e-01 +7.3013654715969967e-01 
+6.4605479858699177e-01 +7.3017574596515367e-01 
+6.4087726182369853e-01 +7.3394838463447587e-01 
+6.4070528342462585e-01 +7.3390978725932543e-01 
+5.2338142395883092e-01 +7.9535111008199277e-01 
+5.1353780024345397e-01 +7.9881611786390194e-01 
+5.1767190564396770e-01 +7.9705159727729602e-01 
+5.0785503020262934e-01 +8.0052441032363175e-01 
+5.1006483775073674e-01 +7.9964738725929463e-01 
+5.1006483775073674e-01 +7.9964738725929463e-01 
+5.0478076154977547e-01 +8.0137261832425899e-01 
+6.4070528342462585e-01 +7.3390978725932543e-01 
+6.3538923863766672e-01 +7.3766372803732017e-01 
+6.3538923863766672e-01 +7.3766372803732017e-01 
+8.0502568652849671e-01 +5.3616650709245195e-01 
+8.0893665771327827e-01 +5.2829798465650890e-01 
+8.0890299479885419e-01 +5.2819446785235225e-01 
+8.0628101884250891e-01 +5.3339797722113269e-01 
+8.0631545542937388e-01 +5.3349849507676195e-01 
+8.1149972065858944e-01 +5.2293919375229381e-01 
+8.1149972065858944e-01 +5.2293919375229381e-01 
+8.0890299479885419e-01 +5.2819446785235225e-01 
+7.9960718532347075e-01 +5.4617824317073882e-01 
+8.9083884874352626e-01 +2.7845439231361913e-01 
+8.9229662575055890e-01 +2.7076515120294009e-01 
+8.9229239056403364e-01 +2.7057277797231111e-01 
+8.9131880685681897e-01 +2.7562889976533045e-01 
+8.9132307453156212e-01 +2.7581089319545588e-01 
+8.0628101884250891e-01 +5.3339797722113269e-01 
+8.0363321238999497e-01 +5.3855122175214465e-01 
+8.0363321238999497e-01 +5.3855122175214465e-01 
+4.1750283658852683e-01 +8.2263192661264861e-01 
+6.6371732335260636e-01 +7.1695502276982093e-01 
+6.5409985166567630e-01 +7.2461536347625821e-01 
+6.5832217989126673e-01 +7.2061192221185943e-01 
+6.4873584877858237e-01 +7.2831666354615188e-01 
+8.9326279783958085e-01 +2.6542042708273045e-01 
+8.9326279783958085e-01 +2.6542042708273045e-01 
+8.9229239056403364e-01 +2.7057277797231111e-01 
+6.5095721628998449e-01 +7.2634370700000361e-01 
+6.5095721628998449e-01 +7.2634370700000361e-01 
+6.4589224857734784e-01 +7.3013654715969967e-01 
+7.9422536708530855e-01 +5.5637797342722295e-01 
+7.9829461240126121e-01 +5.4880490223930611e-01 
+7.9825767911011991e-01 +5.4871256524567258e-01 
+7.9552868090235795e-01 +5.5372332685746595e-01 
+7.9556651007995827e-01 +5.5381318054429463e-01 
+8.8887024622622890e-01 +2.8786120947480670e-01 
+9.0975627976468421e-01 +1.4922818524483750e-01 
+8.0095897379902570e-01 +5.4365563028830211e-01 
+8.0095897379902570e-01 +5.4365563028830211e-01 
+7.9825767911011991e-01 +5.4871256524567258e-01 
+7.9155333021310115e-01 +5.6153300312919285e-01 
+7.8592943686442018e-01 +5.7127322948126991e-01 
+7.9422536708530855e-01 +5.5637797342722295e-01 
+7.8857547847078657e-01 +5.6604572273373321e-01 
+8.9131880685681897e-01 +2.7562889976533045e-01 
+8.9034202235108373e-01 +2.8059398750370262e-01 
+8.9034202235108373e-01 +2.8059398750370262e-01 
+5.2768777919677001e-01 +7.9359385443069119e-01 
+5.2500371404908219e-01 +7.9444921545666336e-01 
+5.2517701129757755e-01 +7.9445682319239663e-01 
+5.2035098847118577e-01 +7.9619326832583304e-01 
+5.2016610613563730e-01 +7.9618571025847795e-01 
+7.9552868090235795e-01 +5.5372332685746595e-01 
+7.9277130707379839e-01 +5.5868915707569689e-01 
+7.9277130707379839e-01 +5.5868915707569689e-01 
+5.2016610613563730e-01 +7.9618571025847795e-01 
+5.1518970009379117e-01 +7.9791842600419582e-01 
+5.1518970009379117e-01 +7.9791842600419582e-01 
+7.8296604240270284e-01 +5.7588227525238289e-01 
+7.8720934496925499e-01 +5.6857375478308358e-01 
+7.8716861284724460e-01 +5.6849072100872189e-01 
+7.8432181268332135e-01 +5.7332867818135402e-01 
+7.8436359081869123e-01 +5.7340962822617814e-01 
+7.8998485954046727e-01 +5.6361124316367184e-01 
+7.8998485954046727e-01 +5.6361124316367184e-01 
+7.8716861284724460e-01 +5.6849072100872189e-01 
+6.6805416686032615e-01 +7.1298883417355841e-01 
+6.6548246159457214e-01 +7.1484445861975887e-01 
+6.6561435785833645e-01 +7.1488622697183868e-01 
+6.6088524610166144e-01 +7.1873908395449315e-01 
+6.6074659396721602e-01 +7.1869798379226912e-01 
+7.7706033683638587e-01 +5.8523913671014349e-01 
+8.8690599670584280e-01 +2.9759168819188409e-01 
+8.8838311952233384e-01 +2.9042548851916972e-01 
+8.8837875199661742e-01 +2.9026963899242536e-01 
+8.8739221591937789e-01 +2.9498854195137725e-01 
+8.8739661754639720e-01 +2.9513703862158569e-01 
+6.6074659396721602e-01 +7.1869798379226912e-01 
+6.5590667682352333e-01 +7.2253095814952872e-01 
+6.5590667682352333e-01 +7.2253095814952872e-01 
+7.8432181268332135e-01 +5.7332867818135402e-01 
+7.8144367429417672e-01 +5.7812615676414314e-01 
+7.8144367429417672e-01 +5.7812615676414314e-01 
+9.0975627976468421e-01 +1.4922818524483750e-01 
+9.0883594964218539e-01 +1.5766807786007148e-01 
+4.2705347436595792e-01 +8.2095481660633196e-01 
+8.8936201238494894e-01 +2.8547278524121905e-01 
+8.8936201238494894e-01 +2.8547278524121905e-01 
+8.8837875199661742e-01 +2.9026963899242536e-01 
+5.3652698858007752e-01 +7.9009031462627677e-01 
+7.7119950159091732e-01 +5.9474867125407926e-01 
+7.7563526435550989e-01 +5.8767882859395093e-01 
+7.7559008127927576e-01 +5.8760363457685394e-01 
+7.7261288900130765e-01 +5.9228551317026057e-01 
+7.7265930472349331e-01 +5.9235893851267019e-01 
+8.8592569706004320e-01 +3.0253324344529664e-01 
+8.8393296425907797e-01 +3.1149516384154924e-01 
+8.8690599670584280e-01 +2.9759168819188409e-01 
+8.8491081485994949e-01 +3.0645165911826672e-01 
+5.2971123029788847e-01 +7.9270891676421762e-01 
+5.2971123029788847e-01 +7.9270891676421762e-01 
+5.2500371404908219e-01 +7.9444921545666336e-01 
+7.7853338078121170e-01 +5.8288415597120014e-01 
+7.7853338078121170e-01 +5.8288415597120014e-01 
+7.7559008127927576e-01 +5.8760363457685394e-01 
+7.6829296316130047e-01 +5.9954975477247041e-01 
+7.6213579960420397e-01 +6.0868469109063805e-01 
+7.7119950159091732e-01 +5.9474867125407926e-01 
+7.6500923962403444e-01 +6.0382276708427740e-01 
+8.8739221591937789e-01 +2.9498854195137725e-01 
+8.8640237857650339e-01 +2.9963317331573852e-01 
+8.8640237857650339e-01 +2.9963317331573852e-01 
+6.7688463714991309e-01 +7.0511307995369876e-01 
+7.7261288900130765e-01 +5.9228551317026057e-01 
+7.6960087913818065e-01 +5.9693067625094698e-01 
+7.6960087913818065e-01 +5.9693067625094698e-01 
+6.7011935273938428e-01 +7.1097004850892587e-01 
+6.7011935273938428e-01 +7.1097004850892587e-01 
+6.6548246159457214e-01 +7.1484445861975887e-01 
+7.5886907648973478e-01 +6.1303582355575104e-01 
+7.6351895249433788e-01 +6.0618273957092850e-01 
+7.6346850358819651e-01 +6.0611422499062317e-01 
+7.6034607697031165e-01 +6.1065421609438342e-01 
+7.6039799367479977e-01 +6.1072121419908276e-01 
+7.6655308660056543e-01 +6.0153997417879346e-01 
+7.6655308660056543e-01 +6.0153997417879346e-01 
+7.6346850358819651e-01 +6.0611422499062317e-01 
+7.5236010176891566e-01 +6.2185128524542999e-01 
+8.8292012427893196e-01 +3.1557918954655279e-01 
+8.8441720268662904e-01 +3.0884253986501231e-01 
+8.8441269620548946e-01 +3.0871296461523945e-01 
+8.8341279842636533e-01 +3.1315419288358859e-01 
+8.8341734073311085e-01 +3.1327833728572535e-01 
+7.6034607697031165e-01 +6.1065421609438342e-01 
+7.5718470545921224e-01 +6.1516070585085103e-01 
+7.5718470545921224e-01 +6.1516070585085103e-01 
+5.4551964968448585e-01 +7.8660224699278447e-01 
+5.4312847646885287e-01 +7.8746494487430385e-01 
+5.4326516418926185e-01 +7.8747275683278672e-01 
+5.3891139208516436e-01 +7.8922456705223332e-01 
+5.3876677606588297e-01 +7.8921680699906749e-01 
+4.3530844973357158e-01 +8.1926736475610829e-01 
+4.2705347436595792e-01 +8.2095481660633196e-01 
+8.8540921407604078e-01 +3.0420693178742109e-01 
+8.8540921407604078e-01 +3.0420693178742109e-01 
+8.8441269620548946e-01 +3.0871296461523945e-01 
+6.8583446160034589e-01 +6.9732449224687165e-01 
+6.8348144629033447e-01 +6.9921802787913179e-01 
+6.8359088213026320e-01 +6.9926265929211107e-01 
+6.7922909905275453e-01 +7.0320107647246788e-01 
+6.7911464472630512e-01 +7.0315719086196482e-01 
+7.4590748315539979e-01 +6.3079393372179304e-01 
+7.5079721070915251e-01 +6.2413884683082532e-01 
+7.5074046325189625e-01 +6.2407607830317180e-01 
+7.4745512044248974e-01 +6.2848634531949876e-01 
+7.4751363652222458e-01 +6.2854780196183302e-01 
+8.8089751046892673e-01 +3.2397710232727583e-01 
+5.3876677606588297e-01 +7.8921680699906749e-01 
+5.3429653306120095e-01 +7.9096478907340606e-01 
+5.3429653306120095e-01 +7.9096478907340606e-01 
+6.7911464472630512e-01 +7.0315719086196482e-01 
+6.7466196235669640e-01 +7.0707441018406603e-01 
+6.7466196235669640e-01 +7.0707441018406603e-01 
+9.0791655066851162e-01 +1.6661068957884212e-01 
+7.5398323655683619e-01 +6.1963442505185518e-01 
+7.5398323655683619e-01 +6.1963442505185518e-01 
+7.5074046325189625e-01 +6.2407607830317180e-01 
+7.4271245202360237e-01 +6.3530483217432443e-01 
+7.3588742509019700e-01 +6.4393454902545222e-01 
+7.4590748315539979e-01 +6.3079393372179304e-01 
+7.3903872914126689e-01 +6.3937165082092340e-01 
+8.8341279842636533e-01 +3.1315419288358859e-01 
+8.8240949386864742e-01 +3.1753333362346958e-01 
+8.8240949386864742e-01 +3.1753333362346958e-01 
+7.4745512044248974e-01 +6.2848634531949876e-01 
+7.4412588105606559e-01 +6.3286588213824568e-01 
+7.4412588105606559e-01 +6.3286588213824568e-01 
+7.3223391555735240e-01 +6.4806635597067752e-01 
+7.3739444471720439e-01 +6.4159306066655963e-01 
+7.3733006875367701e-01 +6.4153527770918839e-01 
+7.3386049202293524e-01 +6.4582634005626283e-01 
+7.3392702817812749e-01 +6.4588297906930947e-01 
+6.9403453394960524e-01 +6.8926581854152003e-01 
+6.8583446160034589e-01 +6.9732449224687165e-01 
+7.4075135183519758e-01 +6.3721532225827526e-01 
+7.4075135183519758e-01 +6.3721532225827526e-01 
+7.3733006875367701e-01 +6.4153527770918839e-01 
+7.3223391555735240e-01 +6.4806635597067752e-01 
+7.2495535002755274e-01 +6.5642455376497943e-01 
+6.8776613458259361e-01 +6.9525654830003136e-01 
+6.8776613458259361e-01 +6.9525654830003136e-01 
+6.8348144629033447e-01 +6.9921802787913179e-01 
+5.5811751794899722e-01 +7.8133748530384040e-01 
+5.5003022048365358e-01 +7.8486434071132349e-01 
+5.5358076115257715e-01 +7.8306715025609974e-01 
+5.4551964968448585e-01 +7.8660224699278447e-01 
+8.7887953322244783e-01 +3.3260104501426396e-01 
+8.8039720775768604e-01 +3.2622524721503388e-01 
+8.8039255524549653e-01 +3.2611531451291770e-01 
+8.7937886573065360e-01 +3.3032273190708200e-01 
+8.7938355591386452e-01 +3.3042851982517629e-01 
+7.3386049202293524e-01 +6.4582634005626283e-01 
+7.3034100064362584e-01 +6.5008908134571430e-01 
+7.3034100064362584e-01 +6.5008908134571430e-01 
+5.4738758966178480e-01 +7.8570917674608276e-01 
+5.4738758966178480e-01 +7.8570917674608276e-01 
+5.4312847646885287e-01 +7.8746494487430385e-01 
+9.0699058794049714e-01 +1.7430861855946614e-01 
+8.8140275532510426e-01 +3.2185291922048948e-01 
+8.8140275532510426e-01 +3.2185291922048948e-01 
+8.8039255524549653e-01 +3.2611531451291770e-01 
+8.7787249626523234e-01 +3.3697229408723084e-01 
+8.7582417378027144e-01 +3.4505152076954587e-01 
+8.7887953322244783e-01 +3.3260104501426396e-01 
+8.7682859103250010e-01 +3.4060197634250150e-01 
+7.1775005374839851e-01 +6.6489083574850627e-01 
+7.2134061123672411e-01 +6.6064546381416400e-01 
+7.2314534759776594e-01 +6.5853179662896866e-01 
+7.2321909655366645e-01 +6.5858522069922754e-01 
+7.1954191052367189e-01 +6.6276524431952633e-01 
+7.1946548140336319e-01 +6.6271282487479166e-01 
+4.4373076189975758e-01 +8.1758338165494027e-01 
+7.2676988645124274e-01 +6.5432405499455515e-01 
+7.2676988645124274e-01 +6.5432405499455515e-01 
+7.2314534759776594e-01 +6.5853179662896866e-01 
+7.1775005374839851e-01 +6.6489083574850627e-01 
+7.0999978310863121e-01 +6.7304552721018207e-01 
+8.7937886573065360e-01 +3.3032273190708200e-01 
+8.7836165852641890e-01 +3.3447724478397450e-01 
+8.7836165852641890e-01 +3.3447724478397450e-01 
+7.1386779900871178e-01 +6.6895448956794901e-01 
+7.1946548140336319e-01 +6.6271282487479166e-01 
+7.1572827650292892e-01 +6.6686764210340910e-01 
+7.1572827650292892e-01 +6.6686764210340910e-01 
+7.0233445482243551e-01 +6.8130047467859556e-01 
+6.9817649585593822e-01 +6.8527045133538156e-01 
+7.0025397750086871e-01 +6.8328215491182986e-01 
+7.0016152862086567e-01 +6.8323431774593235e-01 
+6.9610299746949389e-01 +6.8726509375735600e-01 
+6.9619928394399244e-01 +6.8731209427695084e-01 
+6.9610299746949389e-01 +6.8726509375735600e-01 
+6.9197222379894796e-01 +6.9127236850511353e-01 
+6.9197222379894796e-01 +6.9127236850511353e-01 
+7.0615280449317797e-01 +6.7716159885466931e-01 
+7.0815866826794460e-01 +6.7515016278978968e-01 
+7.0807320893983083e-01 +6.7510057590959116e-01 
+7.0415069775731620e-01 +6.7917962210551308e-01 
+7.0423954398236288e-01 +6.7922832103545749e-01 
+7.1193160420147739e-01 +6.7099673513609415e-01 
+7.1193160420147739e-01 +6.7099673513609415e-01 
+7.0807320893983083e-01 +6.7510057590959116e-01 
+5.6176435410815517e-01 +7.7954794585672460e-01 
+5.5960181636909345e-01 +7.8041817242350209e-01 
+5.5971272746447831e-01 +7.8042619790796131e-01 
+5.5573603434095609e-01 +7.8219378840804188e-01 
+5.5561944225813364e-01 +7.8218581720946345e-01 
+8.7478243823220692e-01 +3.4879716865605426e-01 
+8.7632138234037960e-01 +3.4273002031658989e-01 
+8.7631657622095360e-01 +3.4263522566769078e-01 
+8.7528864278009977e-01 +3.4664224640731933e-01 
+8.7529348854805522e-01 +3.4673379329141407e-01 
+5.5561944225813364e-01 +7.8218581720946345e-01 
+5.5154957328187748e-01 +7.8394947637075219e-01 
+5.5154957328187748e-01 +7.8394947637075219e-01 
+8.7734090501746198e-01 +3.3858079942733466e-01 
+8.7734090501746198e-01 +3.3858079942733466e-01 
+8.7631657622095360e-01 +3.4263522566769078e-01 
+8.7270222434264977e-01 +3.5645231061736404e-01 
+9.0606556970581986e-01 +1.8237466996803586e-01 
+4.5116362138385785e-01 +8.1588892824109227e-01 
+8.7528864278009977e-01 +3.4664224640731933e-01 
+8.7425707495753024e-01 +3.5060348616661541e-01 
+8.7425707495753024e-01 +3.5060348616661541e-01 
+5.6918986491967316e-01 +7.7598042395035294e-01 
+5.6350096151068774e-01 +7.7864651486952252e-01 
+5.6350096151068774e-01 +7.7864651486952252e-01 
+5.5960181636909345e-01 +7.8041817242350209e-01 
+8.7062696073847301e-01 +3.6427676368155149e-01 
+8.7218788312329898e-01 +3.5847751138491046e-01 
+8.7218291527417469e-01 +3.5839467428836158e-01 
+8.7114026197416461e-01 +3.6222744528503376e-01 
+8.7114527159362787e-01 +3.6230768173812911e-01 
+9.0606556970581986e-01 +1.8237466996803586e-01 
+9.0513389327552429e-01 +1.8949344640944543e-01 
+8.7322184262853975e-01 +3.5452047877198867e-01 
+8.7322184262853975e-01 +3.5452047877198867e-01 
+8.7218291527417469e-01 +3.5839467428836158e-01 
+8.6959142146712520e-01 +3.6823645339252831e-01 
+8.6748375202434036e-01 +3.7564935308106445e-01 
+8.7062696073847301e-01 +3.6427676368155149e-01 
+8.6851648151455541e-01 +3.7162722343835031e-01 
+8.7114026197416461e-01 +3.6222744528503376e-01 
+8.7009385139969064e-01 +3.6602009251160950e-01 
+8.7009385139969064e-01 +3.6602009251160950e-01 
+4.5872551787014626e-01 +8.1419798684787303e-01 
+5.7671574021719219e-01 +7.7242923391730778e-01 
+5.7473709807796647e-01 +7.7330718949373090e-01 
+5.7482912228346283e-01 +7.7331543841171302e-01 
+5.7116131452947150e-01 +7.7509924342753034e-01 
+5.7106507029664988e-01 +7.7509105133169465e-01 
+8.6641112213389693e-01 +3.7912697301017789e-01 
+8.6799476932321418e-01 +3.7356308743780409e-01 
+8.6798963102478566e-01 +3.7348989000361821e-01 
+8.6693175645655052e-01 +3.7716932676425052e-01 
+8.6693693880503031e-01 +3.7724040362159633e-01 
+5.7106507029664988e-01 +7.7509105133169465e-01 
+5.6732082565378250e-01 +7.7687081709468553e-01 
+5.6732082565378250e-01 +7.7687081709468553e-01 
+8.6904365180598941e-01 +3.6977385005047275e-01 
+8.6904365180598941e-01 +3.6977385005047275e-01 
+8.6798963102478566e-01 +3.7348989000361821e-01 
+8.6426932989409300e-01 +3.8620633948258459e-01 
+9.0420317498609803e-01 +1.9689698905613934e-01 
+8.6693175645655052e-01 +3.7716932676425052e-01 
+8.6586999506257856e-01 +3.8081322091724157e-01 
+8.6586999506257856e-01 +3.8081322091724157e-01 
+5.8741086197783732e-01 +7.6706798337789517e-01 
+5.8049314732150870e-01 +7.7066011969895032e-01 
+5.8361115166050548e-01 +7.6882837805203930e-01 
+5.7671574021719219e-01 +7.7242923391730778e-01 
+5.7834007710340674e-01 +7.7151920316928124e-01 
+5.7834007710340674e-01 +7.7151920316928124e-01 
+5.7473709807796647e-01 +7.7330718949373090e-01 
+4.6550407760662493e-01 +8.1249644399122034e-01 
+4.5872551787014626e-01 +8.1419798684787303e-01 
+8.6213283636636429e-01 +3.9341863791321807e-01 
+8.6373999551908509e-01 +3.8806366792183361e-01 
+8.6373467739788479e-01 +3.8799837580748098e-01 
+8.6266105277994354e-01 +3.9154151932208930e-01 
+8.6266641740399530e-01 +3.9160505547336050e-01 
+9.0326570190674915e-01 +2.0354861326019705e-01 
+8.6480431335688046e-01 +3.8442258280710501e-01 
+8.6480431335688046e-01 +3.8442258280710501e-01 
+8.6373467739788479e-01 +3.8799837580748098e-01 
+8.6106683960614872e-01 +3.9706379437269906e-01 
+8.5889565094093523e-01 +4.0395117447654472e-01 
+8.6213283636636429e-01 +3.9341863791321807e-01 
+8.5995862529306999e-01 +4.0025476900666301e-01 
+8.6266105277994354e-01 +3.9154151932208930e-01 
+8.6158340462463689e-01 +3.9505289154362150e-01 
+8.6158340462463689e-01 +3.9505289154362150e-01 
+5.9059052536935797e-01 +7.6524431423948480e-01 
+5.8876331951584704e-01 +7.6613020817982902e-01 
+5.8884105944763576e-01 +7.6613869109462451e-01 
+5.8543148217070617e-01 +7.6793916514695382e-01 
+5.8535051521946291e-01 +7.6793074175961440e-01 
+8.5778990182321047e-01 +4.0721026199609789e-01 
+8.5942140380542720e-01 +4.0204235761181562e-01 
+8.5941589577075450e-01 +4.0198364386689694e-01 
+8.5832596287027629e-01 +4.0540459619075520e-01 
+8.5833152005067725e-01 +4.0546183651638773e-01 
+5.8535051521946291e-01 +7.6793074175961440e-01 
+5.8187696244767650e-01 +7.6972706361685916e-01 
+5.8187696244767650e-01 +7.6972706361685916e-01 
+8.6050169757186956e-01 +3.9853333199401253e-01 
+8.6050169757186956e-01 +3.9853333199401253e-01 
+8.5941589577075450e-01 +4.0198364386689694e-01 
+4.7238563158686597e-01 +8.1079845733400036e-01 
+8.5558210347349140e-01 +4.1382656218350333e-01 
+9.0232920092828262e-01 +2.1042910074523388e-01 
+8.5832596287027629e-01 +4.0540459619075520e-01 
+8.5723186200972901e-01 +4.0879692582924260e-01 
+8.5723186200972901e-01 +4.0879692582924260e-01 
+5.9703627244696278e-01 +7.6160917237260861e-01 
+5.9211779754252902e-01 +7.6432543311329670e-01 
+5.9211779754252902e-01 +7.6432543311329670e-01 
+5.8876331951584704e-01 +7.6613020817982902e-01 
+8.5337999242305740e-01 +4.2055081854544812e-01 
+8.5503671518517865e-01 +4.1555168485854943e-01 
+8.5503100635813944e-01 +4.1549851465915549e-01 
+8.5392417520786990e-01 +4.1880910276124544e-01 
+8.5392993603264100e-01 +4.1886102231877426e-01 
+9.0232920092828262e-01 +2.1042910074523388e-01 
+9.0138584634507124e-01 +2.1669404626839467e-01 
+8.5613355580892092e-01 +4.1216133933343285e-01 
+8.5613355580892092e-01 +4.1216133933343285e-01 
+8.5503100635813944e-01 +4.1549851465915549e-01 
+8.5228136376321073e-01 +4.2394569725834547e-01 
+8.5004200352009895e-01 +4.3040507267462913e-01 
+8.5337999242305740e-01 +4.2055081854544812e-01 
+8.5113737079110452e-01 +4.2696717324011779e-01 
+4.7862971700969920e-01 +8.0908973530156625e-01 
+8.5392417520786990e-01 +4.1880910276124544e-01 
+8.5281302335825926e-01 +4.2209372907531617e-01 
+8.5281302335825926e-01 +4.2209372907531617e-01 
+6.0355344724518933e-01 +7.5799130476471066e-01 
+6.0185334200703222e-01 +7.5888535603241625e-01 
+6.0191999612749958e-01 +7.5889408421993565e-01 
+5.9872991522464492e-01 +7.6071170346710137e-01 
+5.9866073387884855e-01 +7.6070303769615832e-01 
+8.4890064781966412e-01 +4.3348178794655140e-01 
+8.5058352011099025e-01 +4.2863592578884246e-01 
+8.5057759874485650e-01 +4.2858747866449842e-01 
+8.4945324513113141e-01 +4.3179773716049386e-01 
+8.4945922157753817e-01 +4.3184511197465342e-01 
+5.9866073387884855e-01 +7.6070303769615832e-01 
+5.9541622313469822e-01 +7.6251638644358222e-01 
+5.9541622313469822e-01 +7.6251638644358222e-01 
+8.5169751124831883e-01 +4.2535299489660561e-01 
+8.5169751124831883e-01 +4.2535299489660561e-01 
+8.5057759874485650e-01 +4.2858747866449842e-01 
+8.4662189389560982e-01 +4.3971526068661365e-01 
+9.0044347814507508e-01 +2.2314818492972230e-01 
+8.4945324513113141e-01 +4.3179773716049386e-01 
+8.4832440909522244e-01 +4.3498430662663989e-01 
+8.4832440909522244e-01 +4.3498430662663989e-01 
+6.1290240094248649e-01 +7.5252806002622719e-01 
+6.0682489516542437e-01 +7.5618924028921530e-01 
+6.0961235505717104e-01 +7.5432087866242303e-01 
+6.0355344724518933e-01 +7.5799130476471066e-01 
+4.8495819856902944e-01 +8.0738461458145461e-01 
+8.4434926260835719e-01 +4.4603866806601750e-01 
+8.4605926807077947e-01 +4.4133281099602845e-01 
+8.4605312146139744e-01 +4.4128842694447962e-01 
+8.4491058415486098e-01 +4.4440695665856778e-01 
+8.4491678918171731e-01 +4.4445041306711125e-01 
+8.9949415523479981e-01 +2.2908640600478475e-01 
+6.0499594421087610e-01 +7.5706331024354689e-01 
+6.0499594421087610e-01 +7.5706331024354689e-01 
+6.0185334200703222e-01 +7.5888535603241625e-01 
+8.4719104871810047e-01 +4.3814770381079438e-01 
+8.4719104871810047e-01 +4.3814770381079438e-01 
+8.4605312146139744e-01 +4.4128842694447962e-01 
+8.4321557347651133e-01 +4.4922835495104635e-01 
+8.4090283061291982e-01 +4.5533048625619860e-01 
+8.4434926260835719e-01 +4.4603866806601750e-01 
+8.4203298836990559e-01 +4.5210402999391236e-01 
+8.4491058415486098e-01 +4.4440695665856778e-01 
+8.4376339298348535e-01 +4.4750375684155985e-01 
+8.4376339298348535e-01 +4.4750375684155985e-01 
+8.3972307440942573e-01 +4.5825211496572105e-01 
+8.4146125609811295e-01 +4.5367480395955634e-01 
+8.4145487048286616e-01 +4.5363394523856210e-01 
+8.4029344817928719e-01 +4.5666818452267266e-01 
+8.4029989583111631e-01 +4.5670823435287772e-01 
+6.1573287471936877e-01 +7.5066823255731852e-01 
+6.1414112935403575e-01 +7.5157067035283975e-01 
+6.1419899350421958e-01 +7.5157965586463682e-01 
+6.1119807545328875e-01 +7.5341491957245976e-01 
+6.1113819223119914e-01 +7.5340599956654353e-01 
+4.9075652533341096e-01 +8.0566862173125409e-01 
+4.8495819856902944e-01 +8.0738461458145461e-01 
+8.4261150347430869e-01 +4.5057927544479759e-01 
+8.4261150347430869e-01 +4.5057927544479759e-01 
+8.4145487048286616e-01 +4.5363394523856210e-01 
+8.3736780617312734e-01 +4.6416225330457045e-01 
+6.1113819223119914e-01 +7.5340599956654353e-01 
+6.0809033050236272e-01 +7.5523686874428964e-01 
+6.0809033050236272e-01 +7.5523686874428964e-01 
+8.9854583332262727e-01 +2.3518445435931817e-01 
+8.4029344817928719e-01 +4.5666818452267266e-01 
+8.3912719003402758e-01 +4.5968239779488762e-01 
+8.3912719003402758e-01 +4.5968239779488762e-01 
+8.9854583332262727e-01 +2.3518445435931817e-01 
+8.9759045323090092e-01 +2.4084196715732284e-01 
+8.3501915068388222e-01 +4.7014881870655972e-01 
+8.3678661607006966e-01 +4.6569007554566277e-01 
+8.3677997651364200e-01 +4.6565229902330413e-01 
+8.3559892444726469e-01 +4.6860873244825813e-01 
+8.3560562997214549e-01 +4.6864579859309596e-01 
+6.2145501806855219e-01 +7.4696147459558460e-01 
+6.1710065703841344e-01 +7.4973084834966985e-01 
+6.1710065703841344e-01 +7.4973084834966985e-01 
+6.1414112935403575e-01 +7.5157067035283975e-01 
+8.3795604880322105e-01 +4.6267697638012939e-01 
+8.3795604880322105e-01 +4.6267697638012939e-01 
+8.3677997651364200e-01 +4.6565229902330413e-01 
+8.3384767606556276e-01 +4.7316636016223029e-01 
+8.3145568521905511e-01 +4.7896448948529224e-01 
+8.3501915068388222e-01 +4.7014881870655972e-01 
+8.3262332173155296e-01 +4.7591505633759479e-01 
+8.3559892444726469e-01 +4.6860873244825813e-01 
+8.3441284312540498e-01 +4.7154663188520418e-01 
+8.3441284312540498e-01 +4.7154663188520418e-01 
+4.9662545566590111e-01 +8.0395627626823796e-01 
+8.3023437411463752e-01 +4.8175218567084865e-01 
+8.3203230063417377e-01 +4.7740325842786174e-01 
+8.3202539089904270e-01 +4.7736819520861551e-01 
+8.3082391708505776e-01 +4.8025251643452505e-01 
+8.3083089706831736e-01 +4.8028695177812530e-01 
+8.3322168229243332e-01 +4.7446634156876594e-01 
+8.3322168229243332e-01 +4.7446634156876594e-01 
+8.3202539089904270e-01 +4.7736819520861551e-01 
+8.2779631649702190e-01 +4.8738453433080520e-01 
+8.9663608909536874e-01 +2.4663684321536389e-01 
+6.2723092869629604e-01 +7.4327302754111213e-01 
+6.2573278587755754e-01 +7.4418409198340063e-01 
+6.2578355321417689e-01 +7.4419334771664425e-01 
+6.2294756434376852e-01 +7.4604677985930912e-01 
+6.2289515635256065e-01 +7.4603759293962812e-01 
+8.3082391708505776e-01 +4.8025251643452505e-01 
+8.2961720816176898e-01 +4.8311961921751301e-01 
+8.2961720816176898e-01 +4.8311961921751301e-01 
+6.2289515635256065e-01 +7.4603759293962812e-01 
+6.2001821167374194e-01 +7.4788650040066551e-01 
+6.2001821167374194e-01 +7.4788650040066551e-01 
+8.9567456087126529e-01 +2.5204984600715169e-01 
+8.2536542635972221e-01 +4.9308287715522903e-01 
+8.2719506758112971e-01 +4.8883603924928720e-01 
+8.2718786998033345e-01 +4.8880337941685176e-01 
+8.2596513103614644e-01 +4.9162061996730461e-01 
+8.2597240355245849e-01 +4.9165272161101398e-01 
+5.0204566127709105e-01 +8.0223291899193383e-01 
+8.2840521059377781e-01 +4.8596980826863484e-01 
+8.2840521059377781e-01 +4.8596980826863484e-01 
+8.2718786998033345e-01 +4.8880337941685176e-01 
+8.2415309320262664e-01 +4.9595333530848640e-01 
+8.2167521733942395e-01 +5.0148869944302887e-01 
+8.2536542635972221e-01 +4.9308287715522903e-01 
+8.2288336176361088e-01 +4.9859024033859267e-01 
+6.3557153372106334e-01 +7.3770173920525295e-01 
+6.3012998212487803e-01 +7.4143610226932100e-01 
+6.3265691255740109e-01 +7.3952883721594675e-01 
+6.2723092869629604e-01 +7.4327302754111213e-01 
+8.2596513103614644e-01 +4.9162061996730461e-01 
+8.2473693757166000e-01 +4.9442180904121852e-01 
+8.2473693757166000e-01 +4.9442180904121852e-01 
+6.2853233134312314e-01 +7.4232596312458077e-01 
+6.2853233134312314e-01 +7.4232596312458077e-01 
+6.2573278587755754e-01 +7.4418409198340063e-01 
+8.2040876995286216e-01 +5.0415923955441400e-01 
+8.2227146245064320e-01 +5.0000762921991448e-01 
+8.2226395767990756e-01 +4.9997711024463154e-01 
+8.2101905416666499e-01 +5.0273174252119013e-01 
+8.2102663895360339e-01 +5.0276176262955674e-01 
+8.2350323247276036e-01 +4.9720721789857875e-01 
+8.2350323247276036e-01 +4.9720721789857875e-01 
+8.2226395767990756e-01 +4.9997711024463154e-01 
+8.1788079949894321e-01 +5.0954957679987867e-01 
+8.9471406391573705e-01 +2.5758256982791450e-01 
+8.2101905416666499e-01 +5.0273174252119013e-01 
+8.1976846191760899e-01 +5.0547136418365790e-01 
+8.1976846191760899e-01 +5.0547136418365790e-01 
+5.0752593020250159e-01 +8.0051325616861368e-01 
+6.3813028606711486e-01 +7.3580351566987312e-01 
+6.3671390450559129e-01 +7.3672345853718690e-01 
+6.3675885271929100e-01 +7.3673299831250616e-01 
+6.3406810171448902e-01 +7.3860514931889110e-01 
+6.3402180078203696e-01 +7.3859568190344849e-01 
+6.3402180078203696e-01 +7.3859568190344849e-01 
+6.3129496433443255e-01 +7.4046317152406926e-01 
+6.3129496433443255e-01 +7.4046317152406926e-01 
+8.9471406391573705e-01 +2.5758256982791450e-01 
+8.9374629444375209e-01 +2.6278012976678577e-01 
+8.1536062808941778e-01 +5.1499765164464517e-01 
+8.1725779912261021e-01 +5.1093514231044868e-01 
+8.1724996606835187e-01 +5.1090654012474523e-01 
+8.1598193728440194e-01 +5.1360256069187737e-01 
+8.1598985594108941e-01 +5.1363071486825784e-01 
+8.1851211990559403e-01 +5.0819621796461301e-01 
+8.1851211990559403e-01 +5.0819621796461301e-01 
+8.1724996606835187e-01 +5.1090654012474523e-01 
+8.1410395178965089e-01 +5.1774056100005583e-01 
+8.1153263686633548e-01 +5.2304586161990152e-01 
+8.1536062808941778e-01 +5.1499765164464517e-01 
+8.1278472090550991e-01 +5.2027811281369052e-01 
+8.1598193728440194e-01 +5.1360256069187737e-01 
+8.1470796934824619e-01 +5.1628450368875511e-01 
+8.1470796934824619e-01 +5.1628450368875511e-01 
+6.4329352723582056e-01 +7.3202073578412419e-01 
+6.3937229047655997e-01 +7.3484646524466712e-01 
+6.3937229047655997e-01 +7.3484646524466712e-01 
+6.3671390450559129e-01 +7.3672345853718690e-01 
+8.1021696199111604e-01 +5.2561280767796004e-01 
+8.1215013810416448e-01 +5.2163390228514428e-01 
+8.1214195362319819e-01 +5.2160702433053829e-01 
+8.1084977176944983e-01 +5.2424802190090714e-01 
+8.1085804798467342e-01 +5.2427449573115947e-01 
+5.1262084406194974e-01 +7.9878243883193800e-01 
+5.0752593020250159e-01 +8.0051325616861368e-01 
+8.1342799694482371e-01 +5.1895258735024552e-01 
+8.1342799694482371e-01 +5.1895258735024552e-01 
+8.1214195362319819e-01 +5.2160702433053829e-01 
+8.0759094237824869e-01 +5.3078984365661619e-01 
+8.9277957191855606e-01 +2.6808325354622597e-01 
+8.1084977176944983e-01 +5.2424802190090714e-01 
+8.0955138257874282e-01 +5.2687578213855102e-01 
+8.0955138257874282e-01 +5.2687578213855102e-01 
+8.9180546584774623e-01 +2.7308912158536941e-01 
+8.0497344548948524e-01 +5.3601795020714571e-01 
+8.0694426217298987e-01 +5.3211769427770250e-01 
+8.0693570083891408e-01 +5.3209237402856335e-01 
+8.0561826446197893e-01 +5.3468158544917765e-01 
+8.0562692427703708e-01 +5.3470653966880777e-01 
+6.4849889633325364e-01 +7.2825741146797762e-01 
+6.4715462044340333e-01 +7.2918649700444083e-01 
+6.4719473291952423e-01 +7.2919633565271036e-01 
+6.4463298461880569e-01 +7.3108778431466037e-01 
+6.4459174262408570e-01 +7.3107802183381265e-01 
+8.0824671602653730e-01 +5.2949050210700332e-01 
+8.0824671602653730e-01 +5.2949050210700332e-01 
+8.0693570083891408e-01 +5.3209237402856335e-01 
+8.0366845096053730e-01 +5.3864888269037792e-01 
+8.0099504409612898e-01 +5.4375056709979419e-01 
+8.0497344548948524e-01 +5.3601795020714571e-01 
+8.0229497846551068e-01 +5.4109740489587899e-01 
+6.4459174262408570e-01 +7.3107802183381265e-01 
+6.4199792782643217e-01 +7.3296466538202665e-01 
+6.4199792782643217e-01 +7.3296466538202665e-01 
+8.0561826446197893e-01 +5.3468158544917765e-01 
+8.0429433303031206e-01 +5.3725831939617119e-01 
+8.0429433303031206e-01 +5.3725831939617119e-01 
+5.1776756710538174e-01 +7.9705536403508026e-01 
+7.9962543640338157e-01 +5.4622506313115093e-01 
+8.0163564897700224e-01 +5.4239897267759962e-01 
+8.0162668278718940e-01 +5.4237506528480650e-01 
+8.0028280938919427e-01 +5.4491542201481868e-01 
+8.0029188150185204e-01 +5.4493899662916423e-01 
+8.0296383133442517e-01 +5.3982275452920436e-01 
+8.0296383133442517e-01 +5.3982275452920436e-01 
+8.0162668278718940e-01 +5.4237506528480650e-01 
+7.9689201136907128e-01 +5.5121225044541111e-01 
+6.5605264474326230e-01 +7.2257140774846385e-01 
+6.5111112512254421e-01 +7.2638352301807840e-01 
+6.5342725168156079e-01 +7.2443482395719405e-01 
+6.4849889633325364e-01 +7.2825741146797762e-01 
+8.9083242277979524e-01 +2.7818898671361147e-01 
+6.4968740874001574e-01 +7.2729005280945480e-01 
+6.4968740874001574e-01 +7.2729005280945480e-01 
+6.4715462044340333e-01 +7.2918649700444083e-01 
+8.0028280938919427e-01 +5.4491542201481868e-01 
+7.9893213169299493e-01 +5.4744399111905551e-01 
+7.9893213169299493e-01 +5.4744399111905551e-01 
+8.9083242277979524e-01 +2.7818898671361147e-01 
+8.8985188244995339e-01 +2.8302286136686661e-01 
+7.9416794420783021e-01 +5.5624503295974548e-01 
+7.9621944011758994e-01 +5.5248903425358997e-01 
+7.9621003815339608e-01 +5.5246641304715305e-01 
+7.9483845583673296e-01 +5.5496058002925985e-01 
+7.9484797195404355e-01 +5.5498289762848574e-01 
+5.2257929693527794e-01 +7.9531698891591573e-01 
+7.9757456876620625e-01 +5.4996093517247790e-01 
+7.9757456876620625e-01 +5.4996093517247790e-01 
+7.9621003815339608e-01 +5.5246641304715305e-01 
+7.9281006676368149e-01 +5.5877663678668044e-01 
+7.9002458621920446e-01 +5.6369645160864346e-01 
+7.9416794420783021e-01 +5.5624503295974548e-01 
+7.9137685643203082e-01 +5.6114480171978287e-01 
+7.9483845583673296e-01 +5.5496058002925985e-01 
+7.9345973619533505e-01 +5.5744358793138238e-01 
+7.9345973619533505e-01 +5.5744358793138238e-01 
+6.5839333832182068e-01 +7.2063230986864546e-01 
+6.5711318443666444e-01 +7.2157081566381009e-01 
+6.5714923112992640e-01 +7.2158096912311720e-01 
+6.5470292941825337e-01 +7.2349232468440339e-01 
+6.5466592905427601e-01 +7.2348225148656609e-01 
+6.5466592905427601e-01 +7.2348225148656609e-01 
+6.5219091905408000e-01 +7.2538865066658020e-01 
+6.5219091905408000e-01 +7.2538865066658020e-01 
+7.8859559339626939e-01 +5.6608778446337393e-01 
+7.9069040615498332e-01 +5.6239816336322535e-01 
+7.9068053418616135e-01 +5.6237671702065528e-01 
+7.8927987217630591e-01 +5.6482712541420355e-01 
+7.8928986742578622e-01 +5.6484829386267754e-01 
+7.9207379196327199e-01 +5.5991558520032392e-01 
+7.9207379196327199e-01 +5.5991558520032392e-01 
+7.9068053418616135e-01 +5.6237671702065528e-01 
+7.8574392295747197e-01 +5.7090457342114043e-01 
+8.8887242156942470e-01 +2.8794113762619145e-01 
+7.8927987217630591e-01 +5.6482712541420355e-01 
+7.8787171346630880e-01 +5.6726694933567390e-01 
+7.8787171346630880e-01 +5.6726694933567390e-01 
+6.6311029300306723e-01 +7.1676863122338919e-01 
+8.8788534693413956e-01 +2.9261956835507175e-01 
+5.2743623947697360e-01 +7.9358240547571979e-01 
+6.5953340069070032e-01 +7.1965430306675826e-01 
+6.5953340069070032e-01 +7.1965430306675826e-01 
+6.5711318443666444e-01 +7.2157081566381009e-01 
+7.8290258182188177e-01 +5.7576239550916752e-01 
+7.8504290686610667e-01 +5.7213575455801913e-01 
+7.8503252688835190e-01 +5.7211538479369461e-01 
+7.8360130474707712e-01 +5.7452425971406984e-01 
+7.8361181815789893e-01 +5.7454437434901406e-01 
+7.8645596376110671e-01 +5.6969632476458520e-01 
+7.8645596376110671e-01 +5.6969632476458520e-01 
+7.8503252688835190e-01 +5.7211538479369461e-01 
+7.8148654127827610e-01 +5.7820510878466080e-01 
+7.7857738187731118e-01 +5.8296119081805098e-01 
+7.8290258182188177e-01 +5.7576239550916752e-01 
+7.7998716957067482e-01 +5.8050028028349310e-01 
+7.8360130474707712e-01 +5.7452425971406984e-01 
+7.8216219725456826e-01 +5.7692307709696622e-01 
+7.8216219725456826e-01 +5.7692307709696622e-01 
+7.7708263316050952e-01 +5.8527719485612317e-01 
+7.7927084595238771e-01 +5.8171041674040347e-01 
+7.7925991564434494e-01 +5.8169103640632447e-01 
+7.7779653094769807e-01 +5.8406042057123331e-01 
+7.7780760601631982e-01 +5.8407956601306887e-01 
+7.8071510229137009e-01 +5.7931196187265277e-01 
+7.8071510229137009e-01 +5.7931196187265277e-01 
+7.7925991564434494e-01 +5.8169103640632447e-01 
+7.7410005317717379e-01 +5.8993992818358532e-01 
+6.6786126408560142e-01 +7.1292567726727651e-01 
+6.6663855023435881e-01 +7.1387389521690847e-01 
+6.6667114311863784e-01 +7.1388438064114246e-01 
+6.6432884251402813e-01 +7.1581628508846307e-01 
+6.6429543649228817e-01 +7.1580588433457404e-01 
+8.8689936859806573e-01 +2.9737433562703963e-01 
+5.3199892985500130e-01 +7.9183637269972573e-01 
+5.2743623947697360e-01 +7.9358240547571979e-01 
+7.7779653094769807e-01 +5.8406042057123331e-01 
+7.7632483962188559e-01 +5.8642023181915881e-01 
+7.7632483962188559e-01 +5.8642023181915881e-01 
+6.6429543649228817e-01 +7.1580588433457404e-01 
+6.6192726474348706e-01 +7.1773267302807486e-01 
+6.6192726474348706e-01 +7.1773267302807486e-01 
+8.8689936859806573e-01 +2.9737433562703963e-01 
+8.8590565714450509e-01 +3.0191138354213870e-01 
+7.7112894246051111e-01 +5.9463984590026620e-01 
+7.7336761923093367e-01 +5.9113006215487851e-01 
+7.7335609131369054e-01 +5.9111159366896504e-01 
+7.7185880552205766e-01 +5.9344336766636363e-01 
+7.7187049088023629e-01 +5.9346161931926833e-01 
+7.7484473081030747e-01 +5.8877058524833814e-01 
+7.7484473081030747e-01 +5.8877058524833814e-01 
+7.7335609131369054e-01 +5.9111159366896504e-01 
+7.6964858118018398e-01 +5.9700240117579195e-01 
+7.6660213187412340e-01 +6.0161006331184175e-01 
+7.7112894246051111e-01 +5.9463984590026620e-01 
+7.6807547036966706e-01 +5.9923089232890325e-01 
+6.7478180640574370e-01 +7.0711757053282098e-01 
+6.7024499621485156e-01 +7.1101250335332189e-01 
+6.7238681574961923e-01 +7.0901955350315349e-01 
+6.6786126408560142e-01 +7.1292567726727651e-01 
+7.7185880552205766e-01 +5.9344336766636363e-01 
+7.7035275534417580e-01 +5.9576601566193765e-01 
+7.7035275534417580e-01 +5.9576601566193765e-01 
+6.6895721600230895e-01 +7.1193666333900363e-01 
+6.6895721600230895e-01 +7.1193666333900363e-01 
+6.6663855023435881e-01 +7.1387389521690847e-01 
+7.6503411352443829e-01 +6.0385741875967103e-01 
+7.6732605513871799e-01 +6.0040198282728718e-01 
+7.6731387661656303e-01 +6.0038435686449787e-01 
+7.6578079880547989e-01 +6.0268025661394642e-01 
+7.6579314901312034e-01 +6.0269768191738116e-01 
+7.6883782013436686e-01 +5.9807964397198921e-01 
+7.6883782013436686e-01 +5.9807964397198921e-01 
+7.6731387661656303e-01 +6.0038435686449787e-01 
+7.6190568988785823e-01 +6.0837998469487264e-01 
+5.3660147001866432e-01 +7.9009418182669311e-01 
+8.8491305925711572e-01 +3.0651791177787552e-01 
+7.6578079880547989e-01 +6.0268025661394642e-01 
+7.6423845792477185e-01 +6.0496744355427345e-01 
+7.6423845792477185e-01 +6.0496744355427345e-01 
+8.8391260592236331e-01 +3.1092564262271499e-01 
+6.7694321398897339e-01 +7.0513484169561791e-01 
+6.7577228747757379e-01 +7.0609307905303653e-01 
+6.7580191946522150e-01 +7.0610391493378488e-01 
+6.7355386121642591e-01 +7.0805704551421411e-01 
+6.7352352983289465e-01 +7.0804629905933703e-01 
+7.5879008659125713e-01 +6.1293645262336816e-01 
+7.6113834612473452e-01 +6.0953291654995723e-01 
+7.6112545738048509e-01 +6.0951607094582461e-01 
+7.5955452542721791e-01 +6.1177770281409405e-01 
+7.5956760191836648e-01 +6.1179436229270745e-01 
+6.7352352983289465e-01 +7.0804629905933703e-01 
+6.7125202081244983e-01 +7.0999414578723496e-01 
+6.7125202081244983e-01 +7.0999414578723496e-01 
+7.6268672232203216e-01 +6.0724601613003149e-01 
+7.6268672232203216e-01 +6.0724601613003149e-01 
+7.6112545738048509e-01 +6.0951607094582461e-01 
+7.5723815819475060e-01 +6.1522624260199132e-01 
+7.5403829795513944e-01 +6.1969855280692343e-01 
+7.5879008659125713e-01 +6.1293645262336816e-01 
+7.5558227442227655e-01 +6.1739351246459762e-01 
+7.5955452542721791e-01 +6.1177770281409405e-01 
+7.5797378563778173e-01 +6.1403100480132156e-01 
+7.5797378563778173e-01 +6.1403100480132156e-01 
+5.4094322100851921e-01 +7.8834038930035732e-01 
+7.5238805443957835e-01 +6.2188300992401424e-01 
+7.5479596918465774e-01 +6.1852910410839956e-01 
+7.5478230289573245e-01 +6.1851298293541113e-01 
+7.5317126162359238e-01 +6.2074183688033746e-01 
+7.5318513384149999e-01 +6.2075778502954149e-01 
+6.8129454225362063e-01 +7.0118484281519611e-01 
+7.5638309393699088e-01 +6.1627606827271098e-01 
+7.5638309393699088e-01 +6.1627606827271098e-01 
+7.5478230289573245e-01 +6.1851298293541113e-01 
+7.4909598965672142e-01 +6.2627732889624310e-01 
+6.7799881843177845e-01 +7.0413444105440304e-01 
+6.7799881843177845e-01 +7.0413444105440304e-01 
+6.7577228747757379e-01 +7.0609307905303653e-01 
+8.8291328385200918e-01 +3.1539696686089652e-01 
+7.5317126162359238e-01 +6.2074183688033746e-01 
+7.5154981565708845e-01 +6.2296271662264580e-01 
+7.5154981565708845e-01 +6.2296271662264580e-01 
+8.8291328385200918e-01 +3.1539696686089652e-01 
+8.8190598093577433e-01 +3.1968582541046170e-01 
+7.4581836459002904e-01 +6.3070272360729129e-01 
+7.4828959338655832e-01 +6.2739633912955406e-01 
+7.4827507321861519e-01 +6.2738089191507673e-01 
+7.4662144888248583e-01 +6.2957835296317077e-01 
+7.4663619564969486e-01 +6.2959363899994070e-01 
+7.4991780684329346e-01 +6.2517570714091353e-01 
+7.4991780684329346e-01 +6.2517570714091353e-01 
+7.4827507321861519e-01 +6.2738089191507673e-01 
+7.4418625393398297e-01 +6.3292607196080442e-01 
+7.4081367579122492e-01 +6.3727428818887988e-01 
+7.4581836459002904e-01 +6.3070272360729129e-01 
+7.4243669793822231e-01 +6.3503687778384399e-01 
+7.4662144888248583e-01 +6.2957835296317077e-01 
+7.4495676386570242e-01 +6.3176817087692205e-01 
+7.4495676386570242e-01 +6.3176817087692205e-01 
+6.8567398864661600e-01 +6.9725698200883213e-01 
+6.8455002187441205e-01 +6.9822556253742551e-01 
+6.8457709470380035e-01 +6.9823676884114605e-01 
+6.8241488520229598e-01 +7.0021184083399812e-01 
+6.8238720608119852e-01 +7.0020072909417130e-01 
+5.4532039722262327e-01 +7.8659049001964765e-01 
+6.8238720608119852e-01 +7.0020072909417130e-01 
+6.8020362861435057e-01 +7.0217033972590615e-01 
+6.8020362861435057e-01 +7.0217033972590615e-01 
+7.3907040471875951e-01 +6.3940083854329843e-01 
+7.4160897171795881e-01 +6.3614001168179068e-01 
+7.4159351074053892e-01 +6.3612519274259982e-01 
+7.3989458108507289e-01 +6.3829255105151317e-01 
+7.3991029226778038e-01 +6.3830721955400016e-01 
+7.4328084399313910e-01 +6.3395042485623243e-01 
+7.4328084399313910e-01 +6.3395042485623243e-01 
+7.4159351074053892e-01 +6.3612519274259982e-01 
+7.3559323331300364e-01 +6.4367723247097430e-01 
+8.8089982742825557e-01 +3.2403317798533876e-01 
+7.3989458108507289e-01 +6.3829255105151317e-01 
+7.3818386734933372e-01 +6.4045257500386144e-01 
+7.3818386734933372e-01 +6.4045257500386144e-01 
+6.9207260420081085e-01 +6.9131855648308860e-01 
+6.8787088916615036e-01 +6.9530194687993963e-01 
+6.8986596983587667e-01 +6.9326159589128511e-01 
+6.8567398864661600e-01 +6.9725698200883213e-01 
+8.7988556450176270e-01 +3.2821227688248972e-01 
+7.3213246766356821e-01 +6.4798224794321335e-01 
+7.3474281391762153e-01 +6.4476514655784867e-01 
+7.3472631266969357e-01 +6.4475091443125909e-01 
+7.3297907159493381e-01 +6.4688937414467451e-01 
+7.3299585013869806e-01 +6.4690346559957801e-01 
+6.8669253082089377e-01 +6.9624479277262163e-01 
+6.8669253082089377e-01 +6.9624479277262163e-01 
+6.8455002187441205e-01 +6.9822556253742551e-01 
+7.3646117703841418e-01 +6.4260533855639324e-01 
+7.3646117703841418e-01 +6.4260533855639324e-01 
+7.3472631266969357e-01 +6.4475091443125909e-01 
+7.3040981310272790e-01 +6.5014461366427878e-01 
+7.2684110000502100e-01 +6.5437851619232956e-01 
+7.3213246766356821e-01 +6.4798224794321335e-01 
+7.2855325382336744e-01 +6.5220313021138776e-01 
+5.4946463356811126e-01 +7.8482883336063736e-01 
+5.4532039722262327e-01 +7.8659049001964765e-01 
+7.3297907159493381e-01 +6.4688937414467451e-01 
+7.3121924581426168e-01 +6.4902078803473107e-01 
+7.3121924581426168e-01 +6.4902078803473107e-01 
+7.2499159145328029e-01 +6.5645152549811348e-01 
+7.2767863608997507e-01 +6.5327643701222993e-01 
+7.2766098020094727e-01 +6.5326275396768207e-01 
+7.2586209581335148e-01 +6.5537344103515405e-01 
+7.2588006025131524e-01 +6.5538699230817310e-01 
+7.2944662178158270e-01 +6.5114522528838936e-01 
+7.2944662178158270e-01 +6.5114522528838936e-01 
+7.2766098020094727e-01 +6.5326275396768207e-01 
+7.2499159145328029e-01 +6.5645152549811348e-01 
+7.2130306585629489e-01 +6.6061900253744765e-01 
+8.7887246958986986e-01 +3.3244541787425314e-01 
+7.2586209581335148e-01 +6.5537344103515405e-01 
+7.2404973717342580e-01 +6.5747735237856886e-01 
+7.2404973717342580e-01 +6.5747735237856886e-01 
+6.9408370220806126e-01 +6.8928911596152398e-01 
+6.9300253710540272e-01 +6.9026838120055889e-01 
+6.9302738169434930e-01 +6.9027997952334486e-01 
+6.9094374476353848e-01 +6.9227774929859609e-01 
+6.9091837087214247e-01 +6.9226625110070494e-01 
+6.9091837087214247e-01 +6.9226625110070494e-01 
+6.8881517228409384e-01 +6.9425837184223260e-01 
+6.8881517228409384e-01 +6.9425837184223260e-01 
+8.7887246958986986e-01 +3.3244541787425314e-01 
+8.7785113340072463e-01 +3.3652276360509104e-01 
+7.1763336854179594e-01 +6.6481295383836991e-01 
+7.2038363900788682e-01 +6.6166510621366814e-01 
+7.2040258176657745e-01 +6.6167827459567563e-01 
+7.1854869106408237e-01 +6.6376212006136259e-01 
+7.1852940349630445e-01 +6.6374907531954286e-01 
+7.2222366641542446e-01 +6.5957455283490485e-01 
+7.2222366641542446e-01 +6.5957455283490485e-01 
+7.2038363900788682e-01 +6.6166510621366814e-01 
+7.1580754205723274e-01 +6.6691908801639377e-01 
+7.1201387515012371e-01 +6.7104723728036753e-01 
+7.1382741387528581e-01 +6.6892900218903062e-01 
+5.5364059802174503e-01 +7.8307112244378752e-01 
+7.1852940349630445e-01 +6.6374907531954286e-01 
+7.1666070123307124e-01 +6.6582652197440573e-01 
+7.1666070123307124e-01 +6.6582652197440573e-01 
+6.9812931060857575e-01 +6.8524674160603760e-01 
+6.9408370220806126e-01 +6.8928911596152398e-01 
+6.9506806804622601e-01 +6.8826471207812800e-01 
+6.9506806804622601e-01 +6.8826471207812800e-01 
+6.9300253710540272e-01 +6.9026838120055889e-01 
+7.1004171677051064e-01 +6.7307054981556824e-01 
+7.1289920757988601e-01 +6.6997477562468744e-01 
+7.1287882418024795e-01 +6.6996209043234944e-01 
+7.1096509350576265e-01 +6.7202033115476234e-01 
+7.1098586404277575e-01 +6.7203290015276018e-01 
+7.1477726609395265e-01 +6.6789750703872219e-01 
+7.1477726609395265e-01 +6.6789750703872219e-01 
+7.1287882418024795e-01 +6.6996209043234944e-01 
+7.0610922691789879e-01 +6.7713702706738155e-01 
+8.7683098430979123e-01 +3.4065023733929778e-01 
+7.1096509350576265e-01 +6.7202033115476234e-01 
+7.0903578366764408e-01 +6.7407228730472513e-01 
+7.0903578366764408e-01 +6.7407228730472513e-01 
+5.5760706830411955e-01 +7.8130149490846312e-01 
+8.7580245868260564e-01 +3.4463290927076001e-01 
+7.0219860235921083e-01 +6.8122808702996607e-01 
+7.0415069775731620e-01 +6.7917962210551308e-01 
+7.0515122471095659e-01 +6.7816980473857003e-01 
+7.0512922070963613e-01 +6.7815757389308517e-01 
+7.0315134149144487e-01 +6.8019101619508016e-01 
+7.0317378237245887e-01 +6.8020313767912555e-01 
+7.0709059550006148e-01 +6.7611801609942468e-01 
+7.0709059550006148e-01 +6.7611801609942468e-01 
+7.0512922070963613e-01 +6.7815757389308517e-01 
+7.0016152862086567e-01 +6.8323431774593235e-01 
+7.0117952167117226e-01 +6.8223041143022545e-01 
+7.0115663012432861e-01 +6.8221839768755865e-01 
+6.9914474854414221e-01 +6.8423977224260102e-01 
+6.9916810514302441e-01 +6.8425167983054980e-01 
+6.9914474854414221e-01 +6.8423977224260102e-01 
+6.9711534789347085e-01 +6.8625519293892134e-01 
+6.9711534789347085e-01 +6.8625519293892134e-01 
+8.7477513973185672e-01 +3.4866224612343583e-01 
+8.7477513973185672e-01 +3.4866224612343583e-01 
+8.7373930546440215e-01 +3.5255653997684938e-01 
+5.6160214285639665e-01 +7.7953586680233844e-01 
+8.7270469796387062e-01 +3.5649441708677920e-01 
+5.6540766302771461e-01 +7.7775815921029035e-01 
+5.6160214285639665e-01 +7.7953586680233844e-01 
+8.7166143271851326e-01 +3.6030596110592972e-01 
+8.7061941486128047e-01 +3.6415833177307594e-01 
+5.6923912197365589e-01 +7.7598450596313040e-01 
+8.7061941486128047e-01 +3.6415833177307594e-01 
+8.6956859305143663e-01 +3.6789218167350013e-01 
+8.6851903980093825e-01 +3.7166438058758616e-01 
+5.7289813831298986e-01 +7.7419860661858553e-01 
+8.6746053247227095e-01 +3.7532509783454066e-01 
+8.6640331544439142e-01 +3.7902192742918595e-01 
+5.7658079908565563e-01 +7.7241681780299676e-01 
+8.6640331544439142e-01 +3.7902192742918595e-01 
+8.6533699015044951e-01 +3.8261364428431904e-01 
+8.6427197749011109e-01 +3.8623944619408690e-01 
+5.8010582104051589e-01 +7.7062261241293684e-01 
+5.7658079908565563e-01 +7.7241681780299676e-01 
+8.6319769816209468e-01 +3.8976592016304779e-01 
+8.6212475441402581e-01 +3.9332463480717061e-01 
+5.8365249707278544e-01 +7.6883257504567748e-01 
+8.6212475441402581e-01 +3.9332463480717061e-01 
+8.6104238122433752e-01 +3.9678929452363909e-01 
+8.5996136719768645e-01 +4.0028451114092045e-01 
+5.8705443467429830e-01 +7.6702994663449720e-01 
+8.5887075641690624e-01 +4.0369049527650158e-01 
+8.5778152904334015e-01 +4.0712549421674338e-01 
+5.9047628752002890e-01 +7.6523154509288949e-01 
+8.5778152904334015e-01 +4.0712549421674338e-01 
+8.5668253289023566e-01 +4.1047568466914947e-01 
+8.5558494507514249e-01 +4.1385347335660505e-01 
+5.9376471769283279e-01 +7.6342037391341588e-01 
+5.9047628752002890e-01 +7.6523154509288949e-01 
+8.5447741155930190e-01 +4.1715052371131806e-01 
+8.5337131202568428e-01 +4.2047386739980191e-01 
+8.5337131202568428e-01 +4.2047386739980191e-01 
+8.5225508478232537e-01 +4.2372022746223342e-01 
+5.9707153431291560e-01 +7.6161348984821053e-01 
+8.5114031790694911e-01 +4.2699167567476803e-01 
+6.0025491343755755e-01 +7.5979365328889115e-01 
+8.5001523602343065e-01 +4.3018961271591244e-01 
+8.4889164166475584e-01 +4.3341152208641065e-01 
+8.4889164166475584e-01 +4.3341152208641065e-01 
+8.4775753949828003e-01 +4.3656313932429824e-01 
+6.0345532707324401e-01 +7.5797816553339836e-01 
+8.4662495281567185e-01 +4.3973769342197150e-01 
+8.4548165980163159e-01 +4.4284494616593123e-01 
+6.0654116239007239e-01 +7.5614953802145513e-01 
+6.0345532707324401e-01 +7.5797816553339836e-01 
+8.4433991106530992e-01 +4.4597417277554047e-01 
+8.4433991106530992e-01 +4.4597417277554047e-01 
+8.4318725151569285e-01 +4.4903888258448893e-01 
+6.0964283034214894e-01 +7.5432532249674389e-01 
+8.4203616590683894e-01 +4.5212466883033114e-01 
+8.4087395879805671e-01 +4.5514853597561572e-01 
+6.1263781946149931e-01 +7.5248777539707579e-01 
+8.3971335619845555e-01 +4.5819264160914891e-01 
+8.3971335619845555e-01 +4.5819264160914891e-01 
+8.3854141494792001e-01 +4.6117725608356519e-01 
+6.1564756754915062e-01 +7.5065470501303366e-01 
+8.3737110971846507e-01 +4.6418132519996985e-01 
+8.3618924194918010e-01 +4.6712817647492227e-01 
+6.1855771297779405e-01 +7.4880810652263918e-01 
+6.1564756754915062e-01 +7.5065470501303366e-01 
+8.3500904269652010e-01 +4.7009374787977054e-01 
+8.3500904269652010e-01 +4.7009374787977054e-01 
+8.3381704998890305e-01 +4.7300423358021443e-01 
+8.3262675931945362e-01 +4.7593274999154622e-01 
+6.2148165394811683e-01 +7.4696605107466696e-01 
+8.3142443694953583e-01 +4.7880818363184430e-01 
+8.3022385121001852e-01 +4.8170099987362852e-01 
+6.2431235784905603e-01 +7.4511026611233877e-01 
+8.3022385121001852e-01 +4.8170099987362852e-01 
+8.2901098787311267e-01 +4.8454261777561514e-01 
+8.2779989687671585e-01 +4.8740100809447412e-01 
+8.2657627439555936e-01 +4.9020997559093571e-01 
+6.2715598921414328e-01 +7.4325909217344421e-01 
+8.2535446113274791e-01 +4.9303514020811173e-01 
+8.2535446113274791e-01 +4.9303514020811173e-01 
+8.2411985414905498e-01 +4.9581255721984863e-01 
+6.2991213238327071e-01 +7.4139398226447750e-01 
+6.2715598921414328e-01 +7.4325909217344421e-01 
+8.2288709448197228e-01 +4.9860562821387416e-01 
+8.2164127013023958e-01 +5.0135253427593796e-01 
+6.3268041785795814e-01 +7.3953355307251423e-01 
+8.2039733246956315e-01 +5.0411458087770333e-01 
+8.2039733246956315e-01 +5.0411458087770333e-01 
+8.1914005003187718e-01 +5.0683195967985828e-01 
+6.3536642599094073e-01 +7.3765897622814869e-01 
+8.1788469499489169e-01 +5.0956399305024458e-01 
+8.1661570553538199e-01 +5.1225277654781465e-01 
+8.1534868558393359e-01 +5.1495575409836869e-01 
+6.3806386374464386e-01 +7.3578915156793068e-01 
+8.1534868558393359e-01 +5.1495575409836869e-01 
+8.1406773156140144e-01 +5.1761682624212024e-01 
+8.1278879061828135e-01 +5.2029165555106938e-01 
+6.4068376338810817e-01 +7.3390496215922973e-01 
+6.3806386374464386e-01 +7.3578915156793068e-01 
+8.1149560547540522e-01 +5.2292585567839844e-01 
+8.1020447851758748e-01 +5.2557339804737591e-01 
+8.1020447851758748e-01 +5.2557339804737591e-01 
+8.0889878624497058e-01 +5.2818152397164086e-01 
+6.4331444360950352e-01 +7.3202559823923452e-01 
+8.0759519887199116e-01 +5.3080259766260018e-01 
+8.0627671354516006e-01 +5.3338540849279426e-01 
+6.4587190967816377e-01 +7.3013164686508458e-01 
+8.0496038152077598e-01 +5.3598079167956592e-01 
+8.0496038152077598e-01 +5.3598079167956592e-01 
+8.0362880680807214e-01 +5.3853901039854568e-01 
+8.0229943557317029e-01 +5.4110944386318904e-01 
+6.4843956341343167e-01 +7.2824259618843779e-01 
+8.0095446421229100e-01 +5.4364375968925160e-01 
+7.9961174836683502e-01 +5.4618994928965825e-01 
+6.5093795976439517e-01 +7.2633872953732870e-01 
+6.4843956341343167e-01 +7.2824259618843779e-01 
+7.9961174836683502e-01 +5.4618994928965825e-01 
+7.9825306160757192e-01 +5.4870101984330655e-01 
+7.9689668435917294e-01 +5.5122363877533354e-01 
+7.9552395136966980e-01 +5.5371209207051331e-01 
+6.5344600058058977e-01 +7.2443984076674250e-01 
+7.9415358394614100e-01 +5.5621178294517348e-01 
+7.9415358394614100e-01 +5.5621178294517348e-01 
+7.9276646117974059e-01 +5.5867821922205319e-01 
+6.5588841483587168e-01 +7.2252590147196849e-01 
+7.9138176220275092e-01 +5.6115559597591158e-01 
+7.8997989272221736e-01 +5.6360058939034507e-01 
+7.8858050753887909e-01 +5.6605623904520219e-01 
+6.5833997454689830e-01 +7.2061701928828414e-01 
+7.8858050753887909e-01 +5.6605623904520219e-01 
+7.8716352029447467e-01 +5.6848033922833630e-01 
+7.8574908026339885e-01 +5.7091482351447764e-01 
+7.8431658932094372e-01 +5.7331855701449630e-01 
+6.6072924812232903e-01 +7.1869284577617787e-01 
+6.5833997454689830e-01 +7.2061701928828414e-01 
+7.8288671104895169e-01 +5.7573241387021734e-01 
+7.8288671104895169e-01 +5.7573241387021734e-01 
+7.8143831476361025e-01 +5.7811628548692873e-01 
+6.6312720757179877e-01 +7.1677381073013868e-01 
+7.7999259928891496e-01 +5.8051003044566807e-01 
+7.7852787942002077e-01 +5.8287452446750831e-01 
+6.6546596168844818e-01 +7.1483923706092201e-01 
+7.7706591133726322e-01 +5.8524865194271458e-01 
+7.7706591133726322e-01 +5.8524865194271458e-01 
+7.7558443209901096e-01 +5.8759423329474902e-01 
+7.7410577862106689e-01 +5.8994921777154807e-01 
+7.7260708566336067e-01 +5.9227633308217187e-01 
+6.6781297739377643e-01 +7.1290988541777534e-01 
+7.7111129561430025e-01 +5.9461263022396471e-01 
+7.7111129561430025e-01 +5.9461263022396471e-01 
+7.6959491492743881e-01 +5.9692170881723150e-01 
+6.7010363570457443e-01 +7.1096474111858821e-01 
+6.6781297739377643e-01 +7.1290988541777534e-01 
+7.6808151766042909e-01 +5.9923975649452821e-01 
+7.6654695439662990e-01 +6.0153121131434539e-01 
+7.6501545862989895e-01 +6.0383143056241140e-01 
+6.7240216301729072e-01 +7.0902490469508961e-01 
+7.6501545862989895e-01 +6.0383143056241140e-01 
+7.6346219583389219e-01 +6.0610565903423430e-01 
+7.6191208839712476e-01 +6.0838845494547777e-01 
+6.7464697136770413e-01 +7.0706901458471583e-01 
+7.6033958563718662e-01 +6.1064583978059117e-01 
+7.5877033011987050e-01 +6.1291160233704467e-01 
+7.5877033011987050e-01 +6.1291160233704467e-01 
+7.5717802200968320e-01 +6.1515251228403778e-01 
+6.7689928468653959e-01 +7.0511852057807434e-01 
+7.5558905730196857e-01 +6.1740161713477715e-01 
+7.5397635190258872e-01 +6.1962640768238986e-01 
+6.7910032843723844e-01 +7.0315170458285969e-01 
+6.7689928468653959e-01 +7.0511852057807434e-01 
+7.5236709061813856e-01 +6.2185921687027612e-01 
+7.5236709061813856e-01 +6.2185921687027612e-01 
+7.5073336770809984e-01 +6.2406823090540597e-01 
+7.4910319447717721e-01 +6.2628509354713136e-01 
+7.4744780367732244e-01 +6.2847866197144908e-01 
+6.8130853891608456e-01 +7.0119037539113360e-01 
+7.4579607329696596e-01 +6.3067991489450048e-01 
+7.4579607329696596e-01 +6.3067991489450048e-01 
+7.4411833203497502e-01 +6.3285835720281280e-01 
+6.8346775818243422e-01 +6.9921244835154450e-01 
+7.4244436746151798e-01 +6.3504432554264323e-01 
+7.4074355875924192e-01 +6.3720795036586197e-01 
+7.3904664892661431e-01 +6.3937894812626683e-01 
+7.3904664892661431e-01 +6.3937894812626683e-01 
+7.3732201899119465e-01 +6.4152805374159805e-01 
+6.8563382929940864e-01 +6.9724010138495884e-01 
+7.3560141643636667e-01 +6.4368438432102759e-01 
+7.3385217203367714e-01 +6.4581925913176563e-01 
+6.8775303240350349e-01 +6.9525087285219678e-01 
+6.8563382929940864e-01 +6.9724010138495884e-01 
+7.3210709030821841e-01 +6.4796121581807320e-01 
+7.3210709030821841e-01 +6.4796121581807320e-01 
+7.3033239589435861e-01 +6.5008213880518406e-01 
+7.2856200673834226e-01 +6.5221000524109096e-01 
+6.8987879369607108e-01 +6.9326732033481542e-01 
+7.2676098132167288e-01 +6.5431724638858668e-01 
+7.2496441157299296e-01 +6.5643129700995584e-01 
+7.2496441157299296e-01 +6.5643129700995584e-01 
+7.2313612527545490e-01 +6.5852511770589461e-01 
+6.9195966907894590e-01 +6.9126659435685278e-01 
+7.2131245348397344e-01 +6.6062561815472853e-01 
+7.2131245348397344e-01 +6.6062561815472853e-01 
+7.1945592376609158e-01 +6.6270627156952600e-01 
+6.9404682830024411e-01 +6.8927164311799494e-01 
+7.1760417647779107e-01 +6.6479347908344821e-01 
+7.1571836398671140e-01 +6.6686121052704972e-01 
+7.1383751165811160e-01 +6.6893537430688699e-01 
+6.9609095510257502e-01 +6.8725921801435419e-01 
+6.9404682830024411e-01 +6.8927164311799494e-01 
+7.1192131565212891e-01 +6.7099042156622635e-01 
+7.1001026814948487e-01 +6.7305178312317482e-01 
+7.1001026814948487e-01 +6.7305178312317482e-01 
+7.0806252144562620e-01 +6.7509437678123341e-01 
+6.9814110901340998e-01 +6.8525266926910144e-01 
+7.0612012307671423e-01 +6.7714317026498239e-01 
+7.0413958645985009e-01 +6.7917353400265967e-01 
+7.0216461047827794e-01 +6.8120998651172859e-01 
+7.0315134149144487e-01 +6.8019101619508016e-01 
+7.0115663012432861e-01 +6.8221839768755865e-01 
+7.0014996650070316e-01 +6.8322833739364308e-01 
+6.9814110901340998e-01 +6.8525266926910144e-01 
