Dim = 2
+0.0000000000000000e+00 +4.0000000000000000e+00 
+4.0000000000000000e+00 +0.0000000000000000e+00 
+4.0000000000000000e+00 +0.0000000000000000e+00 
+0.0000000000000000e+00 +3.7892015508762715e+00 
+2.0000000000000000e+00 +3.7851607246945642e+00 
+4.0000000000000000e+00 +0.0000000000000000e+00 
+2.0000000000000000e+00 +3.2191453976588051e+00 
+0.0000000000000000e+00 +3.2642411176571149e+00 
+2.0000000000000000e+00 +3.9986189320679952e+00 
+3.0000000000000000e+00 +3.4785163744943937e+00 
+4.0000000000000000e+00 +0.0000000000000000e+00 
+3.0000000000000000e+00 +1.7034954086867109e+00 
+2.0000000000000000e+00 +4.8893808712884912e-01 
+1.0000000000000000e+00 +3.2641357127149053e+00 
+2.0000000000000000e+00 +3.9927851748705789e+00 
+3.0000000000000000e+00 +0.0000000000000000e+00 
+1.0000000000000000e+00 +2.0467222337729529e+00 
+1.0000000000000000e+00 +3.7891991377075911e+00 
+0.0000000000000000e+00 +2.1211738743730484e+00 
+2.5000000000000000e+00 +0.0000000000000000e+00 
+2.0000000000000000e+00 +2.9708096773547417e+00 
+1.5000000000000000e+00 +1.6680097363898225e+00 
+2.0000000000000000e+00 +1.0384355620579873e+00 
+1.5000000000000000e+00 +3.0600267317203897e+00 
+1.5000000000000000e+00 +1.9705750796106634e+00 
+1.7500000000000000e+00 +1.2207158981769108e+00 
+1.5000000000000000e+00 +2.4371775823593689e+00 
+1.2500000000000000e+00 +1.9200097965046219e+00 
+1.5000000000000000e+00 +1.3876385077748192e+00 
+1.0000000000000000e+00 +3.0695297524567247e+00 
+5.0000000000000000e-01 +2.1177778902686901e+00 
+1.0000000000000000e+00 +2.2236923683695062e+00 
+2.2500000000000000e+00 +0.0000000000000000e+00 
+2.0000000000000000e+00 +1.9449903131929618e+00 
+2.0000000000000000e+00 +3.1232723628623775e-02 
+1.7500000000000000e+00 +2.2755502062427739e+00 
+1.7500000000000000e+00 +8.5368636176824375e-01 
+2.2500000000000000e+00 +0.0000000000000000e+00 
+1.7500000000000000e+00 +1.6332508901675766e+00 
+2.1250000000000000e+00 +0.0000000000000000e+00 
+2.0000000000000000e+00 +7.0212538564749377e-02 
+1.8750000000000000e+00 +4.8382678839353194e-01 
+2.0000000000000000e+00 +3.7719155096713008e-01 
+1.2500000000000000e+00 +1.7103139164641994e+00 
+1.7500000000000000e+00 +8.8599587719492634e-01 
+1.6250000000000000e+00 +1.1516120192430557e+00 
+1.7500000000000000e+00 +1.1334028129400258e+00 
+0.0000000000000000e+00 +3.0699136237318880e+00 
+0.0000000000000000e+00 +2.2623698874743132e+00 
+5.0000000000000000e-01 +3.0699121368369533e+00 
+5.0000000000000000e-01 +2.2611476401257113e+00 
+2.5000000000000000e-01 +2.1210189723729838e+00 
+0.0000000000000000e+00 +2.5424733401610178e+00 
+0.0000000000000000e+00 +2.0077972610597650e+00 
+1.0000000000000000e+00 +1.8867405192026498e+00 
+1.2500000000000000e+00 +2.1447590964691576e+00 
+2.5000000000000000e-01 +2.0073431679158751e+00 
+7.5000000000000000e-01 +1.9698149960311626e+00 
+5.0000000000000000e-01 +2.0003830155486590e+00 
+2.5000000000000000e-01 +2.2623312632653221e+00 
+1.8750000000000000e+00 +5.1962491048212545e-01 
+1.8750000000000000e+00 +7.9732889549833086e-01 
+1.9375000000000000e+00 +2.6857656162961280e-01 
+1.8750000000000000e+00 +4.5684979137418030e-01 
+1.8125000000000000e+00 +6.7840538277165452e-01 
+1.8750000000000000e+00 +5.9938057524499755e-01 
+1.5000000000000000e+00 +1.4128905189906051e+00 
+1.3750000000000000e+00 +1.5710364064230522e+00 
+1.5000000000000000e+00 +1.6024911016571053e+00 
+1.6250000000000000e+00 +1.1803466772237639e+00 
+1.6250000000000000e+00 +1.3979849832436058e+00 
+1.7500000000000000e+00 +8.2926997137439151e-01 
+1.6875000000000000e+00 +1.0109958280779239e+00 
+1.7500000000000000e+00 +9.5762024928222544e-01 
+7.5000000000000000e-01 +2.1005035681601560e+00 
+7.5000000000000000e-01 +2.2531488867870495e+00 
+1.2500000000000000e+00 +1.7293938681564693e+00 
+1.1250000000000000e+00 +1.8132188033405028e+00 
+1.2500000000000000e+00 +1.8713375845241942e+00 
+8.7500000000000000e-01 +1.9371125439335557e+00 
+7.5000000000000000e-01 +1.9813934365651962e+00 
+6.2500000000000000e-01 +1.9895775855715563e+00 
+7.5000000000000000e-01 +2.0693818263452317e+00 
+1.2500000000000000e-01 +2.0077694496549472e+00 
+0.0000000000000000e+00 +2.0175011031953636e+00 
+0.0000000000000000e+00 +2.0934494432498569e+00 
+5.0000000000000000e-01 +2.0105560165138803e+00 
+3.7500000000000000e-01 +2.0054709979068845e+00 
+5.0000000000000000e-01 +2.0893250559503445e+00 
+2.0625000000000000e+00 +0.0000000000000000e+00 
+2.0000000000000000e+00 +1.9530648984536110e-03 
+2.0000000000000000e+00 +1.5756012036752812e-01 
+1.9375000000000000e+00 +2.4040415892995598e-01 
+1.9375000000000000e+00 +3.8967208842292922e-01 
+2.0625000000000000e+00 +0.0000000000000000e+00 
+1.9375000000000000e+00 +3.0601939326833355e-01 
+2.0312500000000000e+00 +0.0000000000000000e+00 
+2.0000000000000000e+00 +2.3915929361238514e-02 
+1.9687500000000000e+00 +1.2401845081691212e-01 
+2.0000000000000000e+00 +4.3942238455865453e-03 
+1.6250000000000000e+00 +1.1298451008873633e+00 
+1.5625000000000000e+00 +1.2767653585473260e+00 
+1.6250000000000000e+00 +1.2437760426227837e+00 
+1.8125000000000000e+00 +6.5268776522359895e-01 
+1.9375000000000000e+00 +2.6154030856822502e-01 
+1.9062500000000000e+00 +3.5128921906593880e-01 
+1.9375000000000000e+00 +2.4275457752071855e-01 
+1.8125000000000000e+00 +7.1248275968080410e-01 
+1.8750000000000000e+00 +4.7709251999379332e-01 
+1.8437500000000000e+00 +5.5725916641040774e-01 
+1.8750000000000000e+00 +4.5910188133881186e-01 
+1.3750000000000000e+00 +1.5930365079774667e+00 
+1.3750000000000000e+00 +1.7572105482090910e+00 
+1.5000000000000000e+00 +1.3684721760398662e+00 
+1.4375000000000000e+00 +1.4853664219789355e+00 
+1.5000000000000000e+00 +1.4684403844550449e+00 
+1.6875000000000000e+00 +9.8790239147712500e-01 
+1.8125000000000000e+00 +6.7198853067862685e-01 
+1.7812500000000000e+00 +7.4330313944429161e-01 
+1.8125000000000000e+00 +6.5483596593728088e-01 
+1.6875000000000000e+00 +1.0415165790034835e+00 
+1.7500000000000000e+00 +8.4759686064157480e-01 
+1.7187500000000000e+00 +9.1075007407854502e-01 
+1.7500000000000000e+00 +8.3131058003093938e-01 
+1.5625000000000000e+00 +1.2563122717234951e+00 
+1.6875000000000000e+00 +1.0052386189055309e+00 
+1.6562500000000000e+00 +1.0608829984408865e+00 
+1.6875000000000000e+00 +9.8983339684850880e-01 
+1.3750000000000000e+00 +1.5543137929299893e+00 
+1.3125000000000000e+00 +1.6456881758753243e+00 
+1.3750000000000000e+00 +1.6413110386463152e+00 
+1.5625000000000000e+00 +1.3037376005586843e+00 
+1.6250000000000000e+00 +1.1461875407598192e+00 
+1.5937500000000000e+00 +1.1949390358790564e+00 
+1.6250000000000000e+00 +1.1316660207942477e+00 
+2.5000000000000000e-01 +2.0170863389137517e+00 
+2.5000000000000000e-01 +2.0932472587362607e+00 
+1.0000000000000000e+00 +1.9012079912960733e+00 
+1.0000000000000000e+00 +2.0093155484534142e+00 
+1.1250000000000000e+00 +1.8297765074820611e+00 
+1.1250000000000000e+00 +1.9530042955460307e+00 
+8.7500000000000000e-01 +1.9499270074748039e+00 
+8.7500000000000000e-01 +2.0463863168063510e+00 
+6.2500000000000000e-01 +2.0002951854223450e+00 
+6.2500000000000000e-01 +2.0825611403676993e+00 
+1.2500000000000000e-01 +2.0174763332512016e+00 
+1.2500000000000000e-01 +2.0934395318194872e+00 
+3.7500000000000000e-01 +2.0153447340818618e+00 
+3.7500000000000000e-01 +2.0922696075399907e+00 
+1.2500000000000000e+00 +1.6957982554727662e+00 
+1.1875000000000000e+00 +1.7658583503297944e+00 
+1.2500000000000000e+00 +1.7712015779915300e+00 
+3.1250000000000000e-01 +2.0066813781677433e+00 
+2.5000000000000000e-01 +2.0000021520735967e+00 
+1.8750000000000000e-01 +2.0076547866640864e+00 
+2.5000000000000000e-01 +2.0388237937973748e+00 
+6.8750000000000000e-01 +1.9810473902451411e+00 
+6.2500000000000000e-01 +1.9814692498351123e+00 
+5.6250000000000000e-01 +1.9958801019278452e+00 
+6.2500000000000000e-01 +2.0240356464221492e+00 
+3.1250000000000000e-01 +1.9993010434393792e+00 
+1.8750000000000000e-01 +2.0003345071805541e+00 
+5.6250000000000000e-01 +1.9880122810499310e+00 
+5.6250000000000000e-01 +2.0293900778805911e+00 
+3.7500000000000000e-01 +1.9980256670487051e+00 
+3.1250000000000000e-01 +2.0164735566071221e+00 
+5.6250000000000000e-01 +2.0062900901939713e+00 
+5.0000000000000000e-01 +1.9927012327268989e+00 
+4.3750000000000000e-01 +1.9959247474922150e+00 
+1.0625000000000000e+00 +1.8532452761853451e+00 
+1.0000000000000000e+00 +1.8757381870671854e+00 
+9.3750000000000000e-01 +1.9144601113671007e+00 
+1.0000000000000000e+00 +1.9329440671571965e+00 
+8.7500000000000000e-01 +1.9273799169338421e+00 
+8.1250000000000000e-01 +1.9553593093320756e+00 
+8.7500000000000000e-01 +1.9781082145614601e+00 
+1.2500000000000000e-01 +2.0004578808296865e+00 
+6.2500000000000000e-02 +2.0077955577214777e+00 
+1.2500000000000000e-01 +2.0391431724273597e+00 
+1.9687500000000000e+00 +1.4557749223778471e-01 
+1.9687500000000000e+00 +1.2641532157684601e-01 
+1.9843750000000000e+00 +6.3707019046776267e-02 
+1.9687500000000000e+00 +1.3180701858136393e-01 
+1.9531250000000000e+00 +1.8291000797574464e-01 
+1.9687500000000000e+00 +1.2222057589368221e-01 
+1.4375000000000000e+00 +1.4674471891242749e+00 
+1.5625000000000000e+00 +1.2716700263481213e+00 
+1.5312500000000000e+00 +1.3141094080752329e+00 
+1.5625000000000000e+00 +1.2580239943510700e+00 
+1.9062500000000000e+00 +3.7198582485998000e-01 
+1.9062500000000000e+00 +3.5359129112804000e-01 
+1.9375000000000000e+00 +2.4804126441966831e-01 
+1.9218750000000000e+00 +2.9652319272863970e-01 
+1.9375000000000000e+00 +2.3864103432496980e-01 
+1.9062500000000000e+00 +3.5876874600756092e-01 
+1.8906250000000000e+00 +4.0472416828370511e-01 
+1.9062500000000000e+00 +3.4956227280620594e-01 
+1.8437500000000000e+00 +5.7703590630439505e-01 
+1.8437500000000000e+00 +5.5945988677512881e-01 
+1.8750000000000000e+00 +4.6416646351619306e-01 
+1.8593750000000000e+00 +5.0768765998269760e-01 
+1.8750000000000000e+00 +4.5516025720647735e-01 
+1.4375000000000000e+00 +1.5089564730439324e+00 
+1.5000000000000000e+00 +1.3828651806809793e+00 
+1.4687500000000000e+00 +1.4195394382801454e+00 
+1.5000000000000000e+00 +1.3700768052433645e+00 
+1.8437500000000000e+00 +5.6440851262467073e-01 
+1.8281250000000000e+00 +6.0558552361702445e-01 
+1.8437500000000000e+00 +5.5560809183648563e-01 
+1.3125000000000000e+00 +1.6301025796537518e+00 
+1.7812500000000000e+00 +7.6211997567161160e-01 
+1.7812500000000000e+00 +7.4539789740313966e-01 
+1.8125000000000000e+00 +6.5966608496481338e-01 
+1.7968750000000000e+00 +6.9858674551531175e-01 
+1.8125000000000000e+00 +6.5107601945396210e-01 
+1.4375000000000000e+00 +1.4809048551835258e+00 
+1.4062500000000000e+00 +1.5123285546764864e+00 
+1.4375000000000000e+00 +1.4689478938798872e+00 
+1.7812500000000000e+00 +7.5010746857332666e-01 
+1.7656250000000000e+00 +7.8685744263245860e-01 
+1.7812500000000000e+00 +7.4173142126917058e-01 
+1.7187500000000000e+00 +9.2858284290396265e-01 
+1.7187500000000000e+00 +9.1273603316557017e-01 
+1.7500000000000000e+00 +8.3589804835163029e-01 
+1.7343750000000000e+00 +8.7056086264022037e-01 
+1.7500000000000000e+00 +8.2773881695050633e-01 
+1.7187500000000000e+00 +9.1720030653361306e-01 
+1.7031250000000000e+00 +9.4985738401938058e-01 
+1.7187500000000000e+00 +9.0925986463019437e-01 
+1.3125000000000000e+00 +1.6661818133125958e+00 
+1.3750000000000000e+00 +1.5668736909025422e+00 
+1.3437500000000000e+00 +1.5935302938823983e+00 
+1.3750000000000000e+00 +1.5557146610995749e+00 
+1.6562500000000000e+00 +1.0777219254191113e+00 
+1.6562500000000000e+00 +1.0627589320315176e+00 
+1.6875000000000000e+00 +9.9417382316158687e-01 
+1.6718750000000000e+00 +1.0249045161535628e+00 
+1.6875000000000000e+00 +9.8645336091008273e-01 
+1.1875000000000000e+00 +1.7523396444554762e+00 
+1.6562500000000000e+00 +1.0669752765707428e+00 
+1.6406250000000000e+00 +1.0958568994247524e+00 
+1.6562500000000000e+00 +1.0594752408675447e+00 
+1.3125000000000000e+00 +1.6418091635127297e+00 
+1.2812500000000000e+00 +1.6641523046072397e+00 
+1.3125000000000000e+00 +1.6314084762460730e+00 
+1.5937500000000000e+00 +1.2107872860234805e+00 
+1.5937500000000000e+00 +1.1967051665658972e+00 
+1.6250000000000000e+00 +1.1357584438824144e+00 
+1.6093750000000000e+00 +1.1628663053105781e+00 
+1.6250000000000000e+00 +1.1284785780614901e+00 
+0.0000000000000000e+00 +2.0004882216502056e+00 
+0.0000000000000000e+00 +2.0391622803096054e+00 
+6.2500000000000000e-02 +2.0004863277538707e+00 
+7.5000000000000000e-01 +1.9610373151797587e+00 
+7.5000000000000000e-01 +2.0069444920463879e+00 
+1.1250000000000000e+00 +1.8006196926631284e+00 
+1.1250000000000000e+00 +1.8660526350603404e+00 
+6.8750000000000000e-01 +1.9726376856089125e+00 
+6.8750000000000000e-01 +2.0167032032052070e+00 
+1.8750000000000000e-01 +2.0173723236815477e+00 
+4.3750000000000000e-01 +2.0134655421501955e+00 
+4.3750000000000000e-01 +2.0034681023642884e+00 
+1.0625000000000000e+00 +1.8414854724617273e+00 
+1.0625000000000000e+00 +1.9025840830756755e+00 
+9.3750000000000000e-01 +1.9041331753503956e+00 
+8.1250000000000000e-01 +1.9461420376175149e+00 
+1.1875000000000000e+00 +1.7836245928420826e+00 
+6.2500000000000000e-02 +2.0174996239210841e+00 
+6.8750000000000000e-01 +1.9921518511299279e+00 
+1.0625000000000000e+00 +1.8687028981229510e+00 
+9.3750000000000000e-01 +1.9280471378948860e+00 
+8.1250000000000000e-01 +1.9675057942797745e+00 
+1.2500000000000000e+00 +1.7067016302806193e+00 
+1.2187500000000000e+00 +1.7251563514734891e+00 
+1.2500000000000000e+00 +1.6970146856001938e+00 
+3.1250000000000000e-02 +2.0004881034318034e+00 
+0.0000000000000000e+00 +2.0059725098005923e+00 
+0.0000000000000000e+00 +2.0010983311192301e+00 
+5.3125000000000000e-01 +1.9905631530853387e+00 
+5.0000000000000000e-01 +1.9984667994968370e+00 
+4.6875000000000000e-01 +1.9944736687825508e+00 
+5.0000000000000000e-01 +1.9933431130120307e+00 
+6.5625000000000000e-01 +1.9773684774255353e+00 
+6.2500000000000000e-01 +1.9875562117465932e+00 
+5.9375000000000000e-01 +1.9849986049265829e+00 
+6.2500000000000000e-01 +1.9821472838122847e+00 
+2.1875000000000000e-01 +2.0002033662364265e+00 
+1.8750000000000000e-01 +2.0058273065011751e+00 
+1.5625000000000000e-01 +2.0004141171130119e+00 
+1.8750000000000000e-01 +2.0009455869530242e+00 
+2.8125000000000000e-01 +1.9997094642607838e+00 
+2.5000000000000000e-01 +2.0055106292518312e+00 
+2.5000000000000000e-01 +2.0006150117845967e+00 
+3.4375000000000000e-01 +1.9987497707039865e+00 
+3.1250000000000000e-01 +2.0048392220094189e+00 
+3.1250000000000000e-01 +1.9999172672924759e+00 
+4.3750000000000000e-01 +2.0015859387353077e+00 
+4.0625000000000000e-01 +1.9970958928664817e+00 
+4.3750000000000000e-01 +1.9965548641549602e+00 
+1.1875000000000000e+00 +1.7624943791665670e+00 
+1.1562500000000000e+00 +1.7774583190206412e+00 
+1.1875000000000000e+00 +1.7534726212036218e+00 
+9.3750000000000000e-02 +2.0004786266799393e+00 
+6.2500000000000000e-02 +2.0059707607377106e+00 
+6.2500000000000000e-02 +2.0010964539022496e+00 
+7.8125000000000000e-01 +1.9540362114488454e+00 
+7.5000000000000000e-01 +1.9676282167938539e+00 
+7.1875000000000000e-01 +1.9672154083013240e+00 
+7.5000000000000000e-01 +1.9617719189139220e+00 
+1.1250000000000000e+00 +1.8100836802715619e+00 
+1.0937500000000000e+00 +1.8219282159093284e+00 
+1.1250000000000000e+00 +1.8016756101120586e+00 
+1.0625000000000000e+00 +1.8503188398672608e+00 
+1.0312500000000000e+00 +1.8593901793467993e+00 
+1.0625000000000000e+00 +1.8424709841218987e+00 
+9.6875000000000000e-01 +1.8906224797584068e+00 
+9.3750000000000000e-01 +1.9118894849963095e+00 
+9.0625000000000000e-01 +1.9163575257341492e+00 
+9.3750000000000000e-01 +1.9049983004284929e+00 
+8.4375000000000000e-01 +1.9372818692847671e+00 
+8.1250000000000000e-01 +1.9530637327167646e+00 
+8.1250000000000000e-01 +1.9469137240679963e+00 
+2.0156250000000000e+00 +0.0000000000000000e+00 
+2.0000000000000000e+00 +9.8861033918527155e-03 
+2.0000000000000000e+00 +1.2207007954678686e-04 
+1.9843750000000000e+00 +7.1568752209945810e-02 
+1.9843750000000000e+00 +6.1892367403996125e-02 
+2.0156250000000000e+00 +0.0000000000000000e+00 
+1.9843750000000000e+00 +6.6126321675483032e-02 
+2.0078125000000000e+00 +0.0000000000000000e+00 
+2.0000000000000000e+00 +2.7465702303667379e-04 
+1.9921875000000000e+00 +3.1188900688690836e-02 
+2.0000000000000000e+00 +1.4953261659395168e-03 
+1.5937500000000000e+00 +1.2006742015064780e+00 
+1.5781250000000000e+00 +1.2260816364834275e+00 
+1.5937500000000000e+00 +1.1936135845384854e+00 
+1.9531250000000000e+00 +1.9062366301124911e-01 
+1.9531250000000000e+00 +1.8112931724967049e-01 
+1.9843750000000000e+00 +6.2043594024975980e-02 
+1.9765625000000000e+00 +9.2235314705114618e-02 
+1.9843750000000000e+00 +6.3253370055347341e-02 
+1.9531250000000000e+00 +1.8528390604231607e-01 
+1.9687500000000000e+00 +1.2237040600194408e-01 
+1.9609375000000000e+00 +1.5185097309332662e-01 
+1.9687500000000000e+00 +1.2356899980126432e-01 
+1.9218750000000000e+00 +3.0408222015502379e-01 
+1.9218750000000000e+00 +2.9477799112468855e-01 
+1.5312500000000000e+00 +1.3289816721994094e+00 
+1.5312500000000000e+00 +1.3157672509600082e+00 
+1.5625000000000000e+00 +1.2618705256532317e+00 
+1.5468750000000000e+00 +1.2856489269114688e+00 
+1.5625000000000000e+00 +1.2550276108389922e+00 
+1.9531250000000000e+00 +1.8127771682786073e-01 
+1.9453125000000000e+00 +2.1005840813034127e-01 
+1.9531250000000000e+00 +1.8246485665584805e-01 
+1.9218750000000000e+00 +2.9884965842297118e-01 
+1.9375000000000000e+00 +2.3878797148592842e-01 
+1.9296875000000000e+00 +2.6687997324519919e-01 
+1.9375000000000000e+00 +2.3996340263912999e-01 
+1.8906250000000000e+00 +4.1212287622298449e-01 
+1.8906250000000000e+00 +4.0301578567933127e-01 
+1.9218750000000000e+00 +2.9492343606899418e-01 
+1.9140625000000000e+00 +3.2233784301912144e-01 
+1.9218750000000000e+00 +2.9608692054102365e-01 
+1.5312500000000000e+00 +1.3194924928551315e+00 
+1.5156250000000000e+00 +1.3417113419616449e+00 
+1.5312500000000000e+00 +1.3128651460037282e+00 
+1.8906250000000000e+00 +4.0700143798894517e-01 
+1.9062500000000000e+00 +3.4970619777992212e-01 
+1.8984375000000000e+00 +3.7645401318568328e-01 
+1.9062500000000000e+00 +3.5085751392333703e-01 
+1.8593750000000000e+00 +5.1492117908511692e-01 
+1.8593750000000000e+00 +5.0601723600282222e-01 
+1.8906250000000000e+00 +4.0315816493196666e-01 
+1.8828125000000000e+00 +4.2925030063097303e-01 
+1.8906250000000000e+00 +4.0429710712181244e-01 
+1.4687500000000000e+00 +1.4334605568706418e+00 
+1.4687500000000000e+00 +1.4210916483316969e+00 
+1.5000000000000000e+00 +1.3736822804987565e+00 
+1.4843750000000000e+00 +1.3944091785047308e+00 
+1.5000000000000000e+00 +1.3672678175801511e+00 
+1.8593750000000000e+00 +5.0991422349697468e-01 
+1.8750000000000000e+00 +4.5530106694914751e-01 
+1.8671875000000000e+00 +4.8074834339376588e-01 
+1.8750000000000000e+00 +4.5642744524817175e-01 
+1.8281250000000000e+00 +6.1264977234082951e-01 
+1.8281250000000000e+00 +6.0395401562869500e-01 
+1.8593750000000000e+00 +5.0615645436662948e-01 
+1.8515625000000000e+00 +5.3096960066569021e-01 
+1.8593750000000000e+00 +5.0727009419218982e-01 
+1.8281250000000000e+00 +6.0776011348353609e-01 
+1.8437500000000000e+00 +5.5574569883110547e-01 
+1.8359375000000000e+00 +5.7993535279139685e-01 
+1.8437500000000000e+00 +5.5684644062377420e-01 
+1.4687500000000000e+00 +1.4245791673674342e+00 
+1.4531250000000000e+00 +1.4438798650225269e+00 
+1.4687500000000000e+00 +1.4183743916290770e+00 
+1.7968750000000000e+00 +7.0547839576739346e-01 
+1.7968750000000000e+00 +6.9699493654025346e-01 
+1.8281250000000000e+00 +6.0408999310118061e-01 
+1.8203125000000000e+00 +6.2766670126873447e-01 
+1.8281250000000000e+00 +6.0517769199507254e-01 
+1.7968750000000000e+00 +7.0070832646257830e-01 
+1.8125000000000000e+00 +6.5121035104776026e-01 
+1.8046875000000000e+00 +6.7418456874891941e-01 
+1.8125000000000000e+00 +6.5228487654258793e-01 
+1.7656250000000000e+00 +7.9357388577590326e-01 
+1.7656250000000000e+00 +7.8530594917612173e-01 
+1.4062500000000000e+00 +1.5253321807632829e+00 
+1.4062500000000000e+00 +1.5137787783166803e+00 
+1.4375000000000000e+00 +1.4723195341949415e+00 
+1.4218750000000000e+00 +1.4902579617172831e+00 
+1.4375000000000000e+00 +1.4663207727314322e+00 
+1.7968750000000000e+00 +6.9712760765444448e-01 
+1.7890625000000000e+00 +7.1950969903671513e-01 
+1.7968750000000000e+00 +6.9818884328931941e-01 
+1.7656250000000000e+00 +7.8892520112658915e-01 
+1.7812500000000000e+00 +7.4186241901792183e-01 
+1.7734375000000000e+00 +7.6366265709060277e-01 
+1.7812500000000000e+00 +7.4291026204691990e-01 
+1.7343750000000000e+00 +8.7710017587503764e-01 
+1.7343750000000000e+00 +8.6905014243589152e-01 
+1.7656250000000000e+00 +7.8543526234836825e-01 
+1.7578125000000000e+00 +8.0666382902296507e-01 
+1.7656250000000000e+00 +7.8646962341786697e-01 
+1.4062500000000000e+00 +1.5170368642307681e+00 
+1.3906250000000000e+00 +1.5336751606234487e+00 
+1.4062500000000000e+00 +1.5112400039951488e+00 
+1.7343750000000000e+00 +8.7257419655112045e-01 
+1.7500000000000000e+00 +8.2786643596984921e-01 
+1.7421875000000000e+00 +8.4853342210026139e-01 
+1.7500000000000000e+00 +8.2888723879766180e-01 
+1.7031250000000000e+00 +9.5621829714287743e-01 
+1.7031250000000000e+00 +9.4838774368586787e-01 
+1.7343750000000000e+00 +8.6917605932072750e-01 
+1.7265625000000000e+00 +8.8929146474321186e-01 
+1.7343750000000000e+00 +8.7018324037703798e-01 
+1.3437500000000000e+00 +1.6056575964938902e+00 
+1.3437500000000000e+00 +1.5948830249752914e+00 
+1.3750000000000000e+00 +1.5588617438174197e+00 
+1.3593750000000000e+00 +1.5742602857218486e+00 
+1.3750000000000000e+00 +1.5532622670622096e+00 
+1.7031250000000000e+00 +9.5181589240288123e-01 
+1.7187500000000000e+00 +9.0938407295406976e-01 
+1.7109375000000000e+00 +9.2895780652697757e-01 
+1.7187500000000000e+00 +9.1037758114419887e-01 
+1.6718750000000000e+00 +1.0310863787070756e+00 
+1.6718750000000000e+00 +1.0234761187649173e+00 
+1.7031250000000000e+00 +9.4851023853806116e-01 
+1.6953125000000000e+00 +9.6755211818134823e-01 
+1.7031250000000000e+00 +9.4949003488706529e-01 
+1.6718750000000000e+00 +1.0268079891515385e+00 
+1.6875000000000000e+00 +9.8657413885642176e-01 
+1.6796875000000000e+00 +1.0050938915909240e+00 
+1.6875000000000000e+00 +9.8754019619555533e-01 
+1.3437500000000000e+00 +1.5979218629802996e+00 
+1.3281250000000000e+00 +1.6121392930563903e+00 
+1.3437500000000000e+00 +1.5925148821158437e+00 
+1.6406250000000000e+00 +1.1018596482336738e+00 
+1.6406250000000000e+00 +1.0944697719904239e+00 
+1.6718750000000000e+00 +1.0235951778088281e+00 
+1.6640625000000000e+00 +1.0416024397953079e+00 
+1.6718750000000000e+00 +1.0245474804638719e+00 
+1.6406250000000000e+00 +1.0977053082853485e+00 
+1.6562500000000000e+00 +1.0595925804113360e+00 
+1.6484375000000000e+00 +1.0770968969892907e+00 
+1.6562500000000000e+00 +1.0605311238928241e+00 
+1.6093750000000000e+00 +1.1686904324248912e+00 
+1.6093750000000000e+00 +1.1615203461643526e+00 
+1.2812500000000000e+00 +1.6754507145334741e+00 
+1.2812500000000000e+00 +1.6654127450420835e+00 
+1.3125000000000000e+00 +1.6343420160307256e+00 
+1.2968750000000000e+00 +1.6474352708534230e+00 
+1.3125000000000000e+00 +1.6291223078878903e+00 
+1.6406250000000000e+00 +1.0945853927968121e+00 
+1.6328125000000000e+00 +1.1115962185230468e+00 
+1.6406250000000000e+00 +1.0955101834921572e+00 
+1.6093750000000000e+00 +1.1646597925307696e+00 
+1.6250000000000000e+00 +1.1285924822153619e+00 
+1.6171875000000000e+00 +1.1451191809023227e+00 
+1.6250000000000000e+00 +1.1295035370829181e+00 
+1.5781250000000000e+00 +1.2317281575262236e+00 
+1.5781250000000000e+00 +1.2247766225794303e+00 
+1.6093750000000000e+00 +1.1616325370347709e+00 
+1.6015625000000000e+00 +1.1776843817886362e+00 
+1.6093750000000000e+00 +1.1625298832998321e+00 
+1.2812500000000000e+00 +1.6682441021826839e+00 
+1.2656250000000000e+00 +1.6802684396438652e+00 
+1.2812500000000000e+00 +1.6632061416663257e+00 
+8.7500000000000000e-01 +1.9346892922432239e+00 
+8.7500000000000000e-01 +1.9281950252800750e+00 
+1.0000000000000000e+00 +1.8840022572861796e+00 
+1.0000000000000000e+00 +1.8766600900216954e+00 
+6.8750000000000000e-01 +1.9789515890315676e+00 
+6.8750000000000000e-01 +1.9733412086147410e+00 
+1.2500000000000000e-01 +2.0059440869554930e+00 
+1.2500000000000000e-01 +2.0010682097769283e+00 
+3.7500000000000000e-01 +2.0036129085931020e+00 
+3.7500000000000000e-01 +1.9986474373960799e+00 
+5.6250000000000000e-01 +1.9939180557359599e+00 
+5.6250000000000000e-01 +1.9886699434845190e+00 
+1.2187500000000000e+00 +1.7356783512163654e+00 
+1.2187500000000000e+00 +1.7263302765494599e+00 
+3.1250000000000000e-02 +2.0059724021681244e+00 
+3.1250000000000000e-02 +2.0010982141276448e+00 
+5.3125000000000000e-01 +1.9963940156173661e+00 
+5.3125000000000000e-01 +1.9912123855860839e+00 
+4.6875000000000000e-01 +2.0001829019730728e+00 
+4.6875000000000000e-01 +1.9951092019613286e+00 
+6.5625000000000000e-01 +1.9835629097207710e+00 
+6.5625000000000000e-01 +1.9780585852077375e+00 
+5.9375000000000000e-01 +1.9909895424280935e+00 
+5.9375000000000000e-01 +1.9856658453141596e+00 
+2.1875000000000000e-01 +2.0057025724104163e+00 
+2.1875000000000000e-01 +2.0008151739726809e+00 
+1.5625000000000000e-01 +2.0059027704200796e+00 
+1.5625000000000000e-01 +2.0010247250677926e+00 
+2.8125000000000000e-01 +2.0052307122047535e+00 
+2.8125000000000000e-01 +2.0003237713377842e+00 
+3.4375000000000000e-01 +2.0043097174454720e+00 
+3.4375000000000000e-01 +1.9993684566276593e+00 
+4.0625000000000000e-01 +2.0027166507273297e+00 
+4.0625000000000000e-01 +1.9977214475983045e+00 
+1.1562500000000000e+00 +1.7872602789869356e+00 
+1.1562500000000000e+00 +1.7785519478609850e+00 
+9.3750000000000000e-02 +2.0059635743931623e+00 
+9.3750000000000000e-02 +2.0010888118242525e+00 
+7.8125000000000000e-01 +1.9607855760810691e+00 
+7.8125000000000000e-01 +1.9547885834028278e+00 
+7.1875000000000000e-01 +1.9736613058456587e+00 
+7.1875000000000000e-01 +1.9679337454562267e+00 
+1.0937500000000000e+00 +1.8310692791059902e+00 
+1.0937500000000000e+00 +1.8229480871553694e+00 
+1.0312500000000000e+00 +1.8679311970735399e+00 
+1.0312500000000000e+00 +1.8603430324086239e+00 
+9.6875000000000000e-01 +1.8986250010673043e+00 
+9.6875000000000000e-01 +1.8915151419298220e+00 
+9.0625000000000000e-01 +1.9238828437489699e+00 
+9.0625000000000000e-01 +1.9171968055157225e+00 
+8.4375000000000000e-01 +1.9443901278561047e+00 
+8.4375000000000000e-01 +1.9380744563018002e+00 
+1.2500000000000000e+00 +1.6997471261839701e+00 
+1.2343750000000000e+00 +1.7107561523882400e+00 
+1.2500000000000000e+00 +1.6948851193029717e+00 
+8.9062500000000000e-01 +1.9220138040485910e+00 
+8.7500000000000000e-01 +1.9300263075860649e+00 
+8.5937500000000000e-01 +1.9324659648804252e+00 
+8.7500000000000000e-01 +1.9267680977542319e+00 
+1.0156250000000000e+00 +1.8677528919154973e+00 
+1.0000000000000000e+00 +1.8787310037371641e+00 
+9.8437500000000000e-01 +1.8833575982460544e+00 
+1.0000000000000000e+00 +1.8750461540183578e+00 
+7.0312500000000000e-01 +1.9700169361532893e+00 
+6.8750000000000000e-01 +1.9749223198736929e+00 
+6.7187500000000000e-01 +1.9750856084455510e+00 
+6.8750000000000000e-01 +1.9721097165743082e+00 
+1.4062500000000000e-01 +2.0004396110411133e+00 
+1.2500000000000000e-01 +2.0024407634325421e+00 
+1.0937500000000000e-01 +2.0004704407657412e+00 
+1.2500000000000000e-01 +2.0000000108452554e+00 
+2.9687500000000000e-01 +1.9995213483803402e+00 
+2.8125000000000000e-01 +2.0017051976579703e+00 
+2.6562500000000000e-01 +1.9998686915696247e+00 
+2.8125000000000000e-01 +1.9992485965546125e+00 
+1.4062500000000000e-01 +1.9999816511722817e+00 
+1.0937500000000000e-01 +2.0000126352683165e+00 
+2.6562500000000000e-01 +2.0018619113946894e+00 
+2.6562500000000000e-01 +1.9994084096333002e+00 
+1.5625000000000000e-01 +1.9999560366834765e+00 
+1.4062500000000000e-01 +2.0010500591411855e+00 
+2.5000000000000000e-01 +1.9995423746248584e+00 
+2.6562500000000000e-01 +2.0004822209658784e+00 
+1.7187500000000000e-01 +1.9999214690189102e+00 
+2.3437500000000000e-01 +1.9996534414983798e+00 
+1.8750000000000000e-01 +1.9998760710224763e+00 
+1.7187500000000000e-01 +2.0003797062633590e+00 
+1.7187500000000000e-01 +2.0009905221863660e+00 
+3.5937500000000000e-01 +1.9984113081658845e+00 
+3.4375000000000000e-01 +2.0007596625399597e+00 
+3.2812500000000000e-01 +1.9990450702090943e+00 
+3.4375000000000000e-01 +1.9982856057156098e+00 
+2.9687500000000000e-01 +1.9990598066126464e+00 
+2.3437500000000000e-01 +2.0001127888359735e+00 
+2.1875000000000000e-01 +1.9997443814171438e+00 
+2.3437500000000000e-01 +2.0007250776685059e+00 
+2.0312500000000000e-01 +1.9998177867399389e+00 
+3.2812500000000000e-01 +2.0010507449860122e+00 
+3.2812500000000000e-01 +1.9985818869920464e+00 
+3.9062500000000000e-01 +1.9975886530038931e+00 
+3.7500000000000000e-01 +2.0000455356620233e+00 
+3.7500000000000000e-01 +1.9975591801521269e+00 
+5.7812500000000000e-01 +1.9865665310699374e+00 
+5.6250000000000000e-01 +1.9901483394749531e+00 
+5.4687500000000000e-01 +1.9893423747452539e+00 
+5.6250000000000000e-01 +1.9875187922562243e+00 
+1.2187500000000000e+00 +1.7289671989623980e+00 
+1.2031250000000000e+00 +1.7390128946047512e+00 
+1.2187500000000000e+00 +1.7242751152213869e+00 
+4.6875000000000000e-02 +2.0004876227251036e+00 
+3.1250000000000000e-02 +2.0024702825769709e+00 
+1.5625000000000000e-02 +2.0004882142709262e+00 
+3.1250000000000000e-02 +2.0000303981981835e+00 
+9.3750000000000000e-02 +2.0000208652157929e+00 
+1.0937500000000000e-01 +2.0010806842494997e+00 
+4.6875000000000000e-02 +2.0000299141350522e+00 
+1.5625000000000000e-02 +2.0000305098991915e+00 
+7.8125000000000000e-02 +2.0000258626731724e+00 
+6.2500000000000000e-02 +2.0000286108402801e+00 
+4.6875000000000000e-02 +2.0010977378594079e+00 
+5.3125000000000000e-01 +1.9926719119807430e+00 
+5.1562500000000000e-01 +1.9916807780595933e+00 
+5.3125000000000000e-01 +1.9900760043549508e+00 
+4.8437500000000000e-01 +1.9936303212253927e+00 
+4.6875000000000000e-01 +1.9965380749578203e+00 
+4.5312500000000000e-01 +1.9952367217255909e+00 
+4.6875000000000000e-01 +1.9939968251982743e+00 
+6.5625000000000000e-01 +1.9796096413118445e+00 
+6.4062500000000000e-01 +1.9794938863037028e+00 
+6.5625000000000000e-01 +1.9768505930466864e+00 
+6.0937500000000000e-01 +1.9833018037829417e+00 
+5.9375000000000000e-01 +1.9871656856562827e+00 
+5.9375000000000000e-01 +1.9844979135667120e+00 
+4.2187500000000000e-01 +1.9965428346417176e+00 
+4.0625000000000000e-01 +1.9991280051562936e+00 
+4.0625000000000000e-01 +1.9966265576553048e+00 
+1.1718750000000000e+00 +1.7651502845005616e+00 
+1.1562500000000000e+00 +1.7810084694507886e+00 
+1.1406250000000000e+00 +1.7892770731064298e+00 
+1.1562500000000000e+00 +1.7766373525051775e+00 
+7.9687500000000000e-01 +1.9502052489220170e+00 
+7.8125000000000000e-01 +1.9564791788644802e+00 
+7.6562500000000000e-01 +1.9576439512148036e+00 
+7.8125000000000000e-01 +1.9534715290707509e+00 
+7.3437500000000000e-01 +1.9642249712532645e+00 
+7.1875000000000000e-01 +1.9695480526304312e+00 
+7.1875000000000000e-01 +1.9666763041946158e+00 
+1.1093750000000000e+00 +1.8114991444148865e+00 
+1.0937500000000000e+00 +1.8252389502499258e+00 
+1.0781250000000000e+00 +1.8319195155221413e+00 
+1.0937500000000000e+00 +1.8211626206534490e+00 
+1.0468750000000000e+00 +1.8506383367739254e+00 
+1.0312500000000000e+00 +1.8624834210179180e+00 
+1.0312500000000000e+00 +1.8586749044896282e+00 
+9.6875000000000000e-01 +1.8935204283001472e+00 
+9.5312500000000000e-01 +1.8975440067778198e+00 
+9.6875000000000000e-01 +1.8899524068162659e+00 
+9.2187500000000000e-01 +1.9104008024000931e+00 
+9.0625000000000000e-01 +1.9190823107528769e+00 
+9.0625000000000000e-01 +1.9157275487236753e+00 
+8.4375000000000000e-01 +1.9398552259332351e+00 
+8.2812500000000000e-01 +1.9418373724551072e+00 
+8.4375000000000000e-01 +1.9366869699179219e+00 
+3.5937500000000000e-01 +1.9979460443782411e+00 
+3.1250000000000000e-01 +1.9988387322230272e+00 
+2.9687500000000000e-01 +2.0001365504616202e+00 
+3.9062500000000000e-01 +1.9971208113962073e+00 
+1.5781250000000000e+00 +1.2278205060762011e+00 
+1.5937500000000000e+00 +1.1937240667409419e+00 
+1.5859375000000000e+00 +1.2093102399994708e+00 
+1.5937500000000000e+00 +1.1946077415937060e+00 
+1.9921875000000000e+00 +3.1340812132176592e-02 
+1.9921875000000000e+00 +3.2556071958148053e-02 
+2.0078125000000000e+00 +0.0000000000000000e+00 
+2.0078125000000000e+00 +0.0000000000000000e+00 
+1.5468750000000000e+00 +1.2911193498432012e+00 
+1.5468750000000000e+00 +1.2843845210254441e+00 
+1.5781250000000000e+00 +1.2248854019383422e+00 
+1.5703125000000000e+00 +1.2400149955084738e+00 
+1.5781250000000000e+00 +1.2257554522338592e+00 
+1.9765625000000000e+00 +9.2385847456705750e-02 
+1.9765625000000000e+00 +9.3590067417205977e-02 
+1.5468750000000000e+00 +1.2873336348000077e+00 
+1.5625000000000000e+00 +1.2551346943504513e+00 
+1.5546875000000000e+00 +1.2698167094456601e+00 
+1.5625000000000000e+00 +1.2559911763105689e+00 
+1.9609375000000000e+00 +1.5200009205458709e-01 
+1.9609375000000000e+00 +1.5319299176299092e-01 
+1.5156250000000000e+00 +1.3470076362681902e+00 
+1.5156250000000000e+00 +1.3404870997956631e+00 
+1.9453125000000000e+00 +2.1020608035433452e-01 
+1.9453125000000000e+00 +2.1138739663134967e-01 
+1.5468750000000000e+00 +1.2844899168202177e+00 
+1.5390625000000000e+00 +1.2987332640976099e+00 
+1.5468750000000000e+00 +1.2853328957375501e+00 
+1.9296875000000000e+00 +2.6702616789392797e-01 
+1.9296875000000000e+00 +2.6819565442700283e-01 
+1.5156250000000000e+00 +1.3433424865029993e+00 
+1.5312500000000000e+00 +1.3129688633105130e+00 
+1.5234375000000000e+00 +1.3267823629076794e+00 
+1.5312500000000000e+00 +1.3137984132544493e+00 
+1.9140625000000000e+00 +3.2248253132117610e-01 
+1.9140625000000000e+00 +3.2363995832555703e-01 
+1.4843750000000000e+00 +1.3995337448176333e+00 
+1.4843750000000000e+00 +1.3932245556933882e+00 
+1.5156250000000000e+00 +1.3405891489045982e+00 
+1.5078125000000000e+00 +1.3539815304762022e+00 
+1.5156250000000000e+00 +1.3414053524293748e+00 
+1.8984375000000000e+00 +3.7659716839409152e-01 
+1.8984375000000000e+00 +3.7774232227553362e-01 
+1.4843750000000000e+00 +1.3959874911455412e+00 
+1.5000000000000000e+00 +1.3673682098065898e+00 
+1.4921875000000000e+00 +1.3803481125607013e+00 
+1.5000000000000000e+00 +1.3681711576614402e+00 
+1.8828125000000000e+00 +4.2939189798126409e-01 
+1.8828125000000000e+00 +4.3052458100040553e-01 
+1.4531250000000000e+00 +1.4488355051801582e+00 
+1.4531250000000000e+00 +1.4427342240386383e+00 
+1.8671875000000000e+00 +4.8088836006223873e-01 
+1.8671875000000000e+00 +4.8200839000066348e-01 
+1.4843750000000000e+00 +1.3933233033419321e+00 
+1.4765625000000000e+00 +1.4058992760760989e+00 
+1.4843750000000000e+00 +1.3941130941833468e+00 
+1.8515625000000000e+00 +5.3110801572789534e-01 
+1.8515625000000000e+00 +5.3221522555588530e-01 
+1.4531250000000000e+00 +1.4454062010894859e+00 
+1.4687500000000000e+00 +1.4184715079578751e+00 
+1.4609375000000000e+00 +1.4306520090949306e+00 
+1.4687500000000000e+00 +1.4192482480639803e+00 
+1.8359375000000000e+00 +5.8007214718083566e-01 
+1.8359375000000000e+00 +5.8116638472683635e-01 
+1.4218750000000000e+00 +1.4950478492760009e+00 
+1.4218750000000000e+00 +1.4891505786749717e+00 
+1.4531250000000000e+00 +1.4428297232239582e+00 
+1.4453125000000000e+00 +1.4546231208475586e+00 
+1.4531250000000000e+00 +1.4435935262110462e+00 
+1.8203125000000000e+00 +6.2780185773576580e-01 
+1.8203125000000000e+00 +6.2888298535757392e-01 
+1.4218750000000000e+00 +1.4917332913451256e+00 
+1.4375000000000000e+00 +1.4664146698324940e+00 
+1.4296875000000000e+00 +1.4778292417223926e+00 
+1.4375000000000000e+00 +1.4671656563737230e+00 
+1.8046875000000000e+00 +6.7431807181988890e-01 
+1.8046875000000000e+00 +6.7538596607758272e-01 
+1.3906250000000000e+00 +1.5383028118282220e+00 
+1.3906250000000000e+00 +1.5326052319764552e+00 
+1.7890625000000000e+00 +7.1964153497330008e-01 
+1.7890625000000000e+00 +7.2069608630391635e-01 
+1.4218750000000000e+00 +1.4892428895990639e+00 
+1.4140625000000000e+00 +1.5002868232661073e+00 
+1.4218750000000000e+00 +1.4899811871453517e+00 
+1.7734375000000000e+00 +7.6379281384938125e-01 
+1.7734375000000000e+00 +7.6483392624336843e-01 
+1.3906250000000000e+00 +1.5351005598233773e+00 
+1.4062500000000000e+00 +1.5113307454630152e+00 
+1.3984375000000000e+00 +1.5220121381838663e+00 
+1.4062500000000000e+00 +1.5120564879661482e+00 
+1.7578125000000000e+00 +8.0679229621520243e-01 
+1.7578125000000000e+00 +8.0781988689465156e-01 
+1.3593750000000000e+00 +1.5787295309462339e+00 
+1.3593750000000000e+00 +1.5732269348547852e+00 
+1.3906250000000000e+00 +1.5326944214879641e+00 
+1.3828125000000000e+00 +1.5430212803395460e+00 
+1.3906250000000000e+00 +1.5334077491259492e+00 
+1.7421875000000000e+00 +8.4866019095192780e-01 
+1.7421875000000000e+00 +8.4967419005060651e-01 
+1.7265625000000000e+00 +8.8941652805521954e-01 
+1.7265625000000000e+00 +8.9041687830042060e-01 
+1.3593750000000000e+00 +1.5756369275934345e+00 
+1.3750000000000000e+00 +1.5533499228623058e+00 
+1.3671875000000000e+00 +1.5633301647559641e+00 
+1.3750000000000000e+00 +1.5540509817669883e+00 
+1.3281250000000000e+00 +1.6164542487221756e+00 
+1.3281250000000000e+00 +1.6111415767665656e+00 
+1.7109375000000000e+00 +9.2908115863565210e-01 
+1.7109375000000000e+00 +9.3006781503187252e-01 
+1.3593750000000000e+00 +1.5733130758997278e+00 
+1.3515625000000000e+00 +1.5829545276151094e+00 
+1.3593750000000000e+00 +1.5740020178866998e+00 
+1.6953125000000000e+00 +9.6767375491912566e-01 
+1.6953125000000000e+00 +9.6864668443359758e-01 
+1.3281250000000000e+00 +1.6134684391461158e+00 
+1.3437500000000000e+00 +1.5925995280397307e+00 
+1.3359375000000000e+00 +1.6019099262583725e+00 
+1.3437500000000000e+00 +1.5932765103405586e+00 
+1.6796875000000000e+00 +1.0052138102472858e+00 
+1.6796875000000000e+00 +1.0061729914973667e+00 
+1.2968750000000000e+00 +1.6516003118407216e+00 
+1.2968750000000000e+00 +1.6464721857207520e+00 
+1.3281250000000000e+00 +1.6112247478481556e+00 
+1.3203125000000000e+00 +1.6202117391867845e+00 
+1.3281250000000000e+00 +1.6118899328449474e+00 
+1.6640625000000000e+00 +1.0417206390779452e+00 
+1.6640625000000000e+00 +1.0426660620203969e+00 
+1.6484375000000000e+00 +1.0772133769855119e+00 
+1.6484375000000000e+00 +1.0781450426076700e+00 
+1.2968750000000000e+00 +1.6487182626631829e+00 
+1.3125000000000000e+00 +1.6292040250177151e+00 
+1.3046875000000000e+00 +1.6378751660612514e+00 
+1.3125000000000000e+00 +1.6298575799800632e+00 
+1.2656250000000000e+00 +1.6842881722029459e+00 
+1.2656250000000000e+00 +1.6793389282862690e+00 
+1.6328125000000000e+00 +1.1117109806614169e+00 
+1.6328125000000000e+00 +1.1126289006742878e+00 
+1.2968750000000000e+00 +1.6465524703685332e+00 
+1.2890625000000000e+00 +1.6549152277027981e+00 
+1.2968750000000000e+00 +1.6471945671928516e+00 
+1.6171875000000000e+00 +1.1452322279145513e+00 
+1.6171875000000000e+00 +1.1461364244478354e+00 
+1.2656250000000000e+00 +1.6815066902928948e+00 
+1.2812500000000000e+00 +1.6632850158486894e+00 
+1.2734375000000000e+00 +1.6713467660928092e+00 
+1.2812500000000000e+00 +1.6639158307999804e+00 
+1.6015625000000000e+00 +1.1777957176717035e+00 
+1.6015625000000000e+00 +1.1786862229707789e+00 
+1.2343750000000000e+00 +1.7146353875649054e+00 
+1.2343750000000000e+00 +1.7098591095998075e+00 
+4.2187500000000000e-01 +1.9960718596592879e+00 
+3.2812500000000000e-01 +1.9996624521394071e+00 
+8.1250000000000000e-01 +1.9486476243779813e+00 
+8.1250000000000000e-01 +1.9455628418941153e+00 
+9.3750000000000000e-01 +1.9069417932388835e+00 
+9.3750000000000000e-01 +1.9034837848435384e+00 
+1.0625000000000000e+00 +1.8446846944285478e+00 
+1.0625000000000000e+00 +1.8407456749228046e+00 
+1.1250000000000000e+00 +1.8040474259586154e+00 
+1.1250000000000000e+00 +1.7998270356501802e+00 
+7.5000000000000000e-01 +1.9634226837056352e+00 
+7.5000000000000000e-01 +1.9604859855567001e+00 
+1.1875000000000000e+00 +1.7560175382878251e+00 
+1.1875000000000000e+00 +1.7514891424249552e+00 
+4.3750000000000000e-01 +1.9979716222386659e+00 
+4.3750000000000000e-01 +1.9954519793222678e+00 
+6.2500000000000000e-01 +1.9836712956487499e+00 
+6.2500000000000000e-01 +1.9809604427383267e+00 
+5.0000000000000000e-01 +1.9947861862252929e+00 
+5.0000000000000000e-01 +1.9922196142524078e+00 
+7.8125000000000000e-02 +2.0004835959904836e+00 
+7.8125000000000000e-02 +2.0010937438558787e+00 
+0.0000000000000000e+00 +2.0024703968554300e+00 
+0.0000000000000000e+00 +2.0000305173452952e+00 
+8.9062500000000000e-01 +1.9246987165216090e+00 
+8.9062500000000000e-01 +1.9213930619092978e+00 
+8.5937500000000000e-01 +1.9350751740855072e+00 
+8.5937500000000000e-01 +1.9318627590903150e+00 
+1.0156250000000000e+00 +1.8707952260760938e+00 
+1.0156250000000000e+00 +1.8670493982391085e+00 
+9.8437500000000000e-01 +1.8863022869714356e+00 
+9.8437500000000000e-01 +1.8826767053234508e+00 
+7.0312500000000000e-01 +1.9723249967720937e+00 
+7.0312500000000000e-01 +1.9694835334596890e+00 
+6.7187500000000000e-01 +1.9773479514799428e+00 
+6.7187500000000000e-01 +1.9745628104187305e+00 
+2.0312500000000000e-01 +2.0002764699921691e+00 
+2.0312500000000000e-01 +2.0008878775802184e+00 
+5.7812500000000000e-01 +1.9887176213338396e+00 
+5.7812500000000000e-01 +1.9860695520234555e+00 
+5.4687500000000000e-01 +1.9914643321602612e+00 
+5.4687500000000000e-01 +1.9888521605469012e+00 
+1.2031250000000000e+00 +1.7427566221916639e+00 
+1.2031250000000000e+00 +1.7381471733738159e+00 
+1.5625000000000000e-02 +2.0010983238281010e+00 
+5.1562500000000000e-01 +1.9937772120845685e+00 
+5.1562500000000000e-01 +1.9911964923179950e+00 
+4.8437500000000000e-01 +1.9957046088114767e+00 
+4.8437500000000000e-01 +1.9931511811539249e+00 
+4.5312500000000000e-01 +1.9972920005379082e+00 
+4.5312500000000000e-01 +1.9947619997418273e+00 
+6.4062500000000000e-01 +1.9817149593049892e+00 
+6.4062500000000000e-01 +1.9789806636858516e+00 
+6.0937500000000000e-01 +1.9854858608264112e+00 
+6.0937500000000000e-01 +1.9827971717811319e+00 
+1.1718750000000000e+00 +1.7687636475275188e+00 
+1.1718750000000000e+00 +1.7643147019046863e+00 
+1.1406250000000000e+00 +1.7927653428832608e+00 
+1.1406250000000000e+00 +1.7884704160811558e+00 
+7.9687500000000000e-01 +1.9526788899452971e+00 
+7.9687500000000000e-01 +1.9496334568894933e+00 
+7.6562500000000000e-01 +1.9600575003815337e+00 
+7.6562500000000000e-01 +1.9570860882866226e+00 
+7.3437500000000000e-01 +1.9665833780428328e+00 
+7.3437500000000000e-01 +1.9636798930718460e+00 
+1.1093750000000000e+00 +1.8148676961413619e+00 
+1.1093750000000000e+00 +1.8107201753929230e+00 
+1.0781250000000000e+00 +1.8351738044800534e+00 
+1.0781250000000000e+00 +1.8311669779395046e+00 
+1.0468750000000000e+00 +1.8537838751173412e+00 
+1.0468750000000000e+00 +1.8499109604393311e+00 
+9.5312500000000000e-01 +1.9003965998217964e+00 
+9.5312500000000000e-01 +1.8968844343248084e+00 
+9.2187500000000000e-01 +1.9131668198850853e+00 
+9.2187500000000000e-01 +1.9097612765337031e+00 
+8.2812500000000000e-01 +1.9443761928466687e+00 
+8.2812500000000000e-01 +1.9412504754063342e+00 
+3.5937500000000000e-01 +1.9990314536627263e+00 
+3.9062500000000000e-01 +1.9982122231924184e+00 
+1.2343750000000000e+00 +1.7119511384320982e+00 
+4.2187500000000000e-01 +1.9971705683120806e+00 
+8.9062500000000000e-01 +1.9228407902308109e+00 
+8.5937500000000000e-01 +1.9332696080045420e+00 
+1.0156250000000000e+00 +1.8686900561562207e+00 
+9.8437500000000000e-01 +1.8842646673464756e+00 
+7.0312500000000000e-01 +1.9707276879266402e+00 
+6.7187500000000000e-01 +1.9757822524777788e+00 
+5.7812500000000000e-01 +1.9872288346853859e+00 
+5.4687500000000000e-01 +1.9899956830457359e+00 
+1.2031250000000000e+00 +1.7401661480151769e+00 
+5.1562500000000000e-01 +1.9923262042262666e+00 
+4.8437500000000000e-01 +1.9942689069361907e+00 
+4.5312500000000000e-01 +1.9958694350432080e+00 
+6.4062500000000000e-01 +1.9801777932483122e+00 
+6.0937500000000000e-01 +1.9839742848993123e+00 
+1.1718750000000000e+00 +1.7662633848101923e+00 
+1.1406250000000000e+00 +1.7903516397225967e+00 
+7.9687500000000000e-01 +1.9509670822360032e+00 
+7.6562500000000000e-01 +1.9583872484536402e+00 
+7.3437500000000000e-01 +1.9649512569643890e+00 
+1.1093750000000000e+00 +1.8125368291069028e+00 
+1.0781250000000000e+00 +1.8329219950867530e+00 
+1.0468750000000000e+00 +1.8516073058838449e+00 
+9.5312500000000000e-01 +1.8984226880404769e+00 
+9.2187500000000000e-01 +1.9112527943372593e+00 
+8.2812500000000000e-01 +1.9426193086393160e+00 
+1.2656250000000000e+00 +1.6794164145347714e+00 
+1.2578125000000000e+00 +1.6871844443732780e+00 
+1.2656250000000000e+00 +1.6800361279908451e+00 
+1.2500000000000000e+00 +1.6949612406324326e+00 
+1.2421875000000000e+00 +1.7024427468470542e+00 
+1.2500000000000000e+00 +1.6955700368306157e+00 
+3.3593750000000000e-01 +1.9984389119195740e+00 
+3.2812500000000000e-01 +1.9986204904014466e+00 
+3.2031250000000000e-01 +1.9987150058470824e+00 
+3.2812500000000000e-01 +1.9989292862040291e+00 
+8.5937500000000000e-02 +2.0000237023655076e+00 
+7.8125000000000000e-02 +2.0000640111247439e+00 
+7.0312500000000000e-02 +2.0000274634517377e+00 
+7.8125000000000000e-02 +2.0003691724995836e+00 
+2.2656250000000000e-01 +1.9997012611139680e+00 
+2.1875000000000000e-01 +1.9997826343773220e+00 
+2.1093750000000000e-01 +1.9997831208651256e+00 
+2.1875000000000000e-01 +2.0000886304015788e+00 
+8.8281250000000000e-01 +1.9241162538809944e+00 
+8.7500000000000000e-01 +1.9268190986766649e+00 
+8.6718750000000000e-01 +1.9293498507944982e+00 
+8.7500000000000000e-01 +1.9272270013765449e+00 
+1.0078125000000000e+00 +1.8710942683400773e+00 
+1.0000000000000000e+00 +1.8751038432913290e+00 
+9.9218750000000000e-01 +1.8789064913723839e+00 
+1.0000000000000000e+00 +1.8755652275197934e+00 
+6.9531250000000000e-01 +1.9708187542895368e+00 
+6.8750000000000000e-01 +1.9721537247047689e+00 
+6.7968750000000000e-01 +1.9733574093356945e+00 
+6.8750000000000000e-01 +1.9725057196313991e+00 
+1.3281250000000000e-01 +1.9999916386974197e+00 
+1.2500000000000000e-01 +2.0000381707138830e+00 
+1.1718750000000000e-01 +2.0000069519742318e+00 
+1.2500000000000000e-01 +2.0003434232409685e+00 
+1.4843750000000000e-01 +1.9999698527368424e+00 
+1.4062500000000000e-01 +2.0000198185483566e+00 
+1.4062500000000000e-01 +2.0003251310231733e+00 
+2.7343750000000000e-01 +1.9993319254625523e+00 
+2.6562500000000000e-01 +1.9994467708793624e+00 
+2.5781250000000000e-01 +1.9994784345761261e+00 
+2.6562500000000000e-01 +1.9997536319283393e+00 
+1.6406250000000000e-01 +1.9999399851298609e+00 
+1.5625000000000000e-01 +1.9999942141282796e+00 
+1.5625000000000000e-01 +2.0002996070088455e+00 
+2.5000000000000000e-01 +1.9995806937572855e+00 
+2.4218750000000000e-01 +1.9996005929379226e+00 
+2.5000000000000000e-01 +1.9998872183751684e+00 
+1.7968750000000000e-01 +1.9999002481187136e+00 
+1.7187500000000000e-01 +1.9999596595591767e+00 
+1.7187500000000000e-01 +2.0002651570230277e+00 
+2.8906250000000000e-01 +1.9991580262247315e+00 
+2.8125000000000000e-01 +1.9992870066972019e+00 
+2.8125000000000000e-01 +1.9995942583790627e+00 
+2.0312500000000000e-01 +1.9998560145217179e+00 
+1.9531250000000000e-01 +1.9998486751484623e+00 
+2.0312500000000000e-01 +2.0001618094318365e+00 
+5.7031250000000000e-01 +1.9868090598340618e+00 
+5.6250000000000000e-01 +1.9875599242529305e+00 
+5.5468750000000000e-01 +1.9881995594869639e+00 
+5.6250000000000000e-01 +1.9878889283108823e+00 
+1.2265625000000000e+00 +1.7171359789780982e+00 
+1.2187500000000000e+00 +1.7243485775338332e+00 
+1.2109375000000000e+00 +1.7312782673917355e+00 
+1.2187500000000000e+00 +1.7249361061149351e+00 
+1.0937500000000000e-01 +2.0000507897502287e+00 
+1.0156250000000000e-01 +2.0000172227370809e+00 
+1.0937500000000000e-01 +2.0003559992673976e+00 
+2.3437500000000000e-02 +2.0000304796476454e+00 
+1.5625000000000000e-02 +2.0000686559315777e+00 
+7.8125000000000000e-03 +2.0000305168799506e+00 
+1.5625000000000000e-02 +2.0003737979991314e+00 
+3.9062500000000000e-02 +2.0000302264513632e+00 
+3.1250000000000000e-02 +2.0000685443026534e+00 
+3.1250000000000000e-02 +2.0003736869451738e+00 
+6.2500000000000000e-02 +2.0000667579210609e+00 
+5.4687500000000000e-02 +2.0000293998041352e+00 
+6.2500000000000000e-02 +2.0003719083545524e+00 
+5.3906250000000000e-01 +1.9894773832802728e+00 
+5.3125000000000000e-01 +1.9901166074355046e+00 
+5.2343750000000000e-01 +1.9906487892624594e+00 
+5.3125000000000000e-01 +1.9904413839451907e+00 
+4.7656250000000000e-01 +1.9935843985074013e+00 
+4.6875000000000000e-01 +1.9940365685113035e+00 
+4.6093750000000000e-01 +1.9943891373079903e+00 
+4.6875000000000000e-01 +1.9943544734625482e+00 
+6.6406250000000000e-01 +1.9757268864918069e+00 
+6.5625000000000000e-01 +1.9768937600274790e+00 
+6.4843750000000000e-01 +1.9779348743985179e+00 
+6.5625000000000000e-01 +1.9772390307430301e+00 
+6.0156250000000000e-01 +1.9836641066443681e+00 
+5.9375000000000000e-01 +1.9845396464035525e+00 
+5.8593750000000000e-01 +1.9852994474509644e+00 
+5.9375000000000000e-01 +1.9848734530825569e+00 
+1.1640625000000000e+00 +1.7705380540074174e+00 
+1.1562500000000000e+00 +1.7767057907843733e+00 
+1.1484375000000000e+00 +1.7826142570411405e+00 
+1.1562500000000000e+00 +1.7772531372776146e+00 
+7.8906250000000000e-01 +1.9515809922750285e+00 
+7.8125000000000000e-01 +1.9535185991578319e+00 
+7.7343750000000000e-01 +1.9553061904193323e+00 
+7.8125000000000000e-01 +1.9538950732977904e+00 
+7.2656250000000000e-01 +1.9652022618325871e+00 
+7.1875000000000000e-01 +1.9667212410494250e+00 
+7.1093750000000000e-01 +1.9681030538863991e+00 
+7.1875000000000000e-01 +1.9670806605228806e+00 
+1.1015625000000000e+00 +1.8159969427352560e+00 
+1.0937500000000000e+00 +1.8212264429249312e+00 
+1.0859375000000000e+00 +1.8262187793723375e+00 
+1.0937500000000000e+00 +1.8217368727190844e+00 
+1.0390625000000000e+00 +1.8543423527584753e+00 
+1.0312500000000000e+00 +1.8587345315368049e+00 
+1.0234375000000000e+00 +1.8629100964398713e+00 
+1.0312500000000000e+00 +1.8592114116959533e+00 
+9.7656250000000000e-01 +1.8863582096157276e+00 
+9.6875000000000000e-01 +1.8900082651138228e+00 
+9.6093750000000000e-01 +1.8934606883150100e+00 
+9.6875000000000000e-01 +1.8904550078653937e+00 
+9.1406250000000000e-01 +1.9127826570938398e+00 
+9.0625000000000000e-01 +1.9157800637568814e+00 
+8.9843750000000000e-01 +1.9185972533966764e+00 
+9.0625000000000000e-01 +1.9162000730707436e+00 
+8.5156250000000000e-01 +1.9343080575532485e+00 
+8.4375000000000000e-01 +1.9367365599120143e+00 
+8.3593750000000000e-01 +1.9390007087420267e+00 
+8.4375000000000000e-01 +1.9371331813641210e+00 
+3.6718750000000000e-01 +1.9977587835378976e+00 
+3.5937500000000000e-01 +1.9979848214276299e+00 
+3.5156250000000000e-01 +1.9981214822903555e+00 
+3.5937500000000000e-01 +1.9982950046537089e+00 
+3.1250000000000000e-01 +1.9988772628527123e+00 
+3.0468750000000000e-01 +1.9989535186825440e+00 
+3.1250000000000000e-01 +1.9991854771573512e+00 
+3.9843750000000000e-01 +1.9968809509122774e+00 
+3.9062500000000000e-01 +1.9971598035691227e+00 
+3.8281250000000000e-01 +1.9973467034278756e+00 
+3.9062500000000000e-01 +1.9974717057853113e+00 
+4.2968750000000000e-01 +1.9957703703987830e+00 
+4.2187500000000000e-01 +1.9961111132998832e+00 
+4.1406250000000000e-01 +1.9963570561285502e+00 
+4.2187500000000000e-01 +1.9964251049456510e+00 
+8.2031250000000000e-01 +1.9434374601147080e+00 
+8.1250000000000000e-01 +1.9456111223267794e+00 
+8.0468750000000000e-01 +1.9476277885946398e+00 
+8.1250000000000000e-01 +1.9459972733390400e+00 
+9.4531250000000000e-01 +1.9002250138814225e+00 
+9.3750000000000000e-01 +1.9035379186350301e+00 
+9.2968750000000000e-01 +1.9066620938927765e+00 
+9.3750000000000000e-01 +1.9039708716859820e+00 
+1.0703125000000000e+00 +1.8360087642252911e+00 
+1.0625000000000000e+00 +1.8408073464672912e+00 
+1.0546875000000000e+00 +1.8453792355479286e+00 
+1.0625000000000000e+00 +1.8413005764490586e+00 
+1.1328125000000000e+00 +1.7942074669137591e+00 
+1.1250000000000000e+00 +1.7998931139549674e+00 
+1.1171875000000000e+00 +1.8053307372243532e+00 
+1.1250000000000000e+00 +1.8004215862108610e+00 
+7.5781250000000000e-01 +1.9588123234616632e+00 
+7.5000000000000000e-01 +1.9605319420428888e+00 
+7.4218750000000000e-01 +1.9621081530071964e+00 
+7.5000000000000000e-01 +1.9608995130793803e+00 
+1.1953125000000000e+00 +1.7448835598749173e+00 
+1.1875000000000000e+00 +1.7515600428010902e+00 
+1.1796875000000000e+00 +1.7579656253764808e+00 
+1.1875000000000000e+00 +1.7521270808077833e+00 
+4.4531250000000000e-01 +1.9951160662289174e+00 
+4.3750000000000000e-01 +1.9954913825901208e+00 
+4.3750000000000000e-01 +1.9958065699775307e+00 
+6.3281250000000000e-01 +1.9799888828706547e+00 
+6.2500000000000000e-01 +1.9810028525601180e+00 
+6.1718750000000000e-01 +1.9818962428977152e+00 
+6.2500000000000000e-01 +1.9813420707094067e+00 
+5.0781250000000000e-01 +1.9917198566604455e+00 
+5.0000000000000000e-01 +1.9922597559505062e+00 
+4.9218750000000000e-01 +1.9926964858802088e+00 
+5.0000000000000000e-01 +1.9925808448558808e+00 
+1.5859375000000000e+00 +1.2094198699780030e+00 
+1.5859375000000000e+00 +1.2102967261028752e+00 
+1.5703125000000000e+00 +1.2401229259973665e+00 
+1.5703125000000000e+00 +1.2409861845236156e+00 
+1.5546875000000000e+00 +1.2699229480129515e+00 
+1.5546875000000000e+00 +1.2707726697346846e+00 
+1.5390625000000000e+00 +1.2988378194276100e+00 
+1.5390625000000000e+00 +1.2996740740624497e+00 
+1.5234375000000000e+00 +1.3268852447643502e+00 
+1.5234375000000000e+00 +1.3277081106604713e+00 
+1.5078125000000000e+00 +1.3540827496668022e+00 
+1.5078125000000000e+00 +1.3548923135120385e+00 
+1.4921875000000000e+00 +1.3804476808996868e+00 
+1.4921875000000000e+00 +1.3812440374327368e+00 
+1.4765625000000000e+00 +1.4059972063492914e+00 
+1.4765625000000000e+00 +1.4067804580730316e+00 
+1.4609375000000000e+00 +1.4307483150239506e+00 
+1.4609375000000000e+00 +1.4315185719208892e+00 
+1.4453125000000000e+00 +1.4547178170545281e+00 
+1.4453125000000000e+00 +1.4554751963044161e+00 
+1.4296875000000000e+00 +1.4779223436949094e+00 
+1.4296875000000000e+00 +1.4786669693945358e+00 
+1.4140625000000000e+00 +1.5003783473224968e+00 
+1.4140625000000000e+00 +1.5011103502076844e+00 
+1.3984375000000000e+00 +1.5221021014387082e+00 
+1.3984375000000000e+00 +1.5228216186085441e+00 
+1.3828125000000000e+00 +1.5431097006694854e+00 
+1.3828125000000000e+00 +1.5438168753128012e+00 
+1.3671875000000000e+00 +1.5634170607658051e+00 
+1.3671875000000000e+00 +1.5641120418899368e+00 
+1.3515625000000000e+00 +1.5830399186041963e+00 
+1.3515625000000000e+00 +1.5837228607660483e+00 
+1.3359375000000000e+00 +1.6019938321872633e+00 
+1.3359375000000000e+00 +1.6026648952267042e+00 
+1.3203125000000000e+00 +1.6202941806442159e+00 
+1.3203125000000000e+00 +1.6209535294198296e+00 
+1.3046875000000000e+00 +1.6379561642314051e+00 
+1.3046875000000000e+00 +1.6386039683586258e+00 
+1.2890625000000000e+00 +1.6549948043328633e+00 
+1.2890625000000000e+00 +1.6556312379245264e+00 
+1.2734375000000000e+00 +1.6714249434608555e+00 
+1.2734375000000000e+00 +1.6720501848701845e+00 
+1.2578125000000000e+00 +1.6872612452564315e+00 
+1.2578125000000000e+00 +1.6878754768225006e+00 
+5.1562500000000000e-01 +1.9912368565459897e+00 
+5.1562500000000000e-01 +1.9915597240038545e+00 
+5.2343750000000000e-01 +1.9906892708410049e+00 
+5.2343750000000000e-01 +1.9910130762291711e+00 
+5.0781250000000000e-01 +1.9917601076186857e+00 
+5.0781250000000000e-01 +1.9920820697721260e+00 
+5.3906250000000000e-01 +1.9895181120844048e+00 
+5.3906250000000000e-01 +1.9898438934678033e+00 
+4.9218750000000000e-01 +1.9927365222560947e+00 
+4.9218750000000000e-01 +1.9930567693962660e+00 
+5.4687500000000000e-01 +1.9888930193657226e+00 
+5.4687500000000000e-01 +1.9892198399314431e+00 
+4.8437500000000000e-01 +1.9931911160733702e+00 
+4.8437500000000000e-01 +1.9935105523539205e+00 
+5.5468750000000000e-01 +1.9882405526805338e+00 
+5.5468750000000000e-01 +1.9885684472888572e+00 
+4.7656250000000000e-01 +1.9936242357635712e+00 
+4.7656250000000000e-01 +1.9939428915092243e+00 
+5.7031250000000000e-01 +1.9868503351299815e+00 
+5.7031250000000000e-01 +1.9871804845862207e+00 
+4.6093750000000000e-01 +1.9944287903245859e+00 
+4.6093750000000000e-01 +1.9947459736345086e+00 
+5.7812500000000000e-01 +1.9861109751816919e+00 
+5.7812500000000000e-01 +1.9864423065212227e+00 
+4.5312500000000000e-01 +1.9948015660348974e+00 
+4.5312500000000000e-01 +1.9951180562662267e+00 
+5.8593750000000000e-01 +1.9853410231009629e+00 
+5.8593750000000000e-01 +1.9856735733396687e+00 
+4.4531250000000000e-01 +1.9951555492972268e+00 
+4.4531250000000000e-01 +1.9954713744195922e+00 
+6.0156250000000000e-01 +1.9837060014280379e+00 
+6.0156250000000000e-01 +1.9840411026078930e+00 
+4.2968750000000000e-01 +1.9958096972157346e+00 
+4.2968750000000000e-01 +1.9961242736442766e+00 
+6.0937500000000000e-01 +1.9828392333357761e+00 
+6.0937500000000000e-01 +1.9831756675904817e+00 
+6.1718750000000000e-01 +1.9819384761108676e+00 
+6.1718750000000000e-01 +1.9822762825217224e+00 
+4.1406250000000000e-01 +1.9963962397920920e+00 
+4.1406250000000000e-01 +1.9967096722293420e+00 
+4.0625000000000000e-01 +1.9966656744656510e+00 
+4.0625000000000000e-01 +1.9969785726651952e+00 
+6.3281250000000000e-01 +1.9800314743130016e+00 
+6.3281250000000000e-01 +1.9803721442775191e+00 
+3.9843750000000000e-01 +1.9969200039176680e+00 
+3.9843750000000000e-01 +1.9972323922455044e+00 
+6.4062500000000000e-01 +1.9790234418216264e+00 
+6.4062500000000000e-01 +1.9793656041660390e+00 
+6.4843750000000000e-01 +1.9779778443606968e+00 
+6.4843750000000000e-01 +1.9783215401307466e+00 
+3.8281250000000000e-01 +1.9973856376649244e+00 
+3.8281250000000000e-01 +1.9976970769227083e+00 
+3.7500000000000000e-01 +1.9975980592739671e+00 
+3.7500000000000000e-01 +1.9979090581191510e+00 
+6.6406250000000000e-01 +1.9757702557417660e+00 
+6.6406250000000000e-01 +1.9761171433896962e+00 
+3.6718750000000000e-01 +1.9977976102891886e+00 
+3.6718750000000000e-01 +1.9981081906597729e+00 
+6.7187500000000000e-01 +1.9746063872458435e+00 
+6.7187500000000000e-01 +1.9749549342727817e+00 
+6.7968750000000000e-01 +1.9734011991044549e+00 
+6.7968750000000000e-01 +1.9737514484093683e+00 
+3.5156250000000000e-01 +1.9981602122304956e+00 
+3.5156250000000000e-01 +1.9984700190344258e+00 
+3.4375000000000000e-01 +1.9983242910632155e+00 
+3.4375000000000000e-01 +1.9986337415600588e+00 
+6.9531250000000000e-01 +1.9708629862563449e+00 
+6.9531250000000000e-01 +1.9712167705854970e+00 
+3.3593750000000000e-01 +1.9984775551155085e+00 
+3.3593750000000000e-01 +1.9987866688137554e+00 
+7.0312500000000000e-01 +1.9695279947911013e+00 
+7.0312500000000000e-01 +1.9698836127327863e+00 
+7.1093750000000000e-01 +1.9681477501632820e+00 
+7.1093750000000000e-01 +1.9685052463487154e+00 
+3.2031250000000000e-01 +1.9987535717595215e+00 
+3.2031250000000000e-01 +1.9990620679651172e+00 
+7.2656250000000000e-01 +1.9652474449483301e+00 
+7.2656250000000000e-01 +1.9656088331588535e+00 
+3.0468750000000000e-01 +1.9989920161685542e+00 
+3.0468750000000000e-01 +1.9992999656675341e+00 
+7.3437500000000000e-01 +1.9637253281810279e+00 
+7.3437500000000000e-01 +1.9640887309740098e+00 
+2.9687500000000000e-01 +1.9990982730192115e+00 
+2.9687500000000000e-01 +1.9994059742093266e+00 
+7.4218750000000000e-01 +1.9621538458907479e+00 
+7.4218750000000000e-01 +1.9625193094993598e+00 
+2.8906250000000000e-01 +1.9991964635415476e+00 
+2.8906250000000000e-01 +1.9995039323236437e+00 
+7.5781250000000000e-01 +1.9588585494249868e+00 
+7.5781250000000000e-01 +1.9592282748718486e+00 
+2.7343750000000000e-01 +1.9993703102726659e+00 
+2.7343750000000000e-01 +1.9996773595722397e+00 
+7.6562500000000000e-01 +1.9571325896466867e+00 
+7.6562500000000000e-01 +1.9575045168476790e+00 
+7.7343750000000000e-01 +1.9553529731397115e+00 
+7.7343750000000000e-01 +1.9557271497907591e+00 
+2.5781250000000000e-01 +1.9995167739537254e+00 
+2.5781250000000000e-01 +1.9998234603014764e+00 
+7.8906250000000000e-01 +1.9516283557768395e+00 
+7.8906250000000000e-01 +1.9520071757781281e+00 
+2.4218750000000000e-01 +1.9996388933767535e+00 
+2.4218750000000000e-01 +1.9999452686628052e+00 
+7.9687500000000000e-01 +1.9496811198945154e+00 
+7.9687500000000000e-01 +1.9500623344536236e+00 
+2.3437500000000000e-01 +1.9996917247241111e+00 
+2.3437500000000000e-01 +1.9999979625081297e+00 
+8.0468750000000000e-01 +1.9476757572306032e+00 
+8.0468750000000000e-01 +1.9480594153584685e+00 
+2.2656250000000000e-01 +1.9997395285367012e+00 
+2.2656250000000000e-01 +2.0000456400857352e+00 
+8.2031250000000000e-01 +1.9434860585466265e+00 
+8.2031250000000000e-01 +1.9438747520537492e+00 
+2.1093750000000000e-01 +1.9998213606343256e+00 
+2.1093750000000000e-01 +2.0001272512935135e+00 
+8.2812500000000000e-01 +1.9412993980756041e+00 
+8.2812500000000000e-01 +1.9416906839728867e+00 
+8.3593750000000000e-01 +1.9390499619210226e+00 
+8.3593750000000000e-01 +1.9394438903784756e+00 
+1.9531250000000000e-01 +1.9998868920792643e+00 
+1.9531250000000000e-01 +2.0001926003198593e+00 
+1.8750000000000000e-01 +1.9999142781725976e+00 
+1.8750000000000000e-01 +2.0002199082944983e+00 
+8.5156250000000000e-01 +1.9343579906995083e+00 
+8.5156250000000000e-01 +1.9347573558348627e+00 
+1.7968750000000000e-01 +1.9999384464933312e+00 
+1.7968750000000000e-01 +2.0002440065268892e+00 
+8.5937500000000000e-01 +1.9319130417562020e+00 
+8.5937500000000000e-01 +1.9323152015070311e+00 
+8.6718750000000000e-01 +1.9294004893765353e+00 
+8.6718750000000000e-01 +1.9298054949080996e+00 
+1.6406250000000000e-01 +1.9999781687140659e+00 
+1.6406250000000000e-01 +2.0002836106244324e+00 
+8.8281250000000000e-01 +1.9241676235944365e+00 
+8.8281250000000000e-01 +1.9245784750617014e+00 
+1.4843750000000000e-01 +2.0000080247985812e+00 
+1.4843750000000000e-01 +2.0003133746909576e+00 
+8.9062500000000000e-01 +1.9214448068893613e+00 
+8.9062500000000000e-01 +1.9218586589236244e+00 
+8.9843750000000000e-01 +1.9186493801425888e+00 
+8.9843750000000000e-01 +1.9190662847329465e+00 
+1.3281250000000000e-01 +2.0000298020277629e+00 
+1.3281250000000000e-01 +2.0003350821964152e+00 
+9.1406250000000000e-01 +1.9128355669565908e+00 
+9.1406250000000000e-01 +1.9132587333283944e+00 
+1.1718750000000000e-01 +2.0000451089108915e+00 
+1.1718750000000000e-01 +2.0003503380273786e+00 
+9.2187500000000000e-01 +1.9098145877876309e+00 
+9.2187500000000000e-01 +1.9102409637074467e+00 
+9.2968750000000000e-01 +1.9067158131174551e+00 
+9.2968750000000000e-01 +1.9071454512194821e+00 
+1.0156250000000000e-01 +2.0000553751907852e+00 
+1.0156250000000000e-01 +2.0003605685149992e+00 
+9.3750000000000000e-02 +2.0000590160191041e+00 
+9.3750000000000000e-02 +2.0003641961674554e+00 
+9.4531250000000000e-01 +1.9002795688508132e+00 
+9.4531250000000000e-01 +1.9007158897381966e+00 
+8.5937500000000000e-02 +2.0000618518495896e+00 
+8.5937500000000000e-02 +2.0003670214665004e+00 
+9.5312500000000000e-01 +1.8969394170967269e+00 
+9.5312500000000000e-01 +1.8973791588170119e+00 
+9.6093750000000000e-01 +1.8935161055261360e+00 
+9.6093750000000000e-01 +1.8939593211728207e+00 
+7.0312500000000000e-02 +2.0000656111154118e+00 
+7.0312500000000000e-02 +2.0003707662012333e+00 
+9.7656250000000000e-01 +1.8864145156559651e+00 
+9.7656250000000000e-01 +1.8868648387637499e+00 
+5.4687500000000000e-02 +2.0000675464700821e+00 
+5.4687500000000000e-02 +2.0003726935928698e+00 
+9.8437500000000000e-01 +1.8827334657701111e+00 
+9.8437500000000000e-01 +1.8831874225460312e+00 
+4.6875000000000000e-02 +2.0000680605201326e+00 
+4.6875000000000000e-02 +2.0003732054015910e+00 
+9.9218750000000000e-01 +1.8789637128951586e+00 
+9.9218750000000000e-01 +1.8794213566993760e+00 
+3.9062500000000000e-02 +2.0000683726585207e+00 
+3.9062500000000000e-02 +2.0003735161202978e+00 
+1.0078125000000000e+00 +1.8711524320401476e+00 
+1.0078125000000000e+00 +1.8716176101120399e+00 
+2.3437500000000000e-02 +2.0000686257005662e+00 
+2.3437500000000000e-02 +2.0003737679318858e+00 
+1.0156250000000000e+00 +1.8671080430444189e+00 
+1.0156250000000000e+00 +1.8675770683894968e+00 
+1.0234375000000000e+00 +1.8629692290282054e+00 
+1.0234375000000000e+00 +1.8634421550740465e+00 
+7.8125000000000000e-03 +2.0000686629071405e+00 
+7.8125000000000000e-03 +2.0003738049332633e+00 
+0.0000000000000000e+00 +2.0000686633720894e+00 
+0.0000000000000000e+00 +2.0003738053950597e+00 
+1.0390625000000000e+00 +1.8544024809367281e+00 
+1.0390625000000000e+00 +1.8548833685937420e+00 
+1.2031250000000000e+00 +1.7382193423993311e+00 
+1.2031250000000000e+00 +1.7387965270966061e+00 
+1.2109375000000000e+00 +1.7313510800028005e+00 
+1.2109375000000000e+00 +1.7319334121666561e+00 
+1.1953125000000000e+00 +1.7449550914747403e+00 
+1.1953125000000000e+00 +1.7455271780075019e+00 
+1.2265625000000000e+00 +1.7172100970618440e+00 
+1.2265625000000000e+00 +1.7178028706443462e+00 
+1.1796875000000000e+00 +1.7580359007712103e+00 
+1.1796875000000000e+00 +1.7585979402117162e+00 
+1.2343750000000000e+00 +1.7099338894769571e+00 
+1.2343750000000000e+00 +1.7105319562633137e+00 
+1.1718750000000000e+00 +1.7643843585987147e+00 
+1.1718750000000000e+00 +1.7649414497394935e+00 
+1.2421875000000000e+00 +1.7025181944899899e+00 
+1.2421875000000000e+00 +1.7031216022856821e+00 
+1.1640625000000000e+00 +1.7706070983180215e+00 
+1.1640625000000000e+00 +1.7711592917173393e+00 
+1.1406250000000000e+00 +1.7885376614834110e+00 
+1.1406250000000000e+00 +1.7890754677062026e+00 
+1.1484375000000000e+00 +1.7826820956738541e+00 
+1.1484375000000000e+00 +1.7832246463589196e+00 
+1.1328125000000000e+00 +1.7942741255308723e+00 
+1.1328125000000000e+00 +1.7948072388708629e+00 
+1.1093750000000000e+00 +1.8107851125926022e+00 
+1.1093750000000000e+00 +1.8113044588821570e+00 
+1.1015625000000000e+00 +1.8160613191882859e+00 
+1.1015625000000000e+00 +1.8165761809631487e+00 
+1.1171875000000000e+00 +1.8053962417153469e+00 
+1.1171875000000000e+00 +1.8059201248908245e+00 
+1.0859375000000000e+00 +1.8262820540460740e+00 
+1.0859375000000000e+00 +1.8267881045423564e+00 
+1.0781250000000000e+00 +1.8312297116162712e+00 
+1.0781250000000000e+00 +1.8317314356325745e+00 
+1.0468750000000000e+00 +1.8499715964156773e+00 
+1.0468750000000000e+00 +1.8504565449140788e+00 
+1.0703125000000000e+00 +1.8360709635211223e+00 
+1.0703125000000000e+00 +1.8365684139966802e+00 
+1.0546875000000000e+00 +1.8454403859825252e+00 
+1.0546875000000000e+00 +1.8459294486116529e+00 
