Dim = 1
+9.9749498660405445e-01 +8.0849640381959009e-01 
+5.9847214410395644e-01 -5.8374143427580086e-02 
+4.7942553860420301e-01 +9.3203908596722629e-01 
-3.5078322768961984e-01 -8.7157577241358819e-01 
-9.7753011766509701e-01 -8.8345465572015314e-01 
-7.0554032557039192e-01 -8.3089402817496397e-02 
-9.5892427466313845e-01 -5.5068554259763758e-01 
-7.5680249530792820e-01 -9.9992325756410083e-01 
-8.9498935822858350e-01 -9.7190306940182081e-01 
-5.7156131874234373e-01 -9.6577306062063883e-01 
-9.4362219230096245e-01 -9.3497383958933489e-01 
-8.3239051455798729e-01 -9.9366607687768760e-01 
-6.6940482623773601e-01 -9.9057697024921731e-01 
-7.9615098120486583e-01 -9.9874470557185591e-01 
-7.1449871186253666e-01 -9.9719713063411397e-01 
-8.6537958076508192e-01 -9.8470720341796303e-01 
-9.9929278897537799e-01 -7.4007731048889436e-01 
-9.8680793571444114e-01 -6.5045650464535654e-01 
-9.9618401248647925e-01 -8.1814945742751710e-01 
-9.9969028531622339e-01 -7.8063757046163262e-01 
-9.8878766240651084e-01 -8.5246648827070781e-01 
-9.6245533873353939e-01 -9.1099295164511618e-01 
-9.2110422140115222e-01 -9.5530367469858279e-01 
-8.1466850286537729e-01 -9.9669201764531945e-01 
-7.7685603162210715e-01 -9.9982213624237160e-01 
-9.9997976878294426e-01 -7.6072885988621486e-01 
-9.9842462125090803e-01 -7.9978400169712716e-01 
-9.9297064693937187e-01 -8.3571600409694857e-01 
-8.4929971103902557e-01 -9.8966983804876918e-01 
-9.8363914350130621e-01 -8.6838455338525944e-01 
-8.8061442201624873e-01 -9.7878301891376918e-01 
-9.7046655025794071e-01 -8.9766207957620259e-01 
-9.0849035252082166e-01 -9.6407407303606163e-01 
-9.5350430590399449e-01 -9.2343425455654715e-01 
-9.3281864764067446e-01 -9.4560043853452469e-01 
-7.3600995420022586e-01 -9.9904797079378926e-01 
-7.6692288007599396e-01 -9.9999476409309374e-01 
-7.4649734806470458e-01 -9.9960763411268638e-01 
-9.9975831720646047e-01 -7.5049469644582079e-01 
-9.9995708964060270e-01 -7.7077730228585117e-01 
-7.8659952490977947e-01 -9.9940541615654821e-01 
-9.9917942094625545e-01 -7.9030725717050043e-01 
-8.0550806865629909e-01 -9.9784016579130819e-01 
-9.9742607050370136e-01 -8.0906549043025244e-01 
-8.2363004744346746e-01 -9.9530054143779279e-01 
-9.9469875042989286e-01 -8.2703368496866136e-01 
-8.4094776546653371e-01 -9.9178902299608496e-01 
-9.9100012390659875e-01 -8.4419429514868549e-01 
-8.5744431226773499e-01 -9.8730903940435166e-01 
-9.8633380257985215e-01 -8.6053056392570448e-01 
-8.7310357924907056e-01 -9.8186496529054379e-01 
-9.8070434303324006e-01 -8.7602653921048834e-01 
-8.8791027540207534e-01 -9.7546211670064586e-01 
-9.7411724233847607e-01 -8.9066708944614237e-01 
-9.0184994223922954e-01 -9.6810674590764800e-01 
-9.6657893268760398e-01 -9.0443791838381582e-01 
-9.1490896791242660e-01 -9.5980603530630682e-01 
-9.5809677511207048e-01 -9.1732557904274548e-01 
-9.2707460050471180e-01 -9.5056809039965917e-01 
-9.4867905229480354e-01 -9.2931748684100524e-01 
-9.3833496048231313e-01 -9.4040193188413601e-01 
-9.9999894660253141e-01 -7.6577645060982691e-01 
-9.9985420045189144e-01 -7.7573110968807679e-01 
-7.7191301264490320e-01 -9.9993896572802887e-01 
-7.6188593848735120e-01 -9.9998952793192164e-01 
-7.8175163531120473e-01 -9.9964428276679151e-01 
-9.9946535423813343e-01 -7.8549638514144215e-01 
-7.9139940452763735e-01 -9.9910555099082832e-01 
-9.9883250289248360e-01 -7.9506989291797492e-01 
-8.0085396492971528e-01 -9.9832290192377571e-01 
-9.9795580091652158e-01 -8.0444929578305480e-01 
-8.1011300832211386e-01 -9.9729652663817880e-01 
-9.9683546234446130e-01 -8.1363230388999164e-01 
-8.1917427424218214e-01 -9.9602667570884329e-01 
-9.9547176069089693e-01 -8.2261667533905913e-01 
-8.2803555051180266e-01 -9.9451365915166123e-01 
-9.9386502888402917e-01 -8.3140021672482189e-01 
-8.3669467377746243e-01 -9.9275784634792541e-01 
-9.9201565918438483e-01 -8.3998078367162432e-01 
-8.4514953003840576e-01 -9.9075966595415010e-01 
-9.8992410308905254e-01 -8.4835628135710883e-01 
-8.5339805516273592e-01 -9.8851960579742026e-01 
-9.8759087122145561e-01 -8.5652466502363711e-01 
-8.6143823539134434e-01 -9.8603821275629644e-01 
-9.8501653320669136e-01 -8.6448394047748800e-01 
-8.6926810782954056e-01 -9.8331609262730135e-01 
-9.8220171753246499e-01 -8.7223216457571151e-01 
-8.7688576092626513e-01 -9.8035390997702365e-01 
-9.7914711139565314e-01 -8.7976744570051912e-01 
-8.8428933494076667e-01 -9.7715238797987403e-01 
-9.7585346053453492e-01 -8.8708794422109538e-01 
-8.9147702239663185e-01 -9.7371230824153165e-01 
-9.7232156904673051e-01 -8.9419187294271718e-01 
-8.9844706852305434e-01 -9.7003451060812695e-01 
-9.6855229919289232e-01 -9.0107749754307176e-01 
-9.0519777168323656e-01 -9.6611989296120515e-01 
-9.6454657118619602e-01 -9.0774313699566667e-01 
-9.1172748378982094e-01 -9.6196941099852118e-01 
-9.6030536296768443e-01 -9.1418716398022826e-01 
-9.1803461070724568e-01 -9.5758407800072010e-01 
-9.5582970996751659e-01 -9.2040800527998856e-01 
-9.2411761264093084e-01 -9.5296496458395874e-01 
-9.5112070485218259e-01 -9.2640414216576361e-01 
-9.2997500451319681e-01 -9.4811319843853037e-01 
-9.4617949725774475e-01 -9.3217411076672929e-01 
-9.3560535632582487e-01 -9.4302996405355533e-01 
-9.4100729350917034e-01 -9.3771650242780491e-01 
-9.9999698705458084e-01 -7.6325847844067762e-01 
-9.9998564739689544e-01 -7.6828273797250524e-01 
-7.7439043025610632e-01 -9.9988817951690867e-01 
-7.6942381659084269e-01 -9.9997449410079697e-01 
-9.9991327376940931e-01 -7.7326010548588231e-01 
-9.9977987058943540e-01 -7.7819027718795031e-01 
-7.7930977912086263e-01 -9.9974083691215665e-01 
-9.9958544599921639e-01 -7.8307295216643946e-01 
-7.8418156293341224e-01 -9.9953247527957378e-01 
-9.9933001186542714e-01 -7.8790783240803530e-01 
-7.8900548434518147e-01 -9.9926310733648049e-01 
-9.9901358377845051e-01 -7.9269462281656777e-01 
-7.9378124892887048e-01 -9.9893274952370747e-01 
-9.9863618105142615e-01 -7.9743303123102249e-01 
-7.9850856519642444e-01 -9.9854142200459295e-01 
-9.9819782671907131e-01 -8.0212276844337238e-01 
-8.0318714461682394e-01 -9.9808914866375176e-01 
-9.9769854753627496e-01 -8.0676354821622975e-01 
-8.0781670163369534e-01 -9.9757595710561742e-01 
-9.9713837397646510e-01 -8.1135508730031680e-01 
-8.1239695368273990e-01 -9.9700187865275758e-01 
-9.9651734022974858e-01 -8.1589710545175353e-01 
-8.1692762120898021e-01 -9.9636694834396211e-01 
-9.9583548420082435e-01 -8.2038932544916243e-01 
-8.2140842768382216e-01 -9.9567120493210459e-01 
-9.9509284750667015e-01 -8.2483147311058846e-01 
-8.2583909962193369e-01 -9.9491469088177675e-01 
-9.9428947547400182e-01 -8.2922327731023415e-01 
-8.3021936659793605e-01 -9.9409745236669700e-01 
-9.9342541713650778e-01 -8.3356446999500744e-01 
-8.3454896126290978e-01 -9.9321953926689222e-01 
-9.9250072523185517e-01 -8.3785478620088194e-01 
-8.3882761936071226e-01 -9.9228100516565310e-01 
-9.9151545619847203e-01 -8.4209396406906978e-01 
-8.4305507974410598e-01 -9.9128190734626365e-01 
-9.9046967017210175e-01 -8.4628174486200336e-01 
-8.4723108439069839e-01 -9.9022230678850531e-01 
-9.8936343098213331e-01 -8.5041787297912752e-01 
-8.5135537841868980e-01 -9.8910226816493474e-01 
-9.8819680614770511e-01 -8.5450209597250060e-01 
-8.5542771010243002e-01 -9.8792185983693670e-01 
-9.8696986687358390e-01 -8.5853416456220188e-01 
-8.5944783088778276e-01 -9.8668115385055133e-01 
-9.8568268804581916e-01 -8.6251383265154669e-01 
-8.6341549540729579e-01 -9.8538022593207719e-01 
-9.8433534822717217e-01 -8.6644085734210685e-01 
-8.6733046149517679e-01 -9.8401915548344943e-01 
-9.8292792965232101e-01 -8.7031499894853581e-01 
-8.7119249020207434e-01 -9.8259802557739284e-01 
-9.8146051822284142e-01 -8.7413602101319798e-01 
-8.7500134580966171e-01 -9.8111692295235220e-01 
-9.7993320350196378e-01 -8.7790369032060078e-01 
-8.7875679584502431e-01 -9.7957593800719767e-01 
-9.7834607870910650e-01 -8.8161777691162913e-01 
-8.8245861109484824e-01 -9.7797516479570801e-01 
-9.7669924071418657e-01 -8.8527805409758054e-01 
-8.8610656561941048e-01 -9.7631470102082918e-01 
-9.7499279003170713e-01 -8.8888429847400130e-01 
-8.8970043676636912e-01 -9.7459464802871176e-01 
-9.7322683081462247e-01 -8.9243628993432200e-01 
-8.9324000518435276e-01 -9.7281511080252492e-01 
-9.7140147084798112e-01 -8.9593381168329145e-01 
-8.9672505483634890e-01 -9.7097619795604884e-01 
-9.6951682154234720e-01 -8.9937665025020908e-01 
-9.0015537301288939e-01 -9.6907802172704549e-01 
-9.6757299792700036e-01 -9.0276459550195376e-01 
-9.0353075034503316e-01 -9.6712069797040845e-01 
-9.6557011864291542e-01 -9.0609744065580944e-01 
-9.0685098081714521e-01 -9.6510434615109131e-01 
-9.6350830593552061e-01 -9.0937498229208613e-01 
-9.1011586177947068e-01 -9.6302908933681641e-01 
-9.6138768564723653e-01 -9.1259702036653534e-01 
-9.1332519396050338e-01 -9.6089505419056365e-01 
-9.5920838720979562e-01 -9.1576335822255994e-01 
-9.1647878147914852e-01 -9.5870237096283895e-01 
-9.5697054363634182e-01 -9.1887380260321727e-01 
-9.1957643185667814e-01 -9.5645117348372499e-01 
-9.5467429151331284e-01 -9.2192816366301411e-01 
-9.2261795602847918e-01 -9.5414159915471297e-01 
-9.5231977099210263e-01 -9.2492625497949399e-01 
-9.2560316835559253e-01 -9.5177378894031583e-01 
-9.4990712578050840e-01 -9.2786789356461585e-01 
-9.2853188663604436e-01 -9.4934788735946496e-01 
-9.4743650313395855e-01 -9.3075289987592214e-01 
-9.3140393211596595e-01 -9.4686404247668920e-01 
-9.4490805384652532e-01 -9.3358109782749743e-01 
-9.3421912950050412e-01 -9.4432240589307814e-01 
-9.4232193224172123e-01 -9.3635231480071601e-01 
-9.3697730696452075e-01 -9.4172313273702857e-01 
-9.3967829616307952e-01 -9.3906638165477696e-01 
-9.9999420433668551e-01 -7.6703105728633936e-01 
-9.9997327581580331e-01 -7.6953148789354298e-01 
-7.6441024126157109e-01 -9.9999977539562412e-01 
-7.6566802106417142e-01 -9.9999917709081587e-01 
-7.6314954546624059e-01 -9.9999655900523621e-01 
-7.6817481351013284e-01 -9.9998653641929214e-01 
-7.7066988455355634e-01 -9.9995863718354616e-01 
-9.9993708893303912e-01 -7.7202017639702658e-01 
-7.7315319612272759e-01 -9.9991547980928586e-01 
-9.9988564424056059e-01 -7.7449708482246582e-01 
-7.7562471032536728e-01 -9.9985706495503979e-01 
-9.9981894252335024e-01 -7.7696217537528534e-01 
-7.7808438944920955e-01 -9.9978339351214662e-01 
-9.9973698479919437e-01 -7.7941541044123641e-01 
-7.8053219596257728e-01 -9.9969446660474204e-01 
-9.9963977231866674e-01 -7.8185675258697007e-01 
-7.8296809251495458e-01 -9.9959028558974117e-01 
-9.9952730656511046e-01 -7.8428616456060896e-01 
-7.8539204193755707e-01 -9.9947085205681818e-01 
-9.9939958925461447e-01 -7.8670360929231531e-01 
-7.8780400724389887e-01 -9.9933616782838186e-01 
-9.9925662233598778e-01 -7.8910904989485686e-01 
-7.9020395163035706e-01 -9.9918623495954773e-01 
-9.9909840799072969e-01 -7.9150244966416949e-01 
-7.9259183847673276e-01 -9.9902105573810696e-01 
-9.9892494863299641e-01 -7.9388377207991734e-01 
-7.9496763134681092e-01 -9.9884063268449119e-01 
-9.9873624690956442e-01 -7.9625298080605023e-01 
-7.9733129398891522e-01 -9.9864496855173435e-01 
-9.9853230569978968e-01 -7.9861003969135802e-01 
-7.9968279033646184e-01 -9.9843406632543030e-01 
-9.9831312811556439e-01 -8.0095491277002195e-01 
-8.0202208450850965e-01 -9.9820792922368751e-01 
-9.9807871750126853e-01 -8.0328756426216397e-01 
-8.0434914081030784e-01 -9.9796656069708001e-01 
-9.9782907743371985e-01 -8.0560795857439216e-01 
-8.0666392373384022e-01 -9.9770996442859450e-01 
-9.9756421172211862e-01 -8.0791606030034424e-01 
-8.0896639795836722e-01 -9.9743814433357425e-01 
-9.9728412440798975e-01 -8.1021183422122767e-01 
-8.1125652835096518e-01 -9.9715110455965961e-01 
-9.9698881976512099e-01 -8.1249524530635686e-01 
-8.1353427996706196e-01 -9.9684884948672425e-01 
-9.9667830229949783e-01 -8.1476625871368824e-01 
-8.1579961805097023e-01 -9.9653138372680883e-01 
-9.9635257674923483e-01 -8.1702483979035112e-01 
-8.1805250803641794e-01 -9.9619871212405020e-01 
-9.9601164808450315e-01 -8.1927095407317718e-01 
-8.2029291554707584e-01 -9.9585083975460775e-01 
-9.9565552150745473e-01 -8.2150456728922594e-01 
-8.2252080639708158e-01 -9.9548777192658577e-01 
-9.9528420245214289e-01 -8.2372564535630788e-01 
-8.2473614659156214e-01 -9.9510951417995275e-01 
-9.9489769658443961e-01 -8.2593415438350426e-01 
-8.2693890232715150e-01 -9.9471607228645631e-01 
-9.9449600980194897e-01 -8.2813006067168460e-01 
-8.2912903999250742e-01 -9.9430745224953587e-01 
-9.9407914823391708e-01 -8.3031333071402080e-01 
-8.3130652616882372e-01 -9.9388366030423037e-01 
-9.9364711824113849e-01 -8.3248393119649788e-01 
-8.3347132763034049e-01 -9.9344470291708353e-01 
-9.9319992641585930e-01 -8.3464182899842332e-01 
-8.3562341134485063e-01 -9.9299058678604490e-01 
-9.9273757958167674e-01 -8.3678699119293154e-01 
-8.3776274447420473e-01 -9.9252131884036798e-01 
-9.9226008479343453e-01 -8.3891938504748664e-01 
-8.3988929437481108e-01 -9.9203690624050433e-01 
-9.9176744933711569e-01 -8.4103897802438199e-01 
-8.4200302859813470e-01 -9.9153735637799423e-01 
-9.9125968072973114e-01 -8.4314573778123669e-01 
-8.4410391489119208e-01 -9.9102267687535384e-01 
-9.9073678671920518e-01 -8.4523963217148879e-01 
-8.4619192119704301e-01 -9.9049287558595922e-01 
-9.9019877528425704e-01 -8.4732062924488605e-01 
-8.4826701565528018e-01 -9.8994796059392620e-01 
-9.8964565463427923e-01 -8.4938869724797361e-01 
-8.5032916660251545e-01 -9.8938794021398713e-01 
-9.8907743320921238e-01 -8.5144380462457803e-01 
-8.5237834257286238e-01 -9.8881282299136397e-01 
-9.8849411967941636e-01 -8.5348592001628931e-01 
-8.5441451229841681e-01 -9.8822261770163811e-01 
-9.8789572294553785e-01 -8.5551501226293913e-01 
-8.5643764470973394e-01 -9.8761733335061586e-01 
-9.8728225213837495e-01 -8.5753105040307609e-01 
-8.5844770893630240e-01 -9.8699697917419182e-01 
-9.8665371661873724e-01 -8.5953400367443877e-01 
-8.6044467430701499e-01 -9.8636156463820757e-01 
-9.8601012597730353e-01 -8.6152384151442452e-01 
-8.6242851035063728e-01 -9.8571109943830704e-01 
-9.8535149003447520e-01 -8.6350053356055589e-01 
-8.6439918679627181e-01 -9.8504559349978893e-01 
-9.8467781884022620e-01 -8.6546404965094448e-01 
-8.6635667357382096e-01 -9.8436505697745502e-01 
-9.8398912267395033e-01 -8.6741435982475046e-01 
-8.6830094081444453e-01 -9.8366950025545541e-01 
-9.8328541204430375e-01 -8.6935143432264017e-01 
-8.7023195885101678e-01 -9.8295893394712985e-01 
-9.8256669768904470e-01 -8.7127524358723996e-01 
-8.7214969821857813e-01 -9.8223336889484603e-01 
-9.8183299057487006e-01 -8.7318575826358746e-01 
-8.7405412965478546e-01 -9.8149281616983386e-01 
-9.8108430189724782e-01 -8.7508294919957930e-01 
-8.7594522410035791e-01 -9.8073728707201691e-01 
-9.8032064308024580e-01 -8.7696678744641587e-01 
-8.7782295269952115e-01 -9.7996679312983959e-01 
-9.7954202577635818e-01 -8.7883724425904342e-01 
-8.7968728680044694e-01 -9.7918134610009144e-01 
-9.7874846186632691e-01 -8.8069429109659225e-01 
-8.8153819795569066e-01 -9.7838095796772795e-01 
-9.7793996345896106e-01 -8.8253789962281226e-01 
-8.8337565792262529e-01 -9.7756564094568699e-01 
-9.7711654289095151e-01 -8.8436804170650585e-01 
-8.8519963866387241e-01 -9.7673540747470344e-01 
-9.7627821272668303e-01 -8.8618468942195650e-01 
-8.8701011234773020e-01 -9.7589027022311847e-01 
-9.7542498575804260e-01 -8.8798781504935498e-01 
-8.8880705134859750e-01 -9.7503024208668687e-01 
-9.7455687500422383e-01 -8.8977739107522269e-01 
-8.9059042824739620e-01 -9.7415533618837968e-01 
-9.7367389371152890e-01 -8.9155339019283153e-01 
-8.9236021583198888e-01 -9.7326556587818458e-01 
-9.7277605535316591e-01 -8.9331578530261968e-01 
-8.9411638709759456e-01 -9.7236094473290180e-01 
-9.7186337362904351e-01 -8.9506454951260639e-01 
-8.9585891524720018e-01 -9.7144148655593698e-01 
-9.7093586246556196e-01 -8.9679965613880130e-01 
-8.9758777369197040e-01 -9.7050720537709079e-01 
-9.6999353601540050e-01 -8.9852107870561204e-01 
-8.9930293605165212e-01 -9.6955811545234427e-01 
-9.6903640865730134e-01 -9.0022879094624819e-01 
-9.0100437615497819e-01 -9.6859423126364219e-01 
-9.6806449499585034e-01 -9.0192276680312211e-01 
-9.0269206804006585e-01 -9.6761556751867128e-01 
-9.6707780986125425e-01 -9.0360298042824627e-01 
-9.0436598595481343e-01 -9.6662213915063622e-01 
-9.6607636830911425e-01 -9.0526940618362794e-01 
-9.0602610435729303e-01 -9.6561396131803168e-01 
-9.6506018562019624e-01 -9.0692201864166055e-01 
-9.0767239791614029e-01 -9.6459104940441087e-01 
-9.6402927730019783e-01 -9.0856079258551115e-01 
-9.0930484151094104e-01 -9.6355341901815117e-01 
-9.6298365907951167e-01 -9.1018570300950552e-01 
-9.1092341023261458e-01 -9.6250108599221573e-01 
-9.6192334691298531e-01 -9.1179672511950993e-01 
-9.1252807938379343e-01 -9.6143406638391149e-01 
-9.6084835697967796e-01 -9.1339383433330912e-01 
-9.1411882447920079e-01 -9.6035237647464522e-01 
-9.5975870568261323e-01 -9.1497700628098133e-01 
-9.1569562124602355e-01 -9.5925603276967386e-01 
-9.5865440964852933e-01 -9.1654621680527060e-01 
-9.1725844562428316e-01 -9.5814505199785349e-01 
-9.5753548572762515e-01 -9.1810144196195487e-01 
-9.1880727376720228e-01 -9.5701945111138398e-01 
-9.5640195099330294e-01 -9.1964265802021172e-01 
-9.2034208204156909e-01 -9.5587924728554974e-01 
-9.5525382274190829e-01 -9.2116984146298042e-01 
-9.2186284702809762e-01 -9.5472445791845850e-01 
-9.5409111849246564e-01 -9.2268296898732061e-01 
-9.2336954552178541e-01 -9.5355510063077520e-01 
-9.5291385598641121e-01 -9.2418201750476781e-01 
-9.2486215453226694e-01 -9.5237119326545328e-01 
-9.5172205318732250e-01 -9.2566696414168603e-01 
-9.2634065128416532e-01 -9.5117275388746247e-01 
-9.5051572828064401e-01 -9.2713778623961651e-01 
-9.2780501321743902e-01 -9.4995980078351328e-01 
-9.4929489967340941e-01 -9.2859446135562385e-01 
-9.2925521798772681e-01 -9.4873235246177778e-01 
-9.4805958599396134e-01 -9.3003696726263774e-01 
-9.3069124346668786e-01 -9.4749042765160707e-01 
-9.4680980609166676e-01 -9.3146528194979294e-01 
-9.3211306774234037e-01 -9.4623404530324584e-01 
-9.4554557903662917e-01 -9.3287938362276468e-01 
-9.3352066911939524e-01 -9.4496322458754289e-01 
-9.4426692411939805e-01 -9.3427925070410123e-01 
-9.3491402611958718e-01 -9.4367798489565879e-01 
-9.4297386085067436e-01 -9.3566486183355313e-01 
-9.3629311748200261e-01 -9.4237834583877012e-01 
-9.4166640896101250e-01 -9.3703619586839937e-01 
-9.3765792216340427e-01 -9.4106432724776967e-01 
-9.4034458840051982e-01 -9.3839323188376988e-01 
-9.3900841933855184e-01 -9.3973594917296455e-01 
-9.9999987417634262e-01 -7.6451892272891075e-01 
