Dim = 2
-5.0000000000000000e-01 +7.5000000000000000e-01 
+5.0000000000000000e-01 -5.0000000000000000e-01 
+5.0000000000000000e-01 -1.2500000000000000e+00 
-0.0000000000000000e+00 -2.5000000000000000e-01 
-5.0000000000000000e-01 +5.0000000000000000e-01 
-0.0000000000000000e+00 -0.0000000000000000e+00 
-0.0000000000000000e+00 -2.0833333333333332e-02 
+2.5000000000000000e-01 -7.5000000000000000e-01 
-2.5000000000000000e-01 +2.5000000000000000e-01 
+5.0000000000000000e-01 -6.8750000000000000e-01 
+2.5000000000000000e-01 -3.5416666666666669e-01 
-2.5000000000000000e-01 +3.1250000000000000e-01 
+5.0000000000000000e-01 -8.8437500000000002e-01 
+3.7500000000000000e-01 -1.0000000000000000e+00 
+2.5000000000000000e-01 -4.8437500000000000e-01 
+1.2500000000000000e-01 -5.0000000000000000e-01 
-2.5000000000000000e-01 +3.1562499999999999e-01 
-1.2500000000000000e-01 -0.0000000000000000e+00 
-3.7500000000000000e-01 +5.0000000000000000e-01 
-2.5000000000000000e-01 +2.5000000000000000e-01 
-5.0000000000000000e-01 +6.4583333333333337e-01 
-0.0000000000000000e+00 -8.4375000000000006e-02 
+3.7500000000000000e-01 -6.8437499999999996e-01 
+1.2500000000000000e-01 -2.8437499999999999e-01 
-1.2500000000000000e-01 +1.1562500000000001e-01 
-3.7500000000000000e-01 +3.7500000000000000e-01 
-5.0000000000000000e-01 +5.6919642857142860e-01 
-0.0000000000000000e+00 -1.4887152777777779e-01 
+6.2500000000000000e-02 -3.7500000000000000e-01 
-6.2500000000000000e-02 -1.2500000000000000e-01 
+3.7500000000000000e-01 -8.1553819444444442e-01 
+4.3750000000000000e-01 -1.1250000000000000e+00 
+3.1250000000000000e-01 -8.7500000000000000e-01 
+1.2500000000000000e-01 -3.7109375000000000e-01 
+1.8750000000000000e-01 -6.2500000000000000e-01 
-1.2500000000000000e-01 +7.3350694444444448e-02 
-1.8750000000000000e-01 +1.2500000000000000e-01 
-3.7500000000000000e-01 +4.2633928571428570e-01 
-2.5000000000000000e-01 +2.9557291666666669e-01 
-3.1250000000000000e-01 +3.7500000000000000e-01 
+2.5000000000000000e-01 -5.9331597222222221e-01 
+5.0000000000000000e-01 -1.0377604166666667e+00 
+6.2500000000000000e-02 -2.5998263888888890e-01 
-6.2500000000000000e-02 -3.7760416666666664e-02 
+4.3750000000000000e-01 -9.2664930555555558e-01 
+3.1250000000000000e-01 -7.0442708333333337e-01 
+1.8750000000000000e-01 -4.8220486111111110e-01 
-1.8750000000000000e-01 +1.8446180555555555e-01 
-3.1250000000000000e-01 +3.1250000000000000e-01 
-3.7500000000000000e-01 +3.9973958333333331e-01 
-4.3750000000000000e-01 +4.3750000000000000e-01 
-2.5000000000000000e-01 +2.7671185661764708e-01 
-2.1875000000000000e-01 +1.8750000000000000e-01 
-2.8125000000000000e-01 +3.1250000000000000e-01 
+2.5000000000000000e-01 -6.6446461397058820e-01 
+2.8125000000000000e-01 -8.1250000000000000e-01 
+2.1875000000000000e-01 -6.8750000000000000e-01 
+5.0000000000000000e-01 -1.1350528492647058e+00 
+4.6875000000000000e-01 -1.1875000000000000e+00 
+6.2500000000000000e-02 -3.1152343750000000e-01 
+9.3750000000000000e-02 -4.3750000000000000e-01 
+3.1250000000000000e-02 -3.1250000000000000e-01 
-6.2500000000000000e-02 -7.6229319852941180e-02 
-3.1250000000000000e-02 -1.8750000000000000e-01 
-9.3750000000000000e-02 -6.2500000000000000e-02 
+4.3750000000000000e-01 -1.0174057904411764e+00 
+4.0625000000000000e-01 -1.0625000000000000e+00 
+3.1250000000000000e-01 -7.8211167279411764e-01 
+3.4375000000000000e-01 -9.3750000000000000e-01 
+1.8750000000000000e-01 -5.4681755514705888e-01 
+1.5625000000000000e-01 -5.6250000000000000e-01 
-1.8750000000000000e-01 +1.5906479779411764e-01 
-1.5625000000000000e-01 +6.2500000000000000e-02 
-5.0000000000000000e-01 +5.3307291666666667e-01 
-3.1250000000000000e-01 +3.3307291666666666e-01 
-4.3750000000000000e-01 +4.6640625000000002e-01 
-1.2500000000000000e-01 +4.1417738970588237e-02 
+1.2500000000000000e-01 -4.2917049632352944e-01 
+3.7500000000000000e-01 -8.9975873161764708e-01 
-0.0000000000000000e+00 -1.9387637867647059e-01 
-2.1875000000000000e-01 +2.1788832720588236e-01 
+2.8125000000000000e-01 -7.2328814338235292e-01 
+2.1875000000000000e-01 -6.0564108455882348e-01 
+4.6875000000000000e-01 -1.0762293198529411e+00 
+9.3750000000000000e-02 -3.7034696691176472e-01 
+3.1250000000000000e-02 -2.5269990808823528e-01 
-3.1250000000000000e-02 -1.3505284926470587e-01 
-9.3750000000000000e-02 -1.7405790441176471e-02 
+4.0625000000000000e-01 -9.5858226102941180e-01 
+3.4375000000000000e-01 -8.4093520220588236e-01 
+1.5625000000000000e-01 -4.8799402573529410e-01 
-1.5625000000000000e-01 +1.0024126838235294e-01 
-4.6875000000000000e-01 +4.6875000000000000e-01 
-5.0000000000000000e-01 +5.1609753024193550e-01 
-2.8125000000000000e-01 +2.8125000000000000e-01 
-3.1250000000000000e-01 +3.2254914314516131e-01 
-3.4375000000000000e-01 +3.4375000000000000e-01 
-4.0625000000000000e-01 +4.0625000000000000e-01 
-4.3750000000000000e-01 +4.5158140120967744e-01 
-1.2500000000000000e-01 +2.2024443655303032e-02 
-1.0937500000000000e-01 -3.1250000000000000e-02 
-1.4062500000000000e-01 +3.1250000000000000e-02 
+1.2500000000000000e-01 -4.6282404119318182e-01 
+1.4062500000000000e-01 -5.3125000000000000e-01 
+1.0937500000000000e-01 -4.6875000000000000e-01 
+3.7500000000000000e-01 -9.4767252604166663e-01 
+3.9062500000000000e-01 -1.0312500000000000e+00 
+3.5937500000000000e-01 -9.6875000000000000e-01 
-0.0000000000000000e+00 -2.2039979876893939e-01 
+1.5625000000000000e-02 -2.8125000000000000e-01 
-1.5625000000000000e-02 -2.1875000000000000e-01 
-2.1875000000000000e-01 +2.0384262547348486e-01 
-2.0312500000000000e-01 +1.5625000000000000e-01 
-2.3437500000000000e-01 +2.1875000000000000e-01 
+2.8125000000000000e-01 -7.6585434422348486e-01 
+2.9687500000000000e-01 -8.4375000000000000e-01 
+2.6562500000000000e-01 -7.8125000000000000e-01 
+2.1875000000000000e-01 -6.4464222301136365e-01 
+2.3437500000000000e-01 -7.1875000000000000e-01 
+2.0312500000000000e-01 -6.5625000000000000e-01 
+4.6875000000000000e-01 -1.1294907078598484e+00 
+4.8437500000000000e-01 -1.2187500000000000e+00 
+4.5312500000000000e-01 -1.1562500000000000e+00 
+9.3750000000000000e-02 -4.0221798058712122e-01 
+7.8125000000000000e-02 -4.0625000000000000e-01 
+3.1250000000000000e-02 -2.8100585937500000e-01 
+4.6875000000000000e-02 -3.4375000000000000e-01 
-3.1250000000000000e-02 -1.5979373816287878e-01 
-4.6875000000000000e-02 -1.5625000000000000e-01 
-9.3750000000000000e-02 -3.8581616950757576e-02 
-7.8125000000000000e-02 -9.3750000000000000e-02 
+4.0625000000000000e-01 -1.0082785866477273e+00 
+4.2187500000000000e-01 -1.0937500000000000e+00 
+3.4375000000000000e-01 -8.8706646543560608e-01 
+3.2812500000000000e-01 -9.0625000000000000e-01 
+1.5625000000000000e-01 -5.2343010179924243e-01 
+1.7187500000000000e-01 -5.9375000000000000e-01 
-1.5625000000000000e-01 +8.2630504261363633e-02 
-1.7187500000000000e-01 +9.3750000000000000e-02 
-3.7500000000000000e-01 +3.8706527217741937e-01 
-4.6875000000000000e-01 +4.8383946572580644e-01 
-2.8125000000000000e-01 +2.9029107862903225e-01 
-3.4375000000000000e-01 +3.5480720766129031e-01 
-4.0625000000000000e-01 +4.1932333669354838e-01 
-1.8750000000000000e-01 +1.4323656486742425e-01 
+1.8750000000000000e-01 -5.8403616240530298e-01 
+3.1250000000000000e-01 -8.2646040482954541e-01 
+4.3750000000000000e-01 -1.0688846472537878e+00 
-6.2500000000000000e-02 -9.9187677556818177e-02 
+6.2500000000000000e-02 -3.4161191998106061e-01 
+5.0000000000000000e-01 -1.1900967684659092e+00 
+2.5000000000000000e-01 -7.0524828361742420e-01 
-2.5000000000000000e-01 +2.6444868607954547e-01 
-2.6562500000000000e-01 +2.8125000000000000e-01 
-1.0937500000000000e-01 -8.2785866477272721e-03 
-1.4062500000000000e-01 +5.2327473958333336e-02 
+1.4062500000000000e-01 -4.9312707149621210e-01 
+1.0937500000000000e-01 -4.3252101089015149e-01 
+3.9062500000000000e-01 -9.7797555634469702e-01 
+3.5937500000000000e-01 -9.1736949573863635e-01 
+1.5625000000000000e-02 -2.5070282907196972e-01 
-1.5625000000000000e-02 -1.9009676846590909e-01 
-2.0312500000000000e-01 +1.7353959517045456e-01 
-2.3437500000000000e-01 +2.3414565577651514e-01 
+2.9687500000000000e-01 -7.9615737452651514e-01 
+2.6562500000000000e-01 -7.3555131392045459e-01 
+2.3437500000000000e-01 -6.7494525331439392e-01 
+2.0312500000000000e-01 -6.1433919270833337e-01 
+4.8437500000000000e-01 -1.1597937381628789e+00 
+4.5312500000000000e-01 -1.0991876775568181e+00 
+7.8125000000000000e-02 -3.7191495028409088e-01 
+4.6875000000000000e-02 -3.1130888967803028e-01 
-4.6875000000000000e-02 -1.2949070785984848e-01 
-7.8125000000000000e-02 -6.8884647253787873e-02 
+4.2187500000000000e-01 -1.0385816169507576e+00 
+3.2812500000000000e-01 -8.5676343513257580e-01 
+1.7187500000000000e-01 -5.5373313210227271e-01 
-1.7187500000000000e-01 +1.1293353456439394e-01 
-3.5937500000000000e-01 +3.5937500000000000e-01 
-3.7500000000000000e-01 +3.8094850570436506e-01 
-3.9062500000000000e-01 +3.9062500000000000e-01 
-4.5312500000000000e-01 +4.5312500000000000e-01 
-4.6875000000000000e-01 +4.7618660094246029e-01 
-4.8437500000000000e-01 +4.8437500000000000e-01 
-2.6562500000000000e-01 +2.6562500000000000e-01 
-2.8125000000000000e-01 +2.8571041046626983e-01 
-2.9687500000000000e-01 +2.9687500000000000e-01 
-3.2812500000000000e-01 +3.2812500000000000e-01 
-3.4375000000000000e-01 +3.4920247395833331e-01 
-4.0625000000000000e-01 +4.1269453745039680e-01 
-4.2187500000000000e-01 +4.2187500000000000e-01 
-1.8750000000000000e-01 +1.3443603515624999e-01 
-1.7968750000000000e-01 +1.0937500000000000e-01 
-1.9531250000000000e-01 +1.4062500000000000e-01 
+1.8750000000000000e-01 -6.0402550330528848e-01 
+1.9531250000000000e-01 -6.4062500000000000e-01 
+1.7968750000000000e-01 -6.0937500000000000e-01 
+3.1250000000000000e-01 -8.5017934945913465e-01 
+3.2031250000000000e-01 -8.9062500000000000e-01 
+3.0468750000000000e-01 -8.5937500000000000e-01 
+4.3750000000000000e-01 -1.0963331956129807e+00 
+4.4531250000000000e-01 -1.1406250000000000e+00 
+4.2968750000000000e-01 -1.1093750000000000e+00 
-6.2500000000000000e-02 -1.1171781099759616e-01 
-5.4687500000000000e-02 -1.4062500000000000e-01 
-7.0312500000000000e-02 -1.0937500000000000e-01 
+6.2500000000000000e-02 -3.5787165715144231e-01 
+7.0312500000000000e-02 -3.9062500000000000e-01 
+5.4687500000000000e-02 -3.5937500000000000e-01 
+5.0000000000000000e-01 -1.2194101186899038e+00 
+4.9218750000000000e-01 -1.2343750000000000e+00 
+2.5000000000000000e-01 -7.2710242638221156e-01 
+2.5781250000000000e-01 -7.6562500000000000e-01 
+2.4218750000000000e-01 -7.3437500000000000e-01 
-2.5000000000000000e-01 +2.5751295823317305e-01 
-2.4218750000000000e-01 +2.3437500000000000e-01 
-2.5781250000000000e-01 +2.6562500000000000e-01 
-1.0937500000000000e-01 -1.9410118689903846e-02 
-1.0156250000000000e-01 -4.6875000000000000e-02 
-1.1718750000000000e-01 -1.5625000000000000e-02 
-1.4062500000000000e-01 +4.2128342848557696e-02 
-1.3281250000000000e-01 +1.5625000000000000e-02 
-1.4843750000000000e-01 +4.6875000000000000e-02 
+1.4062500000000000e-01 -5.1171781099759617e-01 
+1.4843750000000000e-01 -5.4687500000000000e-01 
+1.3281250000000000e-01 -5.1562500000000000e-01 
+1.0937500000000000e-01 -4.5017934945913463e-01 
+1.1718750000000000e-01 -4.8437500000000000e-01 
+1.0156250000000000e-01 -4.5312500000000000e-01 
+3.9062500000000000e-01 -1.0040255033052885e+00 
+3.9843750000000000e-01 -1.0468750000000000e+00 
+3.8281250000000000e-01 -1.0156250000000000e+00 
+3.5937500000000000e-01 -9.4248704176682696e-01 
+3.6718750000000000e-01 -9.8437500000000000e-01 
+3.5156250000000000e-01 -9.5312500000000000e-01 
+1.5625000000000000e-02 -2.6556396484375000e-01 
+2.3437500000000000e-02 -2.9687500000000000e-01 
+7.8125000000000000e-03 -2.6562500000000000e-01 
-1.5625000000000000e-02 -2.0402550330528846e-01 
-7.8125000000000000e-03 -2.3437500000000000e-01 
-2.3437500000000000e-02 -2.0312500000000000e-01 
-2.0312500000000000e-01 +1.6520526592548077e-01 
-2.1093750000000000e-01 +1.7187500000000000e-01 
-2.3437500000000000e-01 +2.2674372746394231e-01 
-2.2656250000000000e-01 +2.0312500000000000e-01 
+2.9687500000000000e-01 -8.1941011868990388e-01 
+2.8906250000000000e-01 -8.2812500000000000e-01 
+2.6562500000000000e-01 -7.5787165715144234e-01 
+2.7343750000000000e-01 -7.9687500000000000e-01 
+2.3437500000000000e-01 -6.9633319561298079e-01 
+2.2656250000000000e-01 -7.0312500000000000e-01 
+2.0312500000000000e-01 -6.3479473407451925e-01 
+2.1093750000000000e-01 -6.7187500000000000e-01 
+4.8437500000000000e-01 -1.1886408879206731e+00 
+4.7656250000000000e-01 -1.2031250000000000e+00 
+4.5312500000000000e-01 -1.1271024263822116e+00 
+4.6093750000000000e-01 -1.1718750000000000e+00 
+7.8125000000000000e-02 -3.8864088792067308e-01 
+8.5937500000000000e-02 -4.2187500000000000e-01 
+4.6875000000000000e-02 -3.2710242638221154e-01 
+3.9062500000000000e-02 -3.2812500000000000e-01 
-4.6875000000000000e-02 -1.4248704176682692e-01 
-3.9062500000000000e-02 -1.7187500000000000e-01 
-7.8125000000000000e-02 -8.0948580228365388e-02 
-8.5937500000000000e-02 -7.8125000000000000e-02 
+4.2187500000000000e-01 -1.0655639648437500e+00 
+4.1406250000000000e-01 -1.0781250000000000e+00 
+3.2812500000000000e-01 -8.8094858022836542e-01 
+3.3593750000000000e-01 -9.2187500000000000e-01 
+1.7187500000000000e-01 -5.7325627253605771e-01 
+1.6406250000000000e-01 -5.7812500000000000e-01 
-1.7187500000000000e-01 +1.0366680438701924e-01 
-1.6406250000000000e-01 +7.8125000000000000e-02 
-4.3750000000000000e-01 +4.4444056919642855e-01 
-3.1250000000000000e-01 +3.1745644221230157e-01 
-5.0000000000000000e-01 +5.0793263268849209e-01 
-3.5937500000000000e-01 +3.6507548983134919e-01 
-3.9062500000000000e-01 +3.9682152157738093e-01 
-4.5312500000000000e-01 +4.6031358506944442e-01 
-4.8437500000000000e-01 +4.9205961681547616e-01 
-2.6562500000000000e-01 +2.6983739459325395e-01 
-2.9687500000000000e-01 +3.0158342633928570e-01 
-3.2812500000000000e-01 +3.3332945808531744e-01 
-4.2187500000000000e-01 +4.2856755332341268e-01 
-1.5625000000000000e-01 +7.2897573617788466e-02 
+1.5625000000000000e-01 -5.4248704176682694e-01 
+3.4375000000000000e-01 -9.1171781099759619e-01 
+4.0625000000000000e-01 -1.0347947340745192e+00 
-9.3750000000000000e-02 -5.0179349459134617e-02 
-3.1250000000000000e-02 -1.7325627253605769e-01 
+3.1250000000000000e-02 -2.9633319561298077e-01 
+9.3750000000000000e-02 -4.1941011868990385e-01 
+4.6875000000000000e-01 -1.1578716571514422e+00 
+2.1875000000000000e-01 -6.6556396484375002e-01 
+2.8125000000000000e-01 -7.8864088792067311e-01 
-2.1875000000000000e-01 +1.9597449669471154e-01 
-0.0000000000000000e+00 -2.3479473407451923e-01 
+3.7500000000000000e-01 -9.7325627253605773e-01 
+1.2500000000000000e-01 -4.8094858022836540e-01 
-1.2500000000000000e-01 +1.1359112079326923e-02 
-1.7968750000000000e-01 +1.1905141977163461e-01 
-1.9531250000000000e-01 +1.4982065054086538e-01 
+1.9531250000000000e-01 -6.1941011868990381e-01 
+1.7968750000000000e-01 -5.8864088792067304e-01 
+3.2031250000000000e-01 -8.6556396484374998e-01 
+3.0468750000000000e-01 -8.3479473407451921e-01 
+4.4531250000000000e-01 -1.1117178109975963e+00 
+4.2968750000000000e-01 -1.0809485802283654e+00 
-5.4687500000000000e-02 -1.2710242638221153e-01 
-7.0312500000000000e-02 -9.6333195612980774e-02 
+7.0312500000000000e-02 -3.7325627253605770e-01 
+5.4687500000000000e-02 -3.4248704176682693e-01 
+4.9218750000000000e-01 -1.2040255033052885e+00 
+2.5781250000000000e-01 -7.4248704176682689e-01 
+2.4218750000000000e-01 -7.1171781099759612e-01 
-2.4218750000000000e-01 +2.4212834284855769e-01 
-1.0156250000000000e-01 -3.4794734074519232e-02 
-1.1718750000000000e-01 -4.0255033052884618e-03 
-1.3281250000000000e-01 +2.6743727463942307e-02 
-1.4843750000000000e-01 +5.7512958233173074e-02 
+1.4843750000000000e-01 -5.2710242638221150e-01 
+1.3281250000000000e-01 -4.9633319561298078e-01 
+1.1718750000000000e-01 -4.6556396484375001e-01 
+1.0156250000000000e-01 -4.3479473407451924e-01 
+3.9843750000000000e-01 -1.0194101186899038e+00 
+3.8281250000000000e-01 -9.8864088792067306e-01 
+3.6718750000000000e-01 -9.5787165715144229e-01 
+3.5156250000000000e-01 -9.2710242638221152e-01 
+2.3437500000000000e-02 -2.8094858022836539e-01 
+7.8125000000000000e-03 -2.5017934945913461e-01 
-7.8125000000000000e-03 -2.1941011868990384e-01 
-2.3437500000000000e-02 -1.8864088792067307e-01 
-2.1093750000000000e-01 +1.8058988131009615e-01 
-2.2656250000000000e-01 +2.1135911207932692e-01 
+2.8906250000000000e-01 -8.0402550330528844e-01 
+2.7343750000000000e-01 -7.7325627253605766e-01 
+2.2656250000000000e-01 -6.8094858022836535e-01 
+2.1093750000000000e-01 -6.5017934945913458e-01 
+4.7656250000000000e-01 -1.1732562725360578e+00 
+4.6093750000000000e-01 -1.1424870417668269e+00 
+8.5937500000000000e-02 -4.0402550330528847e-01 
+3.9062500000000000e-02 -3.1171781099759616e-01 
-3.9062500000000000e-02 -1.5787165715144230e-01 
-8.5937500000000000e-02 -6.5563964843750003e-02 
+4.1406250000000000e-01 -1.0501793494591347e+00 
+3.3593750000000000e-01 -8.9633319561298075e-01 
+1.6406250000000000e-01 -5.5787165715144227e-01 
-1.6406250000000000e-01 +8.8282189002403852e-02 
-4.2968750000000000e-01 +4.2968750000000000e-01 
-4.3750000000000000e-01 +4.4094440129798229e-01 
-4.4531250000000000e-01 +4.4531250000000000e-01 
-3.0468750000000000e-01 +3.0468750000000000e-01 
-3.1250000000000000e-01 +3.1496014932947836e-01 
-3.2031250000000000e-01 +3.2031250000000000e-01 
-4.9218750000000000e-01 +4.9218750000000000e-01 
-5.0000000000000000e-01 +5.0393652728223426e-01 
-3.5156250000000000e-01 +3.5156250000000000e-01 
-3.5937500000000000e-01 +3.6220424381766730e-01 
-3.6718750000000000e-01 +3.6718750000000000e-01 
-3.8281250000000000e-01 +3.8281250000000000e-01 
-3.9062500000000000e-01 +3.9370030680979329e-01 
-3.9843750000000000e-01 +3.9843750000000000e-01 
-4.5312500000000000e-01 +4.5669243279404526e-01 
-4.6093750000000000e-01 +4.6093750000000000e-01 
-4.7656250000000000e-01 +4.7656250000000000e-01 
-4.8437500000000000e-01 +4.8818849578617124e-01 
-2.5781250000000000e-01 +2.5781250000000000e-01 
-2.6562500000000000e-01 +2.6771605484128935e-01 
-2.7343750000000000e-01 +2.7343750000000000e-01 
-2.8906250000000000e-01 +2.8906250000000000e-01 
-2.9687500000000000e-01 +2.9921211783341534e-01 
-3.2812500000000000e-01 +3.3070818082554132e-01 
-3.3593750000000000e-01 +3.3593750000000000e-01 
-4.1406250000000000e-01 +4.1406250000000000e-01 
-4.2187500000000000e-01 +4.2519636980191927e-01 
-1.5625000000000000e-01 +6.7784154137899705e-02 
-1.5234375000000000e-01 +5.4687500000000000e-02 
-1.6015625000000000e-01 +7.0312500000000000e-02 
+1.5625000000000000e-01 -5.5237088462179018e-01 
+1.6015625000000000e-01 -5.7031250000000000e-01 
+1.5234375000000000e-01 -5.5468750000000000e-01 
+3.4375000000000000e-01 -9.2446390787760413e-01 
+3.4765625000000000e-01 -9.4531250000000000e-01 
+3.3984375000000000e-01 -9.2968750000000000e-01 
+4.0625000000000000e-01 -1.0484949156295422e+00 
+4.1015625000000000e-01 -1.0703125000000000e+00 
+4.0234375000000000e-01 -1.0546875000000000e+00 
-9.3750000000000000e-02 -5.6246853614038278e-02 
-8.9843750000000000e-02 -7.0312500000000000e-02 
-9.7656250000000000e-02 -5.4687500000000000e-02 
-3.1250000000000000e-02 -1.8027786136597626e-01 
-2.7343750000000000e-02 -1.9531250000000000e-01 
-3.5156250000000000e-02 -1.7968750000000000e-01 
+3.1250000000000000e-02 -3.0430886911791427e-01 
+3.5156250000000000e-02 -3.2031250000000000e-01 
+2.7343750000000000e-02 -3.0468750000000000e-01 
+9.3750000000000000e-02 -4.2833987686985225e-01 
+9.7656250000000000e-02 -4.4531250000000000e-01 
+8.9843750000000000e-02 -4.2968750000000000e-01 
+4.6875000000000000e-01 -1.1725259233814802e+00 
+4.7265625000000000e-01 -1.1953125000000000e+00 
+4.6484375000000000e-01 -1.1796875000000000e+00 
+2.1875000000000000e-01 -6.7640189237372816e-01 
+2.2265625000000000e-01 -6.9531250000000000e-01 
+2.1484375000000000e-01 -6.7968750000000000e-01 
+2.8125000000000000e-01 -8.0043290012566615e-01 
+2.8515625000000000e-01 -8.2031250000000000e-01 
+2.7734375000000000e-01 -8.0468750000000000e-01 
-2.1875000000000000e-01 +1.9181516188983769e-01 
-2.1484375000000000e-01 +1.7968750000000000e-01 
-2.2265625000000000e-01 +1.9531250000000000e-01 
-0.0000000000000000e+00 -2.4229336524194525e-01 
+3.9062500000000000e-03 -2.5781250000000000e-01 
-3.9062500000000000e-03 -2.4218750000000000e-01 
+3.7500000000000000e-01 -9.8647941175357312e-01 
+3.7890625000000000e-01 -1.0078125000000000e+00 
+3.7109375000000000e-01 -9.9218750000000000e-01 
+1.2500000000000000e-01 -4.9035538074582125e-01 
+1.2890625000000000e-01 -5.0781250000000000e-01 
+1.2109375000000000e-01 -4.9218750000000000e-01 
-1.2500000000000000e-01 +5.7686502619307169e-03 
-1.2109375000000000e-01 -7.8125000000000000e-03 
-1.2890625000000000e-01 +7.8125000000000000e-03 
-1.7968750000000000e-01 +1.1429578204487645e-01 
-1.7578125000000000e-01 +1.0156250000000000e-01 
-1.8359375000000000e-01 +1.1718750000000000e-01 
-1.9531250000000000e-01 +1.4530353398286094e-01 
-1.9140625000000000e-01 +1.3281250000000000e-01 
-1.9921875000000000e-01 +1.4843750000000000e-01 
+1.9531250000000000e-01 -6.2989026446675145e-01 
+1.9921875000000000e-01 -6.4843750000000000e-01 
+1.9140625000000000e-01 -6.3281250000000000e-01 
+1.7968750000000000e-01 -5.9888251252876701e-01 
+1.8359375000000000e-01 -6.1718750000000000e-01 
+1.7578125000000000e-01 -6.0156250000000000e-01 
+3.2031250000000000e-01 -8.7795227997062741e-01 
+3.2421875000000000e-01 -8.9843750000000000e-01 
+3.1640625000000000e-01 -8.8281250000000000e-01 
+3.0468750000000000e-01 -8.4694452803264297e-01 
+3.0859375000000000e-01 -8.6718750000000000e-01 
+3.0078125000000000e-01 -8.5156250000000000e-01 
+4.4531250000000000e-01 -1.1260142954745034e+00 
+4.4921875000000000e-01 -1.1484375000000000e+00 
+4.4140625000000000e-01 -1.1328125000000000e+00 
+4.2968750000000000e-01 -1.0950065435365188e+00 
+4.3359375000000000e-01 -1.1171875000000000e+00 
+4.2578125000000000e-01 -1.1015625000000000e+00 
-5.4687500000000000e-02 -1.3376623345899952e-01 
-5.0781250000000000e-02 -1.4843750000000000e-01 
-5.8593750000000000e-02 -1.3281250000000000e-01 
-7.0312500000000000e-02 -1.0275848152101502e-01 
-6.6406250000000000e-02 -1.1718750000000000e-01 
-7.4218750000000000e-02 -1.0156250000000000e-01 
+7.0312500000000000e-02 -3.8182824896287548e-01 
+7.4218750000000000e-02 -3.9843750000000000e-01 
+6.6406250000000000e-02 -3.8281250000000000e-01 
+5.4687500000000000e-02 -3.5082049702489099e-01 
+5.8593750000000000e-02 -3.6718750000000000e-01 
+5.0781250000000000e-02 -3.5156250000000000e-01 
+4.9218750000000000e-01 -1.2190375512884568e+00 
+4.9609375000000000e-01 -1.2421875000000000e+00 
+4.8828125000000000e-01 -1.2265625000000000e+00 
+2.5781250000000000e-01 -7.5392127221868943e-01 
+2.6171875000000000e-01 -7.7343750000000000e-01 
+2.5390625000000000e-01 -7.5781250000000000e-01 
+2.4218750000000000e-01 -7.2291352028070499e-01 
+2.4609375000000000e-01 -7.4218750000000000e-01 
+2.3828125000000000e-01 -7.2656250000000000e-01 
-2.4218750000000000e-01 +2.3832678979681443e-01 
-2.3828125000000000e-01 +2.2656250000000000e-01 
-2.4609375000000000e-01 +2.4218750000000000e-01 
-1.0156250000000000e-01 -4.0742977645046030e-02 
-1.0546875000000000e-01 -3.9062500000000000e-02 
-1.1718750000000000e-01 -9.7352257070615310e-03 
-1.1328125000000000e-01 -2.3437500000000000e-02 
-1.3281250000000000e-01 +2.1272526230922965e-02 
-1.3671875000000000e-01 +2.3437500000000000e-02 
-1.4843750000000000e-01 +5.2280278168907464e-02 
-1.4453125000000000e-01 +3.9062500000000000e-02 
+1.4843750000000000e-01 -5.3686700865279802e-01 
+1.4453125000000000e-01 -5.3906250000000000e-01 
+1.3281250000000000e-01 -5.0585925671481347e-01 
+1.3671875000000000e-01 -5.2343750000000000e-01 
+1.1718750000000000e-01 -4.7485150477682897e-01 
+1.1328125000000000e-01 -4.7656250000000000e-01 
+1.0156250000000000e-01 -4.4384375283884447e-01 
+1.0546875000000000e-01 -4.6093750000000000e-01 
+3.9843750000000000e-01 -1.0329910396605499e+00 
+3.9453125000000000e-01 -1.0390625000000000e+00 
+3.8281250000000000e-01 -1.0019832877225654e+00 
+3.8671875000000000e-01 -1.0234375000000000e+00 
+3.6718750000000000e-01 -9.7097553578458096e-01 
+3.6328125000000000e-01 -9.7656250000000000e-01 
+3.5156250000000000e-01 -9.3996778384659641e-01 
+3.5546875000000000e-01 -9.6093750000000000e-01 
+2.3437500000000000e-02 -2.8880499314892200e-01 
+1.9531250000000000e-02 -2.8906250000000000e-01 
+7.8125000000000000e-03 -2.5779724121093750e-01 
+1.1718750000000000e-02 -2.7343750000000000e-01 
-7.8125000000000000e-03 -2.2678948927295300e-01 
-1.1718750000000000e-02 -2.2656250000000000e-01 
-2.3437500000000000e-02 -1.9578173733496851e-01 
-1.9531250000000000e-02 -2.1093750000000000e-01 
-2.1093750000000000e-01 +1.7631128592084544e-01 
-2.0703125000000000e-01 +1.6406250000000000e-01 
-2.2656250000000000e-01 +2.0731903785882994e-01 
-2.3046875000000000e-01 +2.1093750000000000e-01 
+2.8906250000000000e-01 -8.1593677609465842e-01 
+2.9296875000000000e-01 -8.3593750000000000e-01 
+2.7343750000000000e-01 -7.8492902415667398e-01 
+2.6953125000000000e-01 -7.8906250000000000e-01 
+2.2656250000000000e-01 -6.9190576834272044e-01 
+2.3046875000000000e-01 -7.1093750000000000e-01 
+2.1093750000000000e-01 -6.6089801640473600e-01 
+2.0703125000000000e-01 -6.6406250000000000e-01 
+4.7656250000000000e-01 -1.1880297993504725e+00 
+4.8046875000000000e-01 -1.2109375000000000e+00 
+4.6093750000000000e-01 -1.1570220474124879e+00 
+4.5703125000000000e-01 -1.1640625000000000e+00 
+8.5937500000000000e-02 -4.1283600090085998e-01 
+8.2031250000000000e-02 -4.1406250000000000e-01 
+3.9062500000000000e-02 -3.1981274508690649e-01 
+4.2968750000000000e-02 -3.3593750000000000e-01 
-3.9062500000000000e-02 -1.6477398539698401e-01 
-4.2968750000000000e-02 -1.6406250000000000e-01 
-8.5937500000000000e-02 -7.1750729583030526e-02 
-8.2031250000000000e-02 -8.5937500000000000e-02 
+4.1406250000000000e-01 -1.0639987915985345e+00 
+4.1796875000000000e-01 -1.0859375000000000e+00 
+3.3593750000000000e-01 -9.0896003190861197e-01 
+3.3203125000000000e-01 -9.1406250000000000e-01 
+1.6406250000000000e-01 -5.6787476059078246e-01 
+1.6796875000000000e-01 -5.8593750000000000e-01 
-1.6406250000000000e-01 +8.3288030106891953e-02 
-1.6796875000000000e-01 +8.5937500000000000e-02 
-4.0625000000000000e-01 +4.0944833830585631e-01 
-3.4375000000000000e-01 +3.4645621232160434e-01 
-2.8125000000000000e-01 +2.8346408633735237e-01 
-4.6875000000000000e-01 +4.7244046429010828e-01 
-3.7500000000000000e-01 +3.7795227531373032e-01 
-4.2968750000000000e-01 +4.3307038554995081e-01 
-4.4531250000000000e-01 +4.4881841704601377e-01 
-3.0468750000000000e-01 +3.0708613358144687e-01 
-3.2031250000000000e-01 +3.2283416507750984e-01 
-4.9218750000000000e-01 +4.9606251153420278e-01 
-3.5156250000000000e-01 +3.5433022806963582e-01 
-3.6718750000000000e-01 +3.7007825956569884e-01 
-3.8281250000000000e-01 +3.8582629106176181e-01 
-3.9843750000000000e-01 +4.0157432255782483e-01 
-4.6093750000000000e-01 +4.6456644854207679e-01 
-4.7656250000000000e-01 +4.8031448003813976e-01 
-2.5781250000000000e-01 +2.5984203909325787e-01 
-2.7343750000000000e-01 +2.7559007058932089e-01 
-2.8906250000000000e-01 +2.9133810208538385e-01 
-3.3593750000000000e-01 +3.3858219657357286e-01 
-4.1406250000000000e-01 +4.1732235405388779e-01 
-1.7187500000000000e-01 +9.8791906075884200e-02 
+1.7187500000000000e-01 -5.8337863655977473e-01 
+3.2812500000000000e-01 -8.9345615593961969e-01 
+4.2187500000000000e-01 -1.0795026675675266e+00 
-7.8125000000000000e-02 -8.7254605552022774e-02 
-4.6875000000000000e-02 -1.4927010942799177e-01 
+4.6875000000000000e-02 -3.3531662105589877e-01 
+7.8125000000000000e-02 -3.9733212493186776e-01 
+4.5312500000000000e-01 -1.1415181714434957e+00 
+4.8437500000000000e-01 -1.2035336753194645e+00 
+2.0312500000000000e-01 -6.4539414043574372e-01 
+2.3437500000000000e-01 -7.0740964431171272e-01 
+2.6562500000000000e-01 -7.6942514818768171e-01 
+2.9687500000000000e-01 -8.3144065206365070e-01 
-2.3437500000000000e-01 +2.2282291382782218e-01 
-2.0312500000000000e-01 +1.6080740995185319e-01 
-1.5625000000000000e-02 -2.1128561330396076e-01 
+1.5625000000000000e-02 -2.7330111717992978e-01 
+3.5937500000000000e-01 -9.5547165981558868e-01 
+3.9062500000000000e-01 -1.0174871636915577e+00 
+1.0937500000000000e-01 -4.5934762880783675e-01 
+1.4062500000000000e-01 -5.2136313268380574e-01 
-1.4062500000000000e-01 +3.6776402199915216e-02 
-1.0937500000000000e-01 -2.5239101676053779e-02 
-2.5000000000000000e-01 +2.5383066576580671e-01 
-2.5390625000000000e-01 +2.5781250000000000e-01 
+2.5000000000000000e-01 -7.3841739624969716e-01 
+5.0000000000000000e-01 -1.2345414272574491e+00 
+6.2500000000000000e-02 -3.6632437299388326e-01 
-6.2500000000000000e-02 -1.1826235749000727e-01 
+4.3750000000000000e-01 -1.1105104195055111e+00 
+3.1250000000000000e-01 -8.6244840400163514e-01 
+1.8750000000000000e-01 -6.1438638849775917e-01 
-1.8750000000000000e-01 +1.2979965801386870e-01 
-1.5234375000000000e-01 +6.0032216153403588e-02 
-1.6015625000000000e-01 +7.5536092122395829e-02 
+1.6015625000000000e-01 -5.6012282260628632e-01 
+1.5234375000000000e-01 -5.4461894663729404e-01 
+3.4765625000000000e-01 -9.3221584586210027e-01 
+3.3984375000000000e-01 -9.1671196989310799e-01 
+4.1015625000000000e-01 -1.0562468536140384e+00 
+4.0234375000000000e-01 -1.0407429776450461e+00 
-8.9843750000000000e-02 -6.3998791598534402e-02 
-9.7656250000000000e-02 -4.8494915629542154e-02 
-2.7343750000000000e-02 -1.8802979935047237e-01 
-3.5156250000000000e-02 -1.7252592338148012e-01 
+3.5156250000000000e-02 -3.1206080710241035e-01 
+2.7343750000000000e-02 -2.9655693113341813e-01 
+9.7656250000000000e-02 -4.3609181485434834e-01 
+8.9843750000000000e-02 -4.2058793888535612e-01 
+4.7265625000000000e-01 -1.1802778613659763e+00 
+4.6484375000000000e-01 -1.1647739853969841e+00 
+2.2265625000000000e-01 -6.8415383035822430e-01 
+2.1484375000000000e-01 -6.6864995438923203e-01 
+2.8515625000000000e-01 -8.0818483811016228e-01 
+2.7734375000000000e-01 -7.9268096214117001e-01 
-2.1484375000000000e-01 +1.8406322390534158e-01 
-2.2265625000000000e-01 +1.9956709987433383e-01 
+3.9062500000000000e-03 -2.5004530322644136e-01 
-3.9062500000000000e-03 -2.3454142725744911e-01 
+3.7890625000000000e-01 -9.9423134973806926e-01 
+3.7109375000000000e-01 -9.7872747376907698e-01 
+1.2890625000000000e-01 -4.9810731873031733e-01 
+1.2109375000000000e-01 -4.8260344276132511e-01 
-1.2109375000000000e-01 -1.9832877225654071e-03 
-1.2890625000000000e-01 +1.3520588246426841e-02 
-1.7578125000000000e-01 +1.0654384406038032e-01 
-1.8359375000000000e-01 +1.2204772002937257e-01 
-1.9140625000000000e-01 +1.3755159599836483e-01 
-1.9921875000000000e-01 +1.5305547196735708e-01 
+1.9921875000000000e-01 -6.3764220245124759e-01 
+1.9140625000000000e-01 -6.2213832648225531e-01 
+1.8359375000000000e-01 -6.0663445051326303e-01 
+1.7578125000000000e-01 -5.9113057454427087e-01 
+3.2421875000000000e-01 -8.8570421795512355e-01 
+3.1640625000000000e-01 -8.7020034198613128e-01 
+3.0859375000000000e-01 -8.5469646601713900e-01 
+3.0078125000000000e-01 -8.3919259004814684e-01 
+4.4921875000000000e-01 -1.1337662334589995e+00 
+4.4140625000000000e-01 -1.1182623574900072e+00 
+4.3359375000000000e-01 -1.1027584815210150e+00 
+4.2578125000000000e-01 -1.0872546055520227e+00 
-5.0781250000000000e-02 -1.4151817144349563e-01 
-5.8593750000000000e-02 -1.2601429547450338e-01 
-6.6406250000000000e-02 -1.1051041950551115e-01 
-7.4218750000000000e-02 -9.5006543536518898e-02 
+7.4218750000000000e-02 -3.8958018694737162e-01 
+6.6406250000000000e-02 -3.7407631097837934e-01 
+5.8593750000000000e-02 -3.5857243500938712e-01 
+5.0781250000000000e-02 -3.4306855904039485e-01 
+4.9609375000000000e-01 -1.2267894892729529e+00 
+4.8828125000000000e-01 -1.2112856133039607e+00 
+2.6171875000000000e-01 -7.6167321020318557e-01 
+2.5390625000000000e-01 -7.4616933423419329e-01 
+2.4609375000000000e-01 -7.3066545826520102e-01 
+2.3828125000000000e-01 -7.1516158229620885e-01 
-2.3828125000000000e-01 +2.3057485181231832e-01 
-2.4609375000000000e-01 +2.4607872778131057e-01 
-1.0546875000000000e-01 -3.2991039660549906e-02 
-1.1328125000000000e-01 -1.7487163691557655e-02 
-1.3671875000000000e-01 +2.9024464215419089e-02 
-1.4453125000000000e-01 +4.4528340184411340e-02 
+1.4453125000000000e-01 -5.2911507066830188e-01 
+1.3671875000000000e-01 -5.1361119469930960e-01 
+1.1328125000000000e-01 -4.6709956679233283e-01 
+1.0546875000000000e-01 -4.5159569082334061e-01 
+3.9453125000000000e-01 -1.0252391016760538e+00 
+3.8671875000000000e-01 -1.0097352257070615e+00 
+3.6328125000000000e-01 -9.6322359780008482e-01 
+3.5546875000000000e-01 -9.4771972183109254e-01 
+1.9531250000000000e-02 -2.8105305516442586e-01 
+1.1718750000000000e-02 -2.6554917919543364e-01 
-1.1718750000000000e-02 -2.1903755128845687e-01 
-1.9531250000000000e-02 -2.0353367531946462e-01 
-2.0703125000000000e-01 +1.6855934793634933e-01 
-2.3046875000000000e-01 +2.1507097584332607e-01 
+2.9296875000000000e-01 -8.2368871407915456e-01 
+2.6953125000000000e-01 -7.7717708617217784e-01 
+2.3046875000000000e-01 -6.9965770632721658e-01 
+2.0703125000000000e-01 -6.5314607842023986e-01 
+4.8046875000000000e-01 -1.1957817373349684e+00 
+4.5703125000000000e-01 -1.1492701094279918e+00 
+8.2031250000000000e-02 -4.0508406291636384e-01 
+4.2968750000000000e-02 -3.2756468307140263e-01 
-4.2968750000000000e-02 -1.5702204741248788e-01 
-8.2031250000000000e-02 -7.9502667567526650e-02 
+4.1796875000000000e-01 -1.0717507295830304e+00 
+3.3203125000000000e-01 -9.0120809392411583e-01 
+1.6796875000000000e-01 -5.7562669857527859e-01 
-1.6796875000000000e-01 +9.1039968091388077e-02 
-4.0234375000000000e-01 +4.0234375000000000e-01 
-4.0625000000000000e-01 +4.0784307741651349e-01 
-4.1015625000000000e-01 +4.1015625000000000e-01 
-3.3984375000000000e-01 +3.3984375000000000e-01 
-3.4375000000000000e-01 +3.4509797937729780e-01 
-3.4765625000000000e-01 +3.4765625000000000e-01 
-2.7734375000000000e-01 +2.7734375000000000e-01 
-2.8125000000000000e-01 +2.8235288133808212e-01 
-2.8515625000000000e-01 +2.8515625000000000e-01 
-4.6484375000000000e-01 +4.6484375000000000e-01 
-4.6875000000000000e-01 +4.7058817545572917e-01 
-4.7265625000000000e-01 +4.7265625000000000e-01 
-3.7109375000000000e-01 +3.7109375000000000e-01 
-3.7500000000000000e-01 +3.7647052839690565e-01 
-3.7890625000000000e-01 +3.7890625000000000e-01 
-4.2578125000000000e-01 +4.2578125000000000e-01 
-4.2968750000000000e-01 +4.3137248918121934e-01 
-4.3359375000000000e-01 +4.3359375000000000e-01 
-4.4140625000000000e-01 +4.4140625000000000e-01 
-4.4531250000000000e-01 +4.4705876369102326e-01 
-4.4921875000000000e-01 +4.4921875000000000e-01 
-3.0078125000000000e-01 +3.0078125000000000e-01 
-3.0468750000000000e-01 +3.0588229310278797e-01 
-3.0859375000000000e-01 +3.0859375000000000e-01 
-3.1640625000000000e-01 +3.1640625000000000e-01 
-3.2031250000000000e-01 +3.2156856761259189e-01 
-3.2421875000000000e-01 +3.2421875000000000e-01 
-4.8828125000000000e-01 +4.8828125000000000e-01 
-4.9218750000000000e-01 +4.9411758722043503e-01 
-4.9609375000000000e-01 +4.9609375000000000e-01 
-3.5156250000000000e-01 +3.5294111663219974e-01 
-3.5546875000000000e-01 +3.5546875000000000e-01 
-3.6328125000000000e-01 +3.6328125000000000e-01 
-3.6718750000000000e-01 +3.6862739114200366e-01 
-3.8281250000000000e-01 +3.8431366565180758e-01 
-3.8671875000000000e-01 +3.8671875000000000e-01 
-3.9453125000000000e-01 +3.9453125000000000e-01 
-3.9843750000000000e-01 +3.9999994016161150e-01 
-4.5703125000000000e-01 +4.5703125000000000e-01 
-4.6093750000000000e-01 +4.6274503820082719e-01 
-4.7656250000000000e-01 +4.7843131271063111e-01 
-4.8046875000000000e-01 +4.8046875000000000e-01 
-2.5390625000000000e-01 +2.5390625000000000e-01 
-2.5781250000000000e-01 +2.5882346957337621e-01 
-2.6171875000000000e-01 +2.6171875000000000e-01 
-2.6953125000000000e-01 +2.6953125000000000e-01 
-2.7343750000000000e-01 +2.7450974408318013e-01 
-2.8906250000000000e-01 +2.9019601859298405e-01 
-2.9296875000000000e-01 +2.9296875000000000e-01 
-3.3203125000000000e-01 +3.3203125000000000e-01 
-3.3593750000000000e-01 +3.3725484212239581e-01 
-4.1406250000000000e-01 +4.1568621467141542e-01 
-4.1796875000000000e-01 +4.1796875000000000e-01 
-1.7187500000000000e-01 +9.6292117226448509e-02 
-1.6992187500000000e-01 +8.9843750000000000e-02 
-1.7382812500000000e-01 +9.7656250000000000e-02 
+1.7187500000000000e-01 -5.8853278549728694e-01 
+1.7382812500000000e-01 -5.9765625000000000e-01 
+1.6992187500000000e-01 -5.8984375000000000e-01 
+3.2812500000000000e-01 -8.9981683218989394e-01 
+3.3007812500000000e-01 -9.1015625000000000e-01 
+3.2617187500000000e-01 -9.0234375000000000e-01 
+4.2187500000000000e-01 -1.0865872602054580e+00 
+4.2382812500000000e-01 -1.0976562500000000e+00 
+4.1992187500000000e-01 -1.0898437500000000e+00 
-7.8125000000000000e-02 -9.0478310789115696e-02 
-7.6171875000000000e-02 -9.7656250000000000e-02 
-8.0078125000000000e-02 -8.9843750000000000e-02 
-4.6875000000000000e-02 -1.5273512012763710e-01 
-4.4921875000000000e-02 -1.6015625000000000e-01 
-4.8828125000000000e-02 -1.5234375000000000e-01 
+4.6875000000000000e-02 -3.3950554814320127e-01 
+4.8828125000000000e-02 -3.4765625000000000e-01 
+4.4921875000000000e-02 -3.3984375000000000e-01 
+7.8125000000000000e-02 -4.0176235748172268e-01 
+8.0078125000000000e-02 -4.1015625000000000e-01 
+7.6171875000000000e-02 -4.0234375000000000e-01 
+4.5312500000000000e-01 -1.1488440695439794e+00 
+4.5507812500000000e-01 -1.1601562500000000e+00 
+4.5117187500000000e-01 -1.1523437500000000e+00 
+4.8437500000000000e-01 -1.2111008788825008e+00 
+4.8632812500000000e-01 -1.2226562500000000e+00 
+4.8242187500000000e-01 -1.2148437500000000e+00 
+2.0312500000000000e-01 -6.5078959483580834e-01 
+2.0507812500000000e-01 -6.6015625000000000e-01 
+2.0117187500000000e-01 -6.5234375000000000e-01 
+2.3437500000000000e-01 -7.1304640417432974e-01 
+2.3632812500000000e-01 -7.2265625000000000e-01 
+2.3242187500000000e-01 -7.1484375000000000e-01 
+2.6562500000000000e-01 -7.7530321351285114e-01 
+2.6757812500000000e-01 -7.8515625000000000e-01 
+2.6367187500000000e-01 -7.7734375000000000e-01 
+2.9687500000000000e-01 -8.3756002285137254e-01 
+2.9882812500000000e-01 -8.4765625000000000e-01 
+2.9492187500000000e-01 -8.3984375000000000e-01 
-2.3437500000000000e-01 +2.2080573590349131e-01 
-2.3242187500000000e-01 +2.1484375000000000e-01 
-2.3632812500000000e-01 +2.2265625000000000e-01 
-2.0312500000000000e-01 +1.5854892656496991e-01 
-2.0117187500000000e-01 +1.5234375000000000e-01 
-2.0507812500000000e-01 +1.6015625000000000e-01 
-1.5625000000000000e-02 -2.1499192946615850e-01 
-1.3671875000000000e-02 -2.2265625000000000e-01 
-1.7578125000000000e-02 -2.1484375000000000e-01 
+1.5625000000000000e-02 -2.7724873880467987e-01 
+1.7578125000000000e-02 -2.8515625000000000e-01 
+1.3671875000000000e-02 -2.7734375000000000e-01 
+3.5937500000000000e-01 -9.6207364152841535e-01 
+3.6132812500000000e-01 -9.7265625000000000e-01 
+3.5742187500000000e-01 -9.6484375000000000e-01 
+3.9062500000000000e-01 -1.0243304508669366e+00 
+3.9257812500000000e-01 -1.0351562500000000e+00 
+3.8867187500000000e-01 -1.0273437500000000e+00 
+1.0937500000000000e-01 -4.6401916682024408e-01 
+1.1132812500000000e-01 -4.7265625000000000e-01 
+1.0742187500000000e-01 -4.6484375000000000e-01 
+1.4062500000000000e-01 -5.2627597615876553e-01 
+1.4257812500000000e-01 -5.3515625000000000e-01 
+1.3867187500000000e-01 -5.2734375000000000e-01 
-1.4062500000000000e-01 +3.4035307887927101e-02 
-1.3867187500000000e-01 +2.7343750000000000e-02 
-1.4257812500000000e-01 +3.5156250000000000e-02 
-1.0937500000000000e-01 -2.8221501450594298e-02 
-1.0742187500000000e-01 -3.5156250000000000e-02 
-1.1132812500000000e-01 -2.7343750000000000e-02 
-2.5000000000000000e-01 +2.5193414057275199e-01 
-2.4804687500000000e-01 +2.4609375000000000e-01 
-2.5195312500000000e-01 +2.5390625000000000e-01 
+2.5000000000000000e-01 -7.4417480884359044e-01 
+2.5195312500000000e-01 -7.5390625000000000e-01 
+2.4804687500000000e-01 -7.4609375000000000e-01 
+5.0000000000000000e-01 -1.2422292835517617e+00 
+4.9804687500000000e-01 -1.2460937500000000e+00 
+6.2500000000000000e-02 -3.7063395281246198e-01 
+6.4453125000000000e-02 -3.7890625000000000e-01 
+6.0546875000000000e-02 -3.7109375000000000e-01 
-6.2500000000000000e-02 -1.2160671545837640e-01 
-6.0546875000000000e-02 -1.2890625000000000e-01 
-6.4453125000000000e-02 -1.2109375000000000e-01 
+4.3750000000000000e-01 -1.1177156648747189e+00 
+4.3945312500000000e-01 -1.1289062500000000e+00 
+4.3554687500000000e-01 -1.1210937500000000e+00 
+3.1250000000000000e-01 -8.6868842752063324e-01 
+3.1445312500000000e-01 -8.7890625000000000e-01 
+3.1054687500000000e-01 -8.7109375000000000e-01 
+1.8750000000000000e-01 -6.1966119016654764e-01 
+1.8945312500000000e-01 -6.2890625000000000e-01 
+1.8554687500000000e-01 -6.2109375000000000e-01 
-1.8750000000000000e-01 +1.2742052189570921e-01 
-1.8554687500000000e-01 +1.2109375000000000e-01 
-1.8945312500000000e-01 +1.2890625000000000e-01 
-1.5234375000000000e-01 +5.7381611389872626e-02 
-1.5039062500000000e-01 +5.0781250000000000e-02 
-1.5429687500000000e-01 +5.8593750000000000e-02 
-1.6015625000000000e-01 +7.2945813724502984e-02 
-1.5820312500000000e-01 +6.6406250000000000e-02 
-1.6210937500000000e-01 +7.4218750000000000e-02 
+1.6015625000000000e-01 -5.6518648199534138e-01 
+1.6210937500000000e-01 -5.7421875000000000e-01 
+1.5820312500000000e-01 -5.6640625000000000e-01 
+1.5234375000000000e-01 -5.4962227966071098e-01 
+1.5429687500000000e-01 -5.5859375000000000e-01 
+1.5039062500000000e-01 -5.5078125000000000e-01 
+3.4765625000000000e-01 -9.3872733802646979e-01 
+3.4960937500000000e-01 -9.4921875000000000e-01 
+3.4570312500000000e-01 -9.4140625000000000e-01 
+3.3984375000000000e-01 -9.2316313569183939e-01 
+3.4179687500000000e-01 -9.3359375000000000e-01 
+3.3789062500000000e-01 -9.2578125000000000e-01 
+4.1015625000000000e-01 -1.0632409567035126e+00 
+4.1210937500000000e-01 -1.0742187500000000e+00 
+4.0820312500000000e-01 -1.0664062500000000e+00 
+4.0234375000000000e-01 -1.0476767543688823e+00 
+4.0429687500000000e-01 -1.0585937500000000e+00 
+4.0039062500000000e-01 -1.0507812500000000e+00 
-8.9843750000000000e-02 -6.7132007287170170e-02 
-8.7890625000000000e-02 -7.4218750000000000e-02 
-9.1796875000000000e-02 -6.6406250000000000e-02 
-9.7656250000000000e-02 -5.1567804952539820e-02 
-9.5703125000000000e-02 -5.8593750000000000e-02 
-9.9609375000000000e-02 -5.0781250000000000e-02 
-2.7343750000000000e-02 -1.9164562596421297e-01 
-2.5390625000000000e-02 -1.9921875000000000e-01 
-2.9296875000000000e-02 -1.9140625000000000e-01 
-3.5156250000000000e-02 -1.7608142362958262e-01 
-3.3203125000000000e-02 -1.8359375000000000e-01 
-3.7109375000000000e-02 -1.7578125000000000e-01 
+3.5156250000000000e-02 -3.1615924464125578e-01 
+3.7109375000000000e-02 -3.2421875000000000e-01 
+3.3203125000000000e-02 -3.1640625000000000e-01 
+2.7343750000000000e-02 -3.0059504230662543e-01 
+2.9296875000000000e-02 -3.0859375000000000e-01 
+2.5390625000000000e-02 -3.0078125000000000e-01 
+9.7656250000000000e-02 -4.4067286331829858e-01 
+9.9609375000000000e-02 -4.4921875000000000e-01 
+9.5703125000000000e-02 -4.4140625000000000e-01 
+8.9843750000000000e-02 -4.2510866098366823e-01 
+9.1796875000000000e-02 -4.3359375000000000e-01 
+8.7890625000000000e-02 -4.2578125000000000e-01 
+4.7265625000000000e-01 -1.1877545753805554e+00 
+4.7460937500000000e-01 -1.1992187500000000e+00 
+4.7070312500000000e-01 -1.1914062500000000e+00 
+4.6484375000000000e-01 -1.1721903730459251e+00 
+4.6679687500000000e-01 -1.1835937500000000e+00 
+4.6289062500000000e-01 -1.1757812500000000e+00 
+2.2265625000000000e-01 -6.8970010067238419e-01 
+2.2460937500000000e-01 -6.9921875000000000e-01 
+2.2070312500000000e-01 -6.9140625000000000e-01 
+2.1484375000000000e-01 -6.7413589833775378e-01 
+2.1679687500000000e-01 -6.8359375000000000e-01 
+2.1289062500000000e-01 -6.7578125000000000e-01 
+2.8515625000000000e-01 -8.1421371934942699e-01 
+2.8710937500000000e-01 -8.2421875000000000e-01 
+2.8320312500000000e-01 -8.1640625000000000e-01 
+2.7734375000000000e-01 -7.9864951701479658e-01 
+2.7929687500000000e-01 -8.0859375000000000e-01 
+2.7539062500000000e-01 -8.0078125000000000e-01 
-2.1484375000000000e-01 +1.8189523006691544e-01 
-2.1289062500000000e-01 +1.7578125000000000e-01 
-2.1679687500000000e-01 +1.8359375000000000e-01 
-2.2265625000000000e-01 +1.9745943240154579e-01 
-2.2070312500000000e-01 +1.9140625000000000e-01 
-2.2460937500000000e-01 +1.9921875000000000e-01 
+3.9062500000000000e-03 -2.5390243530273438e-01 
+5.8593750000000000e-03 -2.6171875000000000e-01 
+1.9531250000000000e-03 -2.5390625000000000e-01 
-3.9062500000000000e-03 -2.3833823296810402e-01 
-1.9531250000000000e-03 -2.4609375000000000e-01 
-5.8593750000000000e-03 -2.3828125000000000e-01 
+3.7890625000000000e-01 -1.0009841473649912e+00 
+3.8085937500000000e-01 -1.0117187500000000e+00 
+3.7695312500000000e-01 -1.0039062500000000e+00 
+3.7109375000000000e-01 -9.8541994503036079e-01 
+3.7304687500000000e-01 -9.9609375000000000e-01 
+3.6914062500000000e-01 -9.8828125000000000e-01 
+1.2890625000000000e-01 -5.0292967265681998e-01 
+1.3085937500000000e-01 -5.1171875000000000e-01 
+1.2695312500000000e-01 -5.0390625000000000e-01 
+1.2109375000000000e-01 -4.8736547032218963e-01 
+1.2304687500000000e-01 -4.9609375000000000e-01 
+1.1914062500000000e-01 -4.8828125000000000e-01 
-1.2109375000000000e-01 -4.8751979486487719e-03 
-1.1914062500000000e-01 -1.1718750000000000e-02 
-1.2304687500000000e-01 -3.9062500000000000e-03 
-1.2890625000000000e-01 +1.0689004385981579e-02 
-1.2695312500000000e-01 +3.9062500000000000e-03 
-1.3085937500000000e-01 +1.1718750000000000e-02 
-1.7578125000000000e-01 +1.0407421839376368e-01 
-1.7773437500000000e-01 +1.0546875000000000e-01 
-1.8359375000000000e-01 +1.1963842072839403e-01 
-1.8164062500000000e-01 +1.1328125000000000e-01 
-1.9140625000000000e-01 +1.3520262306302439e-01 
-1.9335937500000000e-01 +1.3671875000000000e-01 
-1.9921875000000000e-01 +1.5076682539765474e-01 
-1.9726562500000000e-01 +1.4453125000000000e-01 
+1.9921875000000000e-01 -6.4300749366849308e-01 
+1.9726562500000000e-01 -6.4453125000000000e-01 
+1.9140625000000000e-01 -6.2744329133386278e-01 
+1.9335937500000000e-01 -6.3671875000000000e-01 
+1.8359375000000000e-01 -6.1187908899923238e-01 
+1.8164062500000000e-01 -6.1328125000000000e-01 
+1.7578125000000000e-01 -5.9631488666460208e-01 
+1.7773437500000000e-01 -6.0546875000000000e-01 
+3.2421875000000000e-01 -8.9203473102257869e-01 
+3.2226562500000000e-01 -8.9453125000000000e-01 
+3.1640625000000000e-01 -8.7647052868794839e-01 
+3.1835937500000000e-01 -8.8671875000000000e-01 
+3.0859375000000000e-01 -8.6090632635331799e-01 
+3.0664062500000000e-01 -8.6328125000000000e-01 
+3.0078125000000000e-01 -8.4534212401868769e-01 
+3.0273437500000000e-01 -8.5546875000000000e-01 
+4.4921875000000000e-01 -1.1410619683766643e+00 
+4.4726562500000000e-01 -1.1445312500000000e+00 
+4.4140625000000000e-01 -1.1254977660420340e+00 
+4.4335937500000000e-01 -1.1367187500000000e+00 
+4.3359375000000000e-01 -1.1099335637074037e+00 
+4.3164062500000000e-01 -1.1132812500000000e+00 
+4.2578125000000000e-01 -1.0943693613727732e+00 
+4.2773437500000000e-01 -1.1054687500000000e+00 
-5.0781250000000000e-02 -1.4495301896032192e-01 
-5.2734375000000000e-02 -1.4453125000000000e-01 
-5.8593750000000000e-02 -1.2938881662569157e-01 
-5.6640625000000000e-02 -1.3671875000000000e-01 
-6.6406250000000000e-02 -1.1382461429106122e-01 
-6.8359375000000000e-02 -1.1328125000000000e-01 
-7.4218750000000000e-02 -9.8260411956430871e-02 
-7.2265625000000000e-02 -1.0546875000000000e-01 
+7.4218750000000000e-02 -3.9398025631440753e-01 
+7.2265625000000000e-02 -3.9453125000000000e-01 
+6.6406250000000000e-02 -3.7841605397977718e-01 
+6.8359375000000000e-02 -3.8671875000000000e-01 
+5.8593750000000000e-02 -3.6285185164514683e-01 
+5.6640625000000000e-02 -3.6328125000000000e-01 
+5.0781250000000000e-02 -3.4728764931051648e-01 
+5.2734375000000000e-02 -3.5546875000000000e-01 
+4.9609375000000000e-01 -1.2344471823844465e+00 
+4.9414062500000000e-01 -1.2382812500000000e+00 
+4.8828125000000000e-01 -1.2188829800498160e+00 
+4.9023437500000000e-01 -1.2304687500000000e+00 
+2.6171875000000000e-01 -7.6752111234553588e-01 
+2.5976562500000000e-01 -7.6953125000000000e-01 
+2.5390625000000000e-01 -7.5195691001090559e-01 
+2.5585937500000000e-01 -7.6171875000000000e-01 
+2.4609375000000000e-01 -7.3639270767627518e-01 
+2.4414062500000000e-01 -7.3828125000000000e-01 
+2.3828125000000000e-01 -7.2082850534164489e-01 
+2.4023437500000000e-01 -7.3046875000000000e-01 
-2.3828125000000000e-01 +2.2858783707080649e-01 
-2.4023437500000000e-01 +2.3046875000000000e-01 
-2.4609375000000000e-01 +2.4415203940543684e-01 
-2.4414062500000000e-01 +2.3828125000000000e-01 
-1.0546875000000000e-01 -3.6003602617909469e-02 
-1.0351562500000000e-01 -4.2968750000000000e-02 
-1.1328125000000000e-01 -2.0439400283279122e-02 
-1.1523437500000000e-01 -1.9531250000000000e-02 
-1.3671875000000000e-01 +2.6253206720611929e-02 
-1.3476562500000000e-01 +1.9531250000000000e-02 
-1.4453125000000000e-01 +4.1817409055242276e-02 
-1.4648437500000000e-01 +4.2968750000000000e-02 
+1.4453125000000000e-01 -5.3405807732608068e-01 
+1.4648437500000000e-01 -5.4296875000000000e-01 
+1.3671875000000000e-01 -5.1849387499145028e-01 
+1.3476562500000000e-01 -5.1953125000000000e-01 
+1.1328125000000000e-01 -4.7180126798755928e-01 
+1.1523437500000000e-01 -4.8046875000000000e-01 
+1.0546875000000000e-01 -4.5623706565292893e-01 
+1.0351562500000000e-01 -4.5703125000000000e-01 
+3.9453125000000000e-01 -1.0321125520342518e+00 
+3.9648437500000000e-01 -1.0429687500000000e+00 
+3.8671875000000000e-01 -1.0165483496996215e+00 
+3.8476562500000000e-01 -1.0195312500000000e+00 
+3.6328125000000000e-01 -9.6985574269573049e-01 
+3.6523437500000000e-01 -9.8046875000000000e-01 
+3.5546875000000000e-01 -9.5429154036110009e-01 
+3.5351562500000000e-01 -9.5703125000000000e-01 
+1.9531250000000000e-02 -2.8503083997199508e-01 
+2.1484375000000000e-02 -2.9296875000000000e-01 
+1.1718750000000000e-02 -2.6946663763736473e-01 
+9.7656250000000000e-03 -2.6953125000000000e-01 
-1.1718750000000000e-02 -2.2277403063347367e-01 
-9.7656250000000000e-03 -2.3046875000000000e-01 
-1.9531250000000000e-02 -2.0720982829884332e-01 
-2.1484375000000000e-02 -2.0703125000000000e-01 
-2.0703125000000000e-01 +1.6633102773228509e-01 
-2.0898437500000000e-01 +1.6796875000000000e-01 
-2.3046875000000000e-01 +2.1302363473617614e-01 
-2.2851562500000000e-01 +2.0703125000000000e-01 
+2.9296875000000000e-01 -8.2977792168405728e-01 
+2.9101562500000000e-01 -8.3203125000000000e-01 
+2.6953125000000000e-01 -7.8308531468016629e-01 
+2.7148437500000000e-01 -7.9296875000000000e-01 
+2.3046875000000000e-01 -7.0526430300701448e-01 
+2.2851562500000000e-01 -7.0703125000000000e-01 
+2.0703125000000000e-01 -6.5857169600312349e-01 
+2.0898437500000000e-01 -6.6796875000000000e-01 
+4.8046875000000000e-01 -1.2033187777151857e+00 
+4.7851562500000000e-01 -1.2070312500000000e+00 
+4.5703125000000000e-01 -1.1566261707112946e+00 
+4.5898437500000000e-01 -1.1679687500000000e+00 
+8.2031250000000000e-02 -4.0954445864903788e-01 
+8.3984375000000000e-02 -4.1796875000000000e-01 
+4.2968750000000000e-02 -3.3172344697588613e-01 
+4.1015625000000000e-02 -3.3203125000000000e-01 
-4.2968750000000000e-02 -1.6051722129495227e-01 
-4.1015625000000000e-02 -1.6796875000000000e-01 
-8.2031250000000000e-02 -8.2696209621800520e-02 
-8.3984375000000000e-02 -8.2031250000000000e-02 
+4.1796875000000000e-01 -1.0788051590381429e+00 
+4.1601562500000000e-01 -1.0820312500000000e+00 
+3.3203125000000000e-01 -9.0759893335720909e-01 
+3.3398437500000000e-01 -9.1796875000000000e-01 
+1.6796875000000000e-01 -5.8075068432997168e-01 
+1.6601562500000000e-01 -5.8203125000000000e-01 
-1.6796875000000000e-01 +8.8510016059133334e-02 
-1.6601562500000000e-01 +8.2031250000000000e-02 
-4.2187500000000000e-01 +4.2352935192631741e-01 
-3.2812500000000000e-01 +3.2941170486749388e-01 
-2.9687500000000000e-01 +2.9803915584788604e-01 
-2.6562500000000000e-01 +2.6666660682827820e-01 
-4.8437500000000000e-01 +4.8627444996553310e-01 
-4.5312500000000000e-01 +4.5490190094592525e-01 
-3.9062500000000000e-01 +3.9215680290670957e-01 
-3.5937500000000000e-01 +3.6078425388710172e-01 
-5.0000000000000000e-01 +5.0196072447533702e-01 
-3.1250000000000000e-01 +3.1372543035768996e-01 
-4.3750000000000000e-01 +4.3921562643612133e-01 
-4.0234375000000000e-01 +4.0392150878906252e-01 
-4.1015625000000000e-01 +4.1176464604396446e-01 
-3.3984375000000000e-01 +3.4117641074984684e-01 
-3.4765625000000000e-01 +3.4901954800474877e-01 
-2.7734375000000000e-01 +2.7843131271063115e-01 
-2.8515625000000000e-01 +2.8627444996553308e-01 
-4.6484375000000000e-01 +4.6666660682827821e-01 
-4.7265625000000000e-01 +4.7450974408318014e-01 
-3.7109375000000000e-01 +3.7254895976945468e-01 
-3.7890625000000000e-01 +3.8039209702435661e-01 
-4.2578125000000000e-01 +4.2745092055376838e-01 
-4.3359375000000000e-01 +4.3529405780867036e-01 
-4.4140625000000000e-01 +4.4313719506357230e-01 
-4.4921875000000000e-01 +4.5098033231847429e-01 
-3.0078125000000000e-01 +3.0196072447533701e-01 
-3.0859375000000000e-01 +3.0980386173023899e-01 
-3.1640625000000000e-01 +3.1764699898514093e-01 
-3.2421875000000000e-01 +3.2549013624004292e-01 
-4.8828125000000000e-01 +4.9019601859298406e-01 
-4.9609375000000000e-01 +4.9803915584788605e-01 
-3.5546875000000000e-01 +3.5686268525965076e-01 
-3.6328125000000000e-01 +3.6470582251455269e-01 
-3.8671875000000000e-01 +3.8823523427925860e-01 
-3.9453125000000000e-01 +3.9607837153416053e-01 
-4.5703125000000000e-01 +4.5882346957337622e-01 
-4.8046875000000000e-01 +4.8235288133808213e-01 
-2.5390625000000000e-01 +2.5490190094592524e-01 
-2.6171875000000000e-01 +2.6274503820082723e-01 
-2.6953125000000000e-01 +2.7058817545572916e-01 
-2.9296875000000000e-01 +2.9411758722043507e-01 
-3.3203125000000000e-01 +3.3333327349494485e-01 
-4.1796875000000000e-01 +4.1960778329886644e-01 
-1.6406250000000000e-01 +8.0727914891818159e-02 
-1.6210937500000000e-01 +7.6836864308160571e-02 
-1.6601562500000000e-01 +8.4618965475475746e-02 
-1.5820312500000000e-01 +6.9054763140845396e-02 
-1.6992187500000000e-01 +9.2401066642790922e-02 
-1.5625000000000000e-01 +6.5163712557187808e-02 
-1.5429687500000000e-01 +6.1272661973530214e-02 
-1.7382812500000000e-01 +1.0018316781010610e-01 
-1.5039062500000000e-01 +5.3490560806215039e-02 
-1.7773437500000000e-01 +1.0796526897742127e-01 
-1.4843750000000000e-01 +4.9599510222557451e-02 
-1.7968750000000000e-01 +1.1185631956107886e-01 
-1.4648437500000000e-01 +4.5708459638899863e-02 
-1.8164062500000000e-01 +1.1574737014473645e-01 
-1.4257812500000000e-01 +3.7926358471584688e-02 
-1.8554687500000000e-01 +1.2352947131205162e-01 
-1.3867187500000000e-01 +3.0144257304269517e-02 
-1.8945312500000000e-01 +1.3131157247936678e-01 
-1.3476562500000000e-01 +2.2362156136954341e-02 
-1.9335937500000000e-01 +1.3909367364668196e-01 
-1.3281250000000000e-01 +1.8471105553296754e-02 
-1.9531250000000000e-01 +1.4298472423033956e-01 
-1.3085937500000000e-01 +1.4580054969639166e-02 
-1.9726562500000000e-01 +1.4687577481399713e-01 
-1.2695312500000000e-01 +6.7979538023239909e-03 
-2.0117187500000000e-01 +1.5465787598131231e-01 
-1.2500000000000000e-01 +2.9069032186664033e-03 
-1.2304687500000000e-01 -9.8414736499118430e-04 
-2.0507812500000000e-01 +1.6243997714862748e-01 
-1.1914062500000000e-01 -8.7662485323063595e-03 
-2.0898437500000000e-01 +1.7022207831594266e-01 
-1.1718750000000000e-01 -1.2657299115963947e-02 
-2.1093750000000000e-01 +1.7411312889960026e-01 
-1.1523437500000000e-01 -1.6548349699621535e-02 
-2.1289062500000000e-01 +1.7800417948325784e-01 
-1.1132812500000000e-01 -2.4330450866936710e-02 
-2.1679687500000000e-01 +1.8578628065057301e-01 
-2.1875000000000000e-01 +1.8967733123423061e-01 
-1.0742187500000000e-01 -3.2112552034251882e-02 
-2.2070312500000000e-01 +1.9356838181788819e-01 
-1.0351562500000000e-01 -3.9894653201567057e-02 
-2.2460937500000000e-01 +2.0135048298520336e-01 
-1.0156250000000000e-01 -4.3785703785224644e-02 
-2.2656250000000000e-01 +2.0524153356886096e-01 
-9.9609375000000000e-02 -4.7676754368882232e-02 
-2.2851562500000000e-01 +2.0913258415251854e-01 
-9.5703125000000000e-02 -5.5458855536197407e-02 
-2.3242187500000000e-01 +2.1691468531983371e-01 
-9.3750000000000000e-02 -5.9349906119854995e-02 
-9.1796875000000000e-02 -6.3240956703512582e-02 
-2.3632812500000000e-01 +2.2469678648714889e-01 
-8.7890625000000000e-02 -7.1023057870827758e-02 
-2.4023437500000000e-01 +2.3247888765446406e-01 
-8.5937500000000000e-02 -7.4914108454485345e-02 
-2.4218750000000000e-01 +2.3636993823812166e-01 
-8.3984375000000000e-02 -7.8805159038142933e-02 
-2.4414062500000000e-01 +2.4026098882177924e-01 
-8.0078125000000000e-02 -8.6587260205458108e-02 
-2.4804687500000000e-01 +2.4804308998909441e-01 
-7.6171875000000000e-02 -9.4369361372773283e-02 
-2.5195312500000000e-01 +2.5195312500000000e-01 
-2.5390625000000000e-01 +2.5440312365029888e-01 
-2.5585937500000000e-01 +2.5585937500000000e-01 
-2.5195312500000000e-01 +2.5244617648787226e-01 
-7.2265625000000000e-02 -1.0215146254008846e-01 
-7.0312500000000000e-02 -1.0604251312374605e-01 
-2.5585937500000000e-01 +2.5636007081272549e-01 
-6.8359375000000000e-02 -1.0993356370740363e-01 
-2.5781250000000000e-01 +2.5831701797515211e-01 
-2.5976562500000000e-01 +2.5976562500000000e-01 
-6.4453125000000000e-02 -1.1771566487471881e-01 
-2.5976562500000000e-01 +2.6027396513757872e-01 
-2.6171875000000000e-01 +2.6223091230000534e-01 
-2.6367187500000000e-01 +2.6367187500000000e-01 
-6.0546875000000000e-02 -1.2549776604203400e-01 
-2.6367187500000000e-01 +2.6418785946243195e-01 
-5.6640625000000000e-02 -1.3327986720934917e-01 
-2.6562500000000000e-01 +2.6614480662485857e-01 
-2.6757812500000000e-01 +2.6757812500000000e-01 
-5.4687500000000000e-02 -1.3717091779300675e-01 
-5.2734375000000000e-02 -1.4106196837666435e-01 
-2.6757812500000000e-01 +2.6810175378728518e-01 
-2.6953125000000000e-01 +2.7005870094971179e-01 
-2.7148437500000000e-01 +2.7148437500000000e-01 
-4.8828125000000000e-02 -1.4884406954397952e-01 
-2.7148437500000000e-01 +2.7201564811213841e-01 
-4.4921875000000000e-02 -1.5662617071129470e-01 
-2.7343750000000000e-01 +2.7397259527456502e-01 
-2.7539062500000000e-01 +2.7539062500000000e-01 
-4.1015625000000000e-02 -1.6440827187860987e-01 
-2.7539062500000000e-01 +2.7592954243699164e-01 
-3.9062500000000000e-02 -1.6829932246226745e-01 
-2.7734375000000000e-01 +2.7788648959941825e-01 
-2.7929687500000000e-01 +2.7929687500000000e-01 
-3.7109375000000000e-02 -1.7219037304592505e-01 
-2.7929687500000000e-01 +2.7984343676184487e-01 
-3.3203125000000000e-02 -1.7997247421324022e-01 
-2.8125000000000000e-01 +2.8180038392427148e-01 
-2.8320312500000000e-01 +2.8320312500000000e-01 
-3.1250000000000000e-02 -1.8386352479689780e-01 
-2.9296875000000000e-02 -1.8775457538055540e-01 
-2.8320312500000000e-01 +2.8375733108669809e-01 
-2.8515625000000000e-01 +2.8571427824912471e-01 
-2.8710937500000000e-01 +2.8710937500000000e-01 
-2.5390625000000000e-02 -1.9553667654787057e-01 
-2.3437500000000000e-02 -1.9942772713152815e-01 
-2.8710937500000000e-01 +2.8767122541155132e-01 
-2.1484375000000000e-02 -2.0331877771518575e-01 
-2.8906250000000000e-01 +2.8962817257397794e-01 
-2.9101562500000000e-01 +2.9101562500000000e-01 
-1.7578125000000000e-02 -2.1110087888250093e-01 
-2.9101562500000000e-01 +2.9158511973640455e-01 
-2.9296875000000000e-01 +2.9354206689883117e-01 
-2.9492187500000000e-01 +2.9492187500000000e-01 
-1.3671875000000000e-02 -2.1888298004981610e-01 
-2.9492187500000000e-01 +2.9549901406125778e-01 
-9.7656250000000000e-03 -2.2666508121713128e-01 
-2.9687500000000000e-01 +2.9745596122368440e-01 
-2.9882812500000000e-01 +2.9882812500000000e-01 
-7.8125000000000000e-03 -2.3055613180078885e-01 
-5.8593750000000000e-03 -2.3444718238444645e-01 
-2.9882812500000000e-01 +2.9941290838611101e-01 
-3.0078125000000000e-01 +3.0136985554853762e-01 
-3.0273437500000000e-01 +3.0273437500000000e-01 
-1.9531250000000000e-03 -2.4222928355176163e-01 
-0.0000000000000000e+00 -2.4612033413541920e-01 
-3.0273437500000000e-01 +3.0332680271096424e-01 
+1.9531250000000000e-03 -2.5001138471907680e-01 
-3.0468750000000000e-01 +3.0528374987339085e-01 
-3.0664062500000000e-01 +3.0664062500000000e-01 
+5.8593750000000000e-03 -2.5779348588639195e-01 
-3.0664062500000000e-01 +3.0724069703581747e-01 
+7.8125000000000000e-03 -2.6168453647004952e-01 
-3.0859375000000000e-01 +3.0919764419824408e-01 
-3.1054687500000000e-01 +3.1054687500000000e-01 
+9.7656250000000000e-03 -2.6557558705370715e-01 
-3.1054687500000000e-01 +3.1115459136067070e-01 
+1.3671875000000000e-02 -2.7335768822102230e-01 
-3.1250000000000000e-01 +3.1311153852309731e-01 
-3.1445312500000000e-01 +3.1445312500000000e-01 
+1.7578125000000000e-02 -2.8113978938833750e-01 
-3.1445312500000000e-01 +3.1506848568552392e-01 
-3.1640625000000000e-01 +3.1702543284795054e-01 
-3.1835937500000000e-01 +3.1835937500000000e-01 
+2.1484375000000000e-02 -2.8892189055565265e-01 
+2.3437500000000000e-02 -2.9281294113931022e-01 
-3.1835937500000000e-01 +3.1898238001037715e-01 
+2.5390625000000000e-02 -2.9670399172296785e-01 
-3.2031250000000000e-01 +3.2093932717280377e-01 
-3.2226562500000000e-01 +3.2226562500000000e-01 
+2.9296875000000000e-02 -3.0448609289028300e-01 
-3.2226562500000000e-01 +3.2289627433523038e-01 
+3.1250000000000000e-02 -3.0837714347394057e-01 
-3.2421875000000000e-01 +3.2485322149765700e-01 
-3.2617187500000000e-01 +3.2617187500000000e-01 
+3.3203125000000000e-02 -3.1226819405759820e-01 
-3.2617187500000000e-01 +3.2681016866008361e-01 
+3.7109375000000000e-02 -3.2005029522491335e-01 
-3.2812500000000000e-01 +3.2876711582251023e-01 
-3.3007812500000000e-01 +3.3007812500000000e-01 
+3.9062500000000000e-02 -3.2394134580857092e-01 
+4.1015625000000000e-02 -3.2783239639222855e-01 
-3.3007812500000000e-01 +3.3072406298493684e-01 
-3.3203125000000000e-01 +3.3268101014736345e-01 
-3.3398437500000000e-01 +3.3398437500000000e-01 
+4.4921875000000000e-02 -3.3561449755954370e-01 
-3.3398437500000000e-01 +3.3463795730979007e-01 
+4.8828125000000000e-02 -3.4339659872685890e-01 
-3.3593750000000000e-01 +3.3659490447221668e-01 
-3.3789062500000000e-01 +3.3789062500000000e-01 
+5.2734375000000000e-02 -3.5117869989417405e-01 
-3.3789062500000000e-01 +3.3855185163464330e-01 
+5.4687500000000000e-02 -3.5506975047783162e-01 
-3.3984375000000000e-01 +3.4050879879706991e-01 
-3.4179687500000000e-01 +3.4179687500000000e-01 
+5.6640625000000000e-02 -3.5896080106148925e-01 
-3.4179687500000000e-01 +3.4246574595949653e-01 
+6.0546875000000000e-02 -3.6674290222880440e-01 
-3.4375000000000000e-01 +3.4442269312192314e-01 
-3.4570312500000000e-01 +3.4570312500000000e-01 
+6.4453125000000000e-02 -3.7452500339611960e-01 
-3.4570312500000000e-01 +3.4637964028434975e-01 
-3.4765625000000000e-01 +3.4833658744677637e-01 
-3.4960937500000000e-01 +3.4960937500000000e-01 
+6.8359375000000000e-02 -3.8230710456343475e-01 
+7.0312500000000000e-02 -3.8619815514709233e-01 
-3.4960937500000000e-01 +3.5029353460920298e-01 
+7.2265625000000000e-02 -3.9008920573074995e-01 
-3.5156250000000000e-01 +3.5225048177162960e-01 
-3.5351562500000000e-01 +3.5351562500000000e-01 
+7.6171875000000000e-02 -3.9787130689806510e-01 
-3.5351562500000000e-01 +3.5420742893405621e-01 
-3.5546875000000000e-01 +3.5616437609648283e-01 
-3.5742187500000000e-01 +3.5742187500000000e-01 
+8.0078125000000000e-02 -4.0565340806538031e-01 
-3.5742187500000000e-01 +3.5812132325890944e-01 
+8.3984375000000000e-02 -4.1343550923269545e-01 
-3.5937500000000000e-01 +3.6007827042133606e-01 
-3.6132812500000000e-01 +3.6132812500000000e-01 
+8.5937500000000000e-02 -4.1732655981635303e-01 
+8.7890625000000000e-02 -4.2121761040001066e-01 
-3.6132812500000000e-01 +3.6203521758376267e-01 
-3.6328125000000000e-01 +3.6399216474618928e-01 
-3.6523437500000000e-01 +3.6523437500000000e-01 
+9.1796875000000000e-02 -4.2899971156732580e-01 
+9.3750000000000000e-02 -4.3289076215098338e-01 
-3.6523437500000000e-01 +3.6594911190861590e-01 
+9.5703125000000000e-02 -4.3678181273464101e-01 
-3.6718750000000000e-01 +3.6790605907104251e-01 
-3.6914062500000000e-01 +3.6914062500000000e-01 
+9.9609375000000000e-02 -4.4456391390195615e-01 
-3.6914062500000000e-01 +3.6986300623346913e-01 
+1.0156250000000000e-01 -4.4845496448561373e-01 
-3.7109375000000000e-01 +3.7181995339589574e-01 
-3.7304687500000000e-01 +3.7304687500000000e-01 
+1.0351562500000000e-01 -4.5234601506927136e-01 
-3.7304687500000000e-01 +3.7377690055832236e-01 
+1.0742187500000000e-01 -4.6012811623658650e-01 
-3.7500000000000000e-01 +3.7573384772074897e-01 
-3.7695312500000000e-01 +3.7695312500000000e-01 
+1.1132812500000000e-01 -4.6791021740390171e-01 
-3.7695312500000000e-01 +3.7769079488317558e-01 
-3.7890625000000000e-01 +3.7964774204560220e-01 
-3.8085937500000000e-01 +3.8085937500000000e-01 
+1.1523437500000000e-01 -4.7569231857121685e-01 
+1.1718750000000000e-01 -4.7958336915487443e-01 
-3.8085937500000000e-01 +3.8160468920802881e-01 
+1.1914062500000000e-01 -4.8347441973853206e-01 
-3.8281250000000000e-01 +3.8356163637045543e-01 
-3.8476562500000000e-01 +3.8476562500000000e-01 
+1.2304687500000000e-01 -4.9125652090584720e-01 
-3.8476562500000000e-01 +3.8551858353288204e-01 
+1.2500000000000000e-01 -4.9514757148950478e-01 
-3.8671875000000000e-01 +3.8747553069530866e-01 
-3.8867187500000000e-01 +3.8867187500000000e-01 
+1.2695312500000000e-01 -4.9903862207316241e-01 
-3.8867187500000000e-01 +3.8943247785773527e-01 
+1.3085937500000000e-01 -5.0682072324047756e-01 
-3.9062500000000000e-01 +3.9138942502016189e-01 
-3.9257812500000000e-01 +3.9257812500000000e-01 
+1.3281250000000000e-01 -5.1071177382413513e-01 
+1.3476562500000000e-01 -5.1460282440779270e-01 
-3.9257812500000000e-01 +3.9334637218258850e-01 
-3.9453125000000000e-01 +3.9530331934501511e-01 
-3.9648437500000000e-01 +3.9648437500000000e-01 
+1.3867187500000000e-01 -5.2238492557510796e-01 
-3.9648437500000000e-01 +3.9726026650744173e-01 
+1.4257812500000000e-01 -5.3016702674242311e-01 
-3.9843750000000000e-01 +3.9921721366986834e-01 
-4.0039062500000000e-01 +4.0039062500000000e-01 
+1.4648437500000000e-01 -5.3794912790973826e-01 
-4.0039062500000000e-01 +4.0117416083229496e-01 
+1.4843750000000000e-01 -5.4184017849339583e-01 
-4.0234375000000000e-01 +4.0313110799472157e-01 
-4.0429687500000000e-01 +4.0429687500000000e-01 
+1.5039062500000000e-01 -5.4573122907705340e-01 
-4.0429687500000000e-01 +4.0508805515714819e-01 
+1.5429687500000000e-01 -5.5351333024436866e-01 
-4.0625000000000000e-01 +4.0704500231957480e-01 
-4.0820312500000000e-01 +4.0820312500000000e-01 
+1.5625000000000000e-01 -5.5740438082802624e-01 
+1.5820312500000000e-01 -5.6129543141168381e-01 
-4.0820312500000000e-01 +4.0900194948200141e-01 
-4.1015625000000000e-01 +4.1095889664442803e-01 
-4.1210937500000000e-01 +4.1210937500000000e-01 
+1.6210937500000000e-01 -5.6907753257899896e-01 
+1.6406250000000000e-01 -5.7296858316265653e-01 
-4.1210937500000000e-01 +4.1291584380685464e-01 
+1.6601562500000000e-01 -5.7685963374631410e-01 
-4.1406250000000000e-01 +4.1487279096928126e-01 
-4.1601562500000000e-01 +4.1601562500000000e-01 
+1.6992187500000000e-01 -5.8464173491362936e-01 
-4.1601562500000000e-01 +4.1682973813170787e-01 
-4.1796875000000000e-01 +4.1878668529413449e-01 
-4.1992187500000000e-01 +4.1992187500000000e-01 
+1.7382812500000000e-01 -5.9242383608094451e-01 
-4.1992187500000000e-01 +4.2074363245656110e-01 
+1.7773437500000000e-01 -6.0020593724825966e-01 
-4.2187500000000000e-01 +4.2270057961898772e-01 
-4.2382812500000000e-01 +4.2382812500000000e-01 
+1.7968750000000000e-01 -6.0409698783191723e-01 
+1.8164062500000000e-01 -6.0798803841557481e-01 
-4.2382812500000000e-01 +4.2465752678141433e-01 
-4.2578125000000000e-01 +4.2661447394384094e-01 
-4.2773437500000000e-01 +4.2773437500000000e-01 
+1.8554687500000000e-01 -6.1577013958289006e-01 
-4.2773437500000000e-01 +4.2857142110626756e-01 
+1.8945312500000000e-01 -6.2355224075020521e-01 
-4.2968750000000000e-01 +4.3052836826869417e-01 
-4.3164062500000000e-01 +4.3164062500000000e-01 
+1.9335937500000000e-01 -6.3133434191752036e-01 
-4.3164062500000000e-01 +4.3248531543112079e-01 
+1.9531250000000000e-01 -6.3522539250117793e-01 
-4.3359375000000000e-01 +4.3444226259354740e-01 
-4.3554687500000000e-01 +4.3554687500000000e-01 
+1.9726562500000000e-01 -6.3911644308483551e-01 
-4.3554687500000000e-01 +4.3639920975597402e-01 
+2.0117187500000000e-01 -6.4689854425215076e-01 
-4.3750000000000000e-01 +4.3835615691840063e-01 
-4.3945312500000000e-01 +4.3945312500000000e-01 
+2.0507812500000000e-01 -6.5468064541946591e-01 
-4.3945312500000000e-01 +4.4031310408082724e-01 
-4.4140625000000000e-01 +4.4227005124325386e-01 
-4.4335937500000000e-01 +4.4335937500000000e-01 
+2.0898437500000000e-01 -6.6246274658678106e-01 
+2.1093750000000000e-01 -6.6635379717043863e-01 
-4.4335937500000000e-01 +4.4422699840568047e-01 
+2.1289062500000000e-01 -6.7024484775409621e-01 
-4.4531250000000000e-01 +4.4618394556810709e-01 
-4.4726562500000000e-01 +4.4726562500000000e-01 
+2.1679687500000000e-01 -6.7802694892141147e-01 
-4.4726562500000000e-01 +4.4814089273053370e-01 
+2.1875000000000000e-01 -6.8191799950506904e-01 
-4.4921875000000000e-01 +4.5009783989296032e-01 
-4.5117187500000000e-01 +4.5117187500000000e-01 
+2.2070312500000000e-01 -6.8580905008872661e-01 
-4.5117187500000000e-01 +4.5205478705538693e-01 
+2.2460937500000000e-01 -6.9359115125604176e-01 
-4.5312500000000000e-01 +4.5401173421781355e-01 
-4.5507812500000000e-01 +4.5507812500000000e-01 
+2.2656250000000000e-01 -6.9748220183969933e-01 
+2.2851562500000000e-01 -7.0137325242335691e-01 
-4.5507812500000000e-01 +4.5596868138024016e-01 
-4.5703125000000000e-01 +4.5792562854266677e-01 
-4.5898437500000000e-01 +4.5898437500000000e-01 
+2.3242187500000000e-01 -7.0915535359067217e-01 
-4.5898437500000000e-01 +4.5988257570509339e-01 
+2.3632812500000000e-01 -7.1693745475798731e-01 
-4.6093750000000000e-01 +4.6183952286752000e-01 
-4.6289062500000000e-01 +4.6289062500000000e-01 
+2.4023437500000000e-01 -7.2471955592530246e-01 
-4.6289062500000000e-01 +4.6379647002994662e-01 
+2.4218750000000000e-01 -7.2861060650896003e-01 
-4.6484375000000000e-01 +4.6575341719237323e-01 
-4.6679687500000000e-01 +4.6679687500000000e-01 
+2.4414062500000000e-01 -7.3250165709261761e-01 
-4.6679687500000000e-01 +4.6771036435479985e-01 
+2.4804687500000000e-01 -7.4028375825993287e-01 
-4.6875000000000000e-01 +4.6966731151722646e-01 
-4.7070312500000000e-01 +4.7070312500000000e-01 
+2.5195312500000000e-01 -7.4806585942724801e-01 
-4.7070312500000000e-01 +4.7162425867965307e-01 
-4.7265625000000000e-01 +4.7358120584207969e-01 
-4.7460937500000000e-01 +4.7460937500000000e-01 
+2.5585937500000000e-01 -7.5584796059456316e-01 
+2.5781250000000000e-01 -7.5973901117822074e-01 
-4.7460937500000000e-01 +4.7553815300450630e-01 
+2.5976562500000000e-01 -7.6363006176187831e-01 
-4.7656250000000000e-01 +4.7749510016693292e-01 
-4.7851562500000000e-01 +4.7851562500000000e-01 
+2.6367187500000000e-01 -7.7141216292919357e-01 
-4.7851562500000000e-01 +4.7945204732935953e-01 
-4.8046875000000000e-01 +4.8140899449178615e-01 
-4.8242187500000000e-01 +4.8242187500000000e-01 
+2.6757812500000000e-01 -7.7919426409650872e-01 
-4.8242187500000000e-01 +4.8336594165421276e-01 
+2.7148437500000000e-01 -7.8697636526382386e-01 
-4.8437500000000000e-01 +4.8532288881663938e-01 
-4.8632812500000000e-01 +4.8632812500000000e-01 
+2.7343750000000000e-01 -7.9086741584748144e-01 
+2.7539062500000000e-01 -7.9475846643113901e-01 
-4.8632812500000000e-01 +4.8727983597906599e-01 
-4.8828125000000000e-01 +4.8923678314149260e-01 
-4.9023437500000000e-01 +4.9023437500000000e-01 
+2.7929687500000000e-01 -8.0254056759845427e-01 
+2.8125000000000000e-01 -8.0643161818211184e-01 
-4.9023437500000000e-01 +4.9119373030391922e-01 
+2.8320312500000000e-01 -8.1032266876576942e-01 
-4.9218750000000000e-01 +4.9315067746634583e-01 
-4.9414062500000000e-01 +4.9414062500000000e-01 
+2.8710937500000000e-01 -8.1810476993308456e-01 
-4.9414062500000000e-01 +4.9510762462877245e-01 
+2.8906250000000000e-01 -8.2199582051674214e-01 
-4.9609375000000000e-01 +4.9706457179119906e-01 
-4.9804687500000000e-01 +4.9804687500000000e-01 
+2.9101562500000000e-01 -8.2588687110039971e-01 
-4.9804687500000000e-01 +4.9902151895362568e-01 
+2.9492187500000000e-01 -8.3366897226771497e-01 
-5.0000000000000000e-01 +5.0097846611605235e-01 
+3.3593750000000000e-01 -9.1538103452452424e-01 
+3.3789062500000000e-01 -9.1927208510818181e-01 
+3.3398437500000000e-01 -9.1148998394086667e-01 
+3.4179687500000000e-01 -9.2705418627549707e-01 
+3.3007812500000000e-01 -9.0370788277355152e-01 
+3.4375000000000000e-01 -9.3094523685915465e-01 
+3.4570312500000000e-01 -9.3483628744281222e-01 
+3.2617187500000000e-01 -8.9592578160623637e-01 
+3.4960937500000000e-01 -9.4261838861012737e-01 
+3.2226562500000000e-01 -8.8814368043892111e-01 
+3.5156250000000000e-01 -9.4650943919378494e-01 
+3.2031250000000000e-01 -8.8425262985526354e-01 
+3.5351562500000000e-01 -9.5040048977744251e-01 
+3.1835937500000000e-01 -8.8036157927160597e-01 
+3.5742187500000000e-01 -9.5818259094475777e-01 
+3.1445312500000000e-01 -8.7257947810429082e-01 
+3.6132812500000000e-01 -9.6596469211207292e-01 
+3.1054687500000000e-01 -8.6479737693697567e-01 
+3.6523437500000000e-01 -9.7374679327938807e-01 
+3.0664062500000000e-01 -8.5701527576966041e-01 
+3.6718750000000000e-01 -9.7763784386304564e-01 
+3.0468750000000000e-01 -8.5312422518600284e-01 
+3.6914062500000000e-01 -9.8152889444670322e-01 
+3.0273437500000000e-01 -8.4923317460234526e-01 
+3.7304687500000000e-01 -9.8931099561401847e-01 
+2.9882812500000000e-01 -8.4145107343503012e-01 
+3.7500000000000000e-01 -9.9320204619767605e-01 
+4.1406250000000000e-01 -1.0710230578708277e+00 
+4.1210937500000000e-01 -1.0671320072871702e+00 
+4.1601562500000000e-01 -1.0749141084544853e+00 
+4.0820312500000000e-01 -1.0593499061198550e+00 
+4.1992187500000000e-01 -1.0826962096218005e+00 
+4.0625000000000000e-01 -1.0554588555361974e+00 
+4.0429687500000000e-01 -1.0515678049525399e+00 
+4.2382812500000000e-01 -1.0904783107891156e+00 
+4.0039062500000000e-01 -1.0437857037852247e+00 
+4.2773437500000000e-01 -1.0982604119564310e+00 
+3.9843750000000000e-01 -1.0398946532015672e+00 
+4.2968750000000000e-01 -1.1021514625400886e+00 
+3.9648437500000000e-01 -1.0360036026179096e+00 
+4.3164062500000000e-01 -1.1060425131237461e+00 
+3.9257812500000000e-01 -1.0282215014505942e+00 
+4.3554687500000000e-01 -1.1138246142910613e+00 
+3.8867187500000000e-01 -1.0204394002832791e+00 
+4.3945312500000000e-01 -1.1216067154583764e+00 
+3.8476562500000000e-01 -1.0126572991159639e+00 
+4.4335937500000000e-01 -1.1293888166256916e+00 
+3.8281250000000000e-01 -1.0087662485323063e+00 
+4.4531250000000000e-01 -1.1332798672093491e+00 
+3.8085937500000000e-01 -1.0048751979486488e+00 
+4.4726562500000000e-01 -1.1371709177930067e+00 
+3.7695312500000000e-01 -9.9709309678133362e-01 
+4.5117187500000000e-01 -1.1449530189603219e+00 
+4.6093750000000000e-01 -1.1644082718786100e+00 
+4.6289062500000000e-01 -1.1682993224622675e+00 
+4.5898437500000000e-01 -1.1605172212949524e+00 
+4.6679687500000000e-01 -1.1760814236295827e+00 
+4.5507812500000000e-01 -1.1527351201276370e+00 
+4.6875000000000000e-01 -1.1799724742132403e+00 
+4.7070312500000000e-01 -1.1838635247968978e+00 
+4.7656250000000000e-01 -1.1955366765478705e+00 
+4.7460937500000000e-01 -1.1916456259642130e+00 
+4.7851562500000000e-01 -1.1994277271315281e+00 
+4.9218750000000000e-01 -1.2266650812171314e+00 
+4.9414062500000000e-01 -1.2305561318007889e+00 
+4.9023437500000000e-01 -1.2227740306334738e+00 
+4.9804687500000000e-01 -1.2383382329681041e+00 
+4.8632812500000000e-01 -1.2149919294661584e+00 
+4.8242187500000000e-01 -1.2072098282988433e+00 
