Dim = 2
+0.0000000000000000e+00 +1.0000000000000000e+00 
+1.0000000000000000e+00 +4.3755867480965094e+00 
+1.0000000000000000e+00 -1.0000000000000000e+00 
+0.0000000000000000e+00 +1.0000000000000000e+01 
+1.0000000000000000e+00 +1.9025213501019302e+00 
+5.0000000000000000e-01 +9.6603584746285387e-02 
+5.0000000000000000e-01 +2.4795716653309308e+00 
+7.5000000000000000e-01 -2.4701110910209956e-01 
+5.0000000000000000e-01 +1.2127547225586646e+00 
+2.5000000000000000e-01 +2.8898696881345254e-01 
+1.0000000000000000e+00 +8.0032793560818616e-01 
+7.5000000000000000e-01 +9.8821526774519686e-01 
+1.0000000000000000e+00 +2.6076021296992713e-01 
+8.7500000000000000e-01 -5.5334985075883469e-01 
+0.0000000000000000e+00 +5.5000000000000000e+00 
+2.5000000000000000e-01 +1.5383049479603286e+00 
+0.0000000000000000e+00 +3.2500000000000000e+00 
+3.7500000000000000e-01 +1.9768231933835634e-01 
+2.5000000000000000e-01 +8.8006626092272922e-01 
+1.2500000000000000e-01 +4.0515230187363949e-01 
+0.0000000000000000e+00 +2.1250000000000000e+00 
+1.2500000000000000e-01 +1.0784565537228812e+00 
+6.2500000000000000e-02 +4.9998474121093750e-01 
+0.0000000000000000e+00 +1.5625000000000000e+00 
+6.2500000000000000e-02 +8.6372475703131579e-01 
+9.3750000000000000e-02 +4.4658179253021024e-01 
+6.2500000000000000e-02 +6.7910560852228929e-01 
+3.1250000000000000e-02 +5.7955083869882629e-01 
+8.7500000000000000e-01 +3.6167041400995054e-01 
+9.3750000000000000e-01 -7.5647103192177767e-01 
+8.7500000000000000e-01 +5.7177335289965332e-02 
+8.1250000000000000e-01 -3.8522073547203339e-01 
+0.0000000000000000e+00 +1.2812500000000000e+00 
+3.1250000000000000e-02 +7.7491458676042513e-01 
+1.5625000000000000e-02 +6.4644654980208149e-01 
+0.0000000000000000e+00 +1.1406250000000000e+00 
+1.5625000000000000e-02 +7.5040258188838715e-01 
+2.3437500000000000e-02 +6.0872855323316399e-01 
+1.5625000000000000e-02 +6.9827389147735308e-01 
+7.8125000000000000e-03 +7.0269821752402950e-01 
+7.5000000000000000e-01 +4.5413706670664611e-01 
+6.2500000000000000e-01 -4.1727595644461379e-02 
+0.0000000000000000e+00 +1.0703125000000000e+00 
+7.8125000000000000e-03 +7.5746660559715262e-01 
+3.9062500000000000e-03 +7.4999999976716936e-01 
+0.0000000000000000e+00 +1.0351562500000000e+00 
+3.9062500000000000e-03 +7.7859300464287229e-01 
+5.8593750000000000e-03 +7.2332951889621444e-01 
+3.9062500000000000e-03 +7.6428941578267917e-01 
+1.9531250000000000e-03 +7.8977589617201938e-01 
+1.0000000000000000e+00 -9.7186485937368533e-02 
+9.3750000000000000e-01 -1.5174588739677152e-02 
+1.0000000000000000e+00 -3.9846717198053710e-01 
+9.6875000000000000e-01 -8.7283249997975687e-01 
+0.0000000000000000e+00 +1.0175781250000000e+00 
+6.2500000000000000e-01 +5.4418888943394383e-01 
+6.8750000000000000e-01 -1.3398407408299851e-01 
+6.2500000000000000e-01 +2.7988948630148336e-01 
+5.6250000000000000e-01 +3.3861681176498903e-02 
+9.3750000000000000e-01 -2.7101798759918966e-01 
+9.0625000000000000e-01 -6.5020606349731780e-01 
+8.1250000000000000e-01 +1.2140895390815634e-01 
+8.7500000000000000e-01 -1.6218169190019180e-01 
+8.4375000000000000e-01 -4.6523628875466261e-01 
+7.5000000000000000e-01 +1.7899617178505711e-01 
+8.1250000000000000e-01 -6.9306408670440633e-02 
+7.8125000000000000e-01 -3.1267980311778976e-01 
+9.6875000000000000e-01 -3.3224432243620122e-01 
+9.8437500000000000e-01 -9.3502029549814614e-01 
+9.6875000000000000e-01 -5.4786140664419214e-01 
+9.5312500000000000e-01 -8.1334586998177960e-01 
+5.0000000000000000e-01 +6.3848671410152302e-01 
+3.7500000000000000e-01 +7.4564399246356705e-01 
+1.8750000000000000e-01 +3.4072703160969131e-01 
+1.2500000000000000e-01 +7.3145226610234548e-01 
+5.0000000000000000e-01 +3.7092753341050194e-01 
+4.3750000000000000e-01 +1.5007536661204468e-01 
+3.7500000000000000e-01 +4.6367990263106773e-01 
+3.1250000000000000e-01 +2.4278886622532725e-01 
+6.8750000000000000e-01 +2.3136156272109462e-01 
+7.5000000000000000e-01 +1.0113404736843780e-02 
+7.1875000000000000e-01 -1.8763297690635217e-01 
+9.0625000000000000e-01 -2.1444248554261036e-01 
+9.3750000000000000e-01 -4.6596821358019946e-01 
+9.2187500000000000e-01 -7.0211997828415418e-01 
+9.0625000000000000e-01 -3.9079051513698915e-01 
+8.9062500000000000e-01 -6.0064399947094815e-01 
+6.8750000000000000e-01 +7.8445946932179669e-02 
+6.5625000000000000e-01 -8.5522970648630903e-02 
+8.4375000000000000e-01 -1.1390885996537856e-01 
+8.7500000000000000e-01 -3.2185947495791323e-01 
+8.5937500000000000e-01 -5.0824102930857917e-01 
+8.4375000000000000e-01 -2.5872030142889596e-01 
+8.2812500000000000e-01 -4.2425571820590091e-01 
+4.6875000000000000e-02 +5.3469274247272347e-01 
+3.1250000000000000e-02 +6.7656912906757416e-01 
+5.6250000000000000e-01 +3.2594870431018219e-01 
+6.2500000000000000e-01 +1.3793509863988868e-01 
+5.9375000000000000e-01 -2.0945619799824788e-03 
+7.8125000000000000e-01 -2.8065671231206533e-02 
+8.1250000000000000e-01 -2.0093205336160488e-01 
+7.9687500000000000e-01 -3.4805407966695734e-01 
+7.8125000000000000e-01 -1.4806740962672887e-01 
+7.6562500000000000e-01 -2.7902326249930198e-01 
+1.0000000000000000e+00 -6.3695314030709416e-01 
+9.8437500000000000e-01 -5.9147670647137929e-01 
+1.0000000000000000e+00 -7.9755453449289215e-01 
+9.9218750000000000e-01 -9.6715543405033899e-01 
+1.8750000000000000e-01 +6.4254132613040271e-01 
+2.1875000000000000e-01 +3.1381902803261830e-01 
+1.8750000000000000e-01 +4.8820533271600408e-01 
+1.5625000000000000e-01 +3.7068723871077836e-01 
+5.6250000000000000e-01 +1.9071991145479800e-01 
+5.3125000000000000e-01 +6.6609924832361389e-02 
+2.5000000000000000e-01 +5.7326423119738146e-01 
+4.3750000000000000e-01 +4.1629107419870937e-01 
+3.1250000000000000e-01 +5.1509327347434064e-01 
+5.0000000000000000e-01 +2.3886489920678070e-01 
+4.6875000000000000e-01 +1.2428250782021533e-01 
+2.8125000000000000e-01 +2.6550528524907346e-01 
+2.5000000000000000e-01 +4.2784229591443257e-01 
+4.3750000000000000e-01 +2.8440935272410095e-01 
+4.0625000000000000e-01 +1.7440289095543604e-01 
+3.4375000000000000e-01 +2.2033367593129960e-01 
+3.1250000000000000e-01 +3.7631078955470965e-01 
+9.8437500000000000e-01 -7.4362810658638423e-01 
+9.7656250000000000e-01 -9.0358311273174152e-01 
+9.5312500000000000e-01 -5.0604551770449924e-01 
+9.6875000000000000e-01 -6.9196757320657964e-01 
+9.6093750000000000e-01 -8.4275715720294164e-01 
+7.1875000000000000e-01 +4.5522617455675651e-02 
+7.5000000000000000e-01 -9.9712394310827318e-02 
+7.3437500000000000e-01 -2.1657127812993060e-01 
+9.5312500000000000e-01 -6.4249860917063006e-01 
+9.4531250000000000e-01 -7.8458750939971433e-01 
+1.1718750000000000e-02 +6.7098147790259477e-01 
+7.8125000000000000e-03 +7.3004941006425816e-01 
+9.2187500000000000e-01 -4.2756956103880212e-01 
+9.3750000000000000e-01 -5.9514799219576131e-01 
+9.2968750000000000e-01 -7.2898547926839785e-01 
+7.1875000000000000e-01 -5.5466046559574683e-02 
+7.0312500000000000e-01 -1.6012667185326279e-01 
+9.3750000000000000e-02 +6.1483899069689130e-01 
+7.8125000000000000e-02 +4.7127711537673334e-01 
+6.2500000000000000e-02 +5.8875693843990773e-01 
+9.2187500000000000e-01 -5.4984359888609824e-01 
+9.1406250000000000e-01 -6.7586374080123246e-01 
+8.9062500000000000e-01 -3.5557291429502647e-01 
+9.0625000000000000e-01 -5.0651440039427464e-01 
+8.9843750000000000e-01 -6.2513632774765027e-01 
+6.5625000000000000e-01 +1.0916008677402339e-01 
+6.8750000000000000e-01 -1.4940021032551189e-02 
+6.7187500000000000e-01 -1.0913812342119200e-01 
+8.9062500000000000e-01 -4.6509045772536606e-01 
+8.8281250000000000e-01 -5.7671862896889159e-01 
+8.5937500000000000e-01 -2.8959378580054801e-01 
+8.7500000000000000e-01 -4.2550291664682466e-01 
+8.6718750000000000e-01 -5.3052738339939909e-01 
+4.6875000000000000e-02 +6.2706021571985926e-01 
+5.4687500000000000e-02 +5.1640695051107599e-01 
+4.6875000000000000e-02 +5.8067828187031667e-01 
+3.9062500000000000e-02 +5.5542781918383277e-01 
+6.5625000000000000e-01 +2.2241899505185420e-02 
+6.4062500000000000e-01 -6.3073957715997775e-02 
+8.5937500000000000e-01 -3.8768400216367521e-01 
+8.5156250000000000e-01 -4.8648067457396427e-01 
+1.2500000000000000e-01 +5.6506815778987685e-01 
+1.0937500000000000e-01 +4.2477523080009283e-01 
+9.3750000000000000e-02 +5.2984191919635359e-01 
+8.2812500000000000e-01 -2.2918433552310896e-01 
+8.4375000000000000e-01 -3.5156701251320038e-01 
+8.3593750000000000e-01 -4.4449792467448279e-01 
+1.9531250000000000e-03 +8.0458855756691805e-01 
+5.9375000000000000e-01 +1.6503522531287973e-01 
+6.2500000000000000e-01 +5.6444403985755863e-02 
+6.0937500000000000e-01 -2.1421539776173226e-02 
+8.2812500000000000e-01 -3.1708631262758047e-01 
+8.2031250000000000e-01 -4.0449988804431214e-01 
+2.3437500000000000e-02 +6.5858390621515672e-01 
+1.9531250000000000e-02 +6.2616265917554259e-01 
+1.5625000000000000e-02 +6.7232097537071023e-01 
+7.9687500000000000e-01 -1.7391046365714311e-01 
+8.1250000000000000e-01 -2.8417732700634091e-01 
+8.0468750000000000e-01 -3.6640864411148633e-01 
+5.9375000000000000e-01 +8.8021398219014044e-02 
+5.7812500000000000e-01 +1.6313480653162515e-02 
+7.9687500000000000e-01 -2.5277653193285565e-01 
+7.8906250000000000e-01 -3.3014758965428548e-01 
+1.5625000000000000e-01 +5.2381924888994003e-01 
+1.4062500000000000e-01 +3.8723649822983419e-01 
+1.2500000000000000e-01 +4.8418728523450311e-01 
+7.6562500000000000e-01 -1.2335155920655262e-01 
+7.8125000000000000e-01 -2.2282144696038098e-01 
+7.7343750000000000e-01 -2.9564143033370005e-01 
+9.9218750000000000e-01 -7.7030339521429469e-01 
+9.9609375000000000e-01 -9.8348831826874328e-01 
+9.9218750000000000e-01 -8.6277625890776399e-01 
+9.8828125000000000e-01 -9.5099990533841139e-01 
+5.3125000000000000e-01 +2.1524509992851795e-01 
+5.6250000000000000e-01 +1.1731694041230276e-01 
+5.4687500000000000e-01 +5.0608122871331207e-02 
+7.6562500000000000e-01 -1.9425062558296452e-01 
+7.5781250000000000e-01 -2.6281617140695768e-01 
+1.1718750000000000e-02 +6.9750001338068979e-01 
+1.3671875000000000e-02 +6.5805436509400639e-01 
+1.1718750000000000e-02 +6.8423141941690313e-01 
+9.7656250000000000e-03 +6.8564163348431917e-01 
+9.7656250000000000e-01 -7.1751927429873086e-01 
+9.8437500000000000e-01 -8.3355957290583294e-01 
+9.8046875000000000e-01 -9.1921517326306523e-01 
+3.7500000000000000e-01 +3.2945238307739633e-01 
+2.1875000000000000e-01 +4.5656876613316505e-01 
+4.6875000000000000e-01 +2.6183375876356291e-01 
+2.8125000000000000e-01 +4.0127725053435059e-01 
+4.0625000000000000e-01 +3.0685647162150215e-01 
+3.4375000000000000e-01 +3.5249439106553998e-01 
+5.3125000000000000e-01 +1.4466642924796000e-01 
+5.1562500000000000e-01 +8.1923293995775470e-02 
+1.7187500000000000e-01 +3.5524993417049489e-01 
+1.5625000000000000e-01 +4.4629892656353565e-01 
+3.9062500000000000e-01 +1.8614752059251827e-01 
+3.7500000000000000e-01 +2.6359500354531373e-01 
+3.5937500000000000e-01 +2.0905992293079179e-01 
+2.3437500000000000e-01 +3.0119309392981064e-01 
+2.1875000000000000e-01 +3.8426065064061854e-01 
+2.0312500000000000e-01 +3.2696022816990755e-01 
+4.8437500000000000e-01 +1.1070536748200777e-01 
+4.6875000000000000e-01 +1.9483517858186089e-01 
+4.5312500000000000e-01 +1.3738825851079417e-01 
+2.9687500000000000e-01 +2.5408433215392900e-01 
+2.8125000000000000e-01 +3.3264137037622143e-01 
+2.6562500000000000e-01 +2.7711633270723945e-01 
+4.2187500000000000e-01 +1.6239619910826519e-01 
+4.0625000000000000e-01 +2.4110891474085480e-01 
+3.4375000000000000e-01 +2.8609707549983548e-01 
+3.2812500000000000e-01 +2.3155800307066454e-01 
+9.7656250000000000e-01 -8.0497065080158936e-01 
+9.7265625000000000e-01 -8.8812269336445038e-01 
+7.3437500000000000e-01 -7.7100199019061802e-02 
+7.5000000000000000e-01 -1.6700364499480677e-01 
+7.4218750000000000e-01 -2.3159910752423551e-01 
+9.6093750000000000e-01 -6.6696374721700113e-01 
+9.6875000000000000e-01 -7.7699920732800831e-01 
+9.6484375000000000e-01 -8.5771112275103889e-01 
+9.6093750000000000e-01 -7.4963503405019138e-01 
+9.5703125000000000e-01 -8.2796920420776499e-01 
+3.1250000000000000e-02 +6.2788081969889786e-01 
+2.7343750000000000e-02 +5.9335530054917818e-01 
+2.3437500000000000e-02 +6.3361279916987123e-01 
+7.3437500000000000e-01 -1.4102109482799011e-01 
+7.2656250000000000e-01 -2.0191881149666124e-01 
+9.4531250000000000e-01 -6.1856304071878732e-01 
+9.5312500000000000e-01 -7.2286799925003220e-01 
+9.4921875000000000e-01 -7.9888576608147166e-01 
+7.8125000000000000e-02 +5.5708133939540805e-01 
+7.0312500000000000e-02 +4.8503377239357237e-01 
+6.2500000000000000e-02 +5.4415807803918759e-01 
+9.4531250000000000e-01 -6.9668804780637605e-01 
+9.4140625000000000e-01 -7.7044972216186380e-01 
+7.0312500000000000e-01 -3.4761784937498458e-02 
+7.1875000000000000e-01 -1.1624456474254391e-01 
+7.1093750000000000e-01 -1.7370512190732113e-01 
+9.2968750000000000e-01 -5.7224448248601889e-01 
+9.3750000000000000e-01 -6.7108520107046277e-01 
+9.3359375000000000e-01 -7.4265007155775564e-01 
+9.2968750000000000e-01 -6.4604955673642095e-01 
+9.2578125000000000e-01 -7.1547589856838190e-01 
+9.1406250000000000e-01 -5.2793649696092504e-01 
+9.2187500000000000e-01 -6.2157128870657807e-01 
+9.1796875000000000e-01 -6.8891637254953464e-01 
+7.0312500000000000e-01 -9.2616630724162471e-02 
+6.9531250000000000e-01 -1.4688912941779741e-01 
+9.1406250000000000e-01 -5.9764064695133057e-01 
+9.1015625000000000e-01 -6.6296074777427083e-01 
+8.9843750000000000e-01 -4.8556860083309339e-01 
+9.0625000000000000e-01 -5.7424795736330592e-01 
+9.0234375000000000e-01 -6.3759836328792219e-01 
+6.7187500000000000e-01 +4.0458970351816455e-03 
+6.8750000000000000e-01 -7.0080839922998781e-02 
+6.7968750000000000e-01 -1.2140316160019293e-01 
+8.5937500000000000e-02 +4.5851126535774178e-01 
+7.8125000000000000e-02 +5.1395471003376081e-01 
+8.9843750000000000e-01 -5.5138362160553445e-01 
+8.9453125000000000e-01 -6.1281864275712261e-01 
+3.9062500000000000e-02 +6.0249687871059843e-01 
+3.5156250000000000e-02 +5.6698577050592769e-01 
+3.1250000000000000e-02 +6.0366916396953474e-01 
+8.8281250000000000e-01 -4.4507139815120667e-01 
+8.9062500000000000e-01 -5.2903811695332781e-01 
+8.8671875000000000e-01 -5.8861109431255121e-01 
+6.7187500000000000e-01 -4.8581693841176547e-02 
+6.6406250000000000e-01 -9.7180766097967775e-02 
+8.8281250000000000e-01 -5.0720199612954853e-01 
+8.7890625000000000e-01 -5.6496531038507247e-01 
+8.6718750000000000e-01 -4.0637657502099950e-01 
+8.7500000000000000e-01 -4.8586588713292977e-01 
+8.7109375000000000e-01 -5.4187096753493413e-01 
+6.4062500000000000e-01 +3.9693216813814901e-02 
+6.5625000000000000e-01 -2.8064629646181144e-02 
+6.4843750000000000e-01 -7.4156691887391601e-02 
+8.6718750000000000e-01 -4.6502049305909099e-01 
+8.6328125000000000e-01 -5.1931782627366441e-01 
+1.0937500000000000e-01 +5.0580198920171426e-01 
+1.0156250000000000e-01 +4.3536838589547922e-01 
+9.3750000000000000e-02 +4.8797768484046483e-01 
+8.5156250000000000e-01 -3.6941689384626158e-01 
+8.5937500000000000e-01 -4.4465659191386725e-01 
+8.5546875000000000e-01 -4.9729573087828571e-01 
+6.4062500000000000e-01 -8.4759993511490817e-03 
+6.3281250000000000e-01 -5.2266868373937569e-02 
+8.5156250000000000e-01 -4.2476503641854957e-01 
+8.4765625000000000e-01 -4.7579460919744221e-01 
+8.3593750000000000e-01 -3.3412618706433478e-01 
+8.4375000000000000e-01 -4.0533675380660872e-01 
+8.3984375000000000e-01 -4.5480447244900912e-01 
+4.2968750000000000e-02 +5.4470651941707826e-01 
+3.9062500000000000e-02 +5.7891301473371748e-01 
+5.8593750000000000e-03 +7.3726808917083464e-01 
+6.0937500000000000e-01 +7.2539367950436667e-02 
+6.2500000000000000e-01 +1.0236953439985487e-02 
+6.1718750000000000e-01 -3.1448382013237630e-02 
+1.9531250000000000e-02 +6.5150458287242607e-01 
+1.7578125000000000e-02 +6.3588107574439157e-01 
+1.5625000000000000e-02 +6.5937374097261037e-01 
+8.3593750000000000e-01 -3.8636274561144696e-01 
+8.3203125000000000e-01 -4.3431541500872783e-01 
+8.2031250000000000e-01 -3.0043935032137487e-01 
+8.2812500000000000e-01 -3.6783408744469381e-01 
+8.2421875000000000e-01 -4.1431761418938040e-01 
+1.1718750000000000e-01 +4.1472457734846135e-01 
+1.0937500000000000e-01 +4.6504657969441110e-01 
+6.0937500000000000e-01 +2.8126119575995805e-02 
+6.0156250000000000e-01 -1.1639450092636672e-02 
+8.2031250000000000e-01 -3.4974192876453097e-01 
+8.1640625000000000e-01 -3.9480133000998496e-01 
+8.0468750000000000e-01 -2.6829233502556510e-01 
+8.1250000000000000e-01 -3.3207749263349917e-01 
+8.0859375000000000e-01 -3.7575690495446201e-01 
+5.7812500000000000e-01 +1.0293320143574410e-01 
+5.9375000000000000e-01 +4.5242553605843762e-02 
+5.8593750000000000e-01 +7.2206087550826803e-03 
+8.0468750000000000e-01 -3.1483207546520192e-01 
+8.0078125000000000e-01 -3.5717476371918477e-01 
+5.4687500000000000e-02 +5.6143741076369869e-01 
+5.0781250000000000e-02 +5.2528611959500116e-01 
+4.6875000000000000e-02 +5.5763389221161919e-01 
+1.4062500000000000e-01 +4.6447649035216398e-01 
+1.3281250000000000e-01 +3.9600475933737767e-01 
+1.2500000000000000e-01 +4.4442160030793559e-01 
+7.8906250000000000e-01 -2.3762214020829778e-01 
+7.9687500000000000e-01 -2.9799704675928579e-01 
+7.9296875000000000e-01 -3.3904541294878543e-01 
+5.7812500000000000e-01 +6.1636506720005320e-02 
+5.7031250000000000e-01 +2.5191407812173994e-02 
+7.8906250000000000e-01 -2.8156384882403118e-01 
+7.8515625000000000e-01 -3.2135944095955304e-01 
+2.1484375000000000e-02 +6.1714799774431084e-01 
+1.9531250000000000e-02 +6.3882302459783857e-01 
+7.8125000000000000e-03 +7.1636538657613924e-01 
+7.7343750000000000e-01 -2.0836680361392326e-01 
+7.8125000000000000e-01 -2.6552399648584973e-01 
+7.7734375000000000e-01 -3.0410751744970699e-01 
+5.4687500000000000e-01 +1.3121427836898839e-01 
+5.6250000000000000e-01 +7.7357463965845391e-02 
+5.5468750000000000e-01 +4.2331529911638022e-02 
+7.7343750000000000e-01 -2.4986907678492692e-01 
+7.6953125000000000e-01 -2.8728039319578669e-01 
+1.4843750000000000e-01 +3.7880856739341706e-01 
+1.4062500000000000e-01 +4.2560386498744229e-01 
+1.0000000000000000e+00 -8.9263107101756745e-01 
+9.9609375000000000e-01 -8.7762324855250196e-01 
+1.0000000000000000e+00 -9.4464336181468989e-01 
+9.9804687500000000e-01 -9.9172171910995310e-01 
+5.8593750000000000e-02 +5.0799079513230749e-01 
+5.4687500000000000e-02 +5.3886855710607029e-01 
+9.9609375000000000e-01 -9.2890999732777968e-01 
+9.9414062500000000e-01 -9.7529961672176646e-01 
+7.5781250000000000e-01 -1.8046539192774261e-01 
+7.6562500000000000e-01 -2.3459074865620924e-01 
+7.6171875000000000e-01 -2.7086889973434336e-01 
+9.8828125000000000e-01 -8.4808879958607897e-01 
+9.9218750000000000e-01 -9.1334613897847416e-01 
+9.9023437500000000e-01 -9.5905559017160003e-01 
+5.4687500000000000e-01 +9.2454186427242888e-02 
+5.3906250000000000e-01 +5.8698570164779973e-02 
+9.8828125000000000e-01 -8.9795041693274391e-01 
+9.8632812500000000e-01 -9.4298820013925799e-01 
+9.8046875000000000e-01 -8.1918728599776391e-01 
+9.8437500000000000e-01 -8.8272146644066152e-01 
+9.8242187500000000e-01 -9.2709601267450126e-01 
+7.5781250000000000e-01 -2.1968074259486378e-01 
+7.5390625000000000e-01 -2.5486394902806342e-01 
+9.8046875000000000e-01 -8.6765792783313533e-01 
+9.7851562500000000e-01 -9.1137759919379180e-01 
+3.1250000000000000e-01 +3.0897868804544748e-01 
+4.3750000000000000e-01 +2.1829820379764428e-01 
+2.5000000000000000e-01 +3.5754796839713809e-01 
+5.0000000000000000e-01 +1.7039813206096660e-01 
+1.8750000000000000e-01 +4.1350644941917764e-01 
+5.1562500000000000e-01 +1.5771421513744660e-01 
+1.7187500000000000e-01 +4.2937944150853291e-01 
+3.9062500000000000e-01 +2.5237165070409151e-01 
+3.5937500000000000e-01 +2.7482200286172964e-01 
+2.3437500000000000e-01 +3.7063802037681071e-01 
+2.0312500000000000e-01 +3.9851230042821545e-01 
+4.8437500000000000e-01 +1.8275842565345021e-01 
+4.5312500000000000e-01 +2.0666841199150790e-01 
+2.9687500000000000e-01 +3.2068525692775496e-01 
+2.6562500000000000e-01 +3.4490696053090364e-01 
+4.2187500000000000e-01 +2.2976482733154996e-01 
+3.2812500000000000e-01 +2.9746645541541605e-01 
+5.3125000000000000e-01 +1.0697475919330242e-01 
+5.2343750000000000e-01 +7.4349184639059374e-02 
+1.6406250000000000e-01 +3.6284302806200719e-01 
+1.5625000000000000e-01 +4.0823786377352755e-01 
+3.2031250000000000e-01 +2.3716904535228700e-01 
+3.1250000000000000e-01 +2.7576872935374114e-01 
+3.0468750000000000e-01 +2.4842479413642560e-01 
+4.4531250000000000e-01 +1.4378086265495715e-01 
+4.3750000000000000e-01 +1.8462230259065981e-01 
+4.2968750000000000e-01 +1.5627830534654541e-01 
+2.5781250000000000e-01 +2.8301462931100818e-01 
+2.5000000000000000e-01 +3.2304950877278699e-01 
+2.4218750000000000e-01 +2.9504305035410328e-01 
+5.0781250000000000e-01 +8.9339146019723148e-02 
+5.0000000000000000e-01 +1.3447675248709157e-01 
+4.9218750000000000e-01 +1.0372340750602416e-01 
+1.9531250000000000e-01 +3.3375782135903975e-01 
+1.8750000000000000e-01 +3.7686268712374255e-01 
+1.7968750000000000e-01 +3.4788483925253366e-01 
+3.9843750000000000e-01 +1.8030470539473864e-01 
+3.9062500000000000e-01 +2.1941971643844976e-01 
+3.8281250000000000e-01 +1.9193787185068933e-01 
+3.6718750000000000e-01 +2.0338745709166861e-01 
+3.5937500000000000e-01 +2.4196707686471242e-01 
+3.5156250000000000e-01 +2.1470640940961383e-01 
+2.3437500000000000e-01 +3.3568344695809954e-01 
+2.2656250000000000e-01 +3.0744791768443991e-01 
+2.1093750000000000e-01 +3.2031872529111149e-01 
+2.0312500000000000e-01 +3.6248649955167750e-01 
+4.8437500000000000e-01 +1.4755149728108508e-01 
+4.7656250000000000e-01 +1.1755617646428662e-01 
+4.6093750000000000e-01 +1.3089099970144402e-01 
+4.5312500000000000e-01 +1.7257865948370629e-01 
+2.9687500000000000e-01 +2.8723604158054317e-01 
+2.8906250000000000e-01 +2.5977518429181479e-01 
+2.7343750000000000e-01 +2.7128283411610110e-01 
+2.6562500000000000e-01 +3.1081196973114489e-01 
+4.2187500000000000e-01 +1.9641328047258533e-01 
+4.1406250000000000e-01 +1.6843555865643245e-01 
+3.3593750000000000e-01 +2.2594856218341075e-01 
+3.2812500000000000e-01 +2.6443714646959438e-01 
+9.7265625000000000e-01 -7.9090838406256991e-01 
+9.7656250000000000e-01 -8.5275844651857990e-01 
+9.7460937500000000e-01 -8.9583153647697600e-01 
+7.4218750000000000e-01 -1.5385799003925194e-01 
+7.5000000000000000e-01 -2.0513086030529573e-01 
+7.4609375000000000e-01 -2.3925653311539286e-01 
+2.7343750000000000e-02 +6.1783598486892954e-01 
+2.5390625000000000e-02 +6.0081997593590664e-01 
+2.3437500000000000e-02 +6.2115958586369224e-01 
+9.7265625000000000e-01 -8.3802167297952457e-01 
+9.7070312500000000e-01 -8.8045640666390501e-01 
+9.6484375000000000e-01 -7.6324184694367903e-01 
+9.6875000000000000e-01 -8.2344626276915478e-01 
+9.6679687500000000e-01 -8.6525079725098886e-01 
+7.4218750000000000e-01 -1.9093297433272746e-01 
+7.3828125000000000e-01 -2.2403772374266395e-01 
+9.6484375000000000e-01 -8.0903087650778971e-01 
+9.6289062500000000e-01 -8.5021330108768678e-01 
+7.0312500000000000e-02 +5.2842758703780912e-01 
+6.6406250000000000e-02 +4.9234475753457874e-01 
+6.2500000000000000e-02 +5.2201600338322107e-01 
+9.5703125000000000e-01 -7.3617750457928177e-01 
+9.6093750000000000e-01 -7.9477417987929067e-01 
+9.5898437500000000e-01 -8.3534251637292700e-01 
+9.7656250000000000e-03 +6.9908442631504708e-01 
+7.2656250000000000e-01 -1.2848568922289047e-01 
+7.3437500000000000e-01 -1.7707902767628345e-01 
+7.3046875000000000e-01 -2.0919867197765685e-01 
+9.5703125000000000e-01 -7.8067484362740014e-01 
+9.5507812500000000e-01 -8.2063704665145976e-01 
+9.4921875000000000e-01 -7.0970526356501762e-01 
+9.5312500000000000e-01 -7.6673154355200990e-01 
+9.5117187500000000e-01 -8.0609550081013748e-01 
+9.4921875000000000e-01 -7.5294296050535625e-01 
+9.4726562500000000e-01 -7.9171649307412317e-01 
+7.2656250000000000e-01 -1.6356103338244349e-01 
+7.2265625000000000e-01 -1.9473060780344853e-01 
+9.4140625000000000e-01 -6.8381510703180259e-01 
+9.4531250000000000e-01 -7.3930778038814138e-01 
+9.4335937500000000e-01 -7.7749864300302418e-01 
+9.4140625000000000e-01 -7.2582469414557738e-01 
+9.3945312500000000e-01 -7.6344057548694999e-01 
+7.1093750000000000e-01 -1.0429057410130275e-01 
+7.1875000000000000e-01 -1.5037107411764677e-01 
+7.1484375000000000e-01 -1.8062483969131859e-01 
+9.3359375000000000e-01 -6.5849709451882721e-01 
+9.3750000000000000e-01 -7.1249239776335316e-01 
+9.3554687500000000e-01 -7.4954092074249157e-01 
+2.9296875000000000e-02 +5.8628039835343237e-01 
+2.7343750000000000e-02 +6.0558411705055770e-01 
+7.4218750000000000e-02 +4.7802024979522739e-01 
+7.0312500000000000e-02 +5.0667367234309924e-01 
+9.3359375000000000e-01 -6.9930959226352085e-01 
+9.3164062500000000e-01 -7.3579831430862186e-01 
+7.1093750000000000e-01 -1.3750130171873626e-01 
+7.0703125000000000e-01 -1.6687275415139213e-01 
+9.2578125000000000e-01 -6.3374136184148977e-01 
+9.2968750000000000e-01 -6.8627498370030005e-01 
+9.2773437500000000e-01 -7.2221139704251269e-01 
+9.2578125000000000e-01 -6.7338728315579965e-01 
+9.2382812500000000e-01 -7.0877881511527019e-01 
+6.9531250000000000e-01 -8.1215708235927594e-02 
+7.0312500000000000e-01 -1.2494393671983979e-01 
+6.9921875000000000e-01 -1.5346581525959546e-01 
+9.1796875000000000e-01 -6.0953812095401860e-01 
+9.2187500000000000e-01 -6.6064520673565197e-01 
+9.1992187500000000e-01 -6.9549922000758235e-01 
+9.1796875000000000e-01 -6.4804747556455911e-01 
+9.1601562500000000e-01 -6.8237126850527985e-01 
+6.9531250000000000e-01 -1.1269126785417349e-01 
+6.9140625000000000e-01 -1.4039556415940113e-01 
+9.1015625000000000e-01 -5.8587765980652329e-01 
+9.1406250000000000e-01 -6.3559281578175253e-01 
+9.1210937500000000e-01 -6.6939362269480673e-01 
+8.5937500000000000e-02 +5.0052550323427969e-01 
+8.2031250000000000e-02 +4.6478093313157343e-01 
+7.8125000000000000e-02 +4.9255745988121830e-01 
+9.1015625000000000e-01 -6.2327995853635321e-01 
+9.0820312500000000e-01 -6.5656494995859804e-01 
+9.0234375000000000e-01 -5.6275034219619702e-01 
+9.0625000000000000e-01 -6.1110763998264439e-01 
+9.0429687500000000e-01 -6.4388392297036401e-01 
+6.7968750000000000e-01 -5.9205118165980911e-02 
+6.8750000000000000e-01 -1.0073565152914249e-01 
+6.8359375000000000e-01 -1.2765361853671253e-01 
+3.5156250000000000e-02 +5.9077429686473182e-01 
+3.3203125000000000e-02 +5.7312966331595216e-01 
+3.1250000000000000e-02 +5.9159808506096812e-01 
+9.0234375000000000e-01 -5.9907460127524381e-01 
+9.0039062500000000e-01 -6.3134921969027591e-01 
+8.9453125000000000e-01 -5.4014660761238154e-01 
+8.9843750000000000e-01 -5.8717958856417596e-01 
+8.9648437500000000e-01 -6.1895952336005433e-01 
+6.7968750000000000e-01 -8.9069511272984916e-02 
+6.7578125000000000e-01 -1.1523167206611862e-01 
+8.9453125000000000e-01 -5.7542135298984487e-01 
+8.9257812500000000e-01 -6.0671352249795374e-01 
+8.8671875000000000e-01 -5.1805697107518123e-01 
+8.9062500000000000e-01 -5.6379865067789992e-01 
+8.8867187500000000e-01 -5.9460991089364401e-01 
+6.6406250000000000e-01 -3.8203775688874966e-02 
+6.7187500000000000e-01 -7.7685337151071676e-02 
+6.6796875000000000e-01 -1.0312149382660574e-01 
+8.9843750000000000e-02 +4.5245016866613874e-01 
+8.5937500000000000e-02 +4.7945862451906129e-01 
+8.8671875000000000e-01 -5.5231024273399620e-01 
+8.8476562500000000e-01 -5.8264738760298407e-01 
+8.7890625000000000e-01 -4.9647202296730197e-01 
+8.8281250000000000e-01 -5.4095489523844420e-01 
+8.8085937500000000e-01 -5.7082465694268658e-01 
+6.6406250000000000e-01 -6.6575685149821776e-02 
+6.6015625000000000e-01 -9.1314927684662428e-02 
+8.7890625000000000e-01 -5.2973137924074742e-01 
+8.7695312500000000e-01 -5.5914042848486889e-01 
+1.3671875000000000e-02 +6.7113425359008250e-01 
+3.7109375000000000e-02 +5.6109271788405368e-01 
+3.5156250000000000e-02 +5.7886776223882086e-01 
+8.7109375000000000e-01 -4.7538242885876453e-01 
+8.7500000000000000e-01 -5.1863847075402392e-01 
+8.7304687500000000e-01 -5.4759341705148967e-01 
+6.4843750000000000e-01 -1.8157578141943999e-02 
+6.5625000000000000e-01 -5.5733176526035579e-02 
+6.5234375000000000e-01 -7.9803891642550528e-02 
+8.7109375000000000e-01 -5.0767495074930968e-01 
+8.6914062500000000e-01 -5.3618234270866649e-01 
+1.0156250000000000e-01 +4.7618489689003451e-01 
+9.7656250000000000e-02 +4.4089205615487526e-01 
+9.3750000000000000e-02 +4.6721879929004251e-01 
+8.6328125000000000e-01 -4.5477892932412550e-01 
+8.6718750000000000e-01 -4.9683960514974068e-01 
+8.6523437500000000e-01 -5.2490593076087200e-01 
+6.4843750000000000e-01 -4.5150497119265366e-02 
+6.4453125000000000e-01 -6.8580377149330518e-02 
+8.6328125000000000e-01 -4.8613122482460963e-01 
+8.6132812500000000e-01 -5.1376291174500499e-01 
+8.5546875000000000e-01 -4.3465233975181505e-01 
+8.5937500000000000e-01 -4.7554860558329487e-01 
+8.5742187500000000e-01 -5.0275202142433484e-01 
+8.5546875000000000e-01 -4.6509054816905882e-01 
+8.5351562500000000e-01 -4.9187200078231297e-01 
+6.3281250000000000e-01 +9.8667359408311471e-04 
+6.4062500000000000e-01 -3.4820396624651660e-02 
+6.3671875000000000e-01 -5.7636448372034743e-02 
+4.2968750000000000e-02 +5.6791038365914759e-01 
+4.1015625000000000e-02 +5.4997145196916097e-01 
+3.9062500000000000e-02 +5.6715781927846010e-01 
+8.4765625000000000e-01 -4.1499355014517336e-01 
+8.5156250000000000e-01 -4.5475585825271087e-01 
+8.4960937500000000e-01 -4.8112159601625082e-01 
+1.0546875000000000e-01 +4.2999950001121157e-01 
+1.0156250000000000e-01 +4.5571464290641672e-01 
+8.4765625000000000e-01 -4.4454334642613186e-01 
+8.4570312500000000e-01 -4.7049955853085890e-01 
+6.3281250000000000e-01 -2.4735687823440395e-02 
+6.2890625000000000e-01 -4.6964241424162001e-02 
+8.3984375000000000e-01 -3.9579352491474712e-01 
+8.4375000000000000e-01 -4.3445182819565664e-01 
+8.4179687500000000e-01 -4.6000464493164417e-01 
+8.3984375000000000e-01 -4.2448012397531204e-01 
+8.3789062500000000e-01 -4.4963561701816113e-01 
+6.1718750000000000e-01 +1.9281299696478460e-02 
+6.2500000000000000e-01 -1.4889245768162236e-02 
+6.2109375000000000e-01 -3.6555963548432380e-02 
+8.3203125000000000e-01 -3.7704330266137603e-01 
+8.3593750000000000e-01 -4.1462705907990322e-01 
+8.3398437500000000e-01 -4.3939124177711397e-01 
+8.3203125000000000e-01 -4.0489146371794743e-01 
+8.3007812500000000e-01 -4.2927029137530437e-01 
+1.1718750000000000e-01 +4.5448120398256558e-01 
+1.1328125000000000e-01 +4.1968637653300489e-01 
+1.0937500000000000e-01 +4.4484796467843296e-01 
+6.1718750000000000e-01 -5.2740069191992544e-03 
+6.1328125000000000e-01 -2.6403892250476568e-02 
+4.4921875000000000e-02 +5.3961802651303525e-01 
+4.2968750000000000e-02 +5.5629555182330293e-01 
+8.2421875000000000e-01 -3.5873399594956940e-01 
+8.2812500000000000e-01 -3.9527217298445033e-01 
+8.2617187500000000e-01 -4.1927154315242121e-01 
+8.2421875000000000e-01 -3.8576802685351896e-01 
+8.2226562500000000e-01 -4.0939377961366896e-01 
+6.0156250000000000e-01 +3.6777768989763399e-02 
+6.0937500000000000e-01 +4.1170317708163874e-03 
+6.0546875000000000e-01 -1.6500374379847638e-02 
+1.7578125000000000e-02 +6.4866928213545705e-01 
+8.1640625000000000e-01 -3.4085679107064210e-01 
+8.2031250000000000e-01 -3.7637787017080870e-01 
+8.1835937500000000e-01 -3.9963578842222869e-01 
+8.1640625000000000e-01 -3.6710055264580033e-01 
+8.1445312500000000e-01 -3.8999636239154778e-01 
+1.2109375000000000e-01 +4.0988221056850038e-01 
+1.1718750000000000e-01 +4.3453912407865924e-01 
+6.0156250000000000e-01 +1.3290813828635383e-02 
+5.9765625000000000e-01 -6.8378251544298774e-03 
+8.0859375000000000e-01 -3.2340294779504619e-01 
+8.1250000000000000e-01 -3.5793492884389810e-01 
+8.1054687500000000e-01 -3.8047429947745415e-01 
+5.0781250000000000e-02 +5.4798054467094515e-01 
+4.8828125000000000e-02 +5.2991892902231474e-01 
+4.6875000000000000e-02 +5.4615013623337194e-01 
+8.0859375000000000e-01 -3.4887985817835065e-01 
+8.0664062500000000e-01 -3.7106840277008935e-01 
+5.8593750000000000e-01 +5.3526729973643841e-02 
+5.9375000000000000e-01 +2.2254224292263005e-02 
+5.8984375000000000e-01 +2.5912728760341119e-03 
+8.0078125000000000e-01 -3.0636379911329248e-01 
+8.0468750000000000e-01 -3.3993420490198328e-01 
+8.0273437500000000e-01 -3.6177748048565583e-01 
+1.3281250000000000e-01 +4.3481164687950619e-01 
+1.2890625000000000e-01 +4.0052844951813982e-01 
+1.2500000000000000e-01 +4.2472247568813926e-01 
+8.0078125000000000e-01 -3.3109683809874130e-01 
+7.9882812500000000e-01 -3.5260034595797274e-01 
+5.8593750000000000e-01 +3.1014090807648428e-02 
+5.8203125000000000e-01 +1.1794370931956344e-02 
+7.9296875000000000e-01 -2.8973075096482165e-01 
+7.9687500000000000e-01 -3.2236663167503637e-01 
+7.9492187500000000e-01 -3.4353581762983609e-01 
+7.9296875000000000e-01 -3.1374246435088970e-01 
+7.9101562500000000e-01 -3.3458271904417602e-01 
+5.2734375000000000e-02 +5.2078493833091477e-01 
+5.0781250000000000e-02 +5.3661988753676759e-01 
+5.7031250000000000e-01 +6.9578045822472720e-02 
+5.7812500000000000e-01 +3.9577184795187778e-02 
+5.7421875000000000e-01 +2.0778855176542321e-02 
+7.8515625000000000e-01 -2.7349528195414025e-01 
+7.8906250000000000e-01 -3.0522321965087007e-01 
+7.8710937500000000e-01 -3.2573987883500655e-01 
+1.3671875000000000e-01 +3.9157578874092003e-01 
+1.3281250000000000e-01 +4.1534313896256386e-01 
+7.8515625000000000e-01 -2.9680778589481616e-01 
+7.8320312500000000e-01 -3.1700613071816153e-01 
+5.7031250000000000e-01 +4.7950222691493204e-02 
+5.6640625000000000e-01 +2.9552047964609307e-02 
+7.7734375000000000e-01 -2.5764894305348812e-01 
+7.8125000000000000e-01 -2.8849505618834054e-01 
+7.7929687500000000e-01 -3.0838031348181139e-01 
+5.5468750000000000e-01 +8.4980833988705137e-02 
+5.6250000000000000e-01 +5.6139867272388337e-02 
+5.5859375000000000e-01 +3.8121209173658466e-02 
+7.7734375000000000e-01 -2.8028392841310718e-01 
+7.7539062500000000e-01 -2.9986127097675208e-01 
+1.4843750000000000e-01 +4.1675763730098597e-01 
+1.4453125000000000e-01 +3.8298220924814386e-01 
+1.4062500000000000e-01 +4.0635465314128921e-01 
+2.1484375000000000e-02 +6.2968978110223883e-01 
+5.8593750000000000e-02 +5.3023180709237394e-01 
+5.6640625000000000e-02 +5.1214453804925086e-01 
+5.4687500000000000e-02 +5.2762406149314534e-01 
+7.6953125000000000e-01 -2.4218335729125678e-01 
+7.7343750000000000e-01 -2.7217330521687649e-01 
+7.7148437500000000e-01 -2.9144785210646296e-01 
+9.9804687500000000e-01 -9.3675540549072167e-01 
+5.5468750000000000e-01 +6.4152729063651645e-02 
+5.5078125000000000e-01 +4.6493537623851111e-02 
+7.6953125000000000e-01 -2.6416209400331120e-01 
+7.6757812500000000e-01 -2.8313891081692399e-01 
+7.6171875000000000e-01 -2.2709021942532640e-01 
+7.6562500000000000e-01 -2.5624920692153580e-01 
+7.6367187500000000e-01 -2.7493330608618682e-01 
+9.9414062500000000e-01 -9.2110696561975003e-01 
+1.5234375000000000e-01 +3.7471151018306892e-01 
+1.4843750000000000e-01 +3.9771723962025812e-01 
+5.3906250000000000e-01 +9.9783511164421329e-02 
+5.4687500000000000e-01 +7.1995367846652461e-02 
+5.4296875000000000e-01 +5.4676172594180228e-02 
+9.9023437500000000e-01 -9.0562734633365349e-01 
+7.6171875000000000e-01 -2.4843356085544288e-01 
+7.5976562500000000e-01 -2.6682990191369149e-01 
+6.0546875000000000e-02 +5.0393944019172610e-01 
+5.8593750000000000e-02 +5.1909737514969612e-01 
+9.8632812500000000e-01 -8.9031518034085855e-01 
+7.5390625000000000e-01 -2.1236129560042166e-01 
+7.5781250000000000e-01 -2.4071407741273754e-01 
+7.5585937500000000e-01 -2.5882756730932244e-01 
+5.3906250000000000e-01 +7.9674294266717821e-02 
+5.3515625000000000e-01 +6.2676195442840310e-02 
+9.8242187500000000e-01 -8.7516910543226767e-01 
+7.5390625000000000e-01 -2.3308968291371443e-01 
+7.5195312500000000e-01 -2.5092517628219446e-01 
+1.6406250000000000e-01 +4.0001393141157032e-01 
+1.6015625000000000e-01 +3.6673219263874723e-01 
+1.5625000000000000e-01 +3.8939649110674701e-01 
+3.4375000000000000e-01 +2.5318713157769374e-01 
+4.0625000000000000e-01 +2.0799714231591609e-01 
+2.8125000000000000e-01 +2.9889654805473365e-01 
+4.6875000000000000e-01 +1.6023689640893135e-01 
+2.1875000000000000e-01 +3.4879726449376963e-01 
+3.7500000000000000e-01 +2.3072733063434847e-01 
+1.7187500000000000e-01 +3.9205891332444659e-01 
+5.1562500000000000e-01 +1.2096664610667480e-01 
+5.2343750000000000e-01 +1.1403384450424611e-01 
+3.2031250000000000e-01 +2.7008942461670921e-01 
+3.0468750000000000e-01 +2.8148191519785515e-01 
+4.4531250000000000e-01 +1.7863490537280297e-01 
+4.2968750000000000e-01 +1.9054653208258915e-01 
+2.5781250000000000e-01 +3.1688601974602665e-01 
+2.4218750000000000e-01 +3.2931195527233831e-01 
+5.0781250000000000e-01 +1.2777901019719357e-01 
+4.9218750000000000e-01 +1.4106566070363163e-01 
+1.9531250000000000e-01 +3.6958099084285767e-01 
+1.7968750000000000e-01 +3.8434893803750830e-01 
+3.9843750000000000e-01 +2.1372570942258068e-01 
+3.8281250000000000e-01 +2.2508497164014710e-01 
+3.6718750000000000e-01 +2.3635270582818493e-01 
+3.5156250000000000e-01 +2.4757650214511212e-01 
+2.2656250000000000e-01 +3.4217472212670358e-01 
+2.1093750000000000e-01 +3.5556341434810523e-01 
+4.7656250000000000e-01 +1.5394000225922141e-01 
+4.6093750000000000e-01 +1.6644788460689255e-01 
+2.8906250000000000e-01 +2.9303840054786706e-01 
+2.7343750000000000e-01 +3.0481833943359099e-01 
+4.1406250000000000e-01 +2.0222824556056831e-01 
+3.3593750000000000e-01 +2.5880522071545731e-01 
+1.6796875000000000e-01 +3.5901659785489182e-01 
+1.6406250000000000e-01 +3.8136236687376657e-01 
+5.3125000000000000e-01 +8.7195971552838827e-02 
+5.2734375000000000e-01 +7.0500631340590370e-02 
+3.4765625000000000e-01 +2.1752201973350060e-01 
+3.4375000000000000e-01 +2.3676277571214094e-01 
+3.3984375000000000e-01 +2.2314223557725577e-01 
+4.1015625000000000e-01 +1.7142782150879998e-01 
+4.0625000000000000e-01 +1.9128182894733237e-01 
+4.0234375000000000e-01 +1.7736158079421749e-01 
+2.8515625000000000e-01 +2.6263482284639106e-01 
+2.8125000000000000e-01 +2.8215923142420829e-01 
+2.7734375000000000e-01 +2.6838760490966829e-01 
+4.7265625000000000e-01 +1.2093448617499680e-01 
+4.6875000000000000e-01 +1.4246994979399849e-01 
+4.6484375000000000e-01 +1.2760107009339161e-01 
+2.2265625000000000e-01 +3.1061818822914100e-01 
+2.1875000000000000e-01 +3.3124655954941096e-01 
+2.1484375000000000e-01 +3.1705200025853975e-01 
+3.7890625000000000e-01 +1.9481542234380667e-01 
+3.7500000000000000e-01 +2.1424169866920895e-01 
+3.7109375000000000e-01 +2.0053938821720374e-01 
+1.7578125000000000e-01 +3.5154023281402902e-01 
+1.7187500000000000e-01 +3.7358841162336326e-01 
+5.1953125000000000e-01 +7.8156451126792259e-02 
+5.1562500000000000e-01 +1.0179320573185655e-01 
+5.1171875000000000e-01 +8.5650573298792332e-02 
+3.2421875000000000e-01 +2.3436287875175477e-01 
+3.2031250000000000e-01 +2.5361159479905382e-01 
+3.1640625000000000e-01 +2.3997740424238145e-01 
+3.0859375000000000e-01 +2.4560435224506683e-01 
+3.0468750000000000e-01 +2.6492480993353518e-01 
+3.0078125000000000e-01 +2.5125113542125432e-01 
+4.4921875000000000e-01 +1.4059723225027276e-01 
+4.4531250000000000e-01 +1.6136326503524143e-01 
+4.4140625000000000e-01 +1.4693996831852163e-01 
+4.3359375000000000e-01 +1.5318787383066668e-01 
+4.2968750000000000e-01 +1.7353584669066419e-01 
+4.2578125000000000e-01 +1.5934747576843844e-01 
+2.6171875000000000e-01 +2.8005681338314670e-01 
+2.5781250000000000e-01 +2.9989887077166116e-01 
+2.5390625000000000e-01 +2.8599094888320675e-01 
+2.4609375000000000e-01 +2.9200391613560128e-01 
+2.4218750000000000e-01 +3.1212115923092038e-01 
+2.3828125000000000e-01 +2.9810566576023056e-01 
+5.0781250000000000e-01 +1.0888146923336625e-01 
+5.0390625000000000e-01 +9.2989866146422129e-02 
+4.9609375000000000e-01 +1.0018115004463191e-01 
+4.9218750000000000e-01 +1.2266875819907311e-01 
+4.8828125000000000e-01 +1.0723119991866448e-01 
+1.9921875000000000e-01 +3.3033857445077508e-01 
+1.9531250000000000e-01 +3.5160471788357872e-01 
+1.9140625000000000e-01 +3.3721994990648585e-01 
+1.8359375000000000e-01 +3.4428123605797312e-01 
+1.7968750000000000e-01 +3.6605114040148262e-01 
+3.9843750000000000e-01 +1.9708471201753258e-01 
+3.9453125000000000e-01 +1.8323307992561511e-01 
+3.8671875000000000e-01 +1.8904884488756002e-01 
+3.8281250000000000e-01 +2.0855848478115646e-01 
+3.6718750000000000e-01 +2.1989741737854099e-01 
+3.6328125000000000e-01 +2.0622735713464246e-01 
+3.5546875000000000e-01 +2.1188599284491572e-01 
+3.5156250000000000e-01 +2.3115156627740371e-01 
+2.3046875000000000e-01 +3.0430670641997470e-01 
+2.2656250000000000e-01 +3.2475122335704554e-01 
+2.1093750000000000e-01 +3.3787823045140092e-01 
+2.0703125000000000e-01 +3.2362088512801002e-01 
+4.8046875000000000e-01 +1.1414674789774115e-01 
+4.7656250000000000e-01 +1.3597860556029925e-01 
+4.6093750000000000e-01 +1.4886043313243988e-01 
+4.5703125000000000e-01 +1.3415312147958014e-01 
+2.9296875000000000e-01 +2.5692535381996129e-01 
+2.8906250000000000e-01 +2.7636908640111157e-01 
+2.7343750000000000e-01 +2.8800529659891111e-01 
+2.6953125000000000e-01 +2.7419204535228836e-01 
+4.1796875000000000e-01 +1.6542528895501984e-01 
+4.1406250000000000e-01 +1.8542678467473273e-01 
+3.3593750000000000e-01 +2.4237207468002694e-01 
+3.3203125000000000e-01 +2.2875352570441299e-01 
+9.7851562500000000e-01 -8.6018776447796275e-01 
+7.4609375000000000e-01 -1.9798842298853922e-01 
+7.5000000000000000e-01 -2.2555930837975671e-01 
+7.4804687500000000e-01 -2.4312160782916270e-01 
+9.7460937500000000e-01 -8.4536980542384355e-01 
+7.4609375000000000e-01 -2.1812188952155076e-01 
+7.4414062500000000e-01 -2.3541574592304504e-01 
+6.6406250000000000e-02 +5.1417596961791534e-01 
+6.4453125000000000e-02 +4.9612145199820934e-01 
+6.2500000000000000e-02 +5.1098622539947069e-01 
+9.7070312500000000e-01 -8.3071388128820334e-01 
+7.3828125000000000e-01 -1.8396350941141615e-01 
+7.4218750000000000e-01 -2.1077636672700681e-01 
+7.4023437500000000e-01 -2.2780647950055277e-01 
+9.6679687500000000e-01 -8.1621865015823925e-01 
+7.3828125000000000e-01 -2.0352168504887705e-01 
+7.3632812500000000e-01 -2.2029270244991583e-01 
+2.5390625000000000e-02 +6.1314697982685229e-01 
+9.6289062500000000e-01 -8.0188277518649542e-01 
+9.5898437500000000e-01 -7.8770492458723529e-01 
+7.3046875000000000e-01 -1.7027853294394660e-01 
+7.3437500000000000e-01 -1.9635679419206220e-01 
+7.3242187500000000e-01 -2.1287331359819717e-01 
+6.8359375000000000e-02 +4.8865022687782955e-01 
+6.6406250000000000e-02 +5.0324600735757408e-01 
+9.5507812500000000e-01 -7.7368377163274682e-01 
+7.3046875000000000e-01 -1.8928064850059667e-01 
+7.2851562500000000e-01 -2.0554721669828413e-01 
+9.5117187500000000e-01 -7.5981799464957434e-01 
+7.2265625000000000e-01 -1.5692554149736762e-01 
+7.2656250000000000e-01 -1.8229220694430120e-01 
+7.2460937500000000e-01 -1.9831332041554861e-01 
+9.4726562500000000e-01 -7.4610627701467680e-01 
+7.2265625000000000e-01 -1.7539043310509708e-01 
+7.2070312500000000e-01 -1.9117053831416408e-01 
+9.4335937500000000e-01 -7.3254730715151073e-01 
+7.4218750000000000e-02 +4.9947675984837259e-01 
+7.2265625000000000e-02 +4.8149161431268506e-01 
+7.0312500000000000e-02 +4.9583916755107793e-01 
+7.1484375000000000e-01 -1.4389665238095339e-01 
+7.1875000000000000e-01 -1.6857429516296407e-01 
+7.1679687500000000e-01 -1.8411778884307040e-01 
+9.3945312500000000e-01 -7.1913977852603550e-01 
+7.1484375000000000e-01 -1.6184276588153856e-01 
+7.1289062500000000e-01 -1.7715399532157416e-01 
+9.3554687500000000e-01 -7.0588238964264072e-01 
+7.0703125000000000e-01 -1.3118405184085974e-01 
+7.1093750000000000e-01 -1.5519482259333531e-01 
+7.0898437500000000e-01 -1.7027808592457339e-01 
+9.3164062500000000e-01 -6.9277384403999243e-01 
+7.0703125000000000e-01 -1.4862944718458337e-01 
+7.0507812500000000e-01 -1.6348899366739533e-01 
+7.6171875000000000e-02 +4.7461642582524144e-01 
+7.4218750000000000e-02 +4.8873376140359115e-01 
+9.2773437500000000e-01 -6.7981285028679472e-01 
+2.9296875000000000e-02 +5.9841615706299889e-01 
+6.9921875000000000e-01 -1.1877999457466265e-01 
+7.0312500000000000e-01 -1.4214562607966322e-01 
+7.0117187500000000e-01 -1.5678565639023323e-01 
+9.2382812500000000e-01 -6.6699812197746933e-01 
+9.1992187500000000e-01 -6.5432837772774588e-01 
+6.9921875000000000e-01 -1.3574235022513145e-01 
+6.9726562500000000e-01 -1.5016701674217214e-01 
+9.1601562500000000e-01 -6.4180234117016466e-01 
+8.2031250000000000e-02 +4.8589173476002978e-01 
+8.0078125000000000e-02 +4.6799949638475380e-01 
+7.8125000000000000e-02 +4.8190236501873279e-01 
+6.9140625000000000e-01 -1.0667680322002092e-01 
+6.9531250000000000e-01 -1.2941861507332206e-01 
+6.9335937500000000e-01 -1.4363202216478688e-01 
+9.1210937500000000e-01 -6.2941874094948680e-01 
+6.9140625000000000e-01 -1.2317342056550847e-01 
+6.8945312500000000e-01 -1.3717962487530144e-01 
+9.0820312500000000e-01 -6.1717631071801216e-01 
+6.8359375000000000e-01 -9.4866867815776454e-02 
+6.8750000000000000e-01 -1.1700577111461208e-01 
+6.8554687500000000e-01 -1.3080878184929357e-01 
+9.0429687500000000e-01 -6.0507378913080057e-01 
+8.3984375000000000e-02 +4.6161895972010125e-01 
+8.2031250000000000e-02 +4.7532124107651674e-01 
+6.8359375000000000e-01 -1.1091467558744472e-01 
+6.8164062500000000e-01 -1.2451845480293089e-01 
+9.0039062500000000e-01 -5.9310991984079553e-01 
+6.7578125000000000e-01 -8.3342645233670576e-02 
+6.7968750000000000e-01 -1.0489914728646600e-01 
+6.7773437500000000e-01 -1.1830761017472113e-01 
+3.3203125000000000e-02 +5.8509245694201484e-01 
+8.9648437500000000e-01 -5.8128345149384619e-01 
+6.7578125000000000e-01 -9.8958203931043945e-02 
+6.7382812500000000e-01 -1.1217521910676309e-01 
+8.9257812500000000e-01 -5.6959313772362763e-01 
+8.9843750000000000e-02 +4.7323972968554101e-01 
+8.7890625000000000e-02 +4.5545568121600888e-01 
+8.5937500000000000e-02 +4.6896969036179237e-01 
+6.6796875000000000e-01 -7.2096658578716680e-02 
+6.7187500000000000e-01 -9.3090867638197933e-02 
+6.6992187500000000e-01 -1.0612025742547959e-01 
+8.8867187500000000e-01 -5.5803773714645366e-01 
+6.6796875000000000e-01 -8.7296164902809725e-02 
+6.6601562500000000e-01 -1.0014170562181512e-01 
+8.8476562500000000e-01 -5.4661601335598298e-01 
+9.1796875000000000e-02 +4.4949280872003639e-01 
+8.9843750000000000e-02 +4.6282954114271324e-01 
+6.6015625000000000e-01 -6.1121496556110141e-02 
+6.6406250000000000e-01 -8.1573126577283203e-02 
+6.6210937500000000e-01 -9.4238548830881341e-02 
+8.8085937500000000e-01 -5.3532673491781280e-01 
+6.6015625000000000e-01 -7.5920787850634969e-02 
+6.5820312500000000e-01 -8.8409776811030572e-02 
+8.7695312500000000e-01 -5.2416867536395795e-01 
+8.7304687500000000e-01 -5.1314061318721560e-01 
+6.5234375000000000e-01 -5.0409812802388959e-02 
+6.5625000000000000e-01 -7.0338188226994919e-02 
+6.5429687500000000e-01 -8.2654383922338259e-02 
+9.7656250000000000e-02 +4.6138139925225796e-01 
+9.5703125000000000e-02 +4.4371541282278215e-01 
+9.3750000000000000e-02 +4.5688474243936295e-01 
+3.7109375000000000e-02 +5.7289721111314784e-01 
+8.6914062500000000e-01 -5.0224133183540620e-01 
+6.5234375000000000e-01 -6.4824371503499109e-02 
+6.5039062500000000e-01 -7.6971369104473109e-02 
+8.6523437500000000e-01 -4.9146961970549530e-01 
+6.4453125000000000e-01 -3.9954325178372045e-02 
+6.4843750000000000e-01 -5.9378385747551034e-02 
+6.4648437500000000e-01 -7.1359735853935513e-02 
+9.9609375000000000e-02 +4.3811019590225686e-01 
+9.7656250000000000e-02 +4.5112103664194508e-01 
+8.6132812500000000e-01 -4.8082427013758527e-01 
+6.4453125000000000e-01 -5.3999283273431141e-02 
+6.4257812500000000e-01 -6.5818492200640510e-02 
+8.5742187500000000e-01 -4.7030408140878033e-01 
+6.3671875000000000e-01 -2.9747815021198130e-02 
+6.4062500000000000e-01 -4.8686120618232034e-02 
+6.3867187500000000e-01 -6.0346650683823388e-02 
+8.5351562500000000e-01 -4.5990785672691686e-01 
+6.3671875000000000e-01 -4.3437958517094234e-02 
+6.3476562500000000e-01 -5.4943228327242966e-02 
+1.0546875000000000e-01 +4.5020697010383837e-01 
+1.0351562500000000e-01 +4.3266525463330530e-01 
+1.0156250000000000e-01 +4.4552569347552812e-01 
+8.4960937500000000e-01 -4.4963440422415818e-01 
+6.2890625000000000e-01 -1.9783126352566485e-02 
+6.3281250000000000e-01 -3.8253861877718828e-02 
+6.3085937500000000e-01 -4.9607246613659450e-02 
+4.1015625000000000e-02 +5.6162970660518519e-01 
+8.4570312500000000e-01 -4.3948253695044814e-01 
+6.2890625000000000e-01 -3.3132899754131723e-02 
+6.2695312500000000e-01 -4.4337731458559015e-02 
+1.0742187500000000e-01 +4.2736988451048752e-01 
+1.0546875000000000e-01 +4.4008729192192758e-01 
+8.4179687500000000e-01 -4.2945107286682255e-01 
+6.2109375000000000e-01 -1.0053165040036113e-02 
+6.2500000000000000e-01 -2.8074145319671270e-02 
+6.2304687500000000e-01 -3.9133713183099217e-02 
+8.3789062500000000e-01 -4.1953883483857068e-01 
+6.2109375000000000e-01 -2.3076675839171810e-02 
+6.1914062500000000e-01 -3.3994226486246837e-02 
+1.1328125000000000e-01 +4.3962820249355861e-01 
+1.1132812500000000e-01 +4.2221441770916213e-01 
+1.0937500000000000e-01 +4.3479554001490944e-01 
+8.3398437500000000e-01 -4.0974465062824694e-01 
+6.1328125000000000e-01 -5.5089790797197718e-04 
+6.1718750000000000e-01 -1.8139572640315450e-02 
+6.1523437500000000e-01 -2.8918310416078397e-02 
+8.3007812500000000e-01 -4.0006735288852596e-01 
+6.1328125000000000e-01 -1.3261921084119195e-02 
+6.1132812500000000e-01 -2.3905008340213918e-02 
+1.1523437500000000e-01 +4.1719008763974230e-01 
+1.1328125000000000e-01 +4.2964112482643557e-01 
+8.2617187500000000e-01 -3.9050577915489754e-01 
+4.4921875000000000e-02 +5.5114016314253134e-01 
+6.0546875000000000e-01 +8.7306482055687536e-03 
+6.0937500000000000e-01 -8.4428105345281061e-03 
+6.0742187500000000e-01 -1.8953367915349850e-02 
+8.2226562500000000e-01 -3.8105877183819781e-01 
+6.0546875000000000e-01 -3.6813343270791650e-03 
+6.0351562500000000e-01 -1.4062441055860297e-02 
+1.2109375000000000e-01 +4.2957292719688794e-01 
+1.1914062500000000e-01 +4.1228891505302234e-01 
+1.1718750000000000e-01 +4.2461558672885136e-01 
+8.1835937500000000e-01 -3.7172517821697110e-01 
+5.9765625000000000e-01 +1.7798387450041281e-02 
+6.0156250000000000e-01 +1.0234102633957373e-03 
+5.9960937500000000e-01 -9.2312839014296877e-03 
+8.1445312500000000e-01 -3.6250385042965844e-01 
+5.9765625000000000e-01 +5.6723220560679112e-03 
+5.9570312500000000e-01 -4.4589567836815780e-03 
+1.2304687500000000e-01 +4.0750361167973392e-01 
+1.2109375000000000e-01 +4.1971121333367545e-01 
+8.1054687500000000e-01 -3.5339364546660795e-01 
+5.8984375000000000e-01 +2.6659176026095386e-02 
+5.9375000000000000e-01 +1.0266295998443782e-02 
+5.9179687500000000e-01 +2.5547580823404026e-04 
+8.0664062500000000e-01 -3.4439342516190186e-01 
+4.8828125000000000e-02 +5.4131357893291909e-01 
+5.8984375000000000e-01 +1.4806223201774204e-02 
+5.8789062500000000e-01 +4.9129452631361259e-03 
+1.2890625000000000e-01 +4.1998122169473873e-01 
+1.2695312500000000e-01 +4.0282749823887665e-01 
+1.2500000000000000e-01 +4.1492094949807584e-01 
+8.0273437500000000e-01 -3.3550205618499479e-01 
+5.8203125000000000e-01 +3.5319813316520135e-02 
+5.8593750000000000e-01 +1.9292990977579274e-02 
+5.8398437500000000e-01 +9.5143788844298527e-03 
+7.9882812500000000e-01 -3.2671841003215940e-01 
+1.3085937500000000e-01 +3.9825443429985452e-01 
+1.2890625000000000e-01 +4.1023832054319898e-01 
+5.8203125000000000e-01 +2.3727482875333897e-02 
+5.8007812500000000e-01 +1.4060699927891385e-02 
+7.9492187500000000e-01 -3.1804136301773178e-01 
+5.7421875000000000e-01 +4.3787043089667951e-02 
+5.7812500000000000e-01 +2.8110578721356017e-02 
+5.7617187500000000e-01 +1.8552827640663461e-02 
+7.9101562500000000e-01 -3.0946979626515325e-01 
+1.3671875000000000e-01 +4.1080266536377086e-01 
+1.3476562500000000e-01 +3.9377875798497874e-01 
+1.3281250000000000e-01 +4.0565736640657302e-01 
+5.7421875000000000e-01 +3.2443154658948203e-02 
+5.7226562500000000e-01 +2.2991677301510749e-02 
+7.8710937500000000e-01 -3.0100259569780058e-01 
+5.2734375000000000e-02 +5.3205956341790539e-01 
+5.6640625000000000e-01 +5.2067554781057949e-02 
+5.7031250000000000e-01 +3.6726083189837944e-02 
+5.6835937500000000e-01 +2.7378160262383155e-02 
+1.3867187500000000e-01 +3.8939523388888586e-01 
+1.3671875000000000e-01 +4.0117258489842200e-01 
+7.8320312500000000e-01 -2.9263865202960043e-01 
+5.6640625000000000e-01 +4.0960233216971204e-02 
+5.6445312500000000e-01 +3.1713183991340044e-02 
+7.7929687500000000e-01 -2.8437686075542074e-01 
+5.5859375000000000e-01 +6.0167984859392627e-02 
+5.6250000000000000e-01 +4.5146470088709832e-02 
+5.6054687500000000e-01 +3.5997652116888657e-02 
+1.4453125000000000e-01 +4.0199432565375348e-01 
+1.4257812500000000e-01 +3.8509900789708851e-01 
+1.4062500000000000e-01 +3.9677888258119315e-01 
+7.7539062500000000e-01 -2.7621612214123298e-01 
+5.5859375000000000e-01 +4.9285655644492402e-02 
+5.5664062500000000e-01 +4.0232464473794805e-02 
+1.4648437500000000e-01 +3.8088556782725680e-01 
+1.4453125000000000e-01 +3.9247153206655694e-01 
+7.7148437500000000e-01 -2.6815534121403806e-01 
+5.5078125000000000e-01 +6.8094918283812936e-02 
+5.5468750000000000e-01 +5.3378648262014779e-02 
+5.5273437500000000e-01 +4.4418517150423886e-02 
+5.6640625000000000e-02 +5.2330566407709855e-01 
+7.6757812500000000e-01 -2.6019342775155047e-01 
+5.5078125000000000e-01 +5.7426302905992752e-02 
+5.4882812500000000e-01 +4.8556702537675633e-02 
+1.5234375000000000e-01 +3.9351925204043148e-01 
+1.5039062500000000e-01 +3.7675070900878083e-01 
+1.4843750000000000e-01 +3.8824613474203445e-01 
+5.4296875000000000e-01 +7.5854890059874086e-02 
+5.4687500000000000e-01 +6.1429471178573641e-02 
+5.4492187500000000e-01 +5.2647909379578306e-02 
+7.6367187500000000e-01 -2.5232929627163153e-01 
+1.5429687500000000e-01 +3.7269050406982540e-01 
+1.5234375000000000e-01 +3.8409858811327335e-01 
+5.4296875000000000e-01 +6.5389001371460587e-02 
+5.4101562500000000e-01 +5.6693022825609174e-02 
+7.5976562500000000e-01 -2.4456186602146615e-01 
+5.3515625000000000e-01 +8.3454386902453645e-02 
+5.3906250000000000e-01 +6.9305738519824661e-02 
+5.3710937500000000e-01 +6.0692924484815336e-02 
+7.5585937500000000e-01 -2.3689006096647422e-01 
+1.6015625000000000e-01 +3.8534533054025616e-01 
+1.5820312500000000e-01 +3.6870127632486294e-01 
+1.5625000000000000e-01 +3.8002505708760720e-01 
+6.0546875000000000e-02 +5.1499283116970018e-01 
+5.3515625000000000e-01 +7.3180524458077142e-02 
+5.3320312500000000e-01 +6.4648492481808928e-02 
+7.5195312500000000e-01 -2.2931280977894991e-01 
+3.2812500000000000e-01 +2.4798609509157901e-01 
+4.2187500000000000e-01 +1.7951348433195216e-01 
+2.6562500000000000e-01 +2.9391561108713327e-01 
+2.9687500000000000e-01 +2.7062685418977478e-01 
+4.5312500000000000e-01 +1.5515617194864567e-01 
+4.8437500000000000e-01 +1.2938026262670529e-01 
+2.0312500000000000e-01 +3.4465949515886823e-01 
+2.3437500000000000e-01 +3.1837991643294988e-01 
+3.5937500000000000e-01 +2.2553192333290228e-01 
+3.9062500000000000e-01 +2.0284154937482626e-01 
+1.8750000000000000e-01 +3.5872954865697132e-01 
+5.0000000000000000e-01 +1.1583790120256905e-01 
+2.5000000000000000e-01 +3.0596418969538902e-01 
+4.3750000000000000e-01 +1.6748779777879214e-01 
+3.1250000000000000e-01 +2.5925547666762738e-01 
+5.2343750000000000e-01 +9.4566817358185506e-02 
+1.6796875000000000e-01 +3.7744439928235085e-01 
+5.2734375000000000e-01 +9.0899849014622419e-02 
+3.4765625000000000e-01 +2.3395781985731917e-01 
+3.3984375000000000e-01 +2.3956725225259956e-01 
+4.1015625000000000e-01 +1.8836120828898181e-01 
+4.0234375000000000e-01 +1.9418940898417156e-01 
+2.8515625000000000e-01 +2.7925767640914745e-01 
+2.7734375000000000e-01 +2.8507476145950933e-01 
+4.7265625000000000e-01 +1.3923726835648431e-01 
+4.6484375000000000e-01 +1.4567741634313913e-01 
+2.2265625000000000e-01 +3.2798263945468847e-01 
+2.1484375000000000e-01 +3.3454454846662268e-01 
+3.7890625000000000e-01 +2.1140391895908503e-01 
+3.7109375000000000e-01 +2.1707260371040163e-01 
+1.7578125000000000e-01 +3.6979155639955241e-01 
+5.1953125000000000e-01 +9.8197671992407656e-02 
+5.1171875000000000e-01 +1.0535420886640283e-01 
+3.2421875000000000e-01 +2.5079698224134445e-01 
+3.1640625000000000e-01 +2.5643080030260357e-01 
+3.0859375000000000e-01 +2.6208651291355450e-01 
+3.0078125000000000e-01 +2.6777128131148348e-01 
+4.4921875000000000e-01 +1.5827041860854815e-01 
+4.4140625000000000e-01 +1.6443547151561658e-01 
+4.3359375000000000e-01 +1.7052100314662150e-01 
+4.2578125000000000e-01 +1.7653308739595766e-01 
+2.6171875000000000e-01 +2.9689756360522029e-01 
+2.5390625000000000e-01 +3.0292068530746052e-01 
+2.4609375000000000e-01 +3.0903059823127760e-01 
+2.3828125000000000e-01 +3.1523715740711111e-01 
+5.0390625000000000e-01 +1.1237577229230515e-01 
+4.9609375000000000e-01 +1.1926863690373699e-01 
+4.8828125000000000e-01 +1.2603904184213882e-01 
+1.9921875000000000e-01 +3.4811066612475638e-01 
+1.9140625000000000e-01 +3.5514364826013828e-01 
+1.8359375000000000e-01 +3.6236461182097568e-01 
+3.9453125000000000e-01 +1.9996850318236670e-01 
+3.8671875000000000e-01 +2.0570461950819705e-01 
+3.6328125000000000e-01 +2.2271692680837180e-01 
+3.5546875000000000e-01 +2.2834320286143361e-01 
+2.3046875000000000e-01 +3.2155080170938793e-01 
+2.0703125000000000e-01 +3.4124929367675066e-01 
+4.8046875000000000e-01 +1.3269319348012165e-01 
+4.5703125000000000e-01 +1.5201976406650539e-01 
+2.9296875000000000e-01 +2.7349247019144757e-01 
+2.6953125000000000e-01 +2.9095188834939006e-01 
+4.1796875000000000e-01 +1.8247779683098936e-01 
+3.3203125000000000e-01 +2.4517807550441878e-01 
+5.3125000000000000e-01 +7.7014197877580737e-02 
+5.2929687500000000e-01 +6.8560601514715658e-02 
+1.6210937500000000e-01 +3.6477957625596769e-01 
+1.6015625000000000e-01 +3.7602194863734356e-01 
+3.3007812500000000e-01 +2.3015577006105170e-01 
+3.2812500000000000e-01 +2.3977030801544991e-01 
+3.2617187500000000e-01 +2.3296033553194506e-01 
+4.2382812500000000e-01 +1.6087434246647569e-01 
+4.2187500000000000e-01 +1.7098586340037897e-01 
+4.1992187500000000e-01 +1.6391314738057239e-01 
+2.6757812500000000e-01 +2.7565223524988269e-01 
+2.6562500000000000e-01 +2.8550408796463445e-01 
+2.6367187500000000e-01 +2.7858447810867581e-01 
+2.9882812500000000e-01 +2.5266681658946988e-01 
+2.9687500000000000e-01 +2.6234787904592227e-01 
+2.9492187500000000e-01 +2.5550380372705173e-01 
+4.5507812500000000e-01 +1.3577401171094405e-01 
+4.5312500000000000e-01 +1.4632064807130715e-01 
+4.5117187500000000e-01 +1.3899596451113116e-01 
+4.8632812500000000e-01 +1.0897243439269122e-01 
+4.8437500000000000e-01 +1.2011277473453767e-01 
+4.8242187500000000e-01 +1.1243010382198015e-01 
+2.0507812500000000e-01 +3.2528579673963309e-01 
+2.0312500000000000e-01 +3.3579372705204846e-01 
+2.0117187500000000e-01 +3.2864440920232840e-01 
+2.3632812500000000e-01 +2.9964619349737587e-01 
+2.3437500000000000e-01 +3.0977191384146568e-01 
+2.3242187500000000e-01 +3.0274653977260102e-01 
+3.6132812500000000e-01 +2.0764450450881289e-01 
+3.5937500000000000e-01 +2.1730234055300968e-01 
+3.5742187500000000e-01 +2.1047371731718256e-01 
+3.9257812500000000e-01 +1.8469199093196020e-01 
+3.9062500000000000e-01 +1.9451171904965509e-01 
+3.8867187500000000e-01 +1.8759977113595083e-01 
+1.8945312500000000e-01 +3.3896773840660199e-01 
+1.8750000000000000e-01 +3.4971173939690570e-01 
+1.8554687500000000e-01 +3.4249810383805557e-01 
+5.0195312500000000e-01 +9.4801297557452924e-02 
+5.0000000000000000e-01 +1.0630318964608435e-01 
+4.9804687500000000e-01 +9.8396833652881543e-02 
+2.5195312500000000e-01 +2.8748642034901339e-01 
+2.5000000000000000e-01 +2.9746217847798001e-01 
+2.4804687500000000e-01 +2.9049274861883756e-01 
+4.3945312500000000e-01 +1.4851057984463567e-01 
+4.3750000000000000e-01 +1.5882082980484580e-01 
+4.3554687500000000e-01 +1.5163443062516291e-01 
+3.1445312500000000e-01 +2.4138269003449864e-01 
+3.1250000000000000e-01 +2.5101719551589025e-01 
+3.1054687500000000e-01 +2.4419604825527375e-01 
+5.2539062500000000e-01 +7.2430122915162487e-02 
+5.2343750000000000e-01 +8.4561546571053262e-02 
+5.2148437500000000e-01 +7.6257924710386837e-02 
+1.6992187500000000e-01 +3.5712597412371472e-01 
+1.6796875000000000e-01 +3.6821370563063105e-01 
+1.6601562500000000e-01 +3.6092216066286964e-01 
+3.4960937500000000e-01 +2.1611476221701498e-01 
+3.4765625000000000e-01 +2.2574299572437315e-01 
+3.4570312500000000e-01 +2.1892828863320768e-01 
+3.4179687500000000e-01 +2.2173828899870451e-01 
+3.3984375000000000e-01 +2.3135578435092319e-01 
+3.3789062500000000e-01 +2.2454562379524634e-01 
+4.1210937500000000e-01 +1.6993389010437210e-01 
+4.1015625000000000e-01 +1.7991995655757548e-01 
+4.0820312500000000e-01 +1.7291745455627372e-01 
+4.0429687500000000e-01 +1.7588423244372131e-01 
+4.0234375000000000e-01 +1.8579748205251839e-01 
+4.0039062500000000e-01 +1.7883503782268484e-01 
+2.8710937500000000e-01 +2.6120371447305635e-01 
+2.8515625000000000e-01 +2.7093677972490832e-01 
+2.8320312500000000e-01 +2.6406863690620996e-01 
+2.7929687500000000e-01 +2.6694489761160867e-01 
+2.7734375000000000e-01 +2.7672067416004542e-01 
+2.7539062500000000e-01 +2.6983353927880305e-01 
+4.7460937500000000e-01 +1.1924916920181494e-01 
+4.7265625000000000e-01 +1.3014724602016786e-01 
+4.7070312500000000e-01 +1.2261223116457809e-01 
+4.6679687500000000e-01 +1.2594541966389028e-01 
+4.6484375000000000e-01 +1.3669523594219785e-01 
+4.6289062500000000e-01 +1.2924956238586649e-01 
+2.2460937500000000e-01 +3.0902932737462485e-01 
+2.2265625000000000e-01 +3.1928512197443754e-01 
+2.2070312500000000e-01 +3.1221469056796303e-01 
+2.1679687500000000e-01 +3.1543139770951067e-01 
+2.1484375000000000e-01 +3.2578259915605950e-01 
+2.1289062500000000e-01 +3.1868104004729403e-01 
+3.8085937500000000e-01 +1.9337803027319245e-01 
+3.7890625000000000e-01 +2.0312248307481798e-01 
+3.7695312500000000e-01 +1.9625015100213017e-01 
+3.7304687500000000e-01 +1.9911203060305627e-01 
+3.7109375000000000e-01 +2.0881612124594598e-01 
+3.6914062500000000e-01 +2.0196449578245190e-01 
+1.7773437500000000e-01 +3.4970590797340595e-01 
+1.7578125000000000e-01 +3.6064916420256982e-01 
+1.7382812500000000e-01 +3.5338813246358258e-01 
+5.1953125000000000e-01 +8.8276884060728145e-02 
+5.1757812500000000e-01 +8.0044871687565022e-02 
+5.1367187500000000e-01 +8.3791825460450942e-02 
+5.1171875000000000e-01 +9.5595019084831423e-02 
+5.0976562500000000e-01 +8.7499644538430399e-02 
+3.2421875000000000e-01 +2.4257733151266792e-01 
+3.2226562500000000e-01 +2.3576574456453625e-01 
+3.1835937500000000e-01 +2.3857289406511273e-01 
+3.1640625000000000e-01 +2.4819988662265391e-01 
+3.0859375000000000e-01 +2.5383972739736066e-01 
+3.0664062500000000e-01 +2.4701389502025117e-01 
+3.0273437500000000e-01 +2.4983716790525046e-01 
+3.0078125000000000e-01 +2.5950413481336670e-01 
+4.4921875000000000e-01 +1.4947986829693605e-01 
+4.4726562500000000e-01 +1.4219216417702807e-01 
+4.4335937500000000e-01 +1.4536342996672103e-01 
+4.4140625000000000e-01 +1.5572917124665814e-01 
+4.3359375000000000e-01 +1.6189154232230415e-01 
+4.3164062500000000e-01 +1.5473579812242633e-01 
+4.2773437500000000e-01 +1.5781549730650801e-01 
+4.2578125000000000e-01 +1.6797327349088390e-01 
+2.6171875000000000e-01 +2.8846489269363690e-01 
+2.5976562500000000e-01 +2.8153348205739537e-01 
+2.5585937500000000e-01 +2.8450040203345539e-01 
+2.5390625000000000e-01 +2.9444276347693432e-01 
+2.4609375000000000e-01 +3.0050352962825450e-01 
+2.4414062500000000e-01 +2.9352062983326310e-01 
+2.4023437500000000e-01 +2.9657134058966672e-01 
+2.3828125000000000e-01 +3.0665708930850161e-01 
+5.0585937500000000e-01 +9.1169184398095626e-02 
+5.0390625000000000e-01 +1.0276857992435226e-01 
+4.9609375000000000e-01 +1.0980410422968734e-01 
+4.9414062500000000e-01 +1.0195663951896816e-01 
+4.9023437500000000e-01 +1.0548155927134795e-01 
+4.8828125000000000e-01 +1.1670808933357285e-01 
+1.9921875000000000e-01 +3.3920836148704320e-01 
+1.9726562500000000e-01 +3.3204296355064966e-01 
+1.9335937500000000e-01 +3.3548339816442541e-01 
+1.9140625000000000e-01 +3.4616533264614996e-01 
+1.8359375000000000e-01 +3.5330630136954327e-01 
+1.8164062500000000e-01 +3.4607671615981572e-01 
+3.9648437500000000e-01 +1.8177068543319952e-01 
+3.9453125000000000e-01 +1.9161952745259483e-01 
+3.8671875000000000e-01 +1.9739241236418503e-01 
+3.8476562500000000e-01 +1.9049484427774943e-01 
+3.6523437500000000e-01 +2.0480837613973912e-01 
+3.6328125000000000e-01 +2.1447975348213935e-01 
+3.5546875000000000e-01 +2.2011986188599073e-01 
+3.5351562500000000e-01 +2.1329685496383488e-01 
+2.3046875000000000e-01 +3.1291391179245465e-01 
+2.2851562500000000e-01 +3.0587377204187405e-01 
+2.0898437500000000e-01 +3.2196526819932292e-01 
+2.0703125000000000e-01 +3.3241909314618595e-01 
+4.8046875000000000e-01 +1.2348699493967917e-01 
+4.7851562500000000e-01 +1.1585540404722949e-01 
+4.5898437500000000e-01 +1.3252548508693029e-01 
+4.5703125000000000e-01 +1.4313732984565131e-01 
+2.9296875000000000e-01 +2.6520058542980685e-01 
+2.9101562500000000e-01 +2.5834910587376170e-01 
+2.7148437500000000e-01 +2.7273562412345131e-01 
+2.6953125000000000e-01 +2.8256051758183598e-01 
+4.1796875000000000e-01 +1.7398065013084604e-01 
+4.1601562500000000e-01 +1.6693272549395222e-01 
+3.3398437500000000e-01 +2.2735115969135000e-01 
+3.3203125000000000e-01 +2.3696495155230404e-01 
+7.4804687500000000e-01 -2.2182904582641916e-01 
+7.4414062500000000e-01 -2.1443770715970900e-01 
+6.4453125000000000e-02 +5.0707224333953360e-01 
+7.4023437500000000e-01 -2.0713773650071757e-01 
+7.3632812500000000e-01 -1.9992808122987796e-01 
+7.3242187500000000e-01 -1.9280769337330508e-01 
+7.2851562500000000e-01 -1.8577552958961593e-01 
+6.8359375000000000e-02 +4.9950302897287274e-01 
+7.2460937500000000e-01 -1.7883055115641414e-01 
+7.2070312500000000e-01 -1.7197172395642762e-01 
+7.1679687500000000e-01 -1.6519801846328810e-01 
+7.2265625000000000e-02 +4.9225059439540497e-01 
+7.1289062500000000e-01 -1.5850840972694216e-01 
+7.0898437500000000e-01 -1.5190187735868205e-01 
+7.0507812500000000e-01 -1.4537740551578315e-01 
+7.6171875000000000e-02 +4.8528537360613266e-01 
+7.0117187500000000e-01 -1.3893398288573697e-01 
+6.9726562500000000e-01 -1.3257060267006612e-01 
+6.9335937500000000e-01 -1.2628626256770675e-01 
+8.0078125000000000e-02 +4.7858187733675117e-01 
+6.8945312500000000e-01 -1.2007996475794665e-01 
+6.8554687500000000e-01 -1.1395071588290195e-01 
+6.8164062500000000e-01 -1.0789752702951946e-01 
+8.3984375000000000e-02 +4.7211795883134211e-01 
+6.7773437500000000e-01 -1.0191941371108737e-01 
+6.7382812500000000e-01 -9.6015395848239274e-02 
+8.7890625000000000e-02 +4.6587423928243871e-01 
+6.6992187500000000e-01 -9.0184497749433545e-02 
+6.6601562500000000e-01 -8.4425748090890568e-02 
+6.6210937500000000e-01 -7.8738179895970484e-02 
+9.1796875000000000e-02 +4.5983365272895316e-01 
+6.5820312500000000e-01 -7.3120830513971835e-02 
+6.5429687500000000e-01 -6.7572741598329725e-02 
+9.5703125000000000e-02 +4.5398108160432687e-01 
+6.5039062500000000e-01 -6.2092959084196542e-02 
+6.4648437500000000e-01 -5.6680533165379583e-02 
+6.4257812500000000e-01 -5.1334518270616858e-02 
+9.9609375000000000e-02 +4.4830306195342928e-01 
+6.3867187500000000e-01 -4.6053973039164739e-02 
+6.3476562500000000e-01 -4.0837960295676289e-02 
+1.0351562500000000e-01 +4.4278754281783145e-01 
+6.3085937500000000e-01 -3.5685547024342526e-02 
+6.2695312500000000e-01 -3.0595804342271465e-02 
+1.0742187500000000e-01 +4.3742368818721655e-01 
+6.2304687500000000e-01 -2.5567807472077791e-02 
+6.1914062500000000e-01 -2.0600635713654187e-02 
+1.1132812500000000e-01 +4.3220171272755309e-01 
+6.1523437500000000e-01 -1.5693372415094362e-02 
+6.1132812500000000e-01 -1.0845104942737405e-02 
+1.1523437500000000e-01 +4.2711274455358406e-01 
+6.0742187500000000e-01 -6.0549246503009014e-03 
+6.0351562500000000e-01 -1.3219268470678626e-03 
+1.1914062500000000e-01 +4.2214870983588776e-01 
+5.9960937500000000e-01 +3.3547892349053590e-03 
+5.9570312500000000e-01 +7.9761204745997846e-03 
+1.2304687500000000e-01 +4.1730223517282811e-01 
+5.9179687500000000e-01 +1.2542959896899183e-02 
+5.8789062500000000e-01 +1.7056196708551997e-02 
+1.2695312500000000e-01 +4.1256656452029888e-01 
+5.8398437500000000e-01 +2.1516716335270678e-02 
+5.8007812500000000e-01 +2.5925400460013584e-02 
+1.3085937500000000e-01 +4.0793548813120700e-01 
+5.7617187500000000e-01 +3.0283127062493195e-02 
+1.3476562500000000e-01 +4.0340328146477250e-01 
+5.7226562500000000e-01 +3.4590770459961354e-02 
+5.6835937500000000e-01 +3.8849201349318831e-02 
+1.3867187500000000e-01 +3.9896465242083501e-01 
+5.6445312500000000e-01 +4.3059286850604860e-02 
+5.6054687500000000e-01 +4.7221890551918742e-02 
+1.4257812500000000e-01 +3.9461469556404954e-01 
+5.5664062500000000e-01 +5.1337872555832227e-02 
+1.4648437500000000e-01 +3.9034885224741073e-01 
+5.5273437500000000e-01 +5.5408089527354702e-02 
+5.4882812500000000e-01 +5.9433394743510864e-02 
+1.5039062500000000e-01 +3.8616287573902042e-01 
+5.4492187500000000e-01 +6.3414638144600091e-02 
+5.4101562500000000e-01 +6.7352666387206203e-02 
+1.5429687500000000e-01 +3.8205280061169528e-01 
+5.3710937500000000e-01 +7.1248322899029409e-02 
+1.5820312500000000e-01 +3.7801491578041774e-01 
+5.3320312500000000e-01 +7.5102447935618474e-02 
+3.3593750000000000e-01 +2.3416039627978283e-01 
+3.3789062500000000e-01 +2.3275815071629163e-01 
+3.3398437500000000e-01 +2.3556262756322380e-01 
+3.4179687500000000e-01 +2.2995319110860965e-01 
+3.3007812500000000e-01 +2.3836747571415953e-01 
+3.4375000000000000e-01 +2.2855026534440151e-01 
+3.4570312500000000e-01 +2.2714690182727501e-01 
+3.2617187500000000e-01 +2.4117355694094958e-01 
+3.4960937500000000e-01 +2.2433844258566690e-01 
+3.2226562500000000e-01 +2.4398174130951830e-01 
+3.5156250000000000e-01 +2.2293313832902159e-01 
+3.2031250000000000e-01 +2.4538689648755474e-01 
+3.5351562500000000e-01 +2.2152697922565737e-01 
+3.1835937500000000e-01 +2.4679290780079516e-01 
+3.5742187500000000e-01 +2.1871168324584328e-01 
+3.1445312500000000e-01 +2.4960794496800379e-01 
+3.6132812500000000e-01 +2.1589173135417022e-01 
+3.1054687500000000e-01 +2.5242775163292164e-01 
+3.6523437500000000e-01 +2.1306630504343924e-01 
+3.0664062500000000e-01 +2.5525323762394053e-01 
+3.6718750000000000e-01 +2.1165128440618830e-01 
+3.0468750000000000e-01 +2.5666839788943435e-01 
+3.6914062500000000e-01 +2.1023459018829455e-01 
+3.0273437500000000e-01 +2.5808532455900551e-01 
+3.7304687500000000e-01 +2.0739577666238787e-01 
+2.9882812500000000e-01 +2.6092494667677901e-01 
+3.7500000000000000e-01 +2.0597345573697814e-01 
+3.7695312500000000e-01 +2.0454905797451362e-01 
+2.9492187500000000e-01 +2.6377305171967097e-01 
+3.8085937500000000e-01 +2.0169363092258449e-01 
+2.9101562500000000e-01 +2.6663060187270943e-01 
+3.8281250000000000e-01 +2.0026240157746564e-01 
+2.8906250000000000e-01 +2.6806322374205632e-01 
+3.8476562500000000e-01 +1.9882869526440203e-01 
+2.8710937500000000e-01 +2.6949857476257877e-01 
+3.8867187500000000e-01 +1.9595345340424419e-01 
+2.8320312500000000e-01 +2.7237796452156143e-01 
+2.8125000000000000e-01 +2.7382225618410588e-01 
+3.9257812500000000e-01 +1.9306711009435987e-01 
+2.7929687500000000e-01 +2.7526978292155568e-01 
+3.9648437500000000e-01 +1.9016887215051972e-01 
+2.7539062500000000e-01 +2.7817506058383556e-01 
+3.9843750000000000e-01 +1.8871504531804204e-01 
+2.7343750000000000e-01 +2.7963307417770172e-01 
+4.0039062500000000e-01 +1.8725794818083116e-01 
+2.7148437500000000e-01 +2.8109484827076697e-01 
+4.0429687500000000e-01 +1.8433354832707480e-01 
+2.6757812500000000e-01 +2.8403021826629365e-01 
+4.0625000000000000e-01 +1.8286604847136492e-01 
+4.0820312500000000e-01 +1.8139488401786993e-01 
+2.6367187500000000e-01 +2.8698226585269115e-01 
+4.1210937500000000e-01 +1.7844116773302043e-01 
+2.5976562500000000e-01 +2.8995211089183409e-01 
+4.1406250000000000e-01 +1.7695841923150216e-01 
+2.5781250000000000e-01 +2.9144406454861349e-01 
+4.1601562500000000e-01 +1.7547161277843321e-01 
+2.5585937500000000e-01 +2.9294089952006575e-01 
+4.1992187500000000e-01 +1.7248543307104178e-01 
+2.5195312500000000e-01 +2.9594980596670373e-01 
+4.2382812500000000e-01 +1.6948184293319909e-01 
+2.4804687500000000e-01 +2.9898003450726829e-01 
+4.2773437500000000e-01 +1.6646005689604293e-01 
+2.4414062500000000e-01 +3.0203282156370731e-01 
+4.2968750000000000e-01 +1.6494209496682638e-01 
+2.4218750000000000e-01 +3.0356807026012123e-01 
+4.3164062500000000e-01 +1.6341928951136084e-01 
+2.4023437500000000e-01 +3.0510943796522622e-01 
+4.3554687500000000e-01 +1.6035875517151657e-01 
+2.3632812500000000e-01 +3.0821119138483322e-01 
+4.3945312500000000e-01 +1.5727766793702147e-01 
+2.3242187500000000e-01 +3.1133942896840716e-01 
+4.4335937500000000e-01 +1.5417524137136274e-01 
+2.2851562500000000e-01 +3.1449554017501530e-01 
+4.4531250000000000e-01 +1.5261577990294423e-01 
+2.2656250000000000e-01 +3.1608449491391422e-01 
+4.4726562500000000e-01 +1.5105068838272273e-01 
+2.2460937500000000e-01 +3.1768095984938205e-01 
+4.5117187500000000e-01 +1.4790322107224110e-01 
+2.2070312500000000e-01 +3.2089717154988229e-01 
+2.1875000000000000e-01 +3.2251730222414821e-01 
+4.5507812500000000e-01 +1.4473205058849958e-01 
+2.1679687500000000e-01 +3.2414571115824231e-01 
+4.5898437500000000e-01 +1.4153638698791987e-01 
+2.1289062500000000e-01 +3.2742817080033915e-01 
+4.6093750000000000e-01 +1.3992912307972838e-01 
+2.1093750000000000e-01 +3.2908263459457032e-01 
+4.6289062500000000e-01 +1.3831543910078745e-01 
+2.0898437500000000e-01 +3.3074620311115682e-01 
+4.6679687500000000e-01 +1.3506841440262915e-01 
+2.0507812500000000e-01 +3.3410152588115627e-01 
+4.6875000000000000e-01 +1.3343487518457620e-01 
+4.7070312500000000e-01 +1.3179451889068758e-01 
+2.0117187500000000e-01 +3.3749592712614623e-01 
+4.7460937500000000e-01 +1.2849295696524971e-01 
+1.9726562500000000e-01 +3.4093127062829548e-01 
+4.7656250000000000e-01 +1.2683155200773438e-01 
+1.9531250000000000e-01 +3.4266490035621805e-01 
+4.7851562500000000e-01 +1.2516293131560091e-01 
+1.9335937500000000e-01 +3.4440950200234921e-01 
+4.8242187500000000e-01 +1.2180364281038839e-01 
+1.8945312500000000e-01 +3.4793265534853846e-01 
+4.8632812500000000e-01 +1.1841429039218777e-01 
+1.8554687500000000e-01 +3.5150286056230373e-01 
+4.9023437500000000e-01 +1.1499407097608071e-01 
+1.8164062500000000e-01 +3.5512235138099679e-01 
+4.9218750000000000e-01 +1.1327213460128960e-01 
+1.7968750000000000e-01 +3.5695130749495674e-01 
+4.9414062500000000e-01 +1.1154217935206096e-01 
+1.7773437500000000e-01 +3.5879347425946106e-01 
+4.9804687500000000e-01 +1.0805780809109249e-01 
+1.7382812500000000e-01 +3.6251869818014670e-01 
+1.7187500000000000e-01 +3.6440240574228200e-01 
+5.0195312500000000e-01 +1.0454014745465870e-01 
+1.6992187500000000e-01 +3.6630062551958026e-01 
+5.0585937500000000e-01 +1.0098838530764497e-01 
+1.6601562500000000e-01 +3.7014200411208609e-01 
+5.0781250000000000e-01 +9.9199461699409658e-02 
+1.6406250000000000e-01 +3.7208588937287884e-01 
+5.0976562500000000e-01 +9.7401707034407647e-02 
+1.6210937500000000e-01 +3.7404574067424506e-01 
+5.1562500000000000e-01 +9.1954433593437052e-02 
+5.1757812500000000e-01 +9.0120330761647854e-02 
+5.1367187500000000e-01 +9.3779295457889419e-02 
+5.2734375000000000e-01 +8.0807594386382228e-02 
+5.2929687500000000e-01 +7.8915878639082143e-02 
+5.2539062500000000e-01 +8.2689449098864110e-02 
+5.2148437500000000e-01 +8.6423990414671470e-02 
