Dim = 1
-8.1603166633405466e-01 -1.2586072936146786e+00 
-1.5499848201535904e+00 +6.8598318814787175e-03 
+5.9757180360054707e-01 -1.3211388797327814e+00 
+1.3851015452727344e+00 -2.0370004733205893e-01 
-1.1084790268116873e-01 -1.4708289303896582e+00 
+1.1378441354884736e+00 -8.5786696132587370e-01 
-8.5851666880069599e-01 +1.3501663339719876e+00 
-1.3415360339567968e+00 -7.2519381519388859e-01 
-1.3788371751342750e+00 +7.6120499503598427e-01 
-1.5121999961113459e+00 +3.9326507823711626e-01 
-1.4913717219280433e+00 -3.7378688718758363e-01 
-4.7528480051313210e-01 -1.4095249584172649e+00 
+2.5431337236888407e-01 -1.4402190661959606e+00 
-1.1112313759872530e+00 -1.0260706988416910e+00 
-1.5325419472399762e+00 -1.8568587035609826e-01 
-1.4273080159618599e+00 -5.5454340684117676e-01 
-6.5002840284149077e-01 -1.3448985604867529e+00 
-2.9460127857865975e-01 -1.4516582411710472e+00 
-1.2355709238265891e+00 -8.8315686867866794e-01 
-9.7060866634206622e-01 -1.1518280597909030e+00 
-1.5432338011955919e+00 +2.0085690764174471e-01 
-1.5496480350520734e+00 +1.0386641942537582e-01 
-1.5442672200394070e+00 -8.9783176245674931e-02 
-1.5148790856409486e+00 -2.8047592857969611e-01 
+7.3081190504709223e-02 -1.4669307080071690e+00 
-2.0292746712146392e-01 -1.4641290785694636e+00 
-1.8724746382117186e-02 -1.4717558899144672e+00 
-1.4621354879224810e+00 -4.6525955721799911e-01 
-3.8550725042974188e-01 -1.4334410697657229e+00 
-5.6357628104769286e-01 -1.3799799513273561e+00 
-1.3870483098166653e+00 -6.4129790414419108e-01 
-7.3429364812102649e-01 -1.3043954936882118e+00 
-1.2909707242942863e+00 -8.0591445243281634e-01 
-8.9491064732408232e-01 -1.2076918890722881e+00 
-1.1755732468883486e+00 -9.5663299223128728e-01 
-1.0428149954505559e+00 -1.0912148165638409e+00 
-1.5478804501828698e+00 -4.1530751834348213e-02 
-1.5391517063695228e+00 -1.3785045315861752e-01 
-1.5244474313176322e+00 -2.3324303699215340e-01 
-1.5038492619981181e+00 -3.2733893152811105e-01 
-6.4769174543721442e-02 -1.4720132541642330e+00 
+2.7240333721814048e-02 -1.4700601388633643e+00 
-1.5691575396729485e-01 -1.4682010293427550e+00 
-2.4883774087673666e-01 -1.4586140258380940e+00 
-1.4774616203616673e+00 -4.1977513535764188e-01 
-3.4017283287177114e-01 -1.4432655174749531e+00 
-4.3055951668494258e-01 -1.4221915329864254e+00 
-1.4454112119063232e+00 -5.1019661764043855e-01 
-5.1963849882892543e-01 -1.3954508086783535e+00 
-1.4078464384943672e+00 -5.9825768133386859e-01 
-6.0705413336958813e-01 -1.3631246510554889e+00 
-6.9245584115277925e-01 -1.3253167095866734e+00 
-1.3649367280722466e+00 -6.8362328424774987e-01 
-7.7549951482393042e-01 -1.2821526601439077e+00 
-1.3168717842654583e+00 -7.6597031287887263e-01 
-8.5584890401326363e-01 -1.2337798000070941e+00 
-1.2638607591254254e+00 -8.4498880418568456e-01 
-9.3317697511561226e-01 -1.1803665556810417e+00 
-1.2061313525964248e+00 -9.2038311068824419e-01 
-1.0071672401724636e+00 -1.1221019051225396e+00 
-1.1439288425463561e+00 -9.9187300452064142e-01 
-1.0775150494646051e+00 -1.0591947163215740e+00 
-1.5505752241243680e+00 +5.5341356487854876e-02 
-1.5503014974555851e+00 +7.9601414252718480e-02 
-1.5504695293216588e+00 +3.1092185459314643e-02 
-1.5491215963767135e+00 -1.7349783595914048e-02 
-1.5462620659614910e+00 -6.5677176648847813e-02 
-1.5418967803982462e+00 -1.1384288465506040e-01 
-1.5360330483075064e+00 -1.6180005171109130e-01 
-1.5286796344969686e+00 -2.0950212063551196e-01 
-1.5198467484353062e+00 -2.5690287816544577e-01 
-1.5095460313250439e+00 -3.0395649972466782e-01 
-1.4977905417900115e+00 -3.5061759371991918e-01 
-8.7807072167776654e-02 -1.4716014545143958e+00 
-4.1739853925700135e-02 -1.4720646097431742e+00 
-1.3388601530165847e-01 -1.4696954898067172e+00 
-1.7993145872498509e-01 -1.4663455342534928e+00 
-1.4845947401942237e+00 -3.9684124532262000e-01 
-2.2589811559631995e-01 -1.4615518251704571e+00 
-2.7174068137360452e-01 -1.4553160212865011e+00 
-3.1741387846230579e-01 -1.4476412040751254e+00 
-1.4699744716103647e+00 -4.4258305969376149e-01 
-3.6287250092925905e-01 -1.4385318776823848e+00 
-4.0807145923805505e-01 -1.4279939674485278e+00 
-1.4539469474573476e+00 -4.8779920461038423e-01 
-4.5296582496170923e-01 -1.4160348170219266e+00 
-4.9751087542828409e-01 -1.4026631840652783e+00 
-1.4365307258277031e+00 -5.3244645245272759e-01 
-5.4166213825511422e-01 -1.3878892345554668e+00 
-1.4177456905268055e+00 -5.7648222151184680e-01 
-5.8537543572730355e-01 -1.3717245356798617e+00 
-1.3976130288471749e+00 -6.1986461657824010e-01 
-6.2860692897622983e-01 -1.3541820473332362e+00 
-6.7131316191390400e-01 -1.3352761122208843e+00 
-1.3761552081023045e+00 -6.6255246877282481e-01 
-7.1345110487917884e-01 -1.3150224445748981e+00 
-1.3533959509456388e+00 -7.0450537458241791e-01 
-7.5497819795200838e-01 -1.2934381174919813e+00 
-1.3293602095014756e+00 -7.4568373406274280e-01 
-7.9585239389219342e-01 -1.2705415489025251e+00 
-1.3040741383357044e+00 -7.8604878817287982e-01 
-8.3603220065933781e-01 -1.2463524861820861e+00 
-1.2775650662953622e+00 -8.2556265520600480e-01 
-8.7547672347106831e-01 -1.2208919894177477e+00 
-9.1414570635694237e-01 -1.1941824133432166e+00 
-1.2498614672470783e+00 -8.6418836628222639e-01 
-9.5199957316588735e-01 -1.1662473879578596e+00 
-1.2209929297454820e+00 -9.0188989987032631e-01 
-9.8899946798546501e-01 -1.1371117978462055e+00 
-1.1909901256636739e+00 -9.3863221530623397e-01 
-1.0251072949317648e+00 -1.1068017602157769e+00 
-1.1598847778188000e+00 -9.7438128527712164e-01 
-1.0602857572692657e+00 -1.0753446016724137e+00 
-1.1277096266267119e+00 -1.0091041272410912e+00 
-1.0944983958205916e+00 -1.0427688337535379e+00 
-1.5505697811366772e+00 +4.3215039242985212e-02 
-1.5502745224675936e+00 +1.8973536195587826e-02 
-1.5496004877430396e+00 -5.2481877276484021e-03 
-1.5485482229655145e+00 -2.9444217452031966e-02 
-1.5471183664567758e+00 -5.3608650135808025e-02 
-1.5453116486088803e+00 -7.7735596610209595e-02 
-1.5431288916127790e+00 -1.0181918281471594e-01 
-1.5405710091645488e+00 -1.2585355122716835e-01 
-1.5376390061493570e+00 -1.4983286228839482e-01 
-1.5343339783032619e+00 -1.7375129582099774e-01 
-1.5306571118529488e+00 -1.9760305244195944e-01 
-1.5266096831335172e+00 -2.2138235496872261e-01 
-1.5221930581844323e+00 -2.4508344981840552e-01 
-1.5174086923237626e+00 -2.6870060839981208e-01 
-1.5122581297008308e+00 -2.9222812849790070e-01 
-1.5067430028274089e+00 -3.1566033565037743e-01 
-1.5008650320875931e+00 -3.3899158451608075e-01 
-1.4946260252265067e+00 -3.6221626023482795e-01 
-1.4880278768179658e+00 -3.8532877977839619e-01 
-9.9327473847197881e-02 -1.4712602970844504e+00 
-7.6287403814844765e-02 -1.4718524294440005e+00 
-1.2236765212441485e-01 -1.4703073331965153e+00 
-1.4540228505099254e-01 -1.4689933900610190e+00 
-5.3253089649867857e-02 -1.4720839664876486e+00 
-1.6842571444567986e-01 -1.4673184085810169e+00 
-1.9143227893129000e-01 -1.4652824183889648e+00 
-2.1441631532674116e-01 -1.4628855379320844e+00 
-2.3737216004098299e-01 -1.4601279745358773e+00 
-1.4810725677112753e+00 -4.0832359329231294e-01 
-2.6029415046846621e-01 -1.4570100244457533e+00 
-2.8317662638581115e-01 -1.4535320728467402e+00 
-3.0601393134933069e-01 -1.4496945938612442e+00 
-1.4737621644572994e+00 -4.3119518542813290e-01 
-3.2880041409306354e-01 -1.4454981505248443e+00 
-3.5153042992697098e-01 -1.4409433947401002e+00 
-1.4660988187139772e+00 -4.5393807666588309e-01 
-3.7419834213495218e-01 -1.4360310672083643e+00 
-3.9679852337233168e-01 -1.4307619973395918e+00 
-1.4580847666314454e+00 -4.7654682462635717e-01 
-4.1932535706247243e-01 -1.4251371031401490e+00 
-4.4177323879216795e-01 -1.4191573910786266e+00 
-1.4497223282169425e+00 -4.9901602537294648e-01 
-4.6413657770546762e-01 -1.4128239559296647e+00 
-1.4410139066796719e+00 -5.2134031470269548e-01 
-4.8640979789558753e-01 -1.4061379805958105e+00 
-5.0858733979456094e-01 -1.3991007359074283e+00 
-1.4319619877558027e+00 -5.4351436942627451e-01 
-5.3066366156028277e-01 -1.3917135804006868e+00 
-1.4225691390137984e+00 -5.6553290863656258e-01 
-5.5263324046060136e-01 -1.3839779600736624e+00 
-5.7449057425411232e-01 -1.3758954081205885e+00 
-1.4128380091402606e+00 -5.8739069496554042e-01 
-5.9623018256730975e-01 -1.3674675446443028e+00 
-1.4027713272064857e+00 -6.0908253582919303e-01 
-6.1784660826774962e-01 -1.3586960763469340e+00 
-1.3923719019159353e+00 -6.3060328466012727e-01 
-6.3933441883288178e-01 -1.3495827961988891e+00 
-6.6068820771420866e-01 -1.3401295830861946e+00 
-1.3816426208328234e+00 -6.5194784212761059e-01 
-6.8190259569642608e-01 -1.3303384014362631e+00 
-1.3705864495920292e+00 -6.7311115734474403e-01 
-7.0297223225120675e-01 -1.3202113008221528e+00 
-1.3592064310905545e+00 -6.9408822906248280e-01 
-7.2389179688528515e-01 -1.3097504155453947e+00 
-1.3475056846607325e+00 -7.1487410685022101e-01 
-7.4465600048250480e-01 -1.2989579641974718e+00 
-7.6525958663948912e-01 -1.2878362492000386e+00 
-1.3354874052254257e+00 -7.3546389226266606e-01 
-7.8569733299460043e-01 -1.2763876563239662e+00 
-1.3231548624354248e+00 -7.5585273999272373e-01 
-8.0596405254984926e-01 -1.2646146541873198e+00 
-1.3105113997892885e+00 -7.7603585901012651e-01 
-8.2605459498542166e-01 -1.2525197937323633e+00 
-1.2975604337358575e+00 -7.9600851368553460e-01 
-8.4596384796649171e-01 -1.2401057076817050e+00 
-1.2843054527596762e+00 -8.1576602489985073e-01 
-8.6568673844198663e-01 -1.2273751099736956e+00 
-8.8521823393497634e-01 -1.2143307951771962e+00 
-1.2707500164495744e+00 -8.3530377113848342e-01 
-9.0455334382436015e-01 -1.2009756378858438e+00 
-1.2568977545506479e+00 -8.5461718957030997e-01 
-9.2368712061752289e-01 -1.1873125920919376e+00 
-1.2427523659998914e+00 -8.7370177711108188e-01 
-9.4261466121363779e-01 -1.1733446905400879e+00 
-1.2283176179457402e+00 -8.9255309147103035e-01 
-9.6133110815729539e-01 -1.1590750440607618e+00 
-1.2135973447517756e+00 -9.1116675218642373e-01 
-9.7983165088213542e-01 -1.1445068408838714e+00 
-1.1985954469848583e+00 -9.2953844163484367e-01 
-9.9811152694416749e-01 -1.1296433459325546e+00 
-1.1833158903879548e+00 -9.4766390603393924e-01 
-1.0161660232444618e+00 -1.1144879000973058e+00 
-1.1677627048379247e+00 -9.6553895642343446e-01 
-1.0339904772408981e+00 -1.0990439194906092e+00 
-1.1519399832885433e+00 -9.8315946963015943e-01 
-1.0515802781486656e+00 -1.0833148946822508e+00 
-1.1358518806990341e+00 -1.0005213892158842e+00 
-1.0689308681291974e+00 -1.0673043899154662e+00 
-1.0860377434672432e+00 -1.0510160423041093e+00 
-1.1195026129483905e+00 -1.0176207264077402e+00 
-1.1028964557357694e+00 -1.0344535610110144e+00 
-1.5504858102934713e+00 +6.7470395551408394e-02 
-1.5505423770840887e+00 +6.1405582166517016e-02 
-1.5505843568693300e+00 +4.9277811272276505e-02 
-1.5505315031066134e+00 +3.7153133088115228e-02 
-1.5503838666864602e+00 +2.5032288970329351e-02 
-1.5501415042933624e+00 +1.2916019668786943e-02 
-1.5498044783994092e+00 +8.0506528165806969e-04 
-1.5493728572575671e+00 -1.1299834789792599e-02 
-1.5488467148946017e+00 -2.3397941886347917e-02 
-1.5482261311036503e+00 -3.5488518135912341e-02 
-1.5475111914364412e+00 -4.7570826498515281e-02 
-1.5467019871951619e+00 -5.9644130811240828e-02 
-1.5457986154239785e+00 -7.1707695833081384e-02 
-1.5448011789002025e+00 -8.3760787289712105e-02 
-1.5437097861251106e+00 -9.5802671918183757e-02 
-1.5425245513144161e+00 -1.0783261751153113e-01 
-1.5412455943883923e+00 -1.1984989296329415e-01 
-1.5398730409616481e+00 -1.3185376831194937e-01 
-1.5384070223325608e+00 -1.4384351478524865e-01 
-1.5368476754723590e+00 -1.5581840484446277e-01 
-1.5351951430138664e+00 -1.6777771222852694e-01 
-1.5334495732398974e+00 -1.7972071199808590e-01 
-1.5316111200713145e+00 -1.9164668057943551e-01 
-1.5296799430547399e+00 -2.0355489580835853e-01 
-1.5276562073499298e+00 -2.1544463697385163e-01 
-1.5255400837168072e+00 -2.2731518486174154e-01 
-1.5233317485021551e+00 -2.3916582179818649e-01 
-1.5210313836259755e+00 -2.5099583169306233e-01 
-1.5186391765675062e+00 -2.6280450008322831e-01 
-1.5161553203509068e+00 -2.7459111417567161e-01 
-1.5135800135306070e+00 -2.8635496289052798e-01 
-1.5109134601763217e+00 -2.9809533690397416e-01 
-1.5081558698577351e+00 -3.0981152869099216e-01 
-1.5053074576288519e+00 -3.2150283256800077e-01 
-1.5023684440120166e+00 -3.3316854473535162e-01 
-1.4993390549816090e+00 -3.4480796331968977e-01 
-1.4962195219474042e+00 -3.5642038841617252e-01 
-1.4930100817376128e+00 -3.6800512213054742e-01 
-1.4897109765815912e+00 -3.7956146862108464e-01 
-1.0508772902070179e-01 -1.4710558913519378e+00 
-9.3567225468164830e-02 -1.4714421504143285e+00 
-1.1660790649911086e-01 -1.4705794117163027e+00 
-8.2047102205520625e-02 -1.4717382129030263e+00 
-1.2812705118769685e-01 -1.4700126930410156e+00 
-7.0528065201806434e-02 -1.4719441083463563e+00 
-1.3964445606244302e-01 -1.4693557223968405e+00 
-5.9010819987814066e-02 -1.4720598717967115e+00 
-1.5115941383440551e-01 -1.4686084923954030e+00 
-1.4863224540922282e+00 -3.9108873414036177e-01 
-1.6267121699314677e-01 -1.4677710011925409e+00 
-1.7417915785020488e-01 -1.4668432524913098e+00 
-1.8568252858259665e-01 -1.4658252555446547e+00 
-1.9718062127635119e-01 -1.4647170251577335e+00 
-2.0867272797007186e-01 -1.4635185816899032e+00 
-1.4828447672480096e+00 -4.0258622707689973e-01 
-2.2015814069852363e-01 -1.4622299510563646e+00 
-2.3163615153624320e-01 -1.4608511647294600e+00 
-2.4310605264116922e-01 -1.4593822597396353e+00 
-2.5456713629828959e-01 -1.4578232786760534e+00 
-1.4792781743747605e+00 -4.1405325799664477e-01 
-2.6601869496330405e-01 -1.4561742696868691e+00 
-2.7746002130629843e-01 -1.4544352864791588e+00 
-2.8889040825542800e-01 -1.4526063883185061e+00 
-1.4756229391270663e+00 -4.2548913968429708e-01 
-3.0030914904060801e-01 -1.4506876400282482e+00 
-3.1171553723720757e-01 -1.4486791119883737e+00 
-1.4718793304693758e+00 -4.3689318718448117e-01 
-3.2310886680974510e-01 -1.4465808801340798e+00 
-3.3448843215558227e-01 -1.4443930259539854e+00 
-3.4585352814861342e-01 -1.4421156364880006e+00 
-1.4680476226567831e+00 -4.4826471784275629e-01 
-3.5720345018294863e-01 -1.4397488043248514e+00 
-3.6853749421658671e-01 -1.4372926275992612e+00 
-1.4641280952154994e+00 -4.5960305134646529e-01 
-3.7985495681507592e-01 -1.4347472099887890e+00 
-3.9115513519516049e-01 -1.4321126607103241e+00 
-1.4601210329230006e+00 -4.7090750976541834e-01 
-4.0243732726840764e-01 -1.4293890945162340e+00 
-4.1370083168481653e-01 -1.4265766316901740e+00 
-1.4560267257878696e+00 -4.8217741759240923e-01 
-4.2494494787640169e-01 -1.4236753980425481e+00 
-1.4518454690293210e+00 -4.9341210178356254e-01 
-4.3616897610075250e-01 -1.4206855249056285e+00 
-4.4737221748456324e-01 -1.4176071491283335e+00 
-1.4475775630564149e+00 -5.0461089179850871e-01 
-4.5855397406713155e-01 -1.4144404130706580e+00 
-4.6971354884382399e-01 -1.4111854645977662e+00 
-1.4432233134469648e+00 -5.1577311964038464e-01 
-4.8085024580950403e-01 -1.4078424570737353e+00 
-1.4387830309261325e+00 -5.2689811989565727e-01 
-4.9196337000192053e-01 -1.4044115493549629e+00 
-5.0305222754505563e-01 -1.4008929057832271e+00 
-1.4342570313447200e+00 -5.3798522977376850e-01 
-5.1411612569242560e-01 -1.3972866961784076e+00 
-1.4296456356571552e+00 -5.4903378914659884e-01 
-5.2515437287033617e-01 -1.3935930958308631e+00 
-5.3616627872108680e-01 -1.3898122854934667e+00 
-1.4249491698991712e+00 -5.6004314058774585e-01 
-5.4715115414612159e-01 -1.3859444513733030e+00 
-1.4201679651651895e+00 -5.7101262941161779e-01 
-5.5810831134912620e-01 -1.3819897851230212e+00 
-5.6903706387906450e-01 -1.3779484838318488e+00 
-1.4153023575853954e+00 -5.8194160371233850e-01 
-5.7993672667315610e-01 -1.3738207500162654e+00 
-1.4103526883025199e+00 -5.9282941440246084e-01 
-5.9080661609978868e-01 -1.3696067916103360e+00 
-1.4053193034483227e+00 -6.0367541525148793e-01 
-6.0164605000136517e-01 -1.3653068219557059e+00 
-6.1245434773708129e-01 -1.3609210597912564e+00 
-1.4002025541197760e+00 -6.1447896292419735e-01 
-6.2323083022563153e-01 -1.3564497292424205e+00 
-1.3950027963549598e+00 -6.2523941701877028e-01 
-6.3397481998784078e-01 -1.3518930598101644e+00 
-1.3897203911086597e+00 -6.3595614010471790e-01 
-6.4468564118921878e-01 -1.3472512863596267e+00 
-6.5536261968243492e-01 -1.3425246491084246e+00 
-1.3843557042276766e+00 -6.4662849776060805e-01 
-6.6600508304971129e-01 -1.3377133936146228e+00 
-1.3789091064258467e+00 -6.5725585861158531e-01 
-6.7661236064512886e-01 -1.3328177707643654e+00 
-1.3733809732587710e+00 -6.6783759436668599e-01 
-6.8718378363684884e-01 -1.3278380367591729e+00 
-6.9771868504924017e-01 -1.3227744531029071e+00 
-1.3677716850982646e+00 -6.7837307985594431e-01 
-7.0821639980491680e-01 -1.3176272865883978e+00 
-1.3620816271065153e+00 -6.8886169306728606e-01 
-7.1867626476667867e-01 -1.3123968092837408e+00 
-1.3563111892099660e+00 -6.9930281518321091e-01 
-7.2909761877935320e-01 -1.3070832985182599e+00 
-1.3504607660729113e+00 -7.0969583061725805e-01 
-7.3947980271153702e-01 -1.3016870368681384e+00 
-7.4982215949723385e-01 -1.2962083121417189e+00 
-1.3445307570708174e+00 -7.2004012705025511e-01 
-7.6012403417738583e-01 -1.2906474173644744e+00 
-1.3385215662633663e+00 -7.3033509546634690e-01 
-7.7038477394129679e-01 -1.2850046507636470e+00 
-1.3324336023672210e+00 -7.4058013018880309e-01 
-7.8060372816794243e-01 -1.2792803157525596e+00 
-1.3262672787285215e+00 -7.5077462891560087e-01 
-7.9078024846716943e-01 -1.2734747209146000e+00 
-1.3200230132951059e+00 -7.6091799275478378e-01 
-8.0091368872077429e-01 -1.2675881799868745e+00 
-8.1100340512346558e-01 -1.2616210118435396e+00 
-1.3137012285884615e+00 -7.7100962625958935e-01 
-8.2104875622370310e-01 -1.2555735404788058e+00 
-1.3073023516754123e+00 -7.8104893746335036e-01 
-8.3104910296441303e-01 -1.2494460949896151e+00 
-1.3008268141395338e+00 -7.9103533791416047e-01 
-8.4100380872357661e-01 -1.2432390095579990e+00 
-1.2942750520523096e+00 -8.0096824270930878e-01 
-8.5091223935468685e-01 -1.2369526234331096e+00 
-1.2876475059440233e+00 -8.1084707052947635e-01 
-8.6077376322707666e-01 -1.2305872809129312e+00 
-1.2809446207743884e+00 -8.2067124367269451e-01 
-8.7058775126610988e-01 -1.2241433313256702e+00 
-8.8035357699323447e-01 -1.2176211290108250e+00 
-1.2741668459029223e+00 -8.3044018808806463e-01 
-8.9007061656589870e-01 -1.2110210332999376e+00 
-1.2673146350590636e+00 -8.4015333340923393e-01 
-8.9973824881732167e-01 -1.2043434084970270e+00 
-1.2603884463120341e+00 -8.4981011298762887e-01 
-9.0935585529612195e-01 -1.1975886238587052e+00 
-1.2533887420404486e+00 -8.5940996392544156e-01 
-9.1892282030579631e-01 -1.1907570535739787e+00 
-1.2463159889016731e+00 -8.6895232710836801e-01 
-9.2843853094404949e-01 -1.1838490767437335e+00 
-1.2391706578009387e+00 -8.7843664723809867e-01 
-9.3790237714197322e-01 -1.1768650773599096e+00 
-1.2319532238602027e+00 -8.8786237286455394e-01 
-9.4731375170306664e-01 -1.1698054442843593e+00 
-1.2246641663867712e+00 -8.9722895641786904e-01 
-9.5667205034210256e-01 -1.1626705712273968e+00 
-9.6597667172383261e-01 -1.1554608567260380e+00 
-1.2173039688416765e+00 -9.0653585424012306e-01 
-9.7522701750152974e-01 -1.1481767041219280e+00 
-1.2098731188078127e+00 -9.1578252661680881e-01 
-9.8442249235536616e-01 -1.1408185215389663e+00 
-1.2023721079578393e+00 -9.2496843780804638e-01 
-9.9356250403062385e-01 -1.1333867218606204e+00 
-1.1948014320218399e+00 -9.3409305607953319e-01 
-1.0026464633757362e+00 -1.1258817227069364e+00 
-1.1871615907547557e+00 -9.4315585373323463e-01 
-1.0116737843801555e+00 -1.1183039464112474e+00 
-1.1794530879035812e+00 -9.5215630713780663e-01 
-1.0206438842120482e+00 -1.1106538199965752e+00 
-1.1716764311743322e+00 -9.6109389675875490e-01 
-1.0295561832558111e+00 -1.1029317751517342e+00 
-1.1638321321987875e+00 -9.6996810718832560e-01 
-1.0384101051494092e+00 -1.0951382482071343e+00 
-1.1559207065010035e+00 -9.7877842717512553e-01 
-1.0472050768215322e+00 -1.0872736801102822e+00 
-1.1479426734636062e+00 -9.8752434965347224e-01 
-1.0559405285285648e+00 -1.0793385164009919e+00 
-1.1398985562938631e+00 -9.9620537177247082e-01 
-1.0646158938913723e+00 -1.0713332071862913e+00 
-1.0732306099318971e+00 -1.0632582071150418e+00 
-1.1317888819895348e+00 -1.0048209949248152e+00 
-1.0817841171095621e+00 -1.0551139753522580e+00 
-1.1236141813045111e+00 -1.0133707247753152e+00 
-1.0902758593574824e+00 -1.0469009755531415e+00 
-1.1153749887142330e+00 -1.0218540712891431e+00 
-1.0987052841184806e+00 -1.0386196758368209e+00 
-1.1070718423809021e+00 -1.0302705487598038e+00 
-1.5505827544286557e+00 +5.2309493026174693e-02 
-1.5505800321849368e+00 +4.6246322815498037e-02 
-1.5505536045084034e+00 +4.0183972139647806e-02 
-1.5505034777604418e+00 +3.4122533668692216e-02 
-1.5504296586646595e+00 +2.8062100035505230e-02 
-1.5503321543066921e+00 +2.2002763834350850e-02 
-1.5502109721340052e+00 +1.5944617619468481e-02 
-1.5500661199556889e+00 +9.8877539036591536e-03 
-1.5498976059422476e+00 +3.8322651568728082e-03 
-1.5497054386253852e+00 -2.2217561952034594e-03 
-1.5494896268977834e+00 -8.2742177725560941e-03 
-1.5492501800128744e+00 -1.4325027242254736e-02 
-1.5489871075846104e+00 -2.0374092319860797e-02 
-1.5487004195872252e+00 -2.6421320770834946e-02 
-1.5483901263549900e+00 -3.2466620411943495e-02 
-1.5480562385819661e+00 -3.8509899112663566e-02 
-1.5476987673217499e+00 -4.4551064796587242e-02 
-1.5473177239872156e+00 -5.0590025442824413e-02 
-1.5469131203502458e+00 -5.6626689087404446e-02 
-1.5464849685414652e+00 -6.2660963824676716e-02 
-1.5460332810499624e+00 -6.8692757808709690e-02 
-1.5455580707230085e+00 -7.4721979254689055e-02 
-1.5450593507657717e+00 -8.0748536440314225e-02 
-1.5445371347410231e+00 -8.6772337707193808e-02 
-1.5439914365688399e+00 -9.2793291462239566e-02 
-1.5434222705263017e+00 -9.8811306179059075e-02 
-1.5428296512471826e+00 -1.0482629039934713e-01 
-1.5422135937216368e+00 -1.1083815273427551e-01 
-1.5415741132958785e+00 -1.1684680186588163e-01 
-1.5409112256718580e+00 -1.2285214654845540e-01 
-1.5402249469069302e+00 -1.2885409560992497e-01 
-1.5395152934135201e+00 -1.3485255795324091e-01 
-1.5387822819587818e+00 -1.4084744255775863e-01 
-1.5380259296642504e+00 -1.4683865848061967e-01 
-1.5372462540054919e+00 -1.5282611485813113e-01 
-1.5364432728117450e+00 -1.5880972090714376e-01 
-1.5356170042655592e+00 -1.6478938592642839e-01 
-1.5347674669024265e+00 -1.7076501929805060e-01 
-1.5338946796104074e+00 -1.7673653048874413e-01 
-1.5329986616297544e+00 -1.8270382905128227e-01 
-1.5320794325525253e+00 -1.8866682462584769e-01 
-1.5311370123221961e+00 -1.9462542694140084e-01 
-1.5301714212332653e+00 -2.0057954581704629e-01 
-1.5291826799308548e+00 -2.0652909116339754e-01 
-1.5281708094103033e+00 -2.1247397298393994e-01 
-1.5271358310167571e+00 -2.1841410137639197e-01 
-1.5260777664447538e+00 -2.2434938653406480e-01 
-1.5249966377378015e+00 -2.3027973874721983e-01 
-1.5238924672879515e+00 -2.3620506840442446e-01 
-1.5227652778353684e+00 -2.4212528599390615e-01 
-1.5216150924678908e+00 -2.4804030210490444e-01 
-1.5204419346205920e+00 -2.5395002742902101e-01 
-1.5192458280753298e+00 -2.5985437276156831e-01 
-1.5180267969602961e+00 -2.6575324900291564e-01 
-1.5167848657495580e+00 -2.7164656715983349e-01 
-1.5155200592625944e+00 -2.7753423834683622e-01 
-1.5142324026638287e+00 -2.8341617378752210e-01 
-1.5129219214621552e+00 -2.8929228481591235e-01 
-1.5115886415104596e+00 -2.9516248287778668e-01 
-1.5102325890051358e+00 -3.0102667953201839e-01 
-1.5088537904855963e+00 -3.0688478645190598e-01 
-1.5074522728337794e+00 -3.1273671542650389e-01 
-1.5060280632736480e+00 -3.1858237836195002e-01 
-1.5045811893706866e+00 -3.2442168728279203e-01 
-1.5031116790313914e+00 -3.3025455433331086e-01 
-1.5016195605027536e+00 -3.3608089177884221e-01 
-1.5001048623717430e+00 -3.4190061200709632e-01 
-1.4985676135647801e+00 -3.4771362752947477e-01 
-1.4970078433472074e+00 -3.5351985098238548e-01 
-1.4954255813227539e+00 -3.5931919512855559e-01 
-1.4938208574329943e+00 -3.6511157285834150e-01 
-1.4921937019568050e+00 -3.7089689719103730e-01 
-1.4905441455098121e+00 -3.7667508127618055e-01 
-1.4888722190438370e+00 -3.8244603839485541e-01 
-1.0796783156015857e-01 -1.4709452304377073e+00 
-1.0220760610332918e-01 -1.4711609134533228e+00 
-9.6447343290048893e-02 -1.4713540426095177e+00 
-9.0687131416327726e-02 -1.4715246209062873e+00 
-1.1372793134186994e-01 -1.4707069909084345e+00 
-8.4927058754165480e-02 -1.4716726516892480e+00 
-1.4871779538463354e+00 -3.8820968196099426e-01 
-1.1948781710849336e-01 -1.4704461925571557e+00 
-7.9167213550198776e-02 -1.4717981386494956e+00 
-1.2524740050011077e-01 -1.4701628334215378e+00 
-7.3407684024349218e-02 -1.4719010858234585e+00 
-1.3100659313821159e-01 -1.4698569118853828e+00 
-6.7648558368472181e-02 -1.4719814975927448e+00 
-1.3676530662704864e-01 -1.4695284266787443e+00 
-6.1889924745006396e-02 -1.4720393786839847e+00 
-1.4252345255499496e-01 -1.4691773768780361e+00 
-4.7496071612877257e-02 -1.4720855438255060e+00 
-5.6131871285624378e-02 -1.4720747341686686e+00 
-1.4828094249590110e-01 -1.4688037619061378e+00 
-5.0374486089883624e-02 -1.4720875694629771e+00 
-1.5403768801045289e-01 -1.4684075815324935e+00 
-1.5979360064753007e-01 -1.4679888358732065e+00 
-1.6554859194556512e-01 -1.4675475253911279e+00 
-1.7130257343390268e-01 -1.4670836508959391e+00 
-1.4854613815398321e+00 -3.9396592552267612e-01 
-1.7705545663415975e-01 -1.4665972135442311e+00 
-1.8280715306158588e-01 -1.4660882148395762e+00 
-1.8855757422642419e-01 -1.4655566566325959e+00 
-1.9430663163527276e-01 -1.4650025411210232e+00 
-2.0005423679244622e-01 -1.4644258708497582e+00 
-2.0580030120133785e-01 -1.4638266487109204e+00 
-1.4837225340813500e+00 -3.9971468276342270e-01 
-2.1154473636578230e-01 -1.4632048779438946e+00 
-2.1728745379141812e-01 -1.4625605621353714e+00 
-2.2302836498705114e-01 -1.4618937052193826e+00 
-2.2876738146601772e-01 -1.4612043114773308e+00 
-1.4819614437618349e+00 -4.0545586750349327e-01 
-2.3450441474754880e-01 -1.4604923855380143e+00 
-2.4023937635813347e-01 -1.4597579323776468e+00 
-2.4597217783288358e-01 -1.4590009573198701e+00 
-1.4801781432055752e+00 -4.1118939370117519e-01 
-2.5170273071689808e-01 -1.4582214660357642e+00 
-2.5743094656662763e-01 -1.4574194645438490e+00 
-2.6315673695123948e-01 -1.4565949592100833e+00 
-2.6888001345398233e-01 -1.4557479567478560e+00 
-1.4783726653696156e+00 -4.1691517545407364e-01 
-2.7460068767355172e-01 -1.4548784642179746e+00 
-2.8031867122545512e-01 -1.4539864890286460e+00 
-1.4765450435431662e+00 -4.2263312700039762e-01 
-2.8603387574337719e-01 -1.4530720389354534e+00 
-2.9174621288054525e-01 -1.4521351220413263e+00 
-2.9745559431109475e-01 -1.4511757467965076e+00 
-1.4746953113470085e+00 -4.2834316272024475e-01 
-3.0316193173143485e-01 -1.4501939219985125e+00 
-3.0886513686161371e-01 -1.4491896567920850e+00 
-3.1456512144668408e-01 -1.4481629606691448e+00 
-1.4728235027328938e+00 -4.3404519713688222e-01 
-3.2026179725806875e-01 -1.4471138434687345e+00 
-3.2595507609492597e-01 -1.4460423153769566e+00 
-1.4709296519829378e+00 -4.3973914491802618e-01 
-3.3164486978551455e-01 -1.4449483869269064e+00 
-3.3733109018855950e-01 -1.4438320689986024e+00 
-1.4690137937090109e+00 -4.4542492087711866e-01 
-3.4301364919461680e-01 -1.4426933728189062e+00 
-3.4869245872743826e-01 -1.4415323099614421e+00 
-1.4670759628521213e+00 -4.5110243997460031e-01 
-3.5436743074533678e-01 -1.4403488923465071e+00 
-3.6003847724255039e-01 -1.4391431322409785e+00 
-3.6570551025060732e-01 -1.4379150422582154e+00 
-1.4651161946817968e+00 -4.5677161731918325e-01 
-3.7136844183968959e-01 -1.4366646353579540e+00 
-3.7702718411999719e-01 -1.4353919248461975e+00 
-1.4631345247954579e+00 -4.6243236816911898e-01 
-3.8268164924311182e-01 -1.4340969243751023e+00 
-1.4611309891177895e+00 -4.6808460793346451e-01 
-3.8833174940336035e-01 -1.4327796479428565e+00 
-3.9397739683917765e-01 -1.4314401098935561e+00 
-1.4591056239001043e+00 -4.7372825217334641e-01 
-3.9961850383446951e-01 -1.4300783249170714e+00 
-4.0525498271997507e-01 -1.4286943080489123e+00 
-1.4570584657197032e+00 -4.7936321660322107e-01 
-4.1088674587462864e-01 -1.4272880746700864e+00 
-4.1651370572692170e-01 -1.4258596405069512e+00 
-1.4549895514792315e+00 -4.8498941709213328e-01 
-4.2213577475626390e-01 -1.4244090216310625e+00 
-4.2775286549434366e-01 -1.4229362344590155e+00 
-1.4528989184060295e+00 -4.9060676966497158e-01 
-4.3336489052648874e-01 -1.4214412957522820e+00 
-4.3897176249302639e-01 -1.4199242226170419e+00 
-1.4507866040514765e+00 -4.9621519050372104e-01 
-4.4457339409064200e-01 -1.4183850325040093e+00 
-1.4486526462903337e+00 -5.0181459594871325e-01 
-4.5016969807373847e-01 -1.4168237432082529e+00 
-4.5576058725579427e-01 -1.4152403728690115e+00 
-1.4464970833200781e+00 -5.0740490249987336e-01 
-4.6134597451072129e-01 -1.4136349399695036e+00 
-4.6692577277422187e-01 -1.4120074633367325e+00 
-1.4443199536602354e+00 -5.1298602681796557e-01 
-4.7249989504514556e-01 -1.4103579621412854e+00 
-1.4421212961517049e+00 -5.1855788572583328e-01 
-4.7806825438684480e-01 -1.4086864558971268e+00 
-4.8363076392853022e-01 -1.4069929644613881e+00 
-1.4399011499560823e+00 -5.2412039620963957e-01 
-4.8918733686662530e-01 -1.4052775080341491e+00 
-1.4376595545549762e+00 -5.2967347542010201e-01 
-4.9473788646612032e-01 -1.4035401071582179e+00 
-5.0028232606192558e-01 -1.4017807827189013e+00 
-1.4353965497493189e+00 -5.3521704067372666e-01 
-5.0582056906022377e-01 -1.3999995559437739e+00 
-1.4331121756586755e+00 -5.4075100945403831e-01 
-5.1135252893982153e-01 -1.3981964484024387e+00 
-5.1687811925350091e-01 -1.3963714820062840e+00 
-1.4308064727205458e+00 -5.4627529941280784e-01 
-5.2239725362936906e-01 -1.3945246790082337e+00 
-1.4284794816896620e+00 -5.5178982837127666e-01 
-5.2790984577220768e-01 -1.3926560620024946e+00 
-5.3341580946482148e-01 -1.3907656539242961e+00 
-1.4261312436372806e+00 -5.5729451432137900e-01 
-5.3891505856938615e-01 -1.3888534780496244e+00 
-1.4237617999504733e+00 -5.6278927542695989e-01 
-5.4440750702879459e-01 -1.3869195579949547e+00 
-5.4989306886800304e-01 -1.3849639177169730e+00 
-1.4213711923314083e+00 -5.6827403002499133e-01 
-5.5537165819537615e-01 -1.3829865815122968e+00 
-1.4189594627966315e+00 -5.7374869662678518e-01 
-5.6084318920403087e-01 -1.3809875740171893e+00 
-5.6630757617317939e-01 -1.3789669202072667e+00 
-1.4165266536763390e+00 -5.7921319391920267e-01 
-5.7176473346947110e-01 -1.3769246453972022e+00 
-1.4140728076136482e+00 -5.8466744076586186e-01 
-5.7721457554833411e-01 -1.3748607752404236e+00 
-1.4115979675638612e+00 -5.9011135620833999e-01 
-5.8265701695531458e-01 -1.3727753357288062e+00 
-5.8809197232741639e-01 -1.3706683531923607e+00 
-1.4091021767937271e+00 -5.9554485946737612e-01 
-5.9351935639443865e-01 -1.3685398542989136e+00 
-1.4065854788806968e+00 -6.0096786994406770e-01 
-5.9893908398031248e-01 -1.3663898660537854e+00 
-6.0435107000443689e-01 -1.3642184157994612e+00 
-1.4040479177121747e+00 -6.0638030722106484e-01 
-6.0975522948301308e-01 -1.3620255312152576e+00 
-1.4014895374847649e+00 -6.1178209106376291e-01 
-6.1515147753037858e-01 -1.3598112403169831e+00 
-1.3989103827035128e+00 -6.1717314142148982e-01 
-6.2053972936033863e-01 -1.3575755714565934e+00 
-6.2591990028749744e-01 -1.3553185533218419e+00 
-1.3963104981811438e+00 -6.2255337842869207e-01 
-6.3129190572858862e-01 -1.3530402149359262e+00 
-1.3936899290372957e+00 -6.2792272240611657e-01 
-6.3665566120380290e-01 -1.3507405856571248e+00 
-1.3910487206977467e+00 -6.3328109386198939e-01 
-6.4201108233811632e-01 -1.3484196951784351e+00 
-6.4735808486261581e-01 -1.3460775735271999e+00 
-1.3883869188936400e+00 -6.3862841349319199e-01 
-6.5269658461582403e-01 -1.3437142510647333e+00 
-1.3857045696607015e+00 -6.4396460218643292e-01 
-6.5802649754502296e-01 -1.3413297584859376e+00 
-1.3830017193384576e+00 -6.4928958101941803e-01 
-6.6334773970757566e-01 -1.3389241268189189e+00 
-6.6866022727224772e-01 -1.3364973874245942e+00 
-1.3802784145694424e+00 -6.5460327126201634e-01 
-6.7396387652052614e-01 -1.3340495719962944e+00 
-1.3775347022984061e+00 -6.5990559437742247e-01 
-6.7925860384793713e-01 -1.3315807125593624e+00 
-1.3747706297715145e+00 -6.6519647202331678e-01 
-6.8454432576536317e-01 -1.3290908414707454e+00 
-1.3719862445355475e+00 -6.7047582605302070e-01 
-6.8982095890035766e-01 -1.3265799914185830e+00 
-6.9508841999845916e-01 -1.3240481954217886e+00 
-1.3691815944370902e+00 -6.7574357851665123e-01 
-7.0034662592450281e-01 -1.3214954868296267e+00 
-1.3663567276217228e+00 -6.8099965166226906e-01 
-7.0559549366393137e-01 -1.3189218993212841e+00 
-1.3635116925332025e+00 -6.8624396793702558e-01 
-7.1083494032410466e-01 -1.3163274669054374e+00 
-1.3606465379126442e+00 -6.9147644998830626e-01 
-7.1606488313560646e-01 -1.3137122239198136e+00 
-7.2128523945355116e-01 -1.3110762050307467e+00 
-1.3577613127976942e+00 -6.9669702066486916e-01 
-7.2649592675888786e-01 -1.3084194452327285e+00 
-1.3548560665217024e+00 -7.0190560301798177e-01 
-7.3169686265970291e-01 -1.3057419798479535e+00 
-1.3519308487128872e+00 -7.0710212030255393e-01 
-7.3688796489252206e-01 -1.3030438445258619e+00 
-1.3489857092934978e+00 -7.1228649597826688e-01 
-7.4206915132360873e-01 -1.3003250752426716e+00 
-7.4724033995026329e-01 -1.2975857083009128e+00 
-1.3460206984789720e+00 -7.1745865371069939e-01 
-7.5240144890211780e-01 -1.2948257803289489e+00 
-1.3430358667770887e+00 -7.2261851737244975e-01 
-7.5755239644243155e-01 -1.2920453282804991e+00 
-1.3400312649871182e+00 -7.2776601104425531e-01 
-7.6269310096938336e-01 -1.2892443894341530e+00 
-1.3370069441989656e+00 -7.3290105901610803e-01 
-7.6782348101736253e-01 -1.2864230013928786e+00 
-1.3339629557923121e+00 -7.3802358578836547e-01 
-7.7294345525825858e-01 -1.2835812020835295e+00 
-7.7805294250274781e-01 -1.2807190297563427e+00 
-1.3308993514357510e+00 -7.4313351607286104e-01 
-7.8315186170157980e-01 -1.2778365229844326e+00 
-1.3278161830859181e+00 -7.4823077479400679e-01 
-7.8824013194686027e-01 -1.2749337206632820e+00 
-1.3247135029866228e+00 -7.5331528708989681e-01 
-7.9331767247333362e-01 -1.2720106620102241e+00 
-1.3215913636679681e+00 -7.5838697831340351e-01 
-7.9838440265966359e-01 -1.2690673865639235e+00 
-1.3184498179454722e+00 -7.6344577403327263e-01 
-8.0344024202970976e-01 -1.2661039341838491e+00 
-8.0848511025380532e-01 -1.2631203450497426e+00 
-1.3152889189191823e+00 -7.6849160003521400e-01 
-8.1351892715003060e-01 -1.2601166596610833e+00 
-1.3121087199727859e+00 -7.7352438232298759e-01 
-8.1854161268548542e-01 -1.2570929188365463e+00 
-1.3089092747727187e+00 -7.7854404711948777e-01 
-8.2355308697756013e-01 -1.2540491637134563e+00 
-1.3056906372672652e+00 -7.8355052086782306e-01 
-8.2855327029520354e-01 -1.2509854357472363e+00 
-1.3024528616856592e+00 -7.8854373023239155e-01 
-8.3354208306018862e-01 -1.2479017767108502e+00 
-1.2991960025371774e+00 -7.9352360209995343e-01 
-8.3851944584837845e-01 -1.2447982286942432e+00 
-8.4348527939098683e-01 -1.2416748341037727e+00 
-1.2959201146102297e+00 -7.9849006358070007e-01 
-8.4843950457583983e-01 -1.2385316356616403e+00 
-1.2926252529714455e+00 -8.0344304200931838e-01 
-8.5338204244863303e-01 -1.2353686764053116e+00 
-1.2893114729647561e+00 -8.0838246494605304e-01 
-8.5831281421418770e-01 -1.2321859996869369e+00 
-1.2859788302104731e+00 -8.1330826017776259e-01 
-8.6323174123770474e-01 -1.2289836491727637e+00 
-1.2826273806043620e+00 -8.1822035571897433e-01 
-8.6813874504601685e-01 -1.2257616688425454e+00 
-1.2792571803167128e+00 -8.2311867981293330e-01 
-8.7303374732883721e-01 -1.2225201029889452e+00 
-1.2758682857914057e+00 -8.2800316093264936e-01 
-8.7791666994000739e-01 -1.2192589962169340e+00 
-8.8278743489874234e-01 -1.2159783934431834e+00 
-1.2724607537449739e+00 -8.3287372778193891e-01 
-8.8764596439087329e-01 -1.2126783398954555e+00 
-1.2690346411656610e+00 -8.3773030929646397e-01 
-8.9249218077008774e-01 -1.2093588811119855e+00 
-1.2655900053124762e+00 -8.4257283464476607e-01 
-8.9732600655916961e-01 -1.2060200629408613e+00 
-1.2621269037142431e+00 -8.4740123322929772e-01 
-9.0214736445123334e-01 -1.2026619315393954e+00 
-1.2586453941686480e+00 -8.5221543468744931e-01 
-9.0695617731095857e-01 -1.1992845333734963e+00 
-1.2551455347412810e+00 -8.5701536889257213e-01 
-9.1175236817582150e-01 -1.1958879152170299e+00 
-1.2516273837646748e+00 -8.6180096595499756e-01 
-9.1653586025732381e-01 -1.1924721241511793e+00 
-9.2130657694221973e-01 -1.1890372075638003e+00 
-1.2480909998373400e+00 -8.6657215622305206e-01 
-9.2606444179373992e-01 -1.1855832131487676e+00 
-1.2445364418227944e+00 -8.7132887028406925e-01 
-9.3080937855281320e-01 -1.1821101889053216e+00 
-1.2409637688485928e+00 -8.7607103896539662e-01 
-9.3554131113928685e-01 -1.1786181831374067e+00 
-1.2373730403053478e+00 -8.8079859333539956e-01 
-9.4026016365314247e-01 -1.1751072444530053e+00 
-1.2337643158457490e+00 -8.8551146470446029e-01 
-9.4496586037571195e-01 -1.1715774217634694e+00 
-1.2301376553835810e+00 -8.9020958462597466e-01 
-9.4965832577088827e-01 -1.1680287642828429e+00 
-1.2264931190927320e+00 -8.9489288489734098e-01 
-9.5433748448633537e-01 -1.1644613215271831e+00 
-1.2228307674062051e+00 -8.9956129756095071e-01 
-9.5900326135469571e-01 -1.1608751433138758e+00 
-1.2191506610151199e+00 -9.0421475490517023e-01 
-9.6365558139479379e-01 -1.1572702797609447e+00 
-9.6829436981283934e-01 -1.1536467812863582e+00 
-1.2154528608677149e+00 -9.0885318946532023e-01 
-9.7291955200362568e-01 -1.1500046986073287e+00 
-1.2117374281683426e+00 -9.1347653402465179e-01 
-9.7753105355172620e-01 -1.1463440827396090e+00 
-1.2080044243764645e+00 -9.1808472161531685e-01 
-9.8212880023268934e-01 -1.1426649849967849e+00 
-1.2042539112056392e+00 -9.2267768551933638e-01 
-9.8671271801422955e-01 -1.1389674569895583e+00 
-1.2004859506225094e+00 -9.2725535926956326e-01 
-9.9128273305741643e-01 -1.1352515506250322e+00 
-1.1967006048457829e+00 -9.3181767665064053e-01 
-9.9583877171786006e-01 -1.1315173181059852e+00 
-1.1928979363452115e+00 -9.3636457169995746e-01 
-1.0003807605468955e+00 -1.1277648119301449e+00 
-1.1890780078405661e+00 -9.4089597870859931e-01 
-1.0049086262927625e+00 -1.1239940848894536e+00 
-1.1852408823006084e+00 -9.4541183222229508e-01 
-1.0094222959017836e+00 -1.1202051900693335e+00 
-1.1813866229420578e+00 -9.4991206704235853e-01 
-1.0139216965195401e+00 -1.1163981808479422e+00 
-1.0184067554920442e+00 -1.1125731108954271e+00 
-1.1775152932285557e+00 -9.5439661822662780e-01 
-1.0228774003669074e+00 -1.1087300341731736e+00 
-1.1736269568696276e+00 -9.5886542109039896e-01 
-1.0273335588945089e+00 -1.1048690049330487e+00 
-1.1697216778196378e+00 -9.6331841120735506e-01 
-1.0317751590291595e+00 -1.1009900777166406e+00 
-1.1657995202767444e+00 -9.6775552441049351e-01 
-1.0362021289302610e+00 -1.0970933073544933e+00 
-1.1618605486818498e+00 -9.7217669679304619e-01 
-1.0406143969634665e+00 -1.0931787489653357e+00 
-1.1579048277175461e+00 -9.7658186470939712e-01 
-1.0450118917018349e+00 -1.0892464579553074e+00 
-1.1539324223070597e+00 -9.8097096477599532e-01 
-1.0493945419269832e+00 -1.0852964900171791e+00 
-1.1499433976131894e+00 -9.8534393387226304e-01 
-1.0537622766302357e+00 -1.0813289011295679e+00 
-1.1459378190372433e+00 -9.8970070914150132e-01 
-1.0581150250137725e+00 -1.0773437475561505e+00 
-1.1419157522179730e+00 -9.9404122799178840e-01 
-1.0624527164917710e+00 -1.0733410858448680e+00 
-1.1378772630305012e+00 -9.9836542809687701e-01 
-1.0667752806915467e+00 -1.0693209728271289e+00 
-1.0710826474546926e+00 -1.0652834656170063e+00 
-1.1338224175852483e+00 -1.0026732473970850e+00 
-1.0753747468382118e+00 -1.0612286216104314e+00 
-1.1297512822268561e+00 -1.0069646241001822e+00 
-1.0796515091156507e+00 -1.0571564984843822e+00 
-1.1256639235331061e+00 -1.0112394966822742e+00 
-1.0839128647782272e+00 -1.0530671541960663e+00 
-1.1215604083138357e+00 -1.0154978038886795e+00 
-1.0881587445359542e+00 -1.0489606469821013e+00 
-1.1174408036098524e+00 -1.0197394847348047e+00 
-1.0923890793187658e+00 -1.0448370353576895e+00 
-1.1133051766918416e+00 -1.0239644785070139e+00 
-1.0966038002776326e+00 -1.0406963781157879e+00 
-1.1091535950592728e+00 -1.0281727247634922e+00 
-1.1008028387856812e+00 -1.0365387343262744e+00 
-1.1049861264393044e+00 -1.0323641633351093e+00 
