Dim = 3
-3.1415926535897931e+00 +2.7099759466766971e+00 
+0.0000000000000000e+00 +2.4599759466766971e+00 
+3.1415926535897931e+00 +3.8644106367085804e+00 
-2.1415926535897931e+00 +3.2198507249105877e+00 
-3.1415926535897931e+00 +3.7099759466766971e+00 
-3.1415926535897931e+00 +2.5874010519681994e+00 
+1.0000000000000000e+00 +3.5726211047117640e+00 
+0.0000000000000000e+00 +2.3374010519681994e+00 
+0.0000000000000000e+00 +3.4599759466766971e+00 
-1.0000000000000000e+00 +3.8909309908955545e+00 
+0.0000000000000000e+00 +2.5671205928321399e+00 
+0.0000000000000000e+00 +3.4599759466766971e+00 
-2.1415926535897931e+00 +2.8862726672137589e+00 
-3.1415926535897931e+00 +3.5874010519681994e+00 
-3.1415926535897931e+00 +2.4422495703074083e+00 
+1.0000000000000000e+00 +3.3737214647048308e+00 
+0.0000000000000000e+00 +2.1922495703074083e+00 
+0.0000000000000000e+00 +3.3374010519681994e+00 
-1.0000000000000000e+00 +3.6920313508886218e+00 
+0.0000000000000000e+00 +3.3374010519681994e+00 
-2.1415926535897931e+00 +3.3592117958111603e+00 
-3.1415926535897931e+00 +3.4422495703074083e+00 
-3.1415926535897931e+00 +2.2599210498948730e+00 
+1.0000000000000000e+00 +3.0684272892112574e+00 
+0.0000000000000000e+00 +2.0099210498948734e+00 
+0.0000000000000000e+00 +3.1922495703074083e+00 
-1.0000000000000000e+00 +3.3867371753950484e+00 
+0.0000000000000000e+00 +3.1922495703074083e+00 
-2.1415926535897931e+00 +3.5964257900062417e+00 
-3.1415926535897931e+00 +3.2599210498948730e+00 
-3.1415926535897931e+00 +1.9999999999999998e+00 
-2.1415926535897931e+00 +3.7691273251310857e+00 
-3.1415926535897931e+00 +3.0000000000000000e+00 
-3.1415926535897931e+00 +1.0000084916799767e+00 
-2.1415926535897931e+00 +3.9087564930834944e+00 
-3.1415926535897931e+00 +2.0000084916799770e+00 
-3.1415926535897931e+00 +2.0000000000000000e+00 
-2.6415926535897931e+00 +3.1810577894995644e+00 
-3.1415926535897931e+00 +1.7937090176640764e+00 
-3.1415926535897931e+00 +1.7937005259841001e+00 
-3.1415926535897931e+00 +1.7937005259840995e+00 
-2.8915926535897931e+00 +2.6095664659401931e+00 
-3.1415926535897931e+00 +1.6299690166274134e+00 
-3.1415926535897931e+00 +1.6299605249474372e+00 
-3.1415926535897931e+00 +1.6299605249474360e+00 
-3.0165926535897931e+00 +2.1930048941142695e+00 
-3.1415926535897931e+00 +1.5000084916799767e+00 
-3.1415926535897931e+00 +1.5000000000000009e+00 
-3.1415926535897931e+00 +1.4999999999999991e+00 
-3.0790926535897931e+00 +1.8920819887066920e+00 
-3.1415926535897931e+00 +1.3968587546720266e+00 
-3.1415926535897931e+00 +1.3968502629920512e+00 
-3.1415926535897931e+00 +1.3968502629920487e+00 
-3.1103426535897931e+00 +1.6732032298146338e+00 
-3.1415926535897931e+00 +1.3149887541536951e+00 
-3.1415926535897931e+00 +1.3149802624737204e+00 
-3.1415926535897931e+00 +1.3149802624737164e+00 
-3.1259676535897931e+00 +1.5123069795080659e+00 
-3.1415926535897931e+00 +1.2500084916799767e+00 
-3.1415926535897931e+00 +1.2500000000000033e+00 
-3.1415926535897931e+00 +1.2499999999999967e+00 
-3.1337801535897931e+00 +1.3927361632511936e+00 
-3.1415926535897931e+00 +1.1984336231760018e+00 
-3.1415926535897931e+00 +1.1984251314960301e+00 
-3.1415926535897931e+00 +1.1984251314960197e+00 
-3.1376864035897931e+00 +1.3029667492157844e+00 
-3.1415926535897931e+00 +1.1574986229168360e+00 
-3.1415926535897931e+00 +1.1574901312368673e+00 
-3.1415926535897931e+00 +1.1574901312368508e+00 
-3.1396395285897931e+00 +1.2349532367910445e+00 
-3.1415926535897931e+00 +1.1250084916799767e+00 
-3.1415926535897931e+00 +1.1250000000000131e+00 
-3.1415926535897931e+00 +1.1249999999999869e+00 
