Dim = 2
+1.2500000000000000e+00 +0.0000000000000000e+00 
+7.6540424946709579e-17 +1.2500000000000000e+00 
+7.6540424946709579e-17 +1.2500000000000000e+00 
+1.2500000000000000e+00 +0.0000000000000000e+00 
+1.2500000000000000e+00 +1.5489247653415780e-30 
+1.2500000000000000e+00 +0.0000000000000000e+00 
+1.2500000000000000e+00 +1.5489247653415780e-30 
+7.6540424946709579e-17 +1.2500000000000000e+00 
+1.2500000000000000e+00 +1.2218861925066005e-60 
+1.2500000000000000e+00 +0.0000000000000000e+00 
+1.2500000000000000e+00 +6.2973267651072888e-13 
+7.6540424946689943e-17 +1.2499999999996794e+00 
+1.2499999999996794e+00 +6.2973267651056732e-13 
+1.2499999999996794e+00 +1.5489247653411807e-30 
+1.2500000000000000e+00 +6.2973267651072888e-13 
+1.2499999999996794e+00 +1.2218861925062871e-60 
+1.2500000000000000e+00 +1.5489247653415780e-30 
+1.2500000000000000e+00 +1.2218861925066005e-60 
+1.2499999999996794e+00 +0.0000000000000000e+00 
+1.2500000000000000e+00 +1.2218861925066005e-60 
+7.6540327720026776e-17 +1.2499984121677716e+00 
+1.2499999999957914e+00 +3.1177062404899035e-06 
+7.6540424946709579e-17 +1.2500000000000000e+00 
+1.2499984121638836e+00 +3.1177022801751457e-06 
+1.2499999999961120e+00 +3.1177062404907036e-06 
+1.2499984121677716e+00 +6.2973187658285762e-13 
+7.6444169750377334e-17 +1.2484280333497093e+00 
+1.2499945894320192e+00 +3.0914094888436360e-03 
+7.6540424887917636e-17 +1.2499999990398547e+00 
+1.2484242154164777e+00 +3.0875257367268490e-03 
+1.2499961772593917e+00 +3.0914134157603180e-03 
+1.2484280333458262e+00 +3.1137854963023400e-06 
+7.4087926277632667e-17 +1.2099476572219119e+00 
+1.2457379833901610e+00 +8.1911117636362510e-02 
+7.6537175871475040e-17 +1.2499469385746682e+00 
+1.2073405228421812e+00 +7.9386366083613158e-02 
+1.2473065628457467e+00 +8.2014256577312844e-02 
+1.2099439569690773e+00 +2.9923587359228683e-03 
+6.6487583685712656e-17 +1.0858246431869809e+00 
+1.1465227005386871e+00 +3.8659931501008749e-01 
+7.6041102192263202e-17 +1.2418454405826396e+00 
+1.0289061636571832e+00 +3.4693985377928577e-01 
+1.1844755160433438e+00 +3.9939673495642669e-01 
+1.0834849628374099e+00 +7.1242480707444975e-02 
+6.1348574735739989e-17 +1.0018982579867641e+00 
+8.1850188384442568e-01 +7.1349129069334860e-01 
+7.1359155466536993e-17 +1.1653834479658953e+00 
+7.5523761293139102e-01 +6.5834357851399050e-01 
+9.4225836669406648e-01 +8.2137030040964465e-01 
+9.4937916492143981e-01 +3.2012391439875620e-01 
+6.3131584014225707e-17 +1.0310170092826825e+00 
+4.8801498351553513e-01 +8.7500942578994223e-01 
+6.3497868309119566e-17 +1.0369988857739105e+00 
+5.0219844657716894e-01 +9.0044033321796801e-01 
+5.0511216095284284e-01 +9.0566461449803881e-01 
+2.7586064850754488e-01 +9.6317237396112498e-01 
+4.8859751122481476e-01 +8.7605389625421293e-01 
+6.4392350957410971e-01 +7.6756930187096062e-01 
+4.9472549454401277e-01 +8.8704135226786851e-01 
+9.9115182977047200e-01 +1.4634947796134426e-01 
+7.7718752256040124e-01 +6.7747740051357630e-01 
+8.8716848083935573e-01 +4.6554506329903461e-01 
+7.8169670109831335e-01 +6.8140806906606699e-01 
+6.1421804546126009e-17 +1.0030941915479674e+00 
+6.2192155980684415e-17 +1.0156749852118181e+00 
+2.7618993444564843e-01 +9.6432208168649691e-01 
+2.7965390483504032e-01 +9.7641659607748432e-01 
+9.1295277395016394e-01 +4.7907547001167533e-01 
+9.1824965138955117e-01 +4.8185502676562325e-01 
+8.3322259265714227e-01 +5.5636339782791466e-01 
+8.8822746517456108e-01 +4.6610076939095918e-01 
+9.2416280185097111e-01 +3.8694086761658453e-01 
+8.9936760192351561e-01 +4.7194659888102986e-01 
+1.2365924157834571e+00 +1.8259024406258331e-01 
+9.9973941799248955e-01 +6.5735952635911407e-02 
+1.0741780149086393e+00 +1.5860878928694264e-01 
+1.2099476530187099e+00 +1.0085290619083818e-04 
+1.2098467452925059e+00 +1.5626455833732674e-02 
+1.0858213225262154e+00 +2.6853862952891145e-03 
+1.2099475288754606e+00 +5.5730149808181782e-04 
+1.2418416427802437e+00 +3.0712461242543639e-03 
+9.7697152329565629e-01 +3.2942786175363459e-01 
+9.7807200629004343e-01 +2.1719868753904048e-01 
+9.8263983229074026e-01 +3.3133917530524187e-01 
+1.0857340833523579e+00 +1.4023408970350140e-02 
+1.0858245280070069e+00 +5.0013047811643880e-04 
+1.2499999956576615e+00 +1.0419139372359346e-04 
+1.2099476572181485e+00 +3.0178090892702890e-06 
+1.2484280290128316e+00 +1.0406036540664883e-04 
+1.2499998674049548e+00 +5.7574959416158166e-04 
+1.0858246394149664e+00 +9.0506866330460092e-05 
+1.2099476572219094e+00 +7.9481315022674265e-08 
+1.0858246430705829e+00 +1.5898924235902477e-05 
+1.2099476570922081e+00 +1.7716365393142268e-05 
+1.0858246431836036e+00 +2.7082258129141135e-06 
+1.2099476572218093e+00 +4.9791821154650060e-07 
+1.2418454405787769e+00 +3.0973674238635381e-06 
+1.0858246431868890e+00 +4.4683905221994227e-07 
+1.2499999999999973e+00 +8.2112348567588592e-08 
+1.2099476572219119e+00 +1.8248342565657824e-09 
+1.2484280333497066e+00 +8.2009086268768356e-08 
+1.2499999999998941e+00 +5.1440056990744201e-07 
+1.0858246431869787e+00 +7.1327689267717507e-08 
+1.2500000000000000e+00 +1.8852409086394642e-09 
+1.2099476572219119e+00 +3.6131791481258393e-11 
+1.2484280333497093e+00 +1.8828700799705483e-09 
+1.2500000000000000e+00 +3.7327845615464916e-11 
+1.2099476572219119e+00 +6.0955486129619245e-13 
+1.2484280333497093e+00 +3.7280903112717146e-11 
+1.2099476572219119e+00 +8.6431535749475764e-15 
+1.2484280333497093e+00 +6.2894074149787039e-13 
+1.2500000000000000e+00 +8.9292639265823717e-15 
+1.2099476572219119e+00 +1.0142773101923756e-16 
+1.2484280333497093e+00 +8.9180347224989869e-15 
+1.2500000000000000e+00 +1.0478524671484517e-16 
+1.2099476572219119e+00 +9.6787239061818721e-19 
+1.2484280333497093e+00 +1.0465347158422259e-16 
+1.2500000000000000e+00 +9.9991142678897034e-19 
+1.2099476572219119e+00 +7.3601759136739270e-21 
+1.2484280333497093e+00 +9.9865396485604488e-19 
+1.2500000000000000e+00 +7.6038164437761543e-21 
+1.2099476572219119e+00 +4.3576136563705166e-23 
+1.2484280333497093e+00 +7.5942540870845166e-21 
+1.2500000000000000e+00 +4.5018617441433082e-23 
+1.2099476572219119e+00 +1.9549656832590679e-25 
+1.2484280333497093e+00 +4.4962003229224984e-23 
+1.2500000000000000e+00 +2.0196800163113534e-25 
+1.2099476572219119e+00 +6.4384416753005966e-28 
+1.2484280333497093e+00 +2.0171401206074335e-25 
+1.2500000000000000e+00 +6.6515704593406907e-28 
+1.2099476572219119e+00 +1.4992943128304334e-30 
+1.2484280333497093e+00 +6.6432056217933772e-28 
+1.2099476572219119e+00 +2.3605572275127327e-33 
+1.2484280333497093e+00 +1.5469768788816370e-30 
+1.2500000000000000e+00 +2.4386976715718703e-33 
+1.2099476572219119e+00 +2.3806316099484257e-36 
+1.2484280333497093e+00 +2.4356308304439882e-33 
+1.2500000000000000e+00 +2.4594365670892438e-36 
+1.2099476572219119e+00 +1.4395404035127952e-39 
+1.2484280333497093e+00 +2.4563436452796679e-36 
+1.2500000000000000e+00 +1.4871928497490105e-39 
+1.2099476572219119e+00 +4.8085399966398267e-43 
+1.2484280333497093e+00 +1.4853225956991256e-39 
+1.2500000000000000e+00 +4.9677148923950418e-43 
+1.2099476572219119e+00 +8.0012371706349037e-47 
+1.2484280333497093e+00 +4.9614676266838442e-43 
+1.2500000000000000e+00 +8.2660984577279811e-47 
+1.2099476572219119e+00 +5.8061550338467017e-51 
+1.2484280333497093e+00 +8.2557032328451271e-47 
+1.2500000000000000e+00 +5.9983535229716719e-51 
+1.2099476572219119e+00 +1.5421959985717622e-55 
+1.2484280333497093e+00 +5.9908101536158604e-51 
+1.2500000000000000e+00 +1.5932466059241622e-55 
+1.2099476572219119e+00 +1.1827346688121306e-60 
+1.2484280333497093e+00 +1.5912429815000010e-55 
+1.2099476572219119e+00 +1.8779872068216698e-66 
+1.2484280333497093e+00 +1.2203495810305437e-60 
+1.2500000000000000e+00 +1.9401533566476786e-66 
+1.2099476572219119e+00 +3.7932692145407347e-73 
+1.2484280333497093e+00 +1.9377134715491988e-66 
+1.2500000000000000e+00 +3.9188360668946539e-73 
+1.2099476572219119e+00 +4.5802487158538435e-81 
+1.2484280333497093e+00 +3.9139078432105624e-73 
+1.2500000000000000e+00 +4.7318665899670783e-81 
+1.2099476572219119e+00 +9.3301314147541093e-91 
+1.2484280333497093e+00 +4.7259159207886364e-81 
+1.2500000000000000e+00 +9.6389824789781236e-91 
+1.2099476572219119e+00 +2.9923617863296004e-103 
+1.2484280333497093e+00 +9.6268607517783718e-91 
+1.2500000000000000e+00 +3.0914165671432663e-103 
+1.2099476572219119e+00 +7.3601759136739262e-121 
+1.2484280333497093e+00 +3.0875288841467022e-103 
+1.2500000000000000e+00 +7.6038164437761550e-121 
+1.2099476572219119e+00 +5.8061550338467011e-151 
+1.2484280333497093e+00 +7.5942540870845166e-121 
+1.2500000000000000e+00 +5.9983535229716724e-151 
+1.2099476572219119e+00 +0.0000000000000000e+00 
+1.2484280333497093e+00 +5.9908101536158604e-151 
+1.2484280333497093e+00 +0.0000000000000000e+00 
+1.0858246431869809e+00 +1.1001936465170460e-08 
+1.2099476572219119e+00 +4.5802487158538430e-181 
+1.0858246431869809e+00 +0.0000000000000000e+00 
+1.2418454405826396e+00 +0.0000000000000000e+00 
+6.4469214025073651e-01 +7.6848552453263230e-01 
+6.5277786027737161e-01 +7.7812385949585372e-01 
+1.0064982813869665e+00 +2.2351125921369125e-01 
+1.0123379022212329e+00 +2.2480805328689996e-01 
+9.6649333751091182e-01 +2.6399005266095016e-01 
+9.7923949922485121e-01 +2.1745795059075912e-01 
+9.8588697201497111e-01 +1.7840122692421204e-01 
+9.9152110766306656e-01 +2.2018530524000129e-01 
+7.5613911565463432e-01 +6.5912942196073898e-01 
+7.6562260212616629e-01 +6.6739621417759398e-01 
+8.3421718352958663e-01 +5.5702751082979218e-01 
+8.4467992406308368e-01 +5.6401374227035461e-01 
+1.2498957476292429e+00 +1.6143731239593083e-02 
+1.0014706647334350e+00 +2.9268191527396424e-02 
+1.0853612315700587e+00 +3.1719911047478115e-02 
+1.0018146977718421e+00 +1.2939500965083851e-02 
+1.0858071830188214e+00 +6.1576827513409966e-03 
+1.1652862527760621e+00 +1.5050909740025379e-02 
+1.0018821473632182e+00 +5.6817384469154226e-03 
+1.2499798998757889e+00 +7.0887168452768217e-03 
+1.0018951939890393e+00 +2.4778253727737397e-03 
+1.0018976832993483e+00 +1.0731059180385525e-03 
+1.0858240203595100e+00 +1.1629971818669855e-03 
+1.0018981517093684e+00 +4.6147401234166010e-04 
+1.0858246221904342e+00 +2.1353485673406694e-04 
+1.1653833243466387e+00 +5.3677523776719121e-04 
+1.0018982386130986e+00 +1.9703015797595418e-04 
+1.2499999758288012e+00 +2.4582106566872221e-04 
+1.0018982545062989e+00 +8.3511340695105083e-05 
+1.2499999998660027e+00 +1.8302822117342405e-05 
+1.0018982573707260e+00 +3.5134240436583640e-05 
+1.0858246425193390e+00 +3.8077343464353057e-05 
+1.0018982578793629e+00 +1.4670052476485578e-05 
+1.0858246431669978e+00 +6.5875959592604403e-06 
+1.1653834478409688e+00 +1.7063844757291952e-05 
+1.0018982579683255e+00 +6.0784224757801271e-06 
+1.2499999999769953e+00 +7.5836324039456856e-06 
+1.0018982579836477e+00 +2.4988995610096794e-06 
+1.0018982579862459e+00 +1.0191647926105097e-06 
+1.0858246431864191e+00 +1.1045375500589599e-06 
+1.0018982579866793e+00 +4.1230162791813181e-07 
+1.0858246431869660e+00 +1.7928022980267633e-07 
+1.1653834479657965e+00 +4.7957912783548505e-07 
+1.0018982579867504e+00 +1.6542316575498572e-07 
+1.2499999999999829e+00 +2.0638718107888344e-07 
+1.0018982579867619e+00 +6.5814575191255186e-08 
+1.0858246431869809e+00 +4.1103818813275196e-181 
+1.0018982579867637e+00 +2.5961172463167590e-08 
+1.0858246431869809e+00 +3.2425195717080726e-211 
+1.0018982579867641e+00 +0.0000000000000000e+00 
+1.1653834479658953e+00 +0.0000000000000000e+00 
+1.0199582513781658e+00 +1.5060291788607977e-01 
+9.9707255271497941e-01 +9.8216312185640448e-02 
+1.0258759658591305e+00 +1.5147670371686822e-01 
+9.2526594511121607e-01 +3.8740274642123845e-01 
+9.3687061797017102e-01 +3.9226154638100436e-01 
+9.5051240813908766e-01 +3.2050603596641170e-01 
+9.6243372179286713e-01 +3.2452581829641369e-01 
+1.0260510517342656e+00 +1.0107082994224655e-01 
+1.0320041161453359e+00 +1.0165723464375682e-01 
+9.9469333902422863e-01 +1.1993865372657640e-01 
+9.9826272598780508e-01 +9.8333549822360616e-02 
+9.9866912817539588e-01 +8.0374696181741256e-02 
+1.0107829234765224e+00 +9.9566847862537680e-02 
+9.6764700936311299e-01 +2.6430516905254414e-01 
+9.7978322495165415e-01 +2.6762008087653533e-01 
+1.2494665211138951e+00 +3.6515922767208615e-02 
+1.0287954256671072e+00 +6.7646474827906922e-02 
+1.0009358451048227e+00 +4.3903910317953293e-02 
+1.0347644127116202e+00 +6.8038954150599226e-02 
+9.8706379342172246e-01 +1.7861417870143864e-01 
+9.9944353405099773e-01 +1.8085435529364202e-01 
+9.9233493566772391e-01 +1.4652417060200246e-01 
+1.0047807868911274e+00 +1.4836187475046925e-01 
+1.0300266252358750e+00 +4.5179915177005231e-02 
+1.0360027555997418e+00 +4.5442045355304654e-02 
+1.0004562197921687e+00 +5.3735199228031105e-02 
+1.0021306298648818e+00 +4.3956316996374714e-02 
+1.0012564890830509e+00 +3.5854740634882858e-02 
+1.0146993385512504e+00 +4.4507616524388942e-02 
+9.9588067230658694e-01 +1.2008182062015439e-01 
+1.0083709941105359e+00 +1.2158788517593688e-01 
+1.0305769886381486e+00 +3.0118829986115873e-02 
+1.0017089174905345e+00 +1.9477268208203981e-02 
+1.0365563121655308e+00 +3.0293576978081205e-02 
+9.9986120722873462e-01 +8.0470636858221131e-02 
+1.0124014528473653e+00 +8.1479898487729352e-02 
+1.0009327746161827e+00 +6.5814419517461753e-02 
+1.0134864598183659e+00 +6.6639863069056379e-02 
+1.0016504320389974e+00 +5.3799341198198701e-02 
+1.0142131180907856e+00 +5.4474091801450769e-02 
+1.0308221658735810e+00 +2.0043347372787255e-02 
+1.0368029118992612e+00 +2.0159637237430916e-02 
+1.0016136028382370e+00 +2.3881163420554428e-02 
+1.0029046250421083e+00 +1.9500517593603207e-02 
+1.0017724222726112e+00 +1.5878706842114242e-02 
+1.0154830411654290e+00 +1.9745092819190763e-02 
+1.0309310205086755e+00 +1.3315569201046937e-02 
+1.0018615050216853e+00 +8.5816148012083770e-03 
+1.0369123981000590e+00 +1.3392825046153198e-02 
+1.0024516565854611e+00 +3.5897539279667073e-02 
+1.0150243915845789e+00 +3.6347765727514934e-02 
+1.0026660878903950e+00 +2.9303128021440913e-02 
+1.0152415122840137e+00 +2.9670647453264400e-02 
+1.0028091966157917e+00 +2.3909669593299564e-02 
+1.0153864158770916e+00 +2.4209544343107407e-02 
+1.0309791881448216e+00 +8.8310272591318826e-03 
+1.0369608452008963e+00 +8.8822641581152943e-03 
+1.0018428171952098e+00 +1.0539876245846541e-02 
+1.0030573947120622e+00 +8.5918583973702330e-03 
+1.0018739142554247e+00 +6.9842173095284853e-03 
+1.0156377268704990e+00 +8.6996173681599346e-03 
+1.0310004304267222e+00 +5.8468701131752648e-03 
+1.0018912200019725e+00 +3.7553481691615137e-03 
+1.0369822107287818e+00 +5.8807931760950513e-03 
+1.0029682056277904e+00 +1.5897660741145018e-02 
+1.0155474191779492e+00 +1.6097048985247598e-02 
+1.0030105315899180e+00 +1.2954946429077831e-02 
+1.0155902759917164e+00 +1.3117427190429815e-02 
+1.0030386845785326e+00 +1.0552457355388208e-02 
+1.0156187820747300e+00 +1.0684806131558321e-02 
+1.0310097667488489e+00 +3.8644920353132811e-03 
+1.0369916012194873e+00 +3.8869135025135768e-03 
+1.0018876051182808e+00 +4.6201804367882434e-03 
+1.0030871451621610e+00 +3.7598308068681886e-03 
+1.0018936122336803e+00 +3.0510854233449045e-03 
+1.0156678504503369e+00 +3.8069865535475733e-03 
+1.2499992830017779e+00 +1.3388409320559086e-03 
+1.0310138562342110e+00 +2.5498398514988518e-03 
+1.0018969286947028e+00 +1.6320628156459337e-03 
+1.0369957144317095e+00 +2.5646338140879747e-03 
+1.0030698187583027e+00 +6.9925541439451715e-03 
+1.0156503067389580e+00 +7.0802546626098448e-03 
+1.0030780616936910e+00 +5.6885205544203290e-03 
+1.0156586530571294e+00 +5.7598659015978410e-03 
+1.0030835259634994e+00 +4.6256953968144970e-03 
+1.0156641858597351e+00 +4.6837108053668494e-03 
+1.0310156413566334e+00 +1.6794964056829154e-03 
+1.0369975099112663e+00 +1.6892407066748519e-03 
+1.0018962389523487e+00 +2.0114000225665328e-03 
+1.0030928606691731e+00 +1.6340109562676620e-03 
+1.0018973835731120e+00 +1.3236866188772462e-03 
+1.0156736376411601e+00 +1.6545046993861933e-03 
+1.0310164178927923e+00 +1.1042942189388176e-03 
+1.0018980104102171e+00 +7.0433866942892331e-04 
+1.0369982909528246e+00 +1.1107012438163848e-03 
+1.0030895402493982e+00 +3.0547274053792967e-03 
+1.0156702755767257e+00 +3.0930397548178676e-03 
+1.0030911238928475e+00 +2.4807830728181095e-03 
+1.0156718790822095e+00 +2.5118970202687818e-03 
+1.0030921701034958e+00 +2.0138009657489535e-03 
+1.0156729384144176e+00 +2.0390580299844206e-03 
+1.0310167545106743e+00 +7.2480927348447983e-04 
+1.0369986295237359e+00 +7.2901455769865337e-04 
+1.0018978806204912e+00 +8.6957752981023861e-04 
+1.0030939436758961e+00 +7.0517941572876815e-04 
+1.0018980957051493e+00 +5.7024495440028084e-04 
+1.0156747342309387e+00 +7.1402376633914063e-04 
+1.0310168999164850e+00 +4.7488609973455367e-04 
+1.0018982125285083e+00 +3.0180969603228020e-04 
+1.0369987757731793e+00 +4.7764135010427310e-04 
+1.0030933160905560e+00 +1.3252666608020739e-03 
+1.0156740987744317e+00 +1.3418881371794835e-03 
+1.0030936161745658e+00 +1.0743868498815591e-03 
+1.0156744026220912e+00 +1.0878617950934894e-03 
+1.0030938137312446e+00 +8.7061551639588063e-04 
+1.0156746026565231e+00 +8.8153476432355606e-04 
+1.0310169625032470e+00 +3.1058136661599807e-04 
+1.0369988387230644e+00 +3.1238333434189071e-04 
+1.0018981884486986e+00 +3.7328290715629280e-04 
+1.0030941460354494e+00 +3.0216995650953350e-04 
+1.0018982282967965e+00 +2.4391115804681275e-04 
+1.0156749391284827e+00 +3.0595976798117075e-04 
+1.0310169893459489e+00 +2.0275655995555828e-04 
+1.0018982497600857e+00 +1.2839232658903160e-04 
+1.0369988657215055e+00 +2.0393293695857617e-04 
+1.0030940290726422e+00 +5.7092563736747598e-04 
+1.0156748206987296e+00 +5.7808617892144353e-04 
+1.0030940851437118e+00 +4.6202485895166571e-04 
+1.0156748774730417e+00 +4.6781956842861978e-04 
+1.0030941219268965e+00 +3.7372848289507970e-04 
+1.0156749147175608e+00 +3.7841578042827664e-04 
+1.0310170008169073e+00 +1.3212386738815706e-04 
+1.0369988772590175e+00 +1.3289043927702359e-04 
+1.0018982453563585e+00 +1.5908727970282040e-04 
+1.0030941833114690e+00 +1.2854558435861527e-04 
+1.0018982526333386e+00 +1.0357207786585740e-04 
+1.0156749768720177e+00 +1.3015780132372319e-04 
+1.2499999992314115e+00 +4.3834591182920035e-05 
+1.0310170057010626e+00 +8.5938479319915033e-05 
+1.0018982565197432e+00 +5.4218182656851614e-05 
+1.0369988821715104e+00 +8.6437087358877781e-05 
+1.0030941618225597e+00 +2.4420230691101608e-04 
+1.0156749551135948e+00 +2.4726508891231825e-04 
+1.0030941721511761e+00 +1.9726534650594136e-04 
+1.0156749655717525e+00 +1.9973944579026621e-04 
+1.0030941789024854e+00 +1.5927717704562988e-04 
+1.0156749724077365e+00 +1.6127482922690647e-04 
+1.0310170077730247e+00 +5.5793957206728505e-05 
+1.0369988842554938e+00 +5.6117669190102784e-05 
+1.0018982557260827e+00 +6.7304871962458405e-05 
+1.0030941900791954e+00 +5.4282901148724306e-05 
+1.0018982570356638e+00 +4.3655597813937962e-05 
+1.0156749837246248e+00 +5.4963716554278019e-05 
+1.0310170086487402e+00 +3.6155367283634606e-05 
+1.0018982577290507e+00 +2.2724545257848287e-05 
+1.0369988851362901e+00 +3.6365137772034363e-05 
+1.0030941861881517e+00 +1.0369570850692892e-04 
+1.0156749797847797e+00 +1.0499625866816479e-04 
+1.0030941880633477e+00 +8.3611025482739165e-05 
+1.0156749816834945e+00 +8.4659673823527605e-05 
+1.0030941892845875e+00 +6.7385211612288855e-05 
+1.0156749829200509e+00 +6.8230356016904395e-05 
+1.0310170090174791e+00 +2.3385001922386042e-05 
+1.0369988855071686e+00 +2.3520679793834707e-05 
+1.0018982575881266e+00 +2.8262850066937239e-05 
+1.0030941912899465e+00 +2.2751670812883739e-05 
+1.0018982578203151e+00 +1.8262801884598811e-05 
+1.0156749849505611e+00 +2.3037021957787717e-05 
+1.0310170091721598e+00 +1.5096416736684240e-05 
+1.0018982579421769e+00 +9.4521953055758724e-06 
+1.0369988856627466e+00 +1.5184004913761727e-05 
+1.0030941905957320e+00 +4.3707708089750788e-05 
+1.0156749842476396e+00 +4.4255889568250234e-05 
+1.0030941909311941e+00 +3.5176179043573468e-05 
+1.0156749845873092e+00 +3.5617358201182719e-05 
+1.0030941911488540e+00 +2.8296586517381047e-05 
+1.0156749848076989e+00 +2.8651481919394196e-05 
+1.0310170092367992e+00 +9.7269099506103650e-06 
+1.0369988857277612e+00 +9.7833446878086683e-06 
+1.0018982579175300e+00 +1.1778420816900806e-05 
+1.0030941915033269e+00 +9.4634780855416760e-06 
+1.0018982579580773e+00 +7.5817175687436576e-06 
+1.0156749851666176e+00 +9.5821688985677602e-06 
+1.0030941913813196e+00 +1.8284601600808805e-05 
+1.0156749850430802e+00 +1.8513926824605090e-05 
+1.0310170092637079e+00 +6.2550832004922563e-06 
+1.0018982579791689e+00 +3.9012050567119004e-06 
+1.0369988857548258e+00 +6.2913746824084790e-06 
+1.0030941914404379e+00 +1.4687563643873469e-05 
+1.0156749851029399e+00 +1.4871774866693027e-05 
+1.0030941914786506e+00 +1.1792480337057286e-05 
+1.0156749851416320e+00 +1.1940381464544215e-05 
+1.0310170092748665e+00 +4.0145880463470350e-06 
+1.0369988857660490e+00 +4.0378803583459579e-06 
+1.0018982579749240e+00 +4.8708144832869419e-06 
+1.0030941915403631e+00 +3.9058617990699846e-06 
+1.0018982579818965e+00 +3.1230684375400779e-06 
+1.0156749852041183e+00 +3.9548490644610696e-06 
+1.0030941915192464e+00 +7.5907676199037873e-06 
+1.0156749851827369e+00 +7.6859709238217137e-06 
+1.2499999999993534e+00 +1.2715422754831929e-06 
+1.0310170092794757e+00 +2.5715265311141445e-06 
+1.0018982579854907e+00 +1.5974720641407545e-06 
+1.0369988857706851e+00 +2.5864463180473818e-06 
+1.0030941915295069e+00 +6.0856780921862928e-06 
+1.0156749851931259e+00 +6.1620045837835189e-06 
+1.0030941915361133e+00 +4.8766286170720062e-06 
+1.0156749851998153e+00 +4.9377912266490133e-06 
+1.0310170092813720e+00 +1.6439003230653313e-06 
+1.0369988857725925e+00 +1.6534380984928273e-06 
+1.0018982579847708e+00 +1.9984795755578971e-06 
+1.0030941915466924e+00 +1.5993789149006606e-06 
+1.0018982579859512e+00 +1.2762874508318299e-06 
+1.0156749852105271e+00 +1.6194383034288977e-06 
+1.0030941915430940e+00 +3.1267963433714483e-06 
+1.0156749852068836e+00 +3.1660125804469850e-06 
+1.0310170092821491e+00 +1.0487853712361426e-06 
+1.0018982579865541e+00 +6.4889486267876905e-07 
+1.0369988857733741e+00 +1.0548703383123951e-06 
+1.0030941915448475e+00 +2.5018824166312601e-06 
+1.0156749852086588e+00 +2.5332609917641504e-06 
+1.0030941915459719e+00 +2.0008650960204154e-06 
+1.0156749852097975e+00 +2.0259599187542484e-06 
+1.0310170092824662e+00 +6.6775407115918929e-07 
+1.0369988857736931e+00 +6.7162832574880857e-07 
+1.0018982579864339e+00 +8.1342969606572982e-07 
+1.0030941915477571e+00 +6.4966942749888298e-07 
+1.0018982579866305e+00 +5.1737608207678202e-07 
+1.0156749852116052e+00 +6.5781757259427268e-07 
+1.0030941915471536e+00 +1.2778109139020816e-06 
+1.0156749852109941e+00 +1.2938372009493732e-06 
+1.0310170092825952e+00 +4.2428458972742259e-07 
+1.0018982579867299e+00 +2.6143182302453450e-07 
+1.0369988857738226e+00 +4.2674625426838551e-07 
+1.0030941915474485e+00 +1.0203813366759010e-06 
+1.0156749852112925e+00 +1.0331789454780748e-06 
+1.0030941915476368e+00 +8.1440066079737749e-07 
+1.0156749852114832e+00 +8.2461486277315032e-07 
+1.0310170092826474e+00 +2.6902996802060107e-07 
+1.0369988857738752e+00 +2.7059085792508277e-07 
+1.0018982579867104e+00 +3.2839718457181352e-07 
+1.0030941915479332e+00 +2.6174388574011386e-07 
+1.0018982579867426e+00 +2.0801329718166704e-07 
+1.0156749852117835e+00 +2.6502667398374755e-07 
+1.0030941915478337e+00 +5.1799365718022894e-07 
+1.0156749852116826e+00 +5.2449032656090921e-07 
+1.0310170092826685e+00 +1.7023095535218707e-07 
+1.0018982579867586e+00 +1.0445286394283294e-07 
+1.0369988857738963e+00 +1.7121862145345633e-07 
+1.0030941915478824e+00 +4.1279377904249535e-07 
+1.0156749852117322e+00 +4.1797103298695354e-07 
+1.0030941915479135e+00 +3.2878918167461644e-07 
+1.0156749852117635e+00 +3.3291285110507280e-07 
+1.0310170092826769e+00 +1.0748863822734910e-07 
+1.0369988857739050e+00 +1.0811227852842778e-07 
+1.0018982579867555e+00 +1.3148405713166678e-07 
+1.0030941915479619e+00 +1.0457754594977050e-07 
+1.0018982579867606e+00 +8.2934844799562651e-08 
+1.0156749852118125e+00 +1.0588915610418242e-07 
+1.0030941915479459e+00 +2.0826159592986128e-07 
+1.0156749852117961e+00 +2.1087361002442454e-07 
+1.2499999999999996e+00 +3.2389981038761523e-08 
+1.0018982579867641e+00 +1.0151566413691343e-08 
+1.0858246431869805e+00 +2.8135871683397044e-08 
+1.0310170092826803e+00 +6.7727382436265872e-08 
+1.0018982579867632e+00 +4.1380235589440457e-08 
+1.0369988857739083e+00 +6.8120331178294665e-08 
+1.0030941915479537e+00 +1.6562062604014922e-07 
+1.0156749852118043e+00 +1.6769783767216301e-07 
+1.0030941915479588e+00 +1.3164100540004974e-07 
+1.0156749852118092e+00 +1.3329204509362441e-07 
+1.0018982579867641e+00 +2.9918962797226539e-211 
+1.0310170092826820e+00 +2.6715697105045359e-08 
+1.0018982579867639e+00 +1.6252018619415625e-08 
+1.0369988857739101e+00 +2.6870699397947030e-08 
+1.0310170092826816e+00 +4.2582893423297417e-08 
+1.0369988857739096e+00 +4.2829955893464146e-08 
+1.0018982579867628e+00 +5.2200470446432542e-08 
+1.0030941915479665e+00 +4.1429629838923783e-08 
+1.0018982579867635e+00 +3.2785108057672045e-08 
+1.0156749852118172e+00 +4.1949239691084197e-08 
+1.0030941915479639e+00 +8.3033841442683168e-08 
+1.0156749852118145e+00 +8.4075250749116518e-08 
+1.0018982579867641e+00 +2.3601900075493903e-241 
+1.0310170092826825e+00 +0.0000000000000000e+00 
+1.0369988857739105e+00 +0.0000000000000000e+00 
+1.0310170092826823e+00 +1.6724360480939901e-08 
+1.0369988857739103e+00 +1.6821393854677703e-08 
+1.0018982579867641e+00 +1.8618616258489987e-271 
+1.0030941915479674e+00 +0.0000000000000000e+00 
+1.0156749852118181e+00 +0.0000000000000000e+00 
+1.0030941915479652e+00 +6.5893135922008141e-08 
+1.0156749852118159e+00 +6.6719566733674560e-08 
+1.0030941915479661e+00 +5.2262780460468239e-08 
+1.0156749852118168e+00 +5.2918259539913026e-08 
+1.0018982579867639e+00 +2.0546360481198587e-08 
+1.0030941915479672e+00 +1.6271418128646545e-08 
+1.0018982579867639e+00 +1.2848144310757327e-08 
+1.0156749852118179e+00 +1.6475494032803500e-08 
+1.0030941915479670e+00 +2.5992161475464386e-08 
+1.0156749852118176e+00 +2.6318154810044141e-08 
+1.0030941915479672e+00 +1.2863480725266414e-08 
+1.0156749852118179e+00 +1.3024814325009185e-08 
+1.0030941915479668e+00 +3.2824242581283892e-08 
+1.0156749852118174e+00 +3.3235923783873690e-08 
