Dim = 1
+5.0000000000000000e-01 +6.2500000000000000e+00 
+5.0000000000000000e-01 +2.2500000000000000e+00 
-5.0000000000000000e-01 +1.2250000000000000e+01 
+5.0000000000000000e-01 +2.5000000000000000e-01 
-5.0000000000000000e-01 +2.0250000000000000e+01 
+0.0000000000000000e+00 +9.0000000000000000e+00 
-1.0000000000000000e+00 +1.6000000000000000e+01 
+1.0000000000000000e+00 +0.0000000000000000e+00 
+0.0000000000000000e+00 +1.0000000000000000e+00 
-2.5000000000000000e-01 +1.0562500000000000e+01 
-7.5000000000000000e-01 +1.4062500000000000e+01 
+2.5000000000000000e-01 +5.6250000000000000e-01 
+2.5000000000000000e-01 +1.5625000000000000e+00 
-1.2500000000000000e-01 +9.7656250000000000e+00 
-3.7500000000000000e-01 +1.1390625000000000e+01 
+1.2500000000000000e-01 +7.6562500000000000e-01 
+1.2500000000000000e-01 +1.2656250000000000e+00 
-6.2500000000000000e-02 +9.3789062500000000e+00 
-1.8750000000000000e-01 +1.0160156250000000e+01 
+6.2500000000000000e-02 +8.7890625000000000e-01 
+6.2500000000000000e-02 +1.1289062500000000e+00 
-3.1250000000000000e-02 +9.1884765625000000e+00 
-9.3750000000000000e-02 +9.5712890625000000e+00 
+3.1250000000000000e-02 +9.3847656250000000e-01 
+3.1250000000000000e-02 +1.0634765625000000e+00 
-1.5625000000000000e-02 +9.0939941406250000e+00 
-4.6875000000000000e-02 +9.2834472656250000e+00 
+1.5625000000000000e-02 +9.6899414062500000e-01 
+1.5625000000000000e-02 +1.0314941406250000e+00 
-7.8125000000000000e-03 +9.0469360351562500e+00 
-2.3437500000000000e-02 +9.1411743164062500e+00 
+7.8125000000000000e-03 +9.8443603515625000e-01 
+7.8125000000000000e-03 +1.0156860351562500e+00 
-3.9062500000000000e-03 +9.0234527587890625e+00 
-1.1718750000000000e-02 +9.0704498291015625e+00 
+3.9062500000000000e-03 +9.9220275878906250e-01 
+3.9062500000000000e-03 +1.0078277587890625e+00 
-1.9531250000000000e-03 +9.0117225646972656e+00 
-5.8593750000000000e-03 +9.0351905822753906e+00 
+1.9531250000000000e-03 +9.9609756469726562e-01 
+1.9531250000000000e-03 +1.0039100646972656e+00 
+5.8593750000000000e-03 +9.8831558227539062e-01 
-9.7656250000000000e-03 +9.0586891174316406e+00 
+1.1718750000000000e-02 +9.7669982910156250e-01 
+9.7656250000000000e-03 +9.8056411743164062e-01 
-1.3671875000000000e-02 +9.0822181701660156e+00 
-1.9531250000000000e-02 +9.1175689697265625e+00 
+1.3671875000000000e-02 +9.7284317016601562e-01 
-1.7578125000000000e-02 +9.1057777404785156e+00 
+2.3437500000000000e-02 +9.5367431640625000e-01 
+1.9531250000000000e-02 +9.6131896972656250e-01 
+1.7578125000000000e-02 +9.6515274047851562e-01 
-2.1484375000000000e-02 +9.1293678283691406e+00 
-2.7343750000000000e-02 +9.1648101806640625e+00 
+2.1484375000000000e-02 +9.5749282836914062e-01 
-2.5390625000000000e-02 +9.1529884338378906e+00 
+2.7343750000000000e-02 +9.4606018066406250e-01 
+2.5390625000000000e-02 +9.4986343383789062e-01 
-2.9296875000000000e-02 +9.1766395568847656e+00 
-3.9062500000000000e-02 +9.2359008789062500e+00 
-3.5156250000000000e-02 +9.2121734619140625e+00 
+2.9296875000000000e-02 +9.4226455688476562e-01 
-3.3203125000000000e-02 +9.2003211975097656e+00 
+4.6875000000000000e-02 +9.0844726562500000e-01 
+3.9062500000000000e-02 +9.2340087890625000e-01 
+3.5156250000000000e-02 +9.3092346191406250e-01 
+3.3203125000000000e-02 +9.3469619750976562e-01 
-3.7109375000000000e-02 +9.2240333557128906e+00 
-4.2968750000000000e-02 +9.2596588134765625e+00 
+3.7109375000000000e-02 +9.2715835571289062e-01 
-4.1015625000000000e-02 +9.2477760314941406e+00 
+4.2968750000000000e-02 +9.1590881347656250e-01 
+4.1015625000000000e-02 +9.1965103149414062e-01 
-4.4921875000000000e-02 +9.2715492248535156e+00 
-5.4687500000000000e-02 +9.3311157226562500e+00 
-5.0781250000000000e-02 +9.3072662353515625e+00 
+4.4921875000000000e-02 +9.1217422485351562e-01 
-4.8828125000000000e-02 +9.2953529357910156e+00 
+5.4687500000000000e-02 +8.9361572265625000e-01 
+5.0781250000000000e-02 +9.0101623535156250e-01 
+4.8828125000000000e-02 +9.0472793579101562e-01 
-5.2734375000000000e-02 +9.3191871643066406e+00 
-5.8593750000000000e-02 +9.3549957275390625e+00 
+5.2734375000000000e-02 +8.9731216430664062e-01 
-5.6640625000000000e-02 +9.3430519104003906e+00 
+5.8593750000000000e-02 +8.8624572753906250e-01 
+5.6640625000000000e-02 +8.8992691040039062e-01 
-6.0546875000000000e-02 +9.3669471740722656e+00 
-7.8125000000000000e-02 +9.4748535156250000e+00 
-7.0312500000000000e-02 +9.4268188476562500e+00 
-6.6406250000000000e-02 +9.4028472900390625e+00 
+6.0546875000000000e-02 +8.8257217407226562e-01 
-6.4453125000000000e-02 +9.3908729553222656e+00 
+9.3750000000000000e-02 +8.2128906250000000e-01 
+7.8125000000000000e-02 +8.4985351562500000e-01 
+7.0312500000000000e-02 +8.6431884765625000e-01 
+6.6406250000000000e-02 +8.7159729003906250e-01 
+6.4453125000000000e-02 +8.7524795532226562e-01 
-6.8359375000000000e-02 +9.4148292541503906e+00 
-7.4218750000000000e-02 +9.4508209228515625e+00 
+6.8359375000000000e-02 +8.6795425415039062e-01 
-7.2265625000000000e-02 +9.4388160705566406e+00 
+7.4218750000000000e-02 +8.5707092285156250e-01 
+7.2265625000000000e-02 +8.6069107055664062e-01 
-7.6171875000000000e-02 +9.4628334045410156e+00 
-8.5937500000000000e-02 +9.5230102539062500e+00 
-8.2031250000000000e-02 +9.4989166259765625e+00 
+7.6171875000000000e-02 +8.5345840454101562e-01 
-8.0078125000000000e-02 +9.4868812561035156e+00 
+8.5937500000000000e-02 +8.3551025390625000e-01 
+8.2031250000000000e-02 +8.4266662597656250e-01 
+8.0078125000000000e-02 +8.4625625610351562e-01 
-8.3984375000000000e-02 +9.5109596252441406e+00 
-8.9843750000000000e-02 +9.5471343994140625e+00 
+8.3984375000000000e-02 +8.3908462524414062e-01 
-8.7890625000000000e-02 +9.5350685119628906e+00 
+8.9843750000000000e-02 +8.2838439941406250e-01 
+8.7890625000000000e-02 +8.3194351196289062e-01 
-9.1796875000000000e-02 +9.5592079162597656e+00 
-1.0937500000000000e-01 +9.6682128906250000e+00 
-1.0156250000000000e-01 +9.6196899414062500e+00 
-9.7656250000000000e-02 +9.5954742431640625e+00 
+9.1796875000000000e-02 +8.2483291625976562e-01 
-9.5703125000000000e-02 +9.5833778381347656e+00 
+1.0937500000000000e-01 +7.9321289062500000e-01 
+1.0156250000000000e-01 +8.0718994140625000e-01 
+9.7656250000000000e-02 +8.1422424316406250e-01 
+9.5703125000000000e-02 +8.1775283813476562e-01 
-9.9609375000000000e-02 +9.6075782775878906e+00 
-1.0546875000000000e-01 +9.6439361572265625e+00 
+9.9609375000000000e-02 +8.1070327758789062e-01 
-1.0351562500000000e-01 +9.6318092346191406e+00 
+1.0546875000000000e-01 +8.0018615722656250e-01 
+1.0351562500000000e-01 +8.0368423461914062e-01 
-1.0742187500000000e-01 +9.6560707092285156e+00 
-1.1718750000000000e-01 +9.7168579101562500e+00 
-1.1328125000000000e-01 +9.6925201416015625e+00 
+1.0742187500000000e-01 +7.9669570922851562e-01 
-1.1132812500000000e-01 +9.6803627014160156e+00 
+1.1718750000000000e-01 +7.7935791015625000e-01 
+1.1328125000000000e-01 +7.8627014160156250e-01 
+1.1132812500000000e-01 +7.8973770141601562e-01 
-1.1523437500000000e-01 +9.7046852111816406e+00 
-1.2109375000000000e-01 +9.7412261962890625e+00 
+1.1523437500000000e-01 +7.8281021118164062e-01 
-1.1914062500000000e-01 +9.7290382385253906e+00 
+1.2109375000000000e-01 +7.7247619628906250e-01 
+1.1914062500000000e-01 +7.7591323852539062e-01 
-1.2304687500000000e-01 +9.7534217834472656e+00 
-1.5625000000000000e-01 +9.9619140625000000e+00 
-1.4062500000000000e-01 +9.8635253906250000e+00 
-1.3281250000000000e-01 +9.8145141601562500e+00 
-1.2890625000000000e-01 +9.7900543212890625e+00 
+1.2304687500000000e-01 +7.6904678344726562e-01 
-1.2695312500000000e-01 +9.7778358459472656e+00 
+1.8750000000000000e-01 +6.6015625000000000e-01 
+1.5625000000000000e-01 +7.1191406250000000e-01 
+1.4062500000000000e-01 +7.3852539062500000e-01 
+1.3281250000000000e-01 +7.5201416015625000e-01 
+1.2890625000000000e-01 +7.5880432128906250e-01 
+1.2695312500000000e-01 +7.6221084594726562e-01 
-1.3085937500000000e-01 +9.8022804260253906e+00 
-1.3671875000000000e-01 +9.8390045166015625e+00 
+1.3085937500000000e-01 +7.5540542602539062e-01 
-1.3476562500000000e-01 +9.8267555236816406e+00 
+1.3671875000000000e-01 +7.4525451660156250e-01 
+1.3476562500000000e-01 +7.4863052368164062e-01 
-1.3867187500000000e-01 +9.8512611389160156e+00 
-1.4843750000000000e-01 +9.9126586914062500e+00 
-1.4453125000000000e-01 +9.8880767822265625e+00 
+1.3867187500000000e-01 +7.4188613891601562e-01 
-1.4257812500000000e-01 +9.8757972717285156e+00 
+1.4843750000000000e-01 +7.2515869140625000e-01 
+1.4453125000000000e-01 +7.3182678222656250e-01 
+1.4257812500000000e-01 +7.3517227172851562e-01 
-1.4648437500000000e-01 +9.9003639221191406e+00 
-1.5234375000000000e-01 +9.9372711181640625e+00 
+1.4648437500000000e-01 +7.2848892211914062e-01 
-1.5039062500000000e-01 +9.9249610900878906e+00 
+1.5234375000000000e-01 +7.1852111816406250e-01 
+1.5039062500000000e-01 +7.2183609008789062e-01 
-1.5429687500000000e-01 +9.9495887756347656e+00 
-1.7187500000000000e-01 +1.0060791015625000e+01 
-1.6406250000000000e-01 +1.0011291503906250e+01 
-1.6015625000000000e-01 +9.9865875244140625e+00 
+1.5429687500000000e-01 +7.1521377563476562e-01 
-1.5820312500000000e-01 +9.9742469787597656e+00 
+1.7187500000000000e-01 +6.8579101562500000e-01 
+1.6406250000000000e-01 +6.9879150390625000e-01 
+1.6015625000000000e-01 +7.0533752441406250e-01 
+1.5820312500000000e-01 +7.0862197875976562e-01 
-1.6210937500000000e-01 +9.9989356994628906e+00 
-1.6796875000000000e-01 +1.0036026000976562e+01 
+1.6210937500000000e-01 +7.0206069946289062e-01 
-1.6601562500000000e-01 +1.0023654937744141e+01 
+1.6796875000000000e-01 +6.9227600097656250e-01 
+1.6601562500000000e-01 +6.9552993774414062e-01 
-1.6992187500000000e-01 +1.0048404693603516e+01 
-1.7968750000000000e-01 +1.0110412597656250e+01 
-1.7578125000000000e-01 +1.0085586547851562e+01 
+1.6992187500000000e-01 +6.8902969360351562e-01 
-1.7382812500000000e-01 +1.0073184967041016e+01 
+1.7968750000000000e-01 +6.7291259765625000e-01 
+1.7578125000000000e-01 +6.7933654785156250e-01 
+1.7382812500000000e-01 +6.8255996704101562e-01 
-1.7773437500000000e-01 +1.0097995758056641e+01 
-1.8359375000000000e-01 +1.0135269165039062e+01 
+1.7773437500000000e-01 +6.7612075805664062e-01 
-1.8164062500000000e-01 +1.0122837066650391e+01 
+1.8359375000000000e-01 +6.6651916503906250e-01 
+1.8164062500000000e-01 +6.6971206665039062e-01 
-1.8554687500000000e-01 +1.0147708892822266e+01 
-2.1875000000000000e-01 +1.0360351562500000e+01 
-2.0312500000000000e-01 +1.0260009765625000e+01 
-1.9531250000000000e-01 +1.0210021972656250e+01 
-1.9140625000000000e-01 +1.0185073852539062e+01 
+1.8554687500000000e-01 +6.6333389282226562e-01 
-1.8945312500000000e-01 +1.0172611236572266e+01 
+2.1875000000000000e-01 +6.1035156250000000e-01 
+2.0312500000000000e-01 +6.3500976562500000e-01 
+1.9531250000000000e-01 +6.4752197265625000e-01 
+1.9140625000000000e-01 +6.5382385253906250e-01 
+1.8945312500000000e-01 +6.5698623657226562e-01 
-1.9335937500000000e-01 +1.0197544097900391e+01 
-1.9921875000000000e-01 +1.0235000610351562e+01 
+1.9335937500000000e-01 +6.5066909790039062e-01 
-1.9726562500000000e-01 +1.0222507476806641e+01 
+1.9921875000000000e-01 +6.4125061035156250e-01 
+1.9726562500000000e-01 +6.4438247680664062e-01 
-2.0117187500000000e-01 +1.0247501373291016e+01 
-2.1093750000000000e-01 +1.0310119628906250e+01 
-2.0703125000000000e-01 +1.0285049438476562e+01 
+2.0117187500000000e-01 +6.3812637329101562e-01 
-2.0507812500000000e-01 +1.0272525787353516e+01 
+2.1093750000000000e-01 +6.2261962890625000e-01 
+2.0703125000000000e-01 +6.2879943847656250e-01 
+2.0507812500000000e-01 +6.3190078735351562e-01 
-2.0898437500000000e-01 +1.0297580718994141e+01 
-2.1484375000000000e-01 +1.0335220336914062e+01 
+2.0898437500000000e-01 +6.2570571899414062e-01 
-2.1289062500000000e-01 +1.0322666168212891e+01 
+2.1484375000000000e-01 +6.1647033691406250e-01 
+2.1289062500000000e-01 +6.1954116821289062e-01 
-2.1679687500000000e-01 +1.0347782135009766e+01 
-2.3437500000000000e-01 +1.0461181640625000e+01 
-2.2656250000000000e-01 +1.0410705566406250e+01 
-2.2265625000000000e-01 +1.0385513305664062e+01 
+2.1679687500000000e-01 +6.1340713500976562e-01 
-2.2070312500000000e-01 +1.0372928619384766e+01 
+2.3437500000000000e-01 +5.8618164062500000e-01 
+2.2656250000000000e-01 +5.9820556640625000e-01 
+2.2265625000000000e-01 +6.0426330566406250e-01 
+2.2070312500000000e-01 +6.0730361938476562e-01 
-2.2460937500000000e-01 +1.0398105621337891e+01 
-2.3046875000000000e-01 +1.0435928344726562e+01 
+2.2460937500000000e-01 +6.0123062133789062e-01 
-2.2851562500000000e-01 +1.0423313140869141e+01 
+2.3046875000000000e-01 +5.9217834472656250e-01 
+2.2851562500000000e-01 +5.9518814086914062e-01 
-2.3242187500000000e-01 +1.0448551177978516e+01 
-2.4218750000000000e-01 +1.0511779785156250e+01 
-2.3828125000000000e-01 +1.0486465454101562e+01 
+2.3242187500000000e-01 +5.8917617797851562e-01 
-2.3632812500000000e-01 +1.0473819732666016e+01 
+2.4218750000000000e-01 +5.7427978515625000e-01 
+2.3828125000000000e-01 +5.8021545410156250e-01 
+2.3632812500000000e-01 +5.8319473266601562e-01 
-2.4023437500000000e-01 +1.0499118804931641e+01 
-2.4609375000000000e-01 +1.0537124633789062e+01 
+2.4023437500000000e-01 +5.7724380493164062e-01 
-2.4414062500000000e-01 +1.0524448394775391e+01 
+2.4609375000000000e-01 +5.6837463378906250e-01 
+2.4414062500000000e-01 +5.7132339477539062e-01 
-2.4804687500000000e-01 +1.0549808502197266e+01 
-3.1250000000000000e-01 +1.0972656250000000e+01 
-2.8125000000000000e-01 +1.0766601562500000e+01 
-2.6562500000000000e-01 +1.0664306640625000e+01 
-2.5781250000000000e-01 +1.0613342285156250e+01 
-2.5390625000000000e-01 +1.0587905883789062e+01 
+2.4804687500000000e-01 +5.6543350219726562e-01 
-2.5195312500000000e-01 +1.0575199127197266e+01 
+3.7500000000000000e-01 +3.9062500000000000e-01 
+3.1250000000000000e-01 +4.7265625000000000e-01 
+2.8125000000000000e-01 +5.1660156250000000e-01 
+2.6562500000000000e-01 +5.3930664062500000e-01 
+2.5781250000000000e-01 +5.5084228515625000e-01 
+2.5390625000000000e-01 +5.5665588378906250e-01 
+2.5195312500000000e-01 +5.5957412719726562e-01 
-2.5585937500000000e-01 +1.0600620269775391e+01 
-2.6171875000000000e-01 +1.0638809204101562e+01 
+2.5585937500000000e-01 +5.5374526977539062e-01 
-2.5976562500000000e-01 +1.0626071929931641e+01 
+2.6171875000000000e-01 +5.4505920410156250e-01 
+2.5976562500000000e-01 +5.4794692993164062e-01 
-2.6367187500000000e-01 +1.0651554107666016e+01 
-2.7343750000000000e-01 +1.0715393066406250e+01 
-2.6953125000000000e-01 +1.0689834594726562e+01 
+2.6367187500000000e-01 +5.4217910766601562e-01 
-2.6757812500000000e-01 +1.0677066802978516e+01 
+2.7343750000000000e-01 +5.2789306640625000e-01 
+2.6953125000000000e-01 +5.3358459472656250e-01 
+2.6757812500000000e-01 +5.3644180297851562e-01 
-2.7148437500000000e-01 +1.0702610015869141e+01 
-2.7734375000000000e-01 +1.0740982055664062e+01 
+2.7148437500000000e-01 +5.3073501586914062e-01 
-2.7539062500000000e-01 +1.0728183746337891e+01 
+2.7734375000000000e-01 +5.2223205566406250e-01 
+2.7539062500000000e-01 +5.2505874633789062e-01 
-2.7929687500000000e-01 +1.0753787994384766e+01 
-2.9687500000000000e-01 +1.0869384765625000e+01 
-2.8906250000000000e-01 +1.0817932128906250e+01 
-2.8515625000000000e-01 +1.0792251586914062e+01 
+2.7929687500000000e-01 +5.1941299438476562e-01 
-2.8320312500000000e-01 +1.0779422760009766e+01 
+2.9687500000000000e-01 +4.9438476562500000e-01 
+2.8906250000000000e-01 +5.0543212890625000e-01 
+2.8515625000000000e-01 +5.1100158691406250e-01 
+2.8320312500000000e-01 +5.1379776000976562e-01 
-2.8710937500000000e-01 +1.0805088043212891e+01 
-2.9296875000000000e-01 +1.0843643188476562e+01 
+2.8710937500000000e-01 +5.0821304321289062e-01 
-2.9101562500000000e-01 +1.0830783843994141e+01 
+2.9296875000000000e-01 +4.9989318847656250e-01 
+2.9101562500000000e-01 +5.0265884399414062e-01 
-2.9492187500000000e-01 +1.0856510162353516e+01 
-3.0468750000000000e-01 +1.0920959472656250e+01 
-3.0078125000000000e-01 +1.0895156860351562e+01 
+2.9492187500000000e-01 +4.9713516235351562e-01 
-2.9882812500000000e-01 +1.0882266998291016e+01 
+3.0468750000000000e-01 +4.8345947265625000e-01 
+3.0078125000000000e-01 +4.8890686035156250e-01 
+2.9882812500000000e-01 +4.9164199829101562e-01 
-3.0273437500000000e-01 +1.0908054351806641e+01 
-3.0859375000000000e-01 +1.0946792602539062e+01 
+3.0273437500000000e-01 +4.8617935180664062e-01 
-3.0664062500000000e-01 +1.0933872222900391e+01 
+3.0859375000000000e-01 +4.7804260253906250e-01 
+3.0664062500000000e-01 +4.8074722290039062e-01 
-3.1054687500000000e-01 +1.0959720611572266e+01 
-3.4375000000000000e-01 +1.1180664062500000e+01 
-3.2812500000000000e-01 +1.1076416015625000e+01 
-3.2031250000000000e-01 +1.1024475097656250e+01 
-3.1640625000000000e-01 +1.0998550415039062e+01 
+3.1054687500000000e-01 +4.7534561157226562e-01 
-3.1445312500000000e-01 +1.0985599517822266e+01 
+3.4375000000000000e-01 +4.3066406250000000e-01 
+3.2812500000000000e-01 +4.5141601562500000e-01 
+3.2031250000000000e-01 +4.6197509765625000e-01 
+3.1640625000000000e-01 +4.6730041503906250e-01 
+3.1445312500000000e-01 +4.6997451782226562e-01 
-3.1835937500000000e-01 +1.1011508941650391e+01 
-3.2421875000000000e-01 +1.1050430297851562e+01 
+3.1835937500000000e-01 +4.6463394165039062e-01 
-3.2226562500000000e-01 +1.1037448883056641e+01 
+3.2421875000000000e-01 +4.5668029785156250e-01 
+3.2226562500000000e-01 +4.5932388305664062e-01 
-3.2617187500000000e-01 +1.1063419342041016e+01 
-3.3593750000000000e-01 +1.1128479003906250e+01 
-3.3203125000000000e-01 +1.1102432250976562e+01 
+3.2617187500000000e-01 +4.5404434204101562e-01 
-3.3007812500000000e-01 +1.1089420318603516e+01 
+3.3593750000000000e-01 +4.4097900390625000e-01 
+3.3203125000000000e-01 +4.4618225097656250e-01 
+3.3007812500000000e-01 +4.4879531860351562e-01 
-3.3398437500000000e-01 +1.1115451812744141e+01 
-3.3984375000000000e-01 +1.1154556274414062e+01 
+3.3398437500000000e-01 +4.4357681274414062e-01 
-3.3789062500000000e-01 +1.1141513824462891e+01 
+3.3984375000000000e-01 +4.3580627441406250e-01 
+3.3789062500000000e-01 +4.3838882446289062e-01 
-3.4179687500000000e-01 +1.1167606353759766e+01 
-3.5937500000000000e-01 +1.1285400390625000e+01 
-3.5156250000000000e-01 +1.1232971191406250e+01 
-3.4765625000000000e-01 +1.1206802368164062e+01 
+3.4179687500000000e-01 +4.3323135375976562e-01 
-3.4570312500000000e-01 +1.1193729400634766e+01 
+3.5937500000000000e-01 +4.1040039062500000e-01 
+3.5156250000000000e-01 +4.2047119140625000e-01 
+3.4765625000000000e-01 +4.2555236816406250e-01 
+3.4570312500000000e-01 +4.2810440063476562e-01 
-3.4960937500000000e-01 +1.1219882965087891e+01 
-3.5546875000000000e-01 +1.1259170532226562e+01 
+3.4960937500000000e-01 +4.2300796508789062e-01 
-3.5351562500000000e-01 +1.1246067047119141e+01 
+3.5546875000000000e-01 +4.1542053222656250e-01 
+3.5351562500000000e-01 +4.1794204711914062e-01 
-3.5742187500000000e-01 +1.1272281646728516e+01 
-3.6718750000000000e-01 +1.1337951660156250e+01 
-3.6328125000000000e-01 +1.1311660766601562e+01 
+3.5742187500000000e-01 +4.1290664672851562e-01 
-3.6132812500000000e-01 +1.1298526763916016e+01 
+3.6718750000000000e-01 +4.0045166015625000e-01 
+3.6328125000000000e-01 +4.0541076660156250e-01 
+3.6132812500000000e-01 +4.0790176391601562e-01 
-3.6523437500000000e-01 +1.1324802398681641e+01 
-3.7109375000000000e-01 +1.1364273071289062e+01 
+3.6523437500000000e-01 +4.0292739868164062e-01 
-3.6914062500000000e-01 +1.1351108551025391e+01 
+3.7109375000000000e-01 +3.9552307128906250e-01 
+3.6914062500000000e-01 +3.9798355102539062e-01 
-3.7304687500000000e-01 +1.1377445220947266e+01 
-4.3750000000000000e-01 +1.1816406250000000e+01 
-4.0625000000000000e-01 +1.1602539062500000e+01 
-3.9062500000000000e-01 +1.1496337890625000e+01 
-3.8281250000000000e-01 +1.1443420410156250e+01 
-3.7890625000000000e-01 +1.1417007446289062e+01 
+3.7304687500000000e-01 +3.9307022094726562e-01 
-3.7695312500000000e-01 +1.1403812408447266e+01 
+4.3750000000000000e-01 +3.1640625000000000e-01 
+4.0625000000000000e-01 +3.5253906250000000e-01 
+3.9062500000000000e-01 +3.7133789062500000e-01 
+3.8281250000000000e-01 +3.8092041015625000e-01 
+3.7890625000000000e-01 +3.8575744628906250e-01 
+3.7695312500000000e-01 +3.8818740844726562e-01 
-3.8085937500000000e-01 +1.1430210113525391e+01 
-3.8671875000000000e-01 +1.1469863891601562e+01 
+3.8085937500000000e-01 +3.8333511352539062e-01 
-3.8476562500000000e-01 +1.1456638336181641e+01 
+3.8671875000000000e-01 +3.7611389160156250e-01 
+3.8476562500000000e-01 +3.7851333618164062e-01 
-3.8867187500000000e-01 +1.1483097076416016e+01 
-3.9843750000000000e-01 +1.1549377441406250e+01 
-3.9453125000000000e-01 +1.1522842407226562e+01 
+3.8867187500000000e-01 +3.7372207641601562e-01 
-3.9257812500000000e-01 +1.1509586334228516e+01 
+3.9843750000000000e-01 +3.6187744140625000e-01 
+3.9453125000000000e-01 +3.6659240722656250e-01 
+3.9257812500000000e-01 +3.6896133422851562e-01 
-3.9648437500000000e-01 +1.1536106109619141e+01 
-4.0234375000000000e-01 +1.1575942993164062e+01 
+3.9648437500000000e-01 +3.6423110961914062e-01 
-4.0039062500000000e-01 +1.1562656402587891e+01 
+4.0234375000000000e-01 +3.5719299316406250e-01 
+4.0039062500000000e-01 +3.5953140258789062e-01 
-4.0429687500000000e-01 +1.1589237213134766e+01 
-4.2187500000000000e-01 +1.1709228515625000e+01 
-4.1406250000000000e-01 +1.1655822753906250e+01 
-4.1015625000000000e-01 +1.1629165649414062e+01 
+4.0429687500000000e-01 +3.5486221313476562e-01 
-4.0820312500000000e-01 +1.1615848541259766e+01 
+4.2187500000000000e-01 +3.3422851562500000e-01 
+4.1406250000000000e-01 +3.4332275390625000e-01 
+4.1015625000000000e-01 +3.4791564941406250e-01 
+4.0820312500000000e-01 +3.5022354125976562e-01 
-4.1210937500000000e-01 +1.1642490386962891e+01 
-4.1796875000000000e-01 +1.1682510375976562e+01 
+4.1210937500000000e-01 +3.4561538696289062e-01 
-4.1601562500000000e-01 +1.1669162750244141e+01 
+4.1796875000000000e-01 +3.3876037597656250e-01 
+4.1601562500000000e-01 +3.4103775024414062e-01 
-4.1992187500000000e-01 +1.1695865631103516e+01 
-4.2968750000000000e-01 +1.1762756347656250e+01 
-4.2578125000000000e-01 +1.1735977172851562e+01 
+4.1992187500000000e-01 +3.3649063110351562e-01 
-4.2382812500000000e-01 +1.1722599029541016e+01 
+4.2968750000000000e-01 +3.2525634765625000e-01 
+4.2578125000000000e-01 +3.2972717285156250e-01 
+4.2382812500000000e-01 +3.3197402954101562e-01 
-4.2773437500000000e-01 +1.1749362945556641e+01 
-4.3359375000000000e-01 +1.1789566040039062e+01 
+4.2773437500000000e-01 +3.2748794555664062e-01 
-4.3164062500000000e-01 +1.1776157379150391e+01 
+4.3359375000000000e-01 +3.2081604003906250e-01 
+4.3164062500000000e-01 +3.2303237915039062e-01 
-4.3554687500000000e-01 +1.1802982330322266e+01 
-4.6875000000000000e-01 +1.2032226562500000e+01 
-4.5312500000000000e-01 +1.1924072265625000e+01 
-4.4531250000000000e-01 +1.1870178222656250e+01 
-4.4140625000000000e-01 +1.1843276977539062e+01 
+4.3554687500000000e-01 +3.1860733032226562e-01 
-4.3945312500000000e-01 +1.1829837799072266e+01 
+4.6875000000000000e-01 +2.8222656250000000e-01 
+4.5312500000000000e-01 +2.9907226562500000e-01 
+4.4531250000000000e-01 +3.0767822265625000e-01 
+4.4140625000000000e-01 +3.1202697753906250e-01 
+4.3945312500000000e-01 +3.1421279907226562e-01 
-4.4335937500000000e-01 +1.1856723785400391e+01 
-4.4921875000000000e-01 +1.1897109985351562e+01 
+4.4335937500000000e-01 +3.0984878540039062e-01 
-4.4726562500000000e-01 +1.1883640289306641e+01 
+4.4921875000000000e-01 +3.0335998535156250e-01 
+4.4726562500000000e-01 +3.0551528930664062e-01 
-4.5117187500000000e-01 +1.1910587310791016e+01 
-4.6093750000000000e-01 +1.1978088378906250e+01 
-4.5703125000000000e-01 +1.1951065063476562e+01 
+4.5117187500000000e-01 +3.0121231079101562e-01 
-4.5507812500000000e-01 +1.1937564849853516e+01 
+4.6093750000000000e-01 +2.9058837890625000e-01 
+4.5703125000000000e-01 +2.9481506347656250e-01 
+4.5507812500000000e-01 +2.9693984985351562e-01 
-4.5898437500000000e-01 +1.1964572906494141e+01 
-4.6484375000000000e-01 +1.2005142211914062e+01 
+4.5898437500000000e-01 +2.9269790649414062e-01 
-4.6289062500000000e-01 +1.1991611480712891e+01 
+4.6484375000000000e-01 +2.8639221191406250e-01 
+4.6289062500000000e-01 +2.8848648071289062e-01 
-4.6679687500000000e-01 +1.2018680572509766e+01 
-4.8437500000000000e-01 +1.2140869140625000e+01 
-4.7656250000000000e-01 +1.2086486816406250e+01 
-4.7265625000000000e-01 +1.2059341430664062e+01 
+4.6679687500000000e-01 +2.8430557250976562e-01 
-4.7070312500000000e-01 +1.2045780181884766e+01 
+4.8437500000000000e-01 +2.6586914062500000e-01 
+4.7656250000000000e-01 +2.7398681640625000e-01 
+4.7265625000000000e-01 +2.7809143066406250e-01 
+4.7070312500000000e-01 +2.8015518188476562e-01 
-4.7460937500000000e-01 +1.2072910308837891e+01 
-4.8046875000000000e-01 +1.2113662719726562e+01 
+4.7460937500000000e-01 +2.7603530883789062e-01 
-4.7851562500000000e-01 +1.2100070953369141e+01 
+4.8046875000000000e-01 +2.6991271972656250e-01 
+4.7851562500000000e-01 +2.7194595336914062e-01 
-4.8242187500000000e-01 +1.2127262115478516e+01 
-4.9218750000000000e-01 +1.2195373535156250e+01 
-4.8828125000000000e-01 +1.2168106079101562e+01 
+4.8242187500000000e-01 +2.6788711547851562e-01 
-4.8632812500000000e-01 +1.2154483795166016e+01 
+4.9218750000000000e-01 +2.5787353515625000e-01 
+4.8828125000000000e-01 +2.6185607910156250e-01 
+4.8632812500000000e-01 +2.6385879516601562e-01 
-4.9023437500000000e-01 +1.2181735992431641e+01 
-4.9609375000000000e-01 +1.2222671508789062e+01 
+4.9023437500000000e-01 +2.5986099243164062e-01 
-4.9414062500000000e-01 +1.2209018707275391e+01 
+4.9609375000000000e-01 +2.5392150878906250e-01 
+4.9414062500000000e-01 +2.5589370727539062e-01 
-4.9804687500000000e-01 +1.2236331939697266e+01 
-6.2500000000000000e-01 +1.3140625000000000e+01 
-5.6250000000000000e-01 +1.2691406250000000e+01 
-5.3125000000000000e-01 +1.2469726562500000e+01 
-5.1562500000000000e-01 +1.2359619140625000e+01 
-5.0781250000000000e-01 +1.2304748535156250e+01 
-5.0390625000000000e-01 +1.2277359008789062e+01 
+4.9804687500000000e-01 +2.5195693969726562e-01 
-5.0195312500000000e-01 +1.2263675689697266e+01 
+7.5000000000000000e-01 +6.2500000000000000e-02 
+6.2500000000000000e-01 +1.4062500000000000e-01 
+5.6250000000000000e-01 +1.9140625000000000e-01 
+5.3125000000000000e-01 +2.1972656250000000e-01 
+5.1562500000000000e-01 +2.3461914062500000e-01 
+5.0781250000000000e-01 +2.4224853515625000e-01 
+5.0390625000000000e-01 +2.4610900878906250e-01 
+5.0195312500000000e-01 +2.4805068969726562e-01 
-5.0585937500000000e-01 +1.2291049957275391e+01 
-5.1171875000000000e-01 +1.2332168579101562e+01 
+5.0585937500000000e-01 +2.4417495727539062e-01 
-5.0976562500000000e-01 +1.2318454742431641e+01 
+5.1171875000000000e-01 +2.3841857910156250e-01 
+5.0976562500000000e-01 +2.4032974243164062e-01 
-5.1367187500000000e-01 +1.2345890045166016e+01 
-5.2343750000000000e-01 +1.2414611816406250e+01 
-5.1953125000000000e-01 +1.2387100219726562e+01 
+5.1367187500000000e-01 +2.3651504516601562e-01 
-5.1757812500000000e-01 +1.2373355865478516e+01 
+5.2343750000000000e-01 +2.2711181640625000e-01 
+5.1953125000000000e-01 +2.3085021972656250e-01 
+5.1757812500000000e-01 +2.3273086547851562e-01 
-5.2148437500000000e-01 +1.2400852203369141e+01 
-5.2734375000000000e-01 +1.2442153930664062e+01 
+5.2148437500000000e-01 +2.2897720336914062e-01 
-5.2539062500000000e-01 +1.2428379058837891e+01 
+5.2734375000000000e-01 +2.2340393066406250e-01 
+5.2539062500000000e-01 +2.2525405883789062e-01 
-5.2929687500000000e-01 +1.2455936431884766e+01 
-5.4687500000000000e-01 +1.2580322265625000e+01 
-5.3906250000000000e-01 +1.2524963378906250e+01 
-5.3515625000000000e-01 +1.2497329711914062e+01 
+5.2929687500000000e-01 +2.2156143188476562e-01 
-5.3320312500000000e-01 +1.2483524322509766e+01 
+5.4687500000000000e-01 +2.0532226562500000e-01 
+5.3906250000000000e-01 +2.1246337890625000e-01 
+5.3515625000000000e-01 +2.1607971191406250e-01 
+5.3320312500000000e-01 +2.1789932250976562e-01 
-5.3710937500000000e-01 +1.2511142730712891e+01 
-5.4296875000000000e-01 +1.2552627563476562e+01 
+5.3710937500000000e-01 +2.1426773071289062e-01 
-5.4101562500000000e-01 +1.2538791656494141e+01 
+5.4296875000000000e-01 +2.0887756347656250e-01 
+5.4101562500000000e-01 +2.1066665649414062e-01 
-5.4492187500000000e-01 +1.2566471099853516e+01 
-5.5468750000000000e-01 +1.2635803222656250e+01 
-5.5078125000000000e-01 +1.2608047485351562e+01 
+5.4492187500000000e-01 +2.0709609985351562e-01 
-5.4882812500000000e-01 +1.2594181060791016e+01 
+5.5468750000000000e-01 +1.9830322265625000e-01 
+5.5078125000000000e-01 +2.0179748535156250e-01 
+5.4882812500000000e-01 +2.0355606079101562e-01 
-5.5273437500000000e-01 +1.2621921539306641e+01 
-5.5859375000000000e-01 +1.2663589477539062e+01 
+5.5273437500000000e-01 +2.0004653930664062e-01 
-5.5664062500000000e-01 +1.2649692535400391e+01 
+5.5859375000000000e-01 +1.9483947753906250e-01 
+5.5664062500000000e-01 +1.9656753540039062e-01 
-5.6054687500000000e-01 +1.2677494049072266e+01 
-5.9375000000000000e-01 +1.2915039062500000e+01 
-5.7812500000000000e-01 +1.2802978515625000e+01 
-5.7031250000000000e-01 +1.2747131347656250e+01 
-5.6640625000000000e-01 +1.2719253540039062e+01 
+5.6054687500000000e-01 +1.9311904907226562e-01 
-5.6445312500000000e-01 +1.2705326080322266e+01 
+5.9375000000000000e-01 +1.6503906250000000e-01 
+5.7812500000000000e-01 +1.7797851562500000e-01 
+5.7031250000000000e-01 +1.8463134765625000e-01 
+5.6640625000000000e-01 +1.8800354003906250e-01 
+5.6445312500000000e-01 +1.8970108032226562e-01 
-5.6835937500000000e-01 +1.2733188629150391e+01 
-5.7421875000000000e-01 +1.2775039672851562e+01 
+5.6835937500000000e-01 +1.8631362915039062e-01 
-5.7226562500000000e-01 +1.2761081695556641e+01 
+5.7421875000000000e-01 +1.8128967285156250e-01 
+5.7226562500000000e-01 +1.8295669555664062e-01 
-5.7617187500000000e-01 +1.2789005279541016e+01 
-5.8593750000000000e-01 +1.2858947753906250e+01 
-5.8203125000000000e-01 +1.2830947875976562e+01 
+5.7617187500000000e-01 +1.7963027954101562e-01 
-5.8007812500000000e-01 +1.2816959381103516e+01 
+5.8593750000000000e-01 +1.7144775390625000e-01 
+5.8203125000000000e-01 +1.7469787597656250e-01 
+5.8007812500000000e-01 +1.7633438110351562e-01 
-5.8398437500000000e-01 +1.2844944000244141e+01 
-5.8984375000000000e-01 +1.2886978149414062e+01 
+5.8398437500000000e-01 +1.7306900024414062e-01 
-5.8789062500000000e-01 +1.2872959136962891e+01 
+5.8984375000000000e-01 +1.6822814941406250e-01 
+5.8789062500000000e-01 +1.6983413696289062e-01 
-5.9179687500000000e-01 +1.2901004791259766e+01 
-6.0937500000000000e-01 +1.3027587890625000e+01 
-6.0156250000000000e-01 +1.2971252441406250e+01 
-5.9765625000000000e-01 +1.2943130493164062e+01 
+5.9179687500000000e-01 +1.6662979125976562e-01 
-5.9570312500000000e-01 +1.2929080963134766e+01 
+6.0937500000000000e-01 +1.5258789062500000e-01 
+6.0156250000000000e-01 +1.5875244140625000e-01 
+5.9765625000000000e-01 +1.6188049316406250e-01 
+5.9570312500000000e-01 +1.6345596313476562e-01 
-5.9960937500000000e-01 +1.2957187652587891e+01 
-6.0546875000000000e-01 +1.2999404907226562e+01 
+5.9960937500000000e-01 +1.6031265258789062e-01 
-6.0351562500000000e-01 +1.2985324859619141e+01 
+6.0546875000000000e-01 +1.5565490722656250e-01 
+6.0351562500000000e-01 +1.5719985961914062e-01 
-6.0742187500000000e-01 +1.3013492584228516e+01 
-6.1718750000000000e-01 +1.3084045410156250e+01 
-6.1328125000000000e-01 +1.3055801391601562e+01 
+6.0742187500000000e-01 +1.5411758422851562e-01 
-6.1132812500000000e-01 +1.3041690826416016e+01 
+6.1718750000000000e-01 +1.4654541015625000e-01 
+6.1328125000000000e-01 +1.4955139160156250e-01 
+6.1132812500000000e-01 +1.5106582641601562e-01 
-6.1523437500000000e-01 +1.3069919586181641e+01 
-6.2109375000000000e-01 +1.3112319946289062e+01 
+6.1523437500000000e-01 +1.4804458618164062e-01 
-6.1914062500000000e-01 +1.3098178863525391e+01 
+6.2109375000000000e-01 +1.4356994628906250e-01 
+6.1914062500000000e-01 +1.4505386352539062e-01 
-6.2304687500000000e-01 +1.3126468658447266e+01 
-6.8750000000000000e-01 +1.3597656250000000e+01 
-6.5625000000000000e-01 +1.3368164062500000e+01 
-6.4062500000000000e-01 +1.3254150390625000e+01 
-6.3281250000000000e-01 +1.3197326660156250e+01 
-6.2890625000000000e-01 +1.3168960571289062e+01 
+6.2304687500000000e-01 +1.4209365844726562e-01 
-6.2695312500000000e-01 +1.3154788970947266e+01 
+6.8750000000000000e-01 +9.7656250000000000e-02 
+6.5625000000000000e-01 +1.1816406250000000e-01 
+6.4062500000000000e-01 +1.2915039062500000e-01 
+6.3281250000000000e-01 +1.3482666015625000e-01 
+6.2890625000000000e-01 +1.3771057128906250e-01 
+6.2695312500000000e-01 +1.3916397094726562e-01 
-6.3085937500000000e-01 +1.3183139801025391e+01 
-6.3671875000000000e-01 +1.3225723266601562e+01 
+6.3085937500000000e-01 +1.3626480102539062e-01 
-6.3476562500000000e-01 +1.3211521148681641e+01 
+6.3671875000000000e-01 +1.3197326660156250e-01 
+6.3476562500000000e-01 +1.3339614868164062e-01 
-6.3867187500000000e-01 +1.3239933013916016e+01 
-6.4843750000000000e-01 +1.3311096191406250e+01 
-6.4453125000000000e-01 +1.3282608032226562e+01 
+6.3867187500000000e-01 +1.3055801391601562e-01 
-6.4257812500000000e-01 +1.3268375396728516e+01 
+6.4843750000000000e-01 +1.2359619140625000e-01 
+6.4453125000000000e-01 +1.2635803222656250e-01 
+6.4257812500000000e-01 +1.2775039672851562e-01 
-6.4648437500000000e-01 +1.3296848297119141e+01 
-6.5234375000000000e-01 +1.3339614868164062e+01 
+6.4648437500000000e-01 +1.2497329711914062e-01 
-6.5039062500000000e-01 +1.3325351715087891e+01 
+6.5234375000000000e-01 +1.2086486816406250e-01 
+6.5039062500000000e-01 +1.2222671508789062e-01 
-6.5429687500000000e-01 +1.3353885650634766e+01 
-6.7187500000000000e-01 +1.3482666015625000e+01 
-6.6406250000000000e-01 +1.3425354003906250e+01 
-6.6015625000000000e-01 +1.3396743774414062e+01 
+6.5429687500000000e-01 +1.1951065063476562e-01 
-6.5820312500000000e-01 +1.3382450103759766e+01 
+6.7187500000000000e-01 +1.0766601562500000e-01 
+6.6406250000000000e-01 +1.1285400390625000e-01 
+6.6015625000000000e-01 +1.1549377441406250e-01 
+6.5820312500000000e-01 +1.1682510375976562e-01 
-6.6210937500000000e-01 +1.3411045074462891e+01 
-6.6796875000000000e-01 +1.3453994750976562e+01 
+6.6210937500000000e-01 +1.1417007446289062e-01 
-6.6601562500000000e-01 +1.3439670562744141e+01 
+6.6796875000000000e-01 +1.1024475097656250e-01 
+6.6601562500000000e-01 +1.1154556274414062e-01 
-6.6992187500000000e-01 +1.3468326568603516e+01 
-6.7968750000000000e-01 +1.3540100097656250e+01 
-6.7578125000000000e-01 +1.3511367797851562e+01 
+6.6992187500000000e-01 +1.0895156860351562e-01 
-6.7382812500000000e-01 +1.3497013092041016e+01 
+6.7968750000000000e-01 +1.0260009765625000e-01 
+6.7578125000000000e-01 +1.0511779785156250e-01 
+6.7382812500000000e-01 +1.0638809204101562e-01 
-6.7773437500000000e-01 +1.3525730133056641e+01 
-6.8359375000000000e-01 +1.3568862915039062e+01 
+6.7773437500000000e-01 +1.0385513305664062e-01 
-6.8164062500000000e-01 +1.3554477691650391e+01 
+6.8359375000000000e-01 +1.0011291503906250e-01 
+6.8164062500000000e-01 +1.0135269165039062e-01 
-6.8554687500000000e-01 +1.3583255767822266e+01 
-7.1875000000000000e-01 +1.3829101562500000e+01 
-7.0312500000000000e-01 +1.3713134765625000e+01 
-6.9531250000000000e-01 +1.3655334472656250e+01 
-6.9140625000000000e-01 +1.3626480102539062e+01 
+6.8554687500000000e-01 +9.8880767822265625e-02 
-6.8945312500000000e-01 +1.3612064361572266e+01 
+7.1875000000000000e-01 +7.9101562500000000e-02 
+7.0312500000000000e-01 +8.8134765625000000e-02 
+6.9531250000000000e-01 +9.2834472656250000e-02 
+6.9140625000000000e-01 +9.5230102539062500e-02 
+6.8945312500000000e-01 +9.6439361572265625e-02 
-6.9335937500000000e-01 +1.3640903472900391e+01 
-6.9921875000000000e-01 +1.3684219360351562e+01 
+6.9335937500000000e-01 +9.4028472900390625e-02 
-6.9726562500000000e-01 +1.3669773101806641e+01 
+6.9921875000000000e-01 +9.0469360351562500e-02 
+6.9726562500000000e-01 +9.1648101806640625e-02 
-7.0117187500000000e-01 +1.3698673248291016e+01 
-7.1093750000000000e-01 +1.3771057128906250e+01 
-7.0703125000000000e-01 +1.3742080688476562e+01 
+7.0117187500000000e-01 +8.9298248291015625e-02 
-7.0507812500000000e-01 +1.3727603912353516e+01 
+7.1093750000000000e-01 +8.3557128906250000e-02 
+7.0703125000000000e-01 +8.5830688476562500e-02 
+7.0507812500000000e-01 +8.6978912353515625e-02 
-7.0898437500000000e-01 +1.3756565093994141e+01 
-7.1484375000000000e-01 +1.3800064086914062e+01 
+7.0898437500000000e-01 +8.4690093994140625e-02 
-7.1289062500000000e-01 +1.3785556793212891e+01 
+7.1484375000000000e-01 +8.1314086914062500e-02 
+7.1289062500000000e-01 +8.2431793212890625e-02 
-7.1679687500000000e-01 +1.3814579010009766e+01 
-7.3437500000000000e-01 +1.3945556640625000e+01 
-7.2656250000000000e-01 +1.3887268066406250e+01 
-7.2265625000000000e-01 +1.3858169555664062e+01 
+7.1679687500000000e-01 +8.0204010009765625e-02 
-7.2070312500000000e-01 +1.3843631744384766e+01 
+7.3437500000000000e-01 +7.0556640625000000e-02 
+7.2656250000000000e-01 +7.4768066406250000e-02 
+7.2265625000000000e-01 +7.6919555664062500e-02 
+7.2070312500000000e-01 +7.8006744384765625e-02 
-7.2460937500000000e-01 +1.3872714996337891e+01 
-7.3046875000000000e-01 +1.3916397094726562e+01 
+7.2460937500000000e-01 +7.5839996337890625e-02 
-7.2851562500000000e-01 +1.3901828765869141e+01 
+7.3046875000000000e-01 +7.2647094726562500e-02 
+7.2851562500000000e-01 +7.3703765869140625e-02 
-7.3242187500000000e-01 +1.3930973052978516e+01 
-7.4218750000000000e-01 +1.4003967285156250e+01 
-7.3828125000000000e-01 +1.3974746704101562e+01 
+7.3242187500000000e-01 +7.1598052978515625e-02 
-7.3632812500000000e-01 +1.3960147857666016e+01 
+7.4218750000000000e-01 +6.6467285156250000e-02 
+7.3828125000000000e-01 +6.8496704101562500e-02 
+7.3632812500000000e-01 +6.9522857666015625e-02 
-7.4023437500000000e-01 +1.3989353179931641e+01 
-7.4609375000000000e-01 +1.4033218383789062e+01 
+7.4023437500000000e-01 +6.7478179931640625e-02 
-7.4414062500000000e-01 +1.4018589019775391e+01 
+7.4609375000000000e-01 +6.4468383789062500e-02 
+7.4414062500000000e-01 +6.5464019775390625e-02 
-7.4804687500000000e-01 +1.4047855377197266e+01 
-8.7500000000000000e-01 +1.5015625000000000e+01 
-8.1250000000000000e-01 +1.4535156250000000e+01 
-7.8125000000000000e-01 +1.4297851562500000e+01 
-7.6562500000000000e-01 +1.4179931640625000e+01 
-7.5781250000000000e-01 +1.4121154785156250e+01 
-7.5390625000000000e-01 +1.4091812133789062e+01 
+7.4804687500000000e-01 +6.3480377197265625e-02 
-7.5195312500000000e-01 +1.4077152252197266e+01 
+8.7500000000000000e-01 +1.5625000000000000e-02 
+8.1250000000000000e-01 +3.5156250000000000e-02 
+7.8125000000000000e-01 +4.7851562500000000e-02 
+7.6562500000000000e-01 +5.4931640625000000e-02 
+7.5781250000000000e-01 +5.8654785156250000e-02 
+7.5390625000000000e-01 +6.0562133789062500e-02 
+7.5195312500000000e-01 +6.1527252197265625e-02 
-7.5585937500000000e-01 +1.4106479644775391e+01 
-7.6171875000000000e-01 +1.4150527954101562e+01 
+7.5585937500000000e-01 +5.9604644775390625e-02 
-7.5976562500000000e-01 +1.4135837554931641e+01 
+7.6171875000000000e-01 +5.6777954101562500e-02 
+7.5976562500000000e-01 +5.7712554931640625e-02 
-7.6367187500000000e-01 +1.4165225982666016e+01 
-7.7343750000000000e-01 +1.4238830566406250e+01 
-7.6953125000000000e-01 +1.4209365844726562e+01 
+7.6367187500000000e-01 +5.5850982666015625e-02 
-7.6757812500000000e-01 +1.4194644927978516e+01 
+7.7343750000000000e-01 +5.1330566406250000e-02 
+7.6953125000000000e-01 +5.3115844726562500e-02 
+7.6757812500000000e-01 +5.4019927978515625e-02 
-7.7148437500000000e-01 +1.4224094390869141e+01 
-7.7734375000000000e-01 +1.4268325805664062e+01 
+7.7148437500000000e-01 +5.2219390869140625e-02 
-7.7539062500000000e-01 +1.4253574371337891e+01 
+7.7734375000000000e-01 +4.9575805664062500e-02 
+7.7539062500000000e-01 +5.0449371337890625e-02 
-7.7929687500000000e-01 +1.4283084869384766e+01 
-7.9687500000000000e-01 +1.4416259765625000e+01 
-7.8906250000000000e-01 +1.4356994628906250e+01 
-7.8515625000000000e-01 +1.4327407836914062e+01 
+7.7929687500000000e-01 +4.8709869384765625e-02 
-7.8320312500000000e-01 +1.4312625885009766e+01 
+7.9687500000000000e-01 +4.1259765625000000e-02 
+7.8906250000000000e-01 +4.4494628906250000e-02 
+7.8515625000000000e-01 +4.6157836914062500e-02 
+7.8320312500000000e-01 +4.7000885009765625e-02 
-7.8710937500000000e-01 +1.4342197418212891e+01 
-7.9296875000000000e-01 +1.4386611938476562e+01 
+7.8710937500000000e-01 +4.5322418212890625e-02 
-7.9101562500000000e-01 +1.4371799468994141e+01 
+7.9296875000000000e-01 +4.2861938476562500e-02 
+7.9101562500000000e-01 +4.3674468994140625e-02 
-7.9492187500000000e-01 +1.4401432037353516e+01 
-8.0468750000000000e-01 +1.4475646972656250e+01 
-8.0078125000000000e-01 +1.4445938110351562e+01 
+7.9492187500000000e-01 +4.2057037353515625e-02 
-7.9882812500000000e-01 +1.4431095123291016e+01 
+8.0468750000000000e-01 +3.8146972656250000e-02 
+8.0078125000000000e-01 +3.9688110351562500e-02 
+7.9882812500000000e-01 +4.0470123291015625e-02 
-8.0273437500000000e-01 +1.4460788726806641e+01 
-8.0859375000000000e-01 +1.4505386352539062e+01 
+8.0273437500000000e-01 +3.8913726806640625e-02 
-8.0664062500000000e-01 +1.4490512847900391e+01 
+8.0859375000000000e-01 +3.6636352539062500e-02 
+8.0664062500000000e-01 +3.7387847900390625e-02 
-8.1054687500000000e-01 +1.4520267486572266e+01 
-8.4375000000000000e-01 +1.4774414062500000e+01 
-8.2812500000000000e-01 +1.4654541015625000e+01 
-8.2031250000000000e-01 +1.4594787597656250e+01 
-8.1640625000000000e-01 +1.4564956665039062e+01 
+8.1054687500000000e-01 +3.5892486572265625e-02 
-8.1445312500000000e-01 +1.4550052642822266e+01 
+8.4375000000000000e-01 +2.4414062500000000e-02 
+8.2812500000000000e-01 +2.9541015625000000e-02 
+8.2031250000000000e-01 +3.2287597656250000e-02 
+8.1640625000000000e-01 +3.3706665039062500e-02 
+8.1445312500000000e-01 +3.4427642822265625e-02 
-8.1835937500000000e-01 +1.4579868316650391e+01 
-8.2421875000000000e-01 +1.4624649047851562e+01 
+8.1835937500000000e-01 +3.2993316650390625e-02 
-8.2226562500000000e-01 +1.4609714508056641e+01 
+8.2421875000000000e-01 +3.0899047851562500e-02 
+8.2226562500000000e-01 +3.1589508056640625e-02 
-8.2617187500000000e-01 +1.4639591217041016e+01 
-8.3593750000000000e-01 +1.4714416503906250e+01 
-8.3203125000000000e-01 +1.4684463500976562e+01 
+8.2617187500000000e-01 +3.0216217041015625e-02 
-8.3007812500000000e-01 +1.4669498443603516e+01 
+8.3593750000000000e-01 +2.6916503906250000e-02 
+8.3203125000000000e-01 +2.8213500976562500e-02 
+8.3007812500000000e-01 +2.8873443603515625e-02 
-8.3398437500000000e-01 +1.4699436187744141e+01 
-8.3984375000000000e-01 +1.4744400024414062e+01 
+8.3398437500000000e-01 +2.7561187744140625e-02 
-8.3789062500000000e-01 +1.4729404449462891e+01 
+8.3984375000000000e-01 +2.5650024414062500e-02 
+8.3789062500000000e-01 +2.6279449462890625e-02 
-8.4179687500000000e-01 +1.4759403228759766e+01 
-8.5937500000000000e-01 +1.4894775390625000e+01 
-8.5156250000000000e-01 +1.4834533691406250e+01 
-8.4765625000000000e-01 +1.4804458618164062e+01 
+8.4179687500000000e-01 +2.5028228759765625e-02 
-8.4570312500000000e-01 +1.4789432525634766e+01 
+8.5937500000000000e-01 +1.9775390625000000e-02 
+8.5156250000000000e-01 +2.2033691406250000e-02 
+8.4765625000000000e-01 +2.3208618164062500e-02 
+8.4570312500000000e-01 +2.3807525634765625e-02 
-8.4960937500000000e-01 +1.4819492340087891e+01 
-8.5546875000000000e-01 +1.4864639282226562e+01 
+8.4960937500000000e-01 +2.2617340087890625e-02 
-8.5351562500000000e-01 +1.4849582672119141e+01 
+8.5546875000000000e-01 +2.0889282226562500e-02 
+8.5351562500000000e-01 +2.1457672119140625e-02 
-8.5742187500000000e-01 +1.4879703521728516e+01 
-8.6718750000000000e-01 +1.4955139160156250e+01 
-8.6328125000000000e-01 +1.4924942016601562e+01 
+8.5742187500000000e-01 +2.0328521728515625e-02 
-8.6132812500000000e-01 +1.4909854888916016e+01 
+8.6718750000000000e-01 +1.7639160156250000e-02 
+8.6328125000000000e-01 +1.8692016601562500e-02 
+8.6132812500000000e-01 +1.9229888916015625e-02 
-8.6523437500000000e-01 +1.4940036773681641e+01 
-8.7109375000000000e-01 +1.4985366821289062e+01 
+8.6523437500000000e-01 +1.8161773681640625e-02 
-8.6914062500000000e-01 +1.4970249176025391e+01 
+8.7109375000000000e-01 +1.6616821289062500e-02 
+8.6914062500000000e-01 +1.7124176025390625e-02 
-8.7304687500000000e-01 +1.5000492095947266e+01 
-9.3750000000000000e-01 +1.5503906250000000e+01 
-9.0625000000000000e-01 +1.5258789062500000e+01 
-8.9062500000000000e-01 +1.5136962890625000e+01 
-8.8281250000000000e-01 +1.5076232910156250e+01 
-8.7890625000000000e-01 +1.5045913696289062e+01 
+8.7304687500000000e-01 +1.6117095947265625e-02 
-8.7695312500000000e-01 +1.5030765533447266e+01 
+9.3750000000000000e-01 +3.9062500000000000e-03 
+9.0625000000000000e-01 +8.7890625000000000e-03 
+8.9062500000000000e-01 +1.1962890625000000e-02 
+8.8281250000000000e-01 +1.3732910156250000e-02 
+8.7890625000000000e-01 +1.4663696289062500e-02 
+8.7695312500000000e-01 +1.5140533447265625e-02 
-8.8085937500000000e-01 +1.5061069488525391e+01 
-8.8671875000000000e-01 +1.5106582641601562e+01 
+8.8085937500000000e-01 +1.4194488525390625e-02 
-8.8476562500000000e-01 +1.5091403961181641e+01 
+8.8671875000000000e-01 +1.2832641601562500e-02 
+8.8476562500000000e-01 +1.3278961181640625e-02 
-8.8867187500000000e-01 +1.5121768951416016e+01 
-8.9843750000000000e-01 +1.5197814941406250e+01 
-8.9453125000000000e-01 +1.5167373657226562e+01 
+8.8867187500000000e-01 +1.2393951416015625e-02 
-8.9257812500000000e-01 +1.5152164459228516e+01 
+8.9843750000000000e-01 +1.0314941406250000e-02 
+8.9453125000000000e-01 +1.1123657226562500e-02 
+8.9257812500000000e-01 +1.1539459228515625e-02 
-8.9648437500000000e-01 +1.5182590484619141e+01 
-9.0234375000000000e-01 +1.5228286743164062e+01 
+8.9648437500000000e-01 +1.0715484619140625e-02 
-9.0039062500000000e-01 +1.5213047027587891e+01 
+9.0234375000000000e-01 +9.5367431640625000e-03 
+9.0039062500000000e-01 +9.9220275878906250e-03 
-9.0429687500000000e-01 +1.5243534088134766e+01 
-9.2187500000000000e-01 +1.5381103515625000e+01 
-9.1406250000000000e-01 +1.5319885253906250e+01 
-9.1015625000000000e-01 +1.5289321899414062e+01 
+9.0429687500000000e-01 +9.1590881347656250e-03 
-9.0820312500000000e-01 +1.5274051666259766e+01 
+9.2187500000000000e-01 +6.1035156250000000e-03 
+9.1406250000000000e-01 +7.3852539062500000e-03 
+9.1015625000000000e-01 +8.0718994140625000e-03 
+9.0820312500000000e-01 +8.4266662597656250e-03 
-9.1210937500000000e-01 +1.5304599761962891e+01 
-9.1796875000000000e-01 +1.5350479125976562e+01 
+9.1210937500000000e-01 +7.7247619628906250e-03 
-9.1601562500000000e-01 +1.5335178375244141e+01 
+9.1796875000000000e-01 +6.7291259765625000e-03 
+9.1601562500000000e-01 +7.0533752441406250e-03 
-9.1992187500000000e-01 +1.5365787506103516e+01 
-9.2968750000000000e-01 +1.5442443847656250e+01 
-9.2578125000000000e-01 +1.5411758422851562e+01 
+9.1992187500000000e-01 +6.4125061035156250e-03 
-9.2382812500000000e-01 +1.5396427154541016e+01 
+9.2968750000000000e-01 +4.9438476562500000e-03 
+9.2578125000000000e-01 +5.5084228515625000e-03 
+9.2382812500000000e-01 +5.8021545410156250e-03 
-9.2773437500000000e-01 +1.5427097320556641e+01 
-9.3359375000000000e-01 +1.5473159790039062e+01 
+9.2773437500000000e-01 +5.2223205566406250e-03 
-9.3164062500000000e-01 +1.5457798004150391e+01 
+9.3359375000000000e-01 +4.4097900390625000e-03 
+9.3164062500000000e-01 +4.6730041503906250e-03 
-9.3554687500000000e-01 +1.5488529205322266e+01 
-9.6875000000000000e-01 +1.5750976562500000e+01 
-9.5312500000000000e-01 +1.5627197265625000e+01 
-9.4531250000000000e-01 +1.5565490722656250e+01 
-9.4140625000000000e-01 +1.5534683227539062e+01 
+9.3554687500000000e-01 +4.1542053222656250e-03 
-9.3945312500000000e-01 +1.5519290924072266e+01 
+9.6875000000000000e-01 +9.7656250000000000e-04 
+9.5312500000000000e-01 +2.1972656250000000e-03 
+9.4531250000000000e-01 +2.9907226562500000e-03 
+9.4140625000000000e-01 +3.4332275390625000e-03 
+9.3945312500000000e-01 +3.6659240722656250e-03 
-9.4335937500000000e-01 +1.5550083160400391e+01 
-9.4921875000000000e-01 +1.5596328735351562e+01 
+9.4335937500000000e-01 +3.2081604003906250e-03 
-9.4726562500000000e-01 +1.5580905914306641e+01 
+9.4921875000000000e-01 +2.5787353515625000e-03 
+9.4726562500000000e-01 +2.7809143066406250e-03 
-9.5117187500000000e-01 +1.5611759185791016e+01 
-9.6093750000000000e-01 +1.5689025878906250e+01 
-9.5703125000000000e-01 +1.5658096313476562e+01 
+9.5117187500000000e-01 +2.3841857910156250e-03 
-9.5507812500000000e-01 +1.5642642974853516e+01 
+9.6093750000000000e-01 +1.5258789062500000e-03 
+9.5703125000000000e-01 +1.8463134765625000e-03 
+9.5507812500000000e-01 +2.0179748535156250e-03 
-9.5898437500000000e-01 +1.5673557281494141e+01 
-9.6484375000000000e-01 +1.5719985961914062e+01 
+9.5898437500000000e-01 +1.6822814941406250e-03 
-9.6289062500000000e-01 +1.5704502105712891e+01 
+9.6484375000000000e-01 +1.2359619140625000e-03 
+9.6289062500000000e-01 +1.3771057128906250e-03 
-9.6679687500000000e-01 +1.5735477447509766e+01 
-9.8437500000000000e-01 +1.5875244140625000e+01 
-9.7656250000000000e-01 +1.5813049316406250e+01 
-9.7265625000000000e-01 +1.5781997680664062e+01 
+9.6679687500000000e-01 +1.1024475097656250e-03 
-9.7070312500000000e-01 +1.5766483306884766e+01 
+9.8437500000000000e-01 +2.4414062500000000e-04 
+9.7656250000000000e-01 +5.4931640625000000e-04 
+9.7265625000000000e-01 +7.4768066406250000e-04 
+9.7070312500000000e-01 +8.5830688476562500e-04 
-9.7460937500000000e-01 +1.5797519683837891e+01 
-9.8046875000000000e-01 +1.5844131469726562e+01 
+9.7460937500000000e-01 +6.4468383789062500e-04 
-9.7851562500000000e-01 +1.5828586578369141e+01 
+9.8046875000000000e-01 +3.8146972656250000e-04 
+9.7851562500000000e-01 +4.6157836914062500e-04 
-9.8242187500000000e-01 +1.5859683990478516e+01 
-9.9218750000000000e-01 +1.5937561035156250e+01 
-9.8828125000000000e-01 +1.5906387329101562e+01 
+9.8242187500000000e-01 +3.0899047851562500e-04 
-9.8632812500000000e-01 +1.5890811920166016e+01 
+9.9218750000000000e-01 +6.1035156250000000e-05 
+9.8828125000000000e-01 +1.3732910156250000e-04 
+9.8632812500000000e-01 +1.8692016601562500e-04 
-9.9023437500000000e-01 +1.5921970367431641e+01 
-9.9609375000000000e-01 +1.5968765258789062e+01 
+9.9023437500000000e-01 +9.5367431640625000e-05 
-9.9414062500000000e-01 +1.5953159332275391e+01 
+9.9609375000000000e-01 +1.5258789062500000e-05 
+9.9414062500000000e-01 +3.4332275390625000e-05 
-9.9804687500000000e-01 +1.5984378814697266e+01 
-7.5000000000000000e-01 +1.8062500000000000e+01 
-8.7500000000000000e-01 +1.7015625000000000e+01 
-9.3750000000000000e-01 +1.6503906250000000e+01 
-9.6875000000000000e-01 +1.6250976562500000e+01 
-9.8437500000000000e-01 +1.6125244140625000e+01 
-9.9218750000000000e-01 +1.6062561035156250e+01 
-9.9609375000000000e-01 +1.6031265258789062e+01 
+9.9804687500000000e-01 +3.8146972656250000e-06 
-9.9804687500000000e-01 +1.6015628814697266e+01 
