Dim = 30
+0.0000000000000000e+00 +1.0000000000000000e+00 
+2.5216743614553960e-05 +1.2878068033374421e+02 
+1.0086697445821584e-04 +2.9850009384670619e+02 
+2.2695069253098570e-04 +3.2167329182509047e+02 
+4.0346789783286336e-04 +3.0939700860111788e+02 
+6.3041859036385036e-04 +3.2290910435688943e+02 
+9.0780277012394279e-04 +3.2905080604325002e+02 
+1.2356204371131445e-03 +2.9167565261529529e+02 
+1.6138715913314534e-03 +2.2481056059557196e+02 
+2.0425562327788757e-03 +2.4042267222872414e+02 
+2.5216743614554014e-03 +3.2209333904503580e+02 
+3.0512259773610236e-03 +3.4289041010759144e+02 
+3.6312110804957711e-03 +3.1683211605843752e+02 
+4.2616296708596017e-03 +2.9503200666743510e+02 
+4.9424817484525780e-03 +3.0952886400371250e+02 
+5.6737673132746733e-03 +3.6721970694214730e+02 
+6.4554863653258137e-03 +3.5340109081363482e+02 
+7.2876389046061026e-03 +2.9251159113293903e+02 
+8.1702249311155026e-03 +3.4359922066406995e+02 
+9.1032444448540129e-03 +4.1538710332655597e+02 
+1.0086697445821606e-02 +3.8206103473908757e+02 
+1.1120583934018309e-02 +3.2568965379337010e+02 
+1.2204903909444094e-02 +3.0836029794524342e+02 
+1.3339657372099101e-02 +3.5268186818043927e+02 
+1.4524844321983085e-02 +4.2479312752010867e+02 
+1.5760464759096260e-02 +4.1426727733588302e+02 
+1.7046518683438407e-02 +3.8102516302238666e+02 
+1.8383006095009979e-02 +4.3304182338632614e+02 
+1.9769926993810312e-02 +4.8875715163542816e+02 
+2.1207281379839793e-02 +4.7000383249893054e+02 
+4.7706422723999997e-02 +2.4980286709747105e+02 
+3.8471502451599998e-01 +2.7591427946914393e+02 
+7.1197143865599999e-01 +3.0220397068093507e+02 
+8.3596460472099998e-01 +3.0255882290178766e+02 
+6.2180794830399999e-01 +2.9188331145539820e+02 
+1.8336551694400000e-01 +3.5744146170788321e+02 
+1.0622188096000001e-02 +2.5907582777401046e+02 
+2.2442011290000000e-01 +3.0581660106863376e+02 
+9.0475827263999997e-02 +3.0511340674450707e+02 
+3.4412847049000002e-02 +2.7677433415194923e+02 
+1.0917935892900002e-01 +2.6462815656789752e+02 
+2.2986804996000001e-02 +2.8508268569515184e+02 
+7.8153202584900006e-01 +3.3505232023293212e+02 
+7.4502248401000004e-02 +2.9604924391483405e+02 
+9.8768216768399997e-01 +2.4493661388908936e+02 
+2.6132237280900000e-01 +3.2226454106873206e+02 
+9.9590021070399999e-03 +2.6081925553350601e+02 
+4.3527797953600000e-01 +2.3381882444861597e+02 
+3.3119564601599999e-01 +2.8202203470604604e+02 
+4.5645833068900005e-01 +3.0965747565659655e+02 
+3.2519630224000000e-02 +3.2962011486700345e+02 
+3.5261506659599995e-01 +2.3900678005051270e+02 
+2.4277496928400000e-01 +3.5466671325083166e+02 
+4.1833212979600007e-03 +3.0477780481840273e+02 
+4.4422624900899993e-01 +2.5881880690055129e+02 
+8.9437875265599998e-01 +3.2643038885710735e+02 
+1.1194511472400000e-01 +2.8158211514203532e+02 
+3.7441426723600008e-01 +2.9670529706180236e+02 
+7.8978985023999998e-02 +1.8407945929904238e+02 
+2.5882554500100002e-01 +2.9874830508849948e+02 
+1.1926605680999999e-02 +3.0008267083659581e+02 
+9.6178756128999995e-02 +2.8454732146216901e+02 
+1.7799285966400000e-01 +2.9311364806318346e+02 
+2.0899115118025000e-01 +2.4158608739996350e+02 
+1.5545198707600000e-01 +3.5777559242057617e+02 
+4.5841379235999999e-02 +2.7822744131684846e+02 
+2.6555470240000002e-03 +3.0827726832011268e+02 
+5.6105028224999999e-02 +2.5676866138826580e+02 
+2.2618956815999999e-02 +2.9528421865398502e+02 
+8.6032117622500005e-03 +2.3649449115966848e+02 
+2.7294839732250005e-02 +2.8184628251277093e+02 
+5.7467012490000002e-03 +2.4098391675028114e+02 
+1.9538300646225001e-01 +3.3954999117430208e+02 
+1.8625562100250001e-02 +3.1856634851975627e+02 
+2.4692054192099999e-01 +3.3913272925415885e+02 
+6.5330593202250001e-02 +2.7095030886103564e+02 
+2.4897505267600000e-03 +3.3670262708612989e+02 
+1.0881949488400000e-01 +2.5753550014256081e+02 
+8.2798911503999997e-02 +2.9706321510352274e+02 
+1.1411458267225001e-01 +3.1280767715493823e+02 
+8.1299075560000000e-03 +3.4987633538076284e+02 
+8.8153766648999987e-02 +2.7286967385898140e+02 
+6.0693742320999999e-02 +2.9819788099915263e+02 
+1.0458303244900002e-03 +3.2319303179019676e+02 
+1.1105656225224998e-01 +2.9734595871181585e+02 
+2.2359468816399999e-01 +1.7685428790229577e+02 
+2.7986278680999999e-02 +2.7214008143594657e+02 
+9.3603566809000019e-02 +2.6934904406718402e+02 
+1.9744746255999999e-02 +3.0815838516078060e+02 
+6.4706386250250006e-02 +2.3366708058804710e+02 
+2.9816514202499998e-03 +2.7096101146388821e+02 
+2.4044689032249999e-02 +3.0561928483719134e+02 
+4.4498214915999999e-02 +2.4324510832935675e+02 
+5.2247787795062499e-02 +2.6594472357242211e+02 
+3.8862996768999999e-02 +2.7143635515447141e+02 
+1.1460344809000000e-02 +2.6184839475406591e+02 
+6.6388675600000005e-04 +2.7011382202935675e+02 
+1.4026257056250000e-02 +3.0665403164665798e+02 
+5.6547392039999998e-03 +3.0990727809375312e+02 
+2.1508029405625001e-03 +3.5057878443301234e+02 
+6.8237099330625012e-03 +2.7643079911127660e+02 
+1.4366753122500000e-03 +2.1143407687642994e+02 
+4.8845751615562504e-02 +2.6937818256585109e+02 
+4.6563905250625003e-03 +3.4582741764984922e+02 
+6.1730135480249998e-02 +3.6909820059088054e+02 
+1.6332648300562500e-02 +2.8341626624984343e+02 
+6.2243763168999999e-04 +2.5077626200205549e+02 
+2.7204873721000000e-02 +3.3134297955008657e+02 
+2.0699727875999999e-02 +2.8183015711544721e+02 
+2.8528645668062503e-02 +3.2461811943448208e+02 
+2.0324768890000000e-03 +3.1466494958357981e+02 
+2.2038441662249997e-02 +2.1057472625108485e+02 
+1.5173435580250000e-02 +2.5997051598595169e+02 
+2.6145758112250004e-04 +3.1843439297786279e+02 
+2.7764140563062496e-02 +2.8717801110431049e+02 
+5.5898672040999998e-02 +2.2851282614828662e+02 
+6.9965696702499998e-03 +2.8006783446027691e+02 
+2.3400891702250005e-02 +3.8130826482330275e+02 
+4.9361865639999999e-03 +2.9385445613983467e+02 
+1.6176596562562501e-02 +2.8612112822172179e+02 
+7.4541285506249996e-04 +9.5451926605721027e+01 
+6.0111722580624997e-03 +1.1486106624705639e+02 
+1.1124553729000000e-02 +8.5353534234666085e+01 
+1.3061946948765625e-02 +1.0180166292266051e+02 
+9.7157491922499999e-03 +9.3892486180159821e+01 
+2.8650862022499999e-03 +9.2555249623894994e+01 
+1.6597168900000001e-04 +9.8223058739765207e+01 
+3.5065642640624999e-03 +1.1317400208260015e+02 
+1.4136848010000000e-03 +1.1148510038933887e+02 
+5.3770073514062503e-04 +1.3572424481904685e+02 
+1.7059274832656253e-03 +1.0260648309715990e+02 
+3.5916882806250001e-04 +7.6428565590995291e+01 
+1.2211437903890626e-02 +9.2150448516195425e+01 
+1.1640976312656251e-03 +1.2672962661821643e+02 
+1.5432533870062499e-02 +1.3446345757799915e+02 
+4.0831620751406250e-03 +1.0469947150993221e+02 
+1.5560940792250000e-04 +8.7665544951300376e+01 
+6.8012184302500001e-03 +1.3221794755785234e+02 
+5.1749319689999998e-03 +1.0186564447825830e+02 
+7.1321614170156257e-03 +1.1923351130277105e+02 
+5.0811922225000000e-04 +1.1201780390564910e+02 
+5.5096104155624992e-03 +7.5002053544674297e+01 
+3.7933588950625000e-03 +9.4047942744659224e+01 
+6.5364395280625011e-05 +1.1317888512555467e+02 
+6.9410351407656239e-03 +1.0575313244225005e+02 
+1.3974668010250000e-02 +8.4559066753273555e+01 
+1.7491424175625000e-03 +1.0357795273532430e+02 
+5.8502229255625012e-03 +1.4650809801695505e+02 
+1.2340466410000000e-03 +1.0729613308658261e+02 
+4.0441491406406254e-03 +1.0569201477240706e+02 
+1.8635321376562499e-04 +2.6675609074675236e+01 
+1.5027930645156249e-03 +3.2443716155277336e+01 
+2.7811384322500000e-03 +2.3911914373984491e+01 
+3.2654867371914062e-03 +2.8956795475424769e+01 
+2.4289372980625000e-03 +2.6155055397631298e+01 
+7.1627155056249998e-04 +2.5888437198696668e+01 
+4.1492922250000003e-05 +2.7662721123923372e+01 
+8.7664106601562498e-04 +3.1802338491315862e+01 
+3.5342120024999999e-04 +3.1165092581193182e+01 
+1.3442518378515626e-04 +3.8426306446366794e+01 
+4.2648187081640633e-04 +2.8989672771382754e+01 
+8.9792207015625003e-05 +2.1634579149360366e+01 
+3.0528594759726565e-03 +2.5593542776531663e+01 
+2.9102440781640627e-04 +3.5499038780165876e+01 
+3.8581334675156249e-03 +3.7573760853247144e+01 
+1.0207905187851563e-03 +2.9510866863737625e+01 
+3.8902351980625000e-05 +2.4556485391522322e+01 
+1.7003046075625000e-03 +3.7755881655929095e+01 
+1.2937329922500000e-03 +2.8596300778328480e+01 
+1.7830403542539064e-03 +3.3465028004311748e+01 
+1.2702980556250000e-04 +3.1270973811685071e+01 
+1.3774026038906248e-03 +2.1188878487893245e+01 
+9.4833972376562499e-04 +2.6473909906401435e+01 
+1.6341098820156253e-05 +3.1549778564548479e+01 
+1.7352587851914060e-03 +2.9806166731790888e+01 
+3.4936670025624999e-03 +2.3931312799757176e+01 
+4.3728560439062499e-04 +2.9219213527601561e+01 
+1.4625557313906253e-03 +4.1352337156500354e+01 
+3.0851166024999999e-04 +3.0165796820457107e+01 
+1.0110372851601563e-03 +2.9749804823518090e+01 
+4.6588303441406247e-05 +7.5536489561696696e+00 
+3.7569826612890623e-04 +9.0560062061078153e+00 
+6.9528460806249999e-04 +6.8443905020787046e+00 
+8.1637168429785154e-04 +8.1687450049163175e+00 
+6.0723432451562499e-04 +7.4125595521410670e+00 
+1.7906788764062500e-04 +7.3515533552086803e+00 
+1.0373230562500001e-05 +7.8213199615653961e+00 
+2.1916026650390625e-04 +8.8805396421838498e+00 
+8.8355300062499997e-05 +8.7073530083077202e+00 
+3.3606295946289064e-05 +1.0604181086199176e+01 
+1.0662046770410158e-04 +8.1676570869498590e+00 
+2.2448051753906251e-05 +6.2753285453719272e+00 
+7.6321486899316412e-04 +7.2629530671494056e+00 
+7.2756101954101567e-05 +9.8260975014525229e+00 
+9.6453336687890622e-04 +1.0351608710961246e+01 
+2.5519762969628907e-04 +8.2966508476759770e+00 
+9.7255879951562499e-06 +7.0136242472251631e+00 
+4.2507615189062500e-04 +1.0450327881656008e+01 
+3.2343324806249999e-04 +8.0538806853192373e+00 
+4.4576008856347661e-04 +9.3057357952818940e+00 
+3.1757451390625000e-05 +8.7328897499446025e+00 
+3.4435065097265620e-04 +6.1561573864507499e+00 
+2.3708493094140625e-04 +7.5126747422628055e+00 
+4.0852747050390632e-06 +8.8017899134610627e+00 
+4.3381469629785149e-04 +8.3724277318198865e+00 
+8.7341675064062498e-04 +6.8630408554741997e+00 
+1.0932140109765625e-04 +8.2238489215875781e+00 
+3.6563893284765632e-04 +1.1349323688841217e+01 
+7.7127915062499998e-05 +8.4617821993863380e+00 
+2.5275932129003909e-04 +8.3552273363823399e+00 
+1.1647075860351562e-05 +2.6461515178942010e+00 
+9.3924566532226558e-05 +3.0242995507712362e+00 
+1.7382115201562500e-04 +2.4652986328762019e+00 
+2.0409292107446289e-04 +2.8003916699247613e+00 
+1.5180858112890625e-04 +2.6081081708406022e+00 
+4.4766971910156249e-05 +2.5945124162712982e+00 
+2.5933076406250002e-06 +2.7148311018671309e+00 
+5.4790066625976562e-05 +2.9799318816215670e+00 
+2.2088825015624999e-05 +2.9363252999133898e+00 
+8.4015739865722661e-06 +3.4161687529364060e+00 
+2.6655116926025395e-05 +2.8015556578978593e+00 
+5.6120129384765627e-06 +2.3256339199727449e+00 
+1.9080371724829103e-04 +2.5697409386755399e+00 
+1.8189025488525392e-05 +3.2183962421535433e+00 
+2.4113334171972655e-04 +3.3479560125711494e+00 
+6.3799407424072266e-05 +2.8330945262902443e+00 
+2.4313969987890625e-06 +2.5109247743556606e+00 
+1.0626903797265625e-04 +3.3771126704897809e+00 
+8.0858312015624997e-05 +2.7712550344748923e+00 
+1.1144002214086915e-04 +3.0862074448334256e+00 
+7.9393628476562500e-06 +2.9430676766440764e+00 
+8.6087662743164050e-05 +2.2936138951426468e+00 
+5.9271232735351562e-05 +2.6355243158689716e+00 
+1.0213186762597658e-06 +2.9606285985551803e+00 
+1.0845367407446287e-04 +2.8516407002423914e+00 
+2.1835418766015624e-04 +2.4704567200530727e+00 
+2.7330350274414062e-05 +2.8155120033532421e+00 
+9.1409733211914081e-05 +3.6020406046497708e+00 
+1.9281978765625000e-05 +2.8752741370259067e+00 
+6.3189830322509771e-05 +2.8476698840739463e+00 
+2.9117689650878905e-06 +1.4114377864347198e+00 
+2.3481141633056639e-05 +1.5051319156903782e+00 
+4.3455288003906249e-05 +1.3642801960964279e+00 
+5.1023230268615722e-05 +1.4482124053369665e+00 
+3.7952145282226562e-05 +1.4002192144587768e+00 
+1.1191742977539062e-05 +1.3978893037797908e+00 
+6.4832691015625005e-07 +1.4290297286996749e+00 
+1.3697516656494140e-05 +1.4943770741810334e+00 
+5.5222062539062498e-06 +1.4838971205476827e+00 
+2.1003934966430665e-06 +1.6045344297343040e+00 
+6.6637792315063489e-06 +1.4501247934535666e+00 
+1.4030032346191407e-06 +1.3314119637115334e+00 
+4.7700929312072757e-05 +1.3902995438939785e+00 
+4.5472563721313479e-06 +1.5546581162375583e+00 
+6.0283335429931639e-05 +1.5851625974091974e+00 
+1.5949851856018067e-05 +1.4574951260727393e+00 
+6.0784924969726562e-07 +1.3779307489218815e+00 
+2.6567259493164063e-05 +1.5935626163760512e+00 
+2.0214578003906249e-05 +1.4417842478338989e+00 
+2.7860005535217288e-05 +1.5204459552163736e+00 
+1.9848407119140625e-06 +1.4859174350648521e+00 
+2.1521915685791012e-05 +1.3220286147930322e+00 
+1.4817808183837890e-05 +1.4080214779579225e+00 
+2.5532966906494145e-07 +1.4906282854924486e+00 
+2.7113418518615718e-05 +1.4617046655049799e+00 
+5.4588546915039061e-05 +1.3653245878358700e+00 
+6.8325875686035155e-06 +1.4535985525125492e+00 
+2.2852433302978520e-05 +1.6499567518038154e+00 
+4.8204946914062499e-06 +1.4687020894658915e+00 
+1.5797457580627443e-05 +1.4611431397256736e+00 
+7.2794224127197261e-07 +1.1025041361371983e+00 
+5.8702854082641599e-06 +1.1252484146099655e+00 
+1.0863822000976562e-05 +1.0895844981512859e+00 
+1.2755807567153930e-05 +1.1104843723252498e+00 
+9.4880363205566405e-06 +1.0986803281056476e+00 
+2.7979357443847656e-06 +1.0987404885826300e+00 
+1.6208172753906251e-07 +1.1071133162686648e+00 
+3.4243791641235351e-06 +1.1228097793595990e+00 
+1.3805515634765625e-06 +1.1204877797877957e+00 
+5.2509837416076663e-07 +1.1508770248108016e+00 
+1.6659448078765872e-06 +1.1119900688054052e+00 
+3.5075080865478517e-07 +1.0826076726864098e+00 
+1.1925232328018189e-05 +1.0960250312474247e+00 
+1.1368140930328370e-06 +1.1382420735102117e+00 
+1.5070833857482910e-05 +1.1446340291725592e+00 
+3.9874629640045166e-06 +1.1135146586661442e+00 
+1.5196231242431640e-07 +1.0943347807808510e+00 
+6.6418148732910157e-06 +1.1473228374259690e+00 
+5.0536445009765623e-06 +1.1094670451362896e+00 
+6.9650013838043220e-06 +1.1289823567531219e+00 
+4.9621017797851562e-07 +1.1212040541184976e+00 
+5.3804789214477531e-06 +1.0794586166624818e+00 
+3.7044520459594726e-06 +1.1011640865447168e+00 
+6.3832417266235362e-08 +1.1225844806516556e+00 
+6.7783546296539296e-06 +1.1142950979935764e+00 
+1.3647136728759765e-05 +1.0896667594584168e+00 
+1.7081468921508789e-06 +1.1128512490838101e+00 
+5.7131083257446301e-06 +1.1615140213810697e+00 
+1.2051236728515625e-06 +1.1167233596397979e+00 
+3.9493643951568607e-06 +1.1144312771318747e+00 
+1.8198556031799315e-07 +1.0254201211504748e+00 
+1.4675713520660400e-06 +1.0307278127865402e+00 
+2.7159555002441406e-06 +1.0215924145384077e+00 
+3.1889518917884826e-06 +1.0267553828374396e+00 
+2.3720090801391601e-06 +1.0239207899329863e+00 
+6.9948393609619139e-07 +1.0242790558774968e+00 
+4.0520431884765628e-08 +1.0266826951230210e+00 
+8.5609479103088377e-07 +1.0302563408957544e+00 
+3.4513789086914061e-07 +1.0298392953191240e+00 
+1.3127459354019166e-07 +1.0375484104709707e+00 
+4.1648620196914680e-07 +1.0276862300478815e+00 
+8.7687702163696292e-08 +1.0205086570244133e+00 
+2.9813080820045473e-06 +1.0231653967541565e+00 
+2.8420352325820924e-07 +1.0343058739929791e+00 
+3.7677084643707274e-06 +1.0352252110851667e+00 
+9.9686574100112916e-07 +1.0278958580043953e+00 
+3.7990578106079101e-08 +1.0234904001795966e+00 
+1.6604537183227539e-06 +1.0362132482731299e+00 
+1.2634111252441406e-06 +1.0268221920676286e+00 
+1.7412503459510805e-06 +1.0316093703557294e+00 
+1.2405254449462891e-07 +1.0301325866083444e+00 
+1.3451197303619383e-06 +1.0192979643091340e+00 
+9.2611301148986815e-07 +1.0248240106666950e+00 
+1.5958104316558841e-08 +1.0305873541467578e+00 
+1.6945886574134824e-06 +1.0279437317793361e+00 
+3.4117841821899413e-06 +1.0215159916763255e+00 
+4.2703672303771972e-07 +1.0278976186654898e+00 
+1.4282770814361575e-06 +1.0398079575665047e+00 
+3.0128091821289062e-07 +1.0289167607199352e+00 
+9.8734109878921518e-07 +1.0281274183711002e+00 
