Dim = 2
+0.0000000000000000e+00 +1.0000000000000000e+00 
+1.0000000000000000e+00 +1.0909090909090910e+01 
+1.0000000000000000e+00 +9.7971743931788257e-16 
+0.0000000000000000e+00 +1.1000000000000000e+01 
+1.0000000000000000e+00 +5.8333333333333339e+00 
+5.0000000000000000e-01 +7.5000000000000022e-01 
+5.0000000000000000e-01 +5.9583333333333339e+00 
+7.5000000000000000e-01 +4.3750000000000056e-01 
+5.0000000000000000e-01 +3.4285714285714288e+00 
+2.5000000000000000e-01 +9.3750000000000011e-01 
+1.0000000000000000e+00 +3.2142857142857153e+00 
+7.5000000000000000e-01 +3.3392857142857149e+00 
+1.0000000000000000e+00 +1.8055555555555567e+00 
+8.7500000000000000e-01 +2.3437499999999925e-01 
+7.5000000000000000e-01 +2.0000000000000004e+00 
+6.2500000000000000e-01 +6.0937499999999967e-01 
+0.0000000000000000e+00 +6.0000000000000000e+00 
+2.5000000000000000e-01 +3.4821428571428572e+00 
+0.0000000000000000e+00 +3.5000000000000000e+00 
+5.0000000000000000e-01 +2.1388888888888893e+00 
+3.7500000000000000e-01 +8.5937499999999989e-01 
+2.5000000000000000e-01 +2.2222222222222223e+00 
+1.2500000000000000e-01 +9.8437500000000000e-01 
+8.7500000000000000e-01 +1.9097222222222214e+00 
+9.3750000000000000e-01 +1.0585937500000000e+00 
+8.7500000000000000e-01 +1.1538461538461533e+00 
+8.1250000000000000e-01 -4.7265625000000000e-01 
+8.1250000000000000e-01 +4.0625000000000000e-01 
+7.5000000000000000e-01 +1.2788461538461544e+00 
+6.8750000000000000e-01 +1.2148437500000000e+00 
+8.4375000000000000e-01 -3.0853540912615052e-01 
+8.1250000000000000e-01 -2.9761904761905281e-03 
+7.8125000000000000e-01 -1.6277873530199038e-01 
+7.5000000000000000e-01 +8.8392857142857206e-01 
+7.1875000000000000e-01 +9.9163143647783192e-01 
+7.8125000000000000e-01 +2.9504306529324764e-01 
+7.6562500000000000e-01 +1.2082635647047962e-01 
+7.5000000000000000e-01 +6.6976351351351404e-01 
+7.3437500000000000e-01 +7.4172650501811233e-01 
+7.6562500000000000e-01 +3.5629009169007414e-01 
+7.7343750000000000e-01 -2.7904418507349094e-02 
+7.6562500000000000e-01 +2.4142828695055205e-01 
+7.5781250000000000e-01 +2.7787833019090386e-01 
+7.9687500000000000e-01 -3.7122626809493131e-01 
+7.8125000000000000e-01 +7.5951205576388056e-02 
+7.9687500000000000e-01 -1.2916413760506626e-01 
+8.0468750000000000e-01 -4.3674762798072420e-01 
+7.9687500000000000e-01 -2.4708606768732236e-01 
+7.8906250000000000e-01 -2.7870111986372681e-01 
+6.2500000000000000e-01 +2.0763888888888884e+00 
+6.2500000000000000e-01 +1.3846153846153844e+00 
+5.6250000000000000e-01 +1.2109375000000000e-01 
+5.6250000000000000e-01 +8.6778846153846156e-01 
+5.0000000000000000e-01 +1.4711538461538463e+00 
+4.3750000000000000e-01 +1.2460937500000000e+00 
+5.9375000000000000e-01 +2.2761628617048679e-01 
+5.6250000000000000e-01 +5.0892857142857151e-01 
+5.3125000000000000e-01 +3.4212295999464648e-01 
+5.0000000000000000e-01 +1.1220238095238098e+00 
+4.6875000000000000e-01 +1.1117297411811946e+00 
+5.3125000000000000e-01 +7.2181976058988451e-01 
+5.1562500000000000e-01 +5.3680971456175064e-01 
+5.0000000000000000e-01 +9.4003378378378399e-01 
+4.8437500000000000e-01 +9.5074314692684081e-01 
+5.4687500000000000e-01 +1.9568111503289021e-01 
+5.3125000000000000e-01 +5.3651168465680865e-01 
+5.1562500000000000e-01 +7.2898797680837224e-01 
+5.2343750000000000e-01 +4.3520688974755228e-01 
+5.1562500000000000e-01 +6.3420059431718545e-01 
+5.0781250000000000e-01 +6.4305716069493546e-01 
+5.7812500000000000e-01 +1.3165362964191230e-01 
+5.6250000000000000e-01 +3.2010135135135137e-01 
+5.7031250000000000e-01 +1.1538954711378246e-01 
+5.6250000000000000e-01 +2.2214673913043487e-01 
+5.5468750000000000e-01 +1.4829244212008308e-01 
+7.7343750000000000e-01 +9.3568810942379219e-02 
+5.7031250000000000e-01 +2.1708384766858327e-01 
+7.7734375000000000e-01 -9.7404960150646536e-02 
+7.7343750000000000e-01 +3.3647012560555023e-02 
+7.6953125000000000e-01 +4.5067135137808134e-02 
+5.7421875000000000e-01 +1.2077974373970823e-01 
+5.7031250000000000e-01 +1.6667972935649855e-01 
+5.6640625000000000e-01 +1.1550511086926341e-01 
+7.6953125000000000e-01 +1.0639197892452103e-01 
+7.7148437500000000e-01 +8.1896248411674200e-03 
+7.6953125000000000e-01 +7.5942797872033396e-02 
+7.6757812500000000e-01 +8.2641885072068988e-02 
+5.7226562500000000e-01 +1.1739651306445020e-01 
+5.7031250000000000e-01 +1.4115176162827009e-01 
+5.6835937500000000e-01 +1.1475987788134512e-01 
+7.6757812500000000e-01 +1.1346003503334311e-01 
+5.6835937500000000e-01 +1.4047948763518397e-01 
+5.6640625000000000e-01 +1.6662836425419050e-01 
+5.6640625000000000e-01 +1.4118226201943707e-01 
+5.6445312500000000e-01 +1.1761945318692413e-01 
+7.7148437500000000e-01 +3.9122946505327300e-02 
+7.7539062500000000e-01 -6.3130277360343157e-02 
+7.7343750000000000e-01 +3.0867082437286116e-03 
+5.6445312500000000e-01 +1.4325429189041586e-01 
+5.6250000000000000e-01 +1.7205122180451143e-01 
+5.5859375000000000e-01 +1.3206905404639002e-01 
+5.6250000000000000e-01 +1.4668642241379315e-01 
+5.6054687500000000e-01 +1.2591552918772564e-01 
+7.7539062500000000e-01 -3.2081199365364271e-02 
+7.7734375000000000e-01 -3.5625794524178134e-02 
+7.7929687500000000e-01 -1.3064741427531235e-01 
+7.7734375000000000e-01 -6.6297784754783304e-02 
+5.6054687500000000e-01 +1.5146618146880367e-01 
+5.5859375000000000e-01 +1.8286189154785848e-01 
+5.5859375000000000e-01 +1.5757783235173611e-01 
+5.5664062500000000e-01 +1.3953538385749498e-01 
+7.7929687500000000e-01 -9.9481995321581279e-02 
+7.8125000000000000e-01 -4.0425361207787447e-02 
+7.8515625000000000e-01 -2.2340432568714885e-01 
+7.8125000000000000e-01 -1.0077068783958425e-01 
+7.8320312500000000e-01 -1.9372237186003538e-01 
+7.8125000000000000e-01 -1.3155492663340818e-01 
+5.5664062500000000e-01 +1.6500243434409226e-01 
+5.5468750000000000e-01 +2.4871296550097083e-01 
+5.5468750000000000e-01 +1.9892179259588191e-01 
+5.5078125000000000e-01 +1.6957522035843209e-01 
+5.5468750000000000e-01 +1.7371791094491545e-01 
+5.5273437500000000e-01 +1.5831509222840634e-01 
+7.8320312500000000e-01 -1.6244002731961857e-01 
+7.8515625000000000e-01 -1.6116624911143218e-01 
+7.8710937500000000e-01 -2.5175334631191282e-01 
+7.8515625000000000e-01 -1.9206329911791387e-01 
+5.5273437500000000e-01 +1.8369912554845685e-01 
+5.5078125000000000e-01 +2.2004223108593440e-01 
+5.5078125000000000e-01 +1.9491796433068420e-01 
+5.4882812500000000e-01 +1.8204182530970958e-01 
+7.8710937500000000e-01 -2.2035349155687645e-01 
+7.8906250000000000e-01 -1.5545875545023052e-01 
+7.9296875000000000e-01 -3.2813544106529680e-01 
+7.8906250000000000e-01 -2.1623186689732646e-01 
+7.9101562500000000e-01 -3.0418245151388612e-01 
+7.8906250000000000e-01 -2.4724229076590593e-01 
+5.4882812500000000e-01 +2.0734342609114659e-01 
+5.4687500000000000e-01 +3.9234628606329564e-01 
+5.4687500000000000e-01 +2.9547801833904969e-01 
+5.3906250000000000e-01 +2.6119753321190931e-01 
+5.4687500000000000e-01 +2.4598693328946922e-01 
+5.4296875000000000e-01 +2.2632925002179177e-01 
+5.4687500000000000e-01 +2.2094171878049571e-01 
+5.4492187500000000e-01 +2.1045660955773321e-01 
+7.9101562500000000e-01 -2.7266450191629721e-01 
+7.9296875000000000e-01 -2.6543386443083966e-01 
+7.9492187500000000e-01 -3.5050165122312804e-01 
+7.9296875000000000e-01 -2.9655822481095651e-01 
+5.4492187500000000e-01 +2.3567636242849035e-01 
+5.4296875000000000e-01 +2.7647502308482030e-01 
+5.4296875000000000e-01 +2.5150829817268372e-01 
+5.4101562500000000e-01 +2.4325751348618108e-01 
+7.9492187500000000e-01 -3.1886502215505313e-01 
+8.0078125000000000e-01 -4.0755048857461995e-01 
+7.9687500000000000e-01 -3.0829122051504404e-01 
+7.9882812500000000e-01 -3.9025825348604604e-01 
+7.9687500000000000e-01 -3.3953008005613827e-01 
+5.4101562500000000e-01 +2.6839600307419131e-01 
+5.3906250000000000e-01 +3.6037966211815931e-01 
+5.3906250000000000e-01 +3.1118440835876082e-01 
+5.3515625000000000e-01 +2.9992641265353526e-01 
+5.3906250000000000e-01 +2.8629561039402140e-01 
+5.3710937500000000e-01 +2.8010322405824739e-01 
+7.9882812500000000e-01 -3.5850236031955129e-01 
+8.0078125000000000e-01 -3.4438082277192955e-01 
+8.0273437500000000e-01 -4.2305990857022968e-01 
+8.0078125000000000e-01 -3.7573474412344066e-01 
+5.3710937500000000e-01 +3.0516103499144454e-01 
+5.3515625000000000e-01 +3.4975553716158275e-01 
+5.3515625000000000e-01 +3.2494410349480080e-01 
+5.3320312500000000e-01 +3.2061697197870337e-01 
+8.0273437500000000e-01 -3.9118416667738204e-01 
+8.0468750000000000e-01 -3.1170074590418434e-01 
+8.0859375000000000e-01 -4.5852400262165904e-01 
+8.0468750000000000e-01 -3.7334219667785773e-01 
+8.0664062500000000e-01 -4.4857905613370019e-01 
+8.0468750000000000e-01 -4.0481174248922508e-01 
+5.3320312500000000e-01 +3.4559468888502076e-01 
+5.3125000000000000e-01 +4.4069916017580590e-01 
+5.3125000000000000e-01 +3.9179548114126311e-01 
+5.2734375000000000e-01 +3.8736523589026550e-01 
+5.3125000000000000e-01 +3.6706084912299902e-01 
+5.2929687500000000e-01 +3.6439076193644193e-01 
+8.0664062500000000e-01 -4.1658288088656631e-01 
+8.0859375000000000e-01 -3.9488165854124324e-01 
+8.1054687500000000e-01 -4.6655677236356752e-01 
+8.0859375000000000e-01 -4.2646739146190699e-01 
+5.2929687500000000e-01 +3.8928896944381275e-01 
+5.2734375000000000e-01 +4.3688230095282415e-01 
+5.2734375000000000e-01 +4.1222390793363828e-01 
+5.2539062500000000e-01 +4.1098986126276493e-01 
+8.1054687500000000e-01 -4.3443957913421383e-01 
+8.2812500000000000e-01 -4.5087875348590956e-01 
+8.1250000000000000e-01 -2.2719594594594611e-01 
+8.2031250000000000e-01 -4.7746302298702492e-01 
+8.1250000000000000e-01 -3.4669384057971014e-01 
+8.1640625000000000e-01 -4.7899419579878566e-01 
+8.1250000000000000e-01 -4.0877584586466154e-01 
+8.1445312500000000e-01 -4.7680597336436892e-01 
+8.1250000000000000e-01 -4.4047832854406122e-01 
+5.2539062500000000e-01 +4.3580914399912291e-01 
+5.2343750000000000e-01 +5.3318600687843998e-01 
+5.2343750000000000e-01 +4.8456964600342628e-01 
+5.1953125000000000e-01 +4.8518194434430606e-01 
+5.2343750000000000e-01 +4.5998692933387891e-01 
+5.2148437500000000e-01 +4.5995749838947253e-01 
+8.1445312500000000e-01 -4.4456717752486191e-01 
+8.1640625000000000e-01 -4.1487458433115176e-01 
+8.1835937500000000e-01 -4.7921393710985016e-01 
+8.1640625000000000e-01 -4.4669437941872692e-01 
+5.2148437500000000e-01 +4.8469844098275106e-01 
+5.1953125000000000e-01 +5.3439153907086856e-01 
+5.1953125000000000e-01 +5.0988393610152005e-01 
+5.1757812500000000e-01 +5.1081972092963923e-01 
+8.1835937500000000e-01 -4.4685295403225644e-01 
+0.0000000000000000e+00 +2.2500000000000000e+00 
+3.7500000000000000e-01 +2.1874999999999996e+00 
+1.2500000000000000e-01 +2.2430555555555554e+00 
+6.2500000000000000e-02 +9.3359375000000000e-01 
+0.0000000000000000e+00 +1.6250000000000000e+00 
+3.7500000000000000e-01 +1.5384615384615381e+00 
+3.1250000000000000e-01 +5.8984375000000000e-01 
+6.2500000000000000e-02 +1.5600961538461540e+00 
+3.1250000000000000e-01 +1.2524038461538463e+00 
+9.3750000000000000e-02 +9.2491967676376119e-01 
+6.2500000000000000e-02 +1.2470238095238095e+00 
+3.1250000000000000e-02 +9.7692635058792043e-01 
+3.4375000000000000e-01 +6.3876798146712399e-01 
+3.1250000000000000e-01 +9.2559523809523803e-01 
+2.8125000000000000e-01 +7.2202465529128357e-01 
+3.2812500000000000e-01 +5.8918601276973404e-01 
+3.1250000000000000e-01 +7.5929054054054057e-01 
+2.9687500000000000e-01 +6.3758849816071184e-01 
+9.3750000000000000e-02 +1.2395123106923327e+00 
+2.8125000000000000e-01 +1.0533583606484265e+00 
+1.0937500000000000e-01 +9.4618110896006824e-01 
+9.3750000000000000e-02 +1.0823573879124098e+00 
+7.8125000000000000e-02 +9.2171839589755566e-01 
+2.8125000000000000e-01 +8.8896405562912140e-01 
+2.6562500000000000e-01 +8.2779307265302293e-01 
+7.8125000000000000e-02 +1.0787931953063394e+00 
+3.2812500000000000e-01 +7.5998547434067998e-01 
+2.6562500000000000e-01 +9.9357775381856350e-01 
+8.5937500000000000e-02 +9.2116032628650002e-01 
+7.8125000000000000e-02 +1.0002856796384978e+00 
+7.0312500000000000e-02 +9.2609468731539790e-01 
+3.3593750000000000e-01 +6.0782417321086357e-01 
+3.2812500000000000e-01 +6.7511289795995144e-01 
+3.2031250000000000e-01 +5.8324211721459018e-01 
+3.2031250000000000e-01 +6.6880190689982566e-01 
+5.1562500000000000e-01 +5.8586729503637480e-01 
+5.1171875000000000e-01 +5.8959980870963047e-01 
+3.2421875000000000e-01 +5.8462420267276038e-01 
+3.2031250000000000e-01 +6.2616176374302079e-01 
+3.1640625000000000e-01 +5.8500441753731269e-01 
+5.1562500000000000e-01 +5.6143424311778500e-01 
+5.1367187500000000e-01 +5.6309036217352748e-01 
+3.2226562500000000e-01 +5.8353713886308634e-01 
+3.2031250000000000e-01 +6.0473888632677886e-01 
+3.1835937500000000e-01 +5.8373369287254040e-01 
+5.1367187500000000e-01 +5.8767637836444730e-01 
+3.1835937500000000e-01 +6.0520656531795014e-01 
+3.1640625000000000e-01 +6.2783056095983381e-01 
+5.1757812500000000e-01 +5.3548290800777187e-01 
+3.1640625000000000e-01 +6.0645353947292691e-01 
+3.1445312500000000e-01 +5.8704487973821728e-01 
+2.7343750000000000e-01 +7.7331819800245261e-01 
+2.6562500000000000e-01 +9.1103087269831284e-01 
+2.5781250000000000e-01 +8.8323599119896690e-01 
+8.5937500000000000e-02 +9.9982048961303982e-01 
+2.5781250000000000e-01 +9.6617746113782554e-01 
+8.9843750000000000e-02 +9.2247794266662908e-01 
+8.5937500000000000e-02 +9.6050046741079509e-01 
+8.2031250000000000e-02 +9.2092577030736145e-01 
+2.6171875000000000e-01 +8.5553035302324631e-01 
+2.5781250000000000e-01 +9.2479726131762297e-01 
+2.5390625000000000e-01 +9.1064445167413510e-01 
+8.2031250000000000e-02 +9.6024124496813457e-01 
+2.5390625000000000e-01 +9.5213057512485177e-01 
+8.3984375000000000e-02 +9.2091082352536779e-01 
+8.2031250000000000e-02 +9.4058593076668251e-01 
+8.0078125000000000e-02 +9.2119772628308361e-01 
+2.5585937500000000e-01 +8.9699361273700706e-01 
+2.5390625000000000e-01 +9.3141072818350423e-01 
+2.5195312500000000e-01 +9.2415686891945925e-01 
+8.3984375000000000e-02 +9.4057719565648157e-01 
+2.5585937500000000e-01 +9.1777896273270421e-01 
+8.0078125000000000e-02 +9.4085182122759536e-01 
+7.8125000000000000e-02 +9.6101035137217972e-01 
+7.4218750000000000e-02 +9.2346866160581265e-01 
+2.5976562500000000e-01 +8.6940392177317560e-01 
+2.5781250000000000e-01 +9.0404056083797557e-01 
+7.8125000000000000e-02 +9.4136657148424152e-01 
+7.6171875000000000e-02 +9.2247866861887151e-01 
+2.5976562500000000e-01 +8.9022785721247910e-01 
+2.6171875000000000e-01 +8.9716791708721488e-01 
+7.6171875000000000e-02 +9.4212107100471465e-01 
+7.4218750000000000e-02 +9.6273824517166096e-01 
+2.6367187500000000e-01 +8.4164876302158276e-01 
+2.6171875000000000e-01 +8.7637380041982793e-01 
+7.4218750000000000e-02 +9.4310543694779658e-01 
+7.2265625000000000e-02 +9.2467776466172236e-01 
+2.6367187500000000e-01 +8.6251186853242601e-01 
+2.6953125000000000e-01 +8.0029675355080532e-01 
+2.6562500000000000e-01 +8.6950807793967710e-01 
+7.2265625000000000e-02 +9.4430905911683050e-01 
+7.0312500000000000e-02 +1.0045779371455610e+00 
+7.0312500000000000e-02 +9.6534304624984335e-01 
+6.6406250000000000e-02 +9.2950372420536187e-01 
+2.6757812500000000e-01 +8.1399755678720964e-01 
+2.6562500000000000e-01 +8.4867598243511111e-01 
+7.0312500000000000e-02 +9.4572064704061332e-01 
+6.8359375000000000e-02 +9.2770750786373568e-01 
+2.6757812500000000e-01 +8.3490041699752604e-01 
+2.6953125000000000e-01 +8.4209034733751820e-01 
+6.8359375000000000e-02 +9.4732827901604200e-01 
+6.6406250000000000e-02 +9.6873200578577778e-01 
+2.7148437500000000e-01 +7.8672537193777781e-01 
+2.6953125000000000e-01 +8.2121971034633323e-01 
+6.6406250000000000e-02 +9.4911945294174249e-01 
+6.4453125000000000e-02 +9.3147030628951033e-01 
+2.7148437500000000e-01 +8.0766857147550064e-01 
+2.7343750000000000e-01 +8.5686117382899252e-01 
+2.7734375000000000e-01 +7.4713543193117649e-01 
+2.7343750000000000e-01 +8.1519152756659741e-01 
+6.4453125000000000e-02 +9.5108113876694844e-01 
+6.2500000000000000e-02 +1.0903716216216217e+00 
+4.6875000000000000e-02 +9.5449588128853347e-01 
+6.2500000000000000e-02 +1.0120018115942029e+00 
+5.4687500000000000e-02 +9.4337258232169829e-01 
+6.2500000000000000e-02 +9.7280310150375937e-01 
+5.8593750000000000e-02 +9.3825516738248849e-01 
+2.7539062500000000e-01 +7.6010999988587302e-01 
+2.7343750000000000e-01 +7.9428178643935388e-01 
+6.2500000000000000e-02 +9.5319983237547901e-01 
+6.0546875000000000e-02 +9.3586013229031184e-01 
+2.7539062500000000e-01 +7.8109412337893602e-01 
+2.7734375000000000e-01 +7.8908964455012609e-01 
+6.0546875000000000e-02 +9.5546161072081492e-01 
+5.8593750000000000e-02 +9.7744673608696453e-01 
+2.7929687500000000e-01 +7.3442893814819610e-01 
+2.7734375000000000e-01 +7.6814023663738451e-01 
+5.8593750000000000e-02 +9.5785218802499927e-01 
+5.6640625000000000e-02 +9.4076426383988543e-01 
+2.7929687500000000e-01 +7.5545457022453266e-01 
+2.8906250000000000e-01 +6.7609618628754553e-01 
+2.8125000000000000e-01 +8.0588165257389222e-01 
+2.8515625000000000e-01 +6.9825715099421970e-01 
+2.8125000000000000e-01 +7.6406089824241141e-01 
+5.6640625000000000e-02 +9.6035697285138721e-01 
+5.4687500000000000e-02 +1.0217143013547598e+00 
+5.4687500000000000e-02 +9.8254751550426422e-01 
+5.0781250000000000e-02 +9.4882663822453628e-01 
+2.8320312500000000e-01 +7.0995631581744334e-01 
+2.8125000000000000e-01 +7.4307126089473197e-01 
+5.4687500000000000e-02 +9.6296112585917437e-01 
+5.2734375000000000e-02 +9.4606509382567838e-01 
+2.8320312500000000e-01 +7.3102404110498664e-01 
+2.8515625000000000e-01 +7.4037657155489878e-01 
+5.2734375000000000e-02 +9.6564961804611216e-01 
+5.0781250000000000e-02 +9.8798608316256498e-01 
+2.8710937500000000e-01 +6.8695979442840860e-01 
+2.8515625000000000e-01 +7.1934614212284165e-01 
+5.0781250000000000e-02 +9.6840728928491104e-01 
+4.8828125000000000e-02 +9.5164198290121971e-01 
+2.8710937500000000e-01 +7.0807019755509237e-01 
+2.8906250000000000e-01 +7.6027605070104198e-01 
+2.9296875000000000e-01 +6.5579394110888045e-01 
+2.8906250000000000e-01 +7.1829993173514894e-01 
+4.8828125000000000e-02 +9.7121890695851887e-01 
+4.6875000000000000e-02 +1.1110428090756956e+00 
+4.6875000000000000e-02 +1.0327801034352726e+00 
+3.9062500000000000e-02 +9.6599483936318187e-01 
+4.6875000000000000e-02 +9.9364098525939815e-01 
+4.2968750000000000e-02 +9.6025863219596908e-01 
+2.9101562500000000e-01 +6.6569747848624894e-01 
+2.8906250000000000e-01 +6.9722814756927443e-01 
+4.6875000000000000e-02 +9.7406922449974043e-01 
+4.4921875000000000e-02 +9.5737313111945466e-01 
+2.9101562500000000e-01 +6.8685114408000636e-01 
+2.9296875000000000e-01 +6.9808315872078130e-01 
+4.4921875000000000e-02 +9.7694303964155271e-01 
+4.2968750000000000e-02 +9.9939054247704284e-01 
+2.9492187500000000e-01 +6.4641487033859391e-01 
+2.9296875000000000e-01 +6.7696945717164991e-01 
+4.2968750000000000e-02 +9.7982525218594163e-01 
+4.1015625000000000e-02 +9.6313744348631691e-01 
+2.9492187500000000e-01 +6.6761238302735870e-01 
+2.9687500000000000e-01 +8.0574860162354978e-01 
+3.0468750000000000e-01 +6.0833251222089069e-01 
+2.9687500000000000e-01 +7.2210007537991461e-01 
+3.0078125000000000e-01 +6.2170092929148413e-01 
+2.9687500000000000e-01 +6.7996433521428323e-01 
+4.1015625000000000e-02 +9.8270092110114726e-01 
+3.9062500000000000e-02 +1.0442304102984175e+00 
+3.9062500000000000e-02 +1.0051147032318377e+00 
+3.5156250000000000e-02 +9.7158788933490381e-01 
+2.9882812500000000e-01 +6.2934190410546442e-01 
+2.9687500000000000e-01 +6.5880815363245504e-01 
+3.9062500000000000e-02 +9.8555532075985319e-01 
+3.7109375000000000e-02 +9.6881636479856981e-01 
+2.9882812500000000e-01 +6.5058384851716977e-01 
+3.0078125000000000e-01 +6.6416453306409906e-01 
+3.7109375000000000e-02 +9.8837399613406585e-01 
+3.5156250000000000e-02 +1.0106968540685153e+00 
+3.0273437500000000e-01 +6.1469009302704236e-01 
+3.0078125000000000e-01 +6.4296530880013480e-01 
+3.5156250000000000e-02 +9.9114281676620763e-01 
+3.3203125000000000e-02 +9.7429565965618303e-01 
+3.0273437500000000e-01 +6.3597705378962166e-01 
+3.0468750000000000e-01 +6.9318464792061918e-01 
+3.0859375000000000e-01 +5.9766211071443931e-01 
+3.0468750000000000e-01 +6.5088502998992270e-01 
+3.3203125000000000e-02 +9.9384802934027816e-01 
+3.1250000000000000e-02 +1.2896588654688728e+00 
+3.1250000000000000e-02 +1.1333083184933257e+00 
+1.5625000000000000e-02 +9.9377643074429545e-01 
+3.1250000000000000e-02 +1.0551221159864710e+00 
+2.3437500000000000e-02 +9.8642950625735304e-01 
+3.1250000000000000e-02 +1.0160255634638602e+00 
+2.7343750000000000e-02 +9.8190562797208780e-01 
+3.0664062500000000e-01 +6.0264982384869026e-01 
+3.0468750000000000e-01 +6.2964220039438201e-01 
+3.1250000000000000e-02 +9.9647630868179016e-01 
+2.9296875000000000e-02 +9.7946711435995060e-01 
+3.0664062500000000e-01 +6.2398238559007702e-01 
+3.0859375000000000e-01 +6.4030468975726118e-01 
+2.9296875000000000e-02 +9.9901480702057821e-01 
+2.7343750000000000e-02 +1.0209962362677292e+00 
+3.1054687500000000e-01 +5.9338783073901880e-01 
+3.0859375000000000e-01 +6.1901769218070479e-01 
+2.7343750000000000e-02 +1.0014512013564567e+00 
+2.5390625000000000e-02 +9.8423013850898122e-01 
+3.1054687500000000e-01 +6.1476657808714630e-01 
+3.1250000000000000e-01 +6.7504528985507228e-01 
+3.1250000000000000e-01 +6.3257753759398494e-01 
+2.5390625000000000e-02 +1.0037737387740748e+00 
+2.3437500000000000e-02 +1.0645943117940380e+00 
+2.3437500000000000e-02 +1.0255126572500692e+00 
+1.9531250000000000e-02 +9.9041156275730469e-01 
+3.1250000000000000e-01 +6.1124580938697326e-01 
+2.3437500000000000e-02 +1.0059712795601548e+00 
+2.1484375000000000e-02 +9.8849324548608308e-01 
+3.1445312500000000e-01 +6.0847039732101937e-01 
+0.0000000000000000e+00 +1.3125000000000000e+00 
+1.5625000000000000e-02 +1.1500594227206469e+00 
+0.0000000000000000e+00 +1.1562500000000000e+00 
+1.5625000000000000e-02 +1.0719191220939333e+00 
+7.8125000000000000e-03 +9.9841482170299900e-01 
+0.0000000000000000e+00 +1.0781250000000000e+00 
+7.8125000000000000e-03 +1.0765442445404083e+00 
+3.9062500000000000e-03 +9.9960186175652510e-01 
+0.0000000000000000e+00 +1.0390625000000000e+00 
+1.1718750000000000e-02 +9.9646089733686172e-01 
+7.8125000000000000e-03 +1.0374796162577453e+00 
+1.5625000000000000e-02 +1.0328481089632804e+00 
+1.9531250000000000e-02 +1.0294884037244687e+00 
+3.9062500000000000e-03 +1.0386649353952118e+00 
+1.1718750000000000e-02 +1.0355285600850408e+00 
+1.7578125000000000e-02 +9.9217539264478016e-01 
+1.5625000000000000e-02 +1.0133123577677630e+00 
+1.3671875000000000e-02 +9.9520716386963759e-01 
+5.8593750000000000e-03 +9.9910591885084754e-01 
+3.9062500000000000e-03 +1.0191334040704920e+00 
+1.9531250000000000e-03 +9.9990035000131361e-01 
+1.1718750000000000e-02 +1.0159947781625622e+00 
+9.7656250000000000e-03 +9.9753177924899161e-01 
+7.8125000000000000e-03 +1.0179472409588659e+00 
+5.8593750000000000e-03 +1.0186378265572726e+00 
+9.7656250000000000e-03 +1.0170648562112836e+00 
+1.9531250000000000e-03 +1.0194316730798052e+00 
+1.3671875000000000e-02 +1.0147419947157299e+00 
+0.0000000000000000e+00 +1.0195312500000000e+00 
+1.9531250000000000e-02 +1.0099501206064725e+00 
+2.1484375000000000e-02 +1.0080333379835762e+00 
+1.7578125000000000e-02 +1.0117125620026062e+00 
