Dim = 30
+0.0000000000000000e+00 +1.0000000000000000e+00 
+2.5216743614553960e-05 +1.0607183597379426e+00 
+1.0086697445821584e-04 +1.2428734331637208e+00 
+2.2695069253098570e-04 +1.5464652097308138e+00 
+4.0346789783286336e-04 +1.9714936828287799e+00 
+6.3041859036385036e-04 +2.5179588505984767e+00 
+9.0780277012394279e-04 +3.1858607134713428e+00 
+1.2356204371131445e-03 +3.9751992724631875e+00 
+1.6138715913314534e-03 +4.8859745285223051e+00 
+2.0425562327788757e-03 +5.9181864823799177e+00 
+2.5216743614554014e-03 +7.0718351345643944e+00 
+3.0512259773610236e-03 +8.3469204854498038e+00 
+3.6312110804957711e-03 +9.7434425353006482e+00 
+4.2616296708596017e-03 +1.1261401284305368e+01 
+4.9424817484525780e-03 +1.2900796732599764e+01 
+5.6737673132746733e-03 +1.4661628880283006e+01 
+6.4554863653258137e-03 +1.6543897727428504e+01 
+7.2876389046061026e-03 +1.8547603274091326e+01 
+8.1702249311155026e-03 +2.0672745520313320e+01 
+9.1032444448540129e-03 +2.2919324466126660e+01 
+1.0086697445821606e-02 +2.5287340111556393e+01 
+1.1120583934018309e-02 +2.7776792456622182e+01 
+1.2204903909444094e-02 +3.0387681501339678e+01 
+1.3339657372099101e-02 +3.3120007245721403e+01 
+1.4524844321983085e-02 +3.5973769689777477e+01 
+1.5760464759096260e-02 +3.8948968833516155e+01 
+1.7046518683438407e-02 +4.2045604676944237e+01 
+1.8383006095009979e-02 +4.5263677220067294e+01 
+1.9769926993810312e-02 +4.8603186462890044e+01 
+2.1207281379839793e-02 +5.2064132405416338e+01 
+4.7706422723999997e-02 +3.6598232630144585e+00 
+3.8471502451599998e-01 +4.2543455140677837e+00 
+7.1197143865599999e-01 +3.2442597013470511e+00 
+8.3596460472099998e-01 +3.7624098998497431e+00 
+6.2180794830399999e-01 +3.5154385979842977e+00 
+1.8336551694400000e-01 +3.5763194069790742e+00 
+1.0622188096000001e-02 +3.7668815502456989e+00 
+2.2442011290000000e-01 +4.1984139472169684e+00 
+9.0475827263999997e-02 +4.1301505588695102e+00 
+3.4412847049000002e-02 +4.9018715545694596e+00 
+1.0917935892900002e-01 +3.9135020277219947e+00 
+2.2986804996000001e-02 +3.1411676029006577e+00 
+7.8153202584900006e-01 +3.3924425662012356e+00 
+7.4502248401000004e-02 +4.5850212505050099e+00 
+9.8768216768399997e-01 +4.6264307625373879e+00 
+2.6132237280900000e-01 +3.9578115443632500e+00 
+9.9590021070399999e-03 +3.4376588981903025e+00 
+4.3527797953600000e-01 +4.8228382945998485e+00 
+3.3119564601599999e-01 +3.8492624705130503e+00 
+4.5645833068900005e-01 +4.3434895398645175e+00 
+3.2519630224000000e-02 +4.1374809994115695e+00 
+3.5261506659599995e-01 +3.0664974552032116e+00 
+2.4277496928400000e-01 +3.6388189107708691e+00 
+4.1833212979600007e-03 +4.1609348491938238e+00 
+4.4422624900899993e-01 +3.9624143380239736e+00 
+8.9437875265599998e-01 +3.1716888433240960e+00 
+1.1194511472400000e-01 +3.9359718947189668e+00 
+3.7441426723600008e-01 +5.1952970039407154e+00 
+7.8978985023999998e-02 +4.0315937835371836e+00 
+2.5882554500100002e-01 +3.9815774509385364e+00 
+1.1926605680999999e-02 +1.6650258286157531e+00 
+9.6178756128999995e-02 +1.8171372822919678e+00 
+1.7799285966400000e-01 +1.5785865611322727e+00 
+2.0899115118025000e-01 +1.7097722840631966e+00 
+1.5545198707600000e-01 +1.6409489832283499e+00 
+4.5841379235999999e-02 +1.6451477291161325e+00 
+2.6555470240000002e-03 +1.6917237073721545e+00 
+5.6105028224999999e-02 +1.8008477321822012e+00 
+2.2618956815999999e-02 +1.7827459606438283e+00 
+8.6032117622500005e-03 +1.9754908171558341e+00 
+2.7294839732250005e-02 +1.7287055342699447e+00 
+5.7467012490000002e-03 +1.5353124426566416e+00 
+1.9538300646225001e-01 +1.6176937075650766e+00 
+1.8625562100250001e-02 +1.8963749640731540e+00 
+2.4692054192099999e-01 +1.9259634388163882e+00 
+6.5330593202250001e-02 +1.7413001740369893e+00 
+2.4897505267600000e-03 +1.6094180857647766e+00 
+1.0881949488400000e-01 +1.9594272733910063e+00 
+8.2798911503999997e-02 +1.7154005038268780e+00 
+1.1411458267225001e-01 +1.8406874957685000e+00 
+8.1299075560000000e-03 +1.7843971050970817e+00 
+8.8153766648999987e-02 +1.5215401684558236e+00 
+6.0693742320999999e-02 +1.6615220994585000e+00 
+1.0458303244900002e-03 +1.7902341527948671e+00 
+1.1105656225224998e-01 +1.7458653797835582e+00 
+2.2359468816399999e-01 +1.5704121274854528e+00 
+2.7986278680999999e-02 +1.7343368182771297e+00 
+9.3603566809000019e-02 +2.0512729333461430e+00 
+1.9744746255999999e-02 +1.7580633728745636e+00 
+6.4706386250250006e-02 +1.7471899318465527e+00 
+2.9816514202499998e-03 +1.1662701909224633e+00 
+2.4044689032249999e-02 +1.2050738599764839e+00 
+4.4498214915999999e-02 +1.1478793861824703e+00 
+5.2247787795062499e-02 +1.1814307081121278e+00 
+3.8862996768999999e-02 +1.1625887301764819e+00 
+1.1460344809000000e-02 +1.1614929554449567e+00 
+6.6388675600000005e-04 +1.1729315931984601e+00 
+1.4026257056250000e-02 +1.2004846367550599e+00 
+5.6547392039999998e-03 +1.1957314830294599e+00 
+2.1508029405625001e-03 +1.2438783518383543e+00 
+6.8237099330625012e-03 +1.1822447135438479e+00 
+1.4366753122500000e-03 +1.1338316676847471e+00 
+4.8845751615562504e-02 +1.1581829260827488e+00 
+4.6563905250625003e-03 +1.2241217581096218e+00 
+6.1730135480249998e-02 +1.2362042127060822e+00 
+1.6332648300562500e-02 +1.1857120241091210e+00 
+6.2243763168999999e-04 +1.1523551481366536e+00 
+2.7204873721000000e-02 +1.2407668434803534e+00 
+2.0699727875999999e-02 +1.1794837782656336e+00 
+2.8528645668062503e-02 +1.2112622215155626e+00 
+2.0324768890000000e-03 +1.1961050825996835e+00 
+2.2038441662249997e-02 +1.1312284429415780e+00 
+1.5173435580250000e-02 +1.1657365909766209e+00 
+2.6145758112250004e-04 +1.1975586338557571e+00 
+2.7764140563062496e-02 +1.1875766272064565e+00 
+5.5898672040999998e-02 +1.1476906139977445e+00 
+6.9965696702499998e-03 +1.1836557207841807e+00 
+2.3400891702250005e-02 +1.2634505781293306e+00 
+4.9361865639999999e-03 +1.1895507914033436e+00 
+1.6176596562562501e-02 +1.1871753730618981e+00 
+7.4541285506249996e-04 +1.0415689199538305e+00 
+6.0111722580624997e-03 +1.0513539893821098e+00 
+1.1124553729000000e-02 +1.0372811561954132e+00 
+1.3061946948765625e-02 +1.0457710837773673e+00 
+9.7157491922499999e-03 +1.0408809178799920e+00 
+2.8650862022499999e-03 +1.0403936157002363e+00 
+1.6597168900000001e-04 +1.0432329658355857e+00 
+3.5065642640624999e-03 +1.0501504150325622e+00 
+1.4136848010000000e-03 +1.0489376508090500e+00 
+5.3770073514062503e-04 +1.0609702451935419e+00 
+1.7059274832656253e-03 +1.0455682410248153e+00 
+3.5916882806250001e-04 +1.0334582471966134e+00 
+1.2211437903890626e-02 +1.0399164540365022e+00 
+1.1640976312656251e-03 +1.0560335843120259e+00 
+1.5432533870062499e-02 +1.0595950477912932e+00 
+4.0831620751406250e-03 +1.0464683074333019e+00 
+1.5560940792250000e-04 +1.0380888477597818e+00 
+6.8012184302500001e-03 +1.0602971375258912e+00 
+5.1749319689999998e-03 +1.0449361080787556e+00 
+7.1321614170156257e-03 +1.0529351366453086e+00 
+5.0811922225000000e-04 +1.0490268879483793e+00 
+5.5096104155624992e-03 +1.0328850190206169e+00 
+3.7933588950625000e-03 +1.0414696980002831e+00 
+6.5364395280625011e-05 +1.0493896686632345e+00 
+6.9410351407656239e-03 +1.0470103286422283e+00 
+1.3974668010250000e-02 +1.0374134733994274e+00 
+1.7491424175625000e-03 +1.0459213438239252e+00 
+5.8502229255625012e-03 +1.0659388548106850e+00 
+1.2340466410000000e-03 +1.0473913646265225e+00 
+4.0441491406406254e-03 +1.0468333158961656e+00 
+1.8635321376562499e-04 +1.0103923289842507e+00 
+1.5027930645156249e-03 +1.0128448596224913e+00 
+2.7811384322500000e-03 +1.0093424494797092e+00 
+3.2654867371914062e-03 +1.0114730090035022e+00 
+2.4289372980625000e-03 +1.0102370596660566e+00 
+7.1627155056249998e-04 +1.0100998684984972e+00 
+4.1492922250000003e-05 +1.0108082463569010e+00 
+8.7664106601562498e-04 +1.0125397719420146e+00 
+3.5342120024999999e-04 +1.0122347656209731e+00 
+1.3442518378515626e-04 +1.0152426116263507e+00 
+4.2648187081640633e-04 +1.0113925762554010e+00 
+8.9792207015625003e-05 +1.0083645850098391e+00 
+3.0528594759726565e-03 +1.0100057298748031e+00 
+2.9102440781640627e-04 +1.0140086333574618e+00 
+3.8581334675156249e-03 +1.0149402761763013e+00 
+1.0207905187851563e-03 +1.0116200297258007e+00 
+3.8902351980625000e-05 +1.0095222162722857e+00 
+1.7003046075625000e-03 +1.0150823423723145e+00 
+1.2937329922500000e-03 +1.0112387787933679e+00 
+1.7830403542539064e-03 +1.0132427235375989e+00 
+1.2702980556250000e-04 +1.0122567675755740e+00 
+1.3774026038906248e-03 +1.0082267201268749e+00 
+9.4833972376562499e-04 +1.0103699884876656e+00 
+1.6341098820156253e-05 +1.0123474179198886e+00 
+1.7352587851914060e-03 +1.0117611092427219e+00 
+3.4936670025624999e-03 +1.0093883298548432e+00 
+4.3728560439062499e-04 +1.0114808781985605e+00 
+1.4625557313906253e-03 +1.0164906360850925e+00 
+3.0851166024999999e-04 +1.0118481105826056e+00 
+1.0110372851601563e-03 +1.0117112244141035e+00 
+4.6588303441406247e-05 +1.0025980886737997e+00 
+3.7569826612890623e-04 +1.0032116316436506e+00 
+6.9528460806249999e-04 +1.0023370458466943e+00 
+8.1637168429785154e-04 +1.0028702232810427e+00 
+6.0723432451562499e-04 +1.0025603571044768e+00 
+1.7906788764062500e-04 +1.0025250621187809e+00 
+1.0373230562500001e-05 +1.0027020619077247e+00 
+2.1916026650390625e-04 +1.0031350848497766e+00 
+8.8355300062499997e-05 +1.0030587144715895e+00 
+3.3606295946289064e-05 +1.0038106562311990e+00 
+1.0662046770410158e-04 +1.0028481776876963e+00 
+2.2448051753906251e-05 +1.0020911477485361e+00 
+7.6321486899316412e-04 +1.0025031583109385e+00 
+7.2756101954101567e-05 +1.0035021739456704e+00 
+9.6453336687890622e-04 +1.0037378086514082e+00 
+2.5519762969628907e-04 +1.0029052000050522e+00 
+9.7255879951562499e-06 +1.0023805543484885e+00 
+4.2507615189062500e-04 +1.0037711176002306e+00 
+3.2343324806249999e-04 +1.0028100041675543e+00 
+4.4576008856347661e-04 +1.0033112672561018e+00 
+3.1757451390625000e-05 +1.0030641948737347e+00 
+3.4435065097265620e-04 +1.0020570321362114e+00 
+2.3708493094140625e-04 +1.0025926635872442e+00 
+4.0852747050390632e-06 +1.0030868545292775e+00 
+4.3381469629785149e-04 +1.0029408336953072e+00 
+8.7341675064062498e-04 +1.0023493444051954e+00 
+1.0932140109765625e-04 +1.0028702548947324e+00 
+3.6563893284765632e-04 +1.0041230519690572e+00 
+7.7127915062499998e-05 +1.0029620452307404e+00 
+2.5275932129003909e-04 +1.0029279949934675e+00 
+1.1647075860351562e-05 +1.0006495225740952e+00 
+9.3924566532226558e-05 +1.0008029342704909e+00 
+1.7382115201562500e-04 +1.0005843518388549e+00 
+2.0409292107446289e-04 +1.0007176803349309e+00 
+1.5180858112890625e-04 +1.0006401581929458e+00 
+4.4766971910156249e-05 +1.0006312715230139e+00 
+2.5933076406250002e-06 +1.0006755154970390e+00 
+5.4790066625976562e-05 +1.0007837801831210e+00 
+2.2088825015624999e-05 +1.0007646800760674e+00 
+8.4015739865722661e-06 +1.0009526642685544e+00 
+2.6655116926025395e-05 +1.0007120465458439e+00 
+5.6120129384765627e-06 +1.0005227870313715e+00 
+1.9080371724829103e-04 +1.0006258984549894e+00 
+1.8189025488525392e-05 +1.0008755444746107e+00 
+2.4113334171972655e-04 +1.0009346257866938e+00 
+6.3799407424072266e-05 +1.0007263121681456e+00 
+2.4313969987890625e-06 +1.0005951386048046e+00 
+1.0626903797265625e-04 +1.0009428131203018e+00 
+8.0858312015624997e-05 +1.0007025205873936e+00 
+1.1144002214086915e-04 +1.0008278539169777e+00 
+7.9393628476562500e-06 +1.0007660489068122e+00 
+8.6087662743164050e-05 +1.0005142802102616e+00 
+5.9271232735351562e-05 +1.0006481764019841e+00 
+1.0213186762597658e-06 +1.0007717136354366e+00 
+1.0845367407446287e-04 +1.0007352435811012e+00 
+2.1835418766015624e-04 +1.0005874787178011e+00 
+2.7330350274414062e-05 +1.0007175659565115e+00 
+9.1409733211914081e-05 +1.0010307879308433e+00 
+1.9281978765625000e-05 +1.0007405124189521e+00 
+6.3189830322509771e-05 +1.0007320106835218e+00 
+2.9117689650878905e-06 +1.0001623806689384e+00 
+2.3481141633056639e-05 +1.0002007352200561e+00 
+4.3455288003906249e-05 +1.0001460936206641e+00 
+5.1023230268615722e-05 +1.0001794278868412e+00 
+3.7952145282226562e-05 +1.0001600438658769e+00 
+1.1191742977539062e-05 +1.0001578182562225e+00 
+6.4832691015625005e-07 +1.0001688788755196e+00 
+1.3697516656494140e-05 +1.0001959456080951e+00 
+5.5222062539062498e-06 +1.0001911701104138e+00 
+2.1003934966430665e-06 +1.0002381660803576e+00 
+6.6637792315063489e-06 +1.0001780117695604e+00 
+1.4030032346191407e-06 +1.0001306967637442e+00 
+4.7700929312072757e-05 +1.0001564814345458e+00 
+4.5472563721313479e-06 +1.0002188861806174e+00 
+6.0283335429931639e-05 +1.0002336673361898e+00 
+1.5949851856018067e-05 +1.0001815788045372e+00 
+6.0784924969726562e-07 +1.0001487846523087e+00 
+2.6567259493164063e-05 +1.0002357053950404e+00 
+2.0214578003906249e-05 +1.0001756313716601e+00 
+2.7860005535217288e-05 +1.0002069658053767e+00 
+1.9848407119140625e-06 +1.0001915122385105e+00 
+2.1521915685791012e-05 +1.0001285714412511e+00 
+1.4817808183837890e-05 +1.0001620447586650e+00 
+2.5532966906494145e-07 +1.0001929284090545e+00 
+2.7113418518615718e-05 +1.0001838130986624e+00 
+5.4588546915039061e-05 +1.0001468786126173e+00 
+6.8325875686035155e-06 +1.0001793916290551e+00 
+2.2852433302978520e-05 +1.0002576985473954e+00 
+4.8204946914062499e-06 +1.0001851281743852e+00 
+1.5797457580627443e-05 +1.0001830034188750e+00 
+7.2794224127197261e-07 +1.0000405951688238e+00 
+5.8702854082641599e-06 +1.0000501839083689e+00 
+1.0863822000976562e-05 +1.0000365237591693e+00 
+1.2755807567153930e-05 +1.0000448574597327e+00 
+9.4880363205566405e-06 +1.0000400112364836e+00 
+2.7979357443847656e-06 +1.0000394545875362e+00 
+1.6208172753906251e-07 +1.0000422197189585e+00 
+3.4243791641235351e-06 +1.0000489864371944e+00 
+1.3805515634765625e-06 +1.0000477925333198e+00 
+5.2509837416076663e-07 +1.0000595415209164e+00 
+1.6659448078765872e-06 +1.0000445029507143e+00 
+3.5075080865478517e-07 +1.0000326741913050e+00 
+1.1925232328018189e-05 +1.0000391207851866e+00 
+1.1368140930328370e-06 +1.0000547215490303e+00 
+1.5070833857482910e-05 +1.0000584175152385e+00 
+3.9874629640045166e-06 +1.0000453947488233e+00 
+1.5196231242431640e-07 +1.0000371961631465e+00 
+6.6418148732910157e-06 +1.0000589264810622e+00 
+5.0536445009765623e-06 +1.0000439079195163e+00 
+6.9650013838043220e-06 +1.0000517415968402e+00 
+4.9621017797851562e-07 +1.0000478780603661e+00 
+5.3804789214477531e-06 +1.0000321429471475e+00 
+3.7044520459594726e-06 +1.0000405112308268e+00 
+6.3832417266235362e-08 +1.0000482321022757e+00 
+6.7783546296539296e-06 +1.0000459534124719e+00 
+1.3647136728759765e-05 +1.0000367202117848e+00 
+1.7081468921508789e-06 +1.0000448479160151e+00 
+5.7131083257446301e-06 +1.0000644247347361e+00 
+1.2051236728515625e-06 +1.0000462820479523e+00 
+3.9493643951568607e-06 +1.0000457509015004e+00 
+1.8198556031799315e-07 +1.0000101487923054e+00 
+1.4675713520660400e-06 +1.0000125459835529e+00 
+2.7159555002441406e-06 +1.0000091309619206e+00 
+3.1889518917884826e-06 +1.0000112143954396e+00 
+2.3720090801391601e-06 +1.0000100028259993e+00 
+6.9948393609619139e-07 +1.0000098636483516e+00 
+4.0520431884765628e-08 +1.0000105549297444e+00 
+8.5609479103088377e-07 +1.0000122466114971e+00 
+3.4513789086914061e-07 +1.0000119481336871e+00 
+1.3127459354019166e-07 +1.0000148853802806e+00 
+4.1648620196914680e-07 +1.0000111257381989e+00 
+8.7687702163696292e-08 +1.0000081685478492e+00 
+2.9813080820045473e-06 +1.0000097802229599e+00 
+2.8420352325820924e-07 +1.0000136803874999e+00 
+3.7677084643707274e-06 +1.0000146044213936e+00 
+9.9686574100112916e-07 +1.0000113486901867e+00 
+3.7990578106079101e-08 +1.0000092990407907e+00 
+1.6604537183227539e-06 +1.0000147316285362e+00 
+1.2634111252441406e-06 +1.0000109769846672e+00 
+1.7412503459510805e-06 +1.0000129354083052e+00 
+1.2405254449462891e-07 +1.0000119695151375e+00 
+1.3451197303619383e-06 +1.0000080357422145e+00 
+9.2611301148986815e-07 +1.0000101278102795e+00 
+1.5958104316558841e-08 +1.0000120580255698e+00 
+1.6945886574134824e-06 +1.0000114883617324e+00 
+3.4117841821899413e-06 +1.0000091800878654e+00 
+4.2703672303771972e-07 +1.0000112119795506e+00 
+1.4282770814361575e-06 +1.0000161061898034e+00 
+3.0128091821289062e-07 +1.0000115705122603e+00 
+9.8734109878921518e-07 +1.0000114377282996e+00 
