Dim = 1
+0.0000000000000000e+00 +1.6000000000000000e+01 
+1.1000000000000000e+01 +9.0000000000000000e+00 
+1.1000000000000000e+01 +2.5000000000000000e+01 
+2.4000000000000000e+01 +4.0000000000000000e+00 
+1.9000000000000004e+01 +1.0000000000000000e+00 
+1.9321067811865476e+01 +6.2500000000000000e+00 
+3.1789321881345245e+00 +1.2250000000000000e+01 
+1.6000000000000000e+01 +0.0000000000000000e+00 
+3.5000000000000000e+01 +1.0000000000000000e+00 
+2.3178932188134524e+01 +2.5000000000000000e-01 
+1.5178932188134526e+01 +2.5000000000000000e-01 
+1.5389334323650896e+01 +7.5625000000000000e+00 
+6.7356656763491021e+00 +1.0562500000000000e+01 
+1.4823704674887136e+01 +6.2500000000000000e-02 
+1.6735665676349100e+01 +5.6250000000000000e-01 
+1.3216528220161281e+01 +8.2656250000000000e+00 
+8.8147217798387167e+00 +9.7656250000000000e+00 
+1.5207772195967697e+01 +1.5625000000000000e-02 
+1.4825928876974547e+01 +1.4062500000000000e-01 
+1.4313003022544621e+01 +7.9101562500000000e+00 
+1.2109077653295607e+01 +8.6289062500000000e+00 
+1.4965752892677912e+01 +3.5156250000000000e-02 
+1.4778443606516452e+01 +9.7656250000000000e-02 
+1.4854250096422199e+01 +7.7353515625000000e+00 
+1.3766715861532639e+01 +8.0869140625000000e+00 
+1.4789208631265568e+01 +7.9101562500000000e-02 
+1.4790877962497280e+01 +1.1816406250000000e-01 
+1.4584327169613914e+01 +7.8225097656250000e+00 
+1.4040418590373983e+01 +7.9982910156250000e+00 
+1.4780891753669849e+01 +8.8134765625000000e-02 
+1.4781796104537886e+01 +1.0766601562500000e-01 
+1.4719472550528879e+01 +7.7788696289062500e+00 
+1.4448831465848532e+01 +7.8662719726562500e+00 
+1.4778938268627710e+01 +9.2834472656250000e-02 
+1.4779399155702183e+01 +1.0260009765625000e-01 
+1.4786908394512825e+01 +7.7570953369140625e+00 
+1.4651944746636719e+01 +7.8006744384765625e+00 
+1.4778509118229689e+01 +9.5230102539062500e-02 
+1.4778740650752729e+01 +1.0011291503906250e-01 
+1.4753202104003815e+01 +7.7679786682128906e+00 
+1.4685720007004839e+01 +7.7897682189941406e+00 
+1.4778430974914951e+01 +9.6439361572265625e-02 
+1.4778546877300661e+01 +9.8880767822265625e-02 
+1.4778678171411585e+01 +9.4028472900390625e-02 
+1.4618147042915172e+01 +7.8115882873535156e+00 
+1.4779732127903985e+01 +9.0469360351562500e-02 
+1.4779289543259997e+01 +9.1648101806640625e-02 
+1.4516622010766911e+01 +7.8443756103515625e+00 
+1.4550485400787130e+01 +7.8334388732910156e+00 
+1.4780266154367588e+01 +8.9298248291015625e-02 
+1.4482737274160662e+01 +7.8553199768066406e+00 
+1.4784312471966711e+01 +8.3557128906250000e-02 
+1.4782418190914713e+01 +8.5830688476562500e-02 
+1.4781609056039690e+01 +8.6978912353515625e-02 
+1.4380957734975301e+01 +7.8881988525390625e+00 
+1.4414904860980794e+01 +7.8772315979003906e+00 
+1.4783319286939960e+01 +8.4690093994140625e-02 
+1.4346990363514852e+01 +7.8991737365722656e+00 
+1.4786575616453844e+01 +8.1314086914062500e-02 
+1.4785397873051291e+01 +8.2431793212890625e-02 
+1.4176859491506779e+01 +7.9541625976562500e+00 
+1.4244969537151780e+01 +7.9321441650390625e+00 
+1.4278995988269561e+01 +7.9211463928222656e+00 
+1.4787845827637177e+01 +8.0204010009765625e-02 
+1.4210923945907970e+01 +7.9431495666503906e+00 
+1.4803459083589695e+01 +7.0556640625000000e-02 
+1.4795588235501025e+01 +7.4768066406250000e-02 
+1.4792212510514908e+01 +7.6919555664062500e-02 
+1.4790664151203579e+01 +7.8006744384765625e-02 
+1.4108675102351050e+01 +7.9762115478515625e+00 
+1.4142776451166222e+01 +7.9651832580566406e+00 
+1.4793853831461231e+01 +7.5839996337890625e-02 
+1.4074555722770167e+01 +7.9872474670410156e+00 
+1.4799336774672264e+01 +7.2647094726562500e-02 
+1.4797415843288471e+01 +7.3703765869140625e-02 
+1.3903698099951395e+01 +8.0425415039062500e+00 
+1.3972092180129318e+01 +8.0204010009765625e+00 
+1.4006263983351829e+01 +8.0093421936035156e+00 
+1.4801351148694533e+01 +7.1598052978515625e-02 
+1.3937903459365728e+01 +8.0314674377441406e+00 
+1.4812828768255674e+01 +6.6467285156250000e-02 
+1.4807956104891135e+01 +6.8496704101562500e-02 
+1.4805660696783338e+01 +6.9522857666015625e-02 
+1.3835238581871263e+01 +8.0647125244140625e+00 
+1.3869476381005059e+01 +8.0536231994628906e+00 
+1.4810345423717738e+01 +6.7478179931640625e-02 
+1.3800984982117711e+01 +8.0758094787597656e+00 
+1.4818077990368645e+01 +6.4468383789062500e-02 
+1.4815406252684285e+01 +6.5464019775390625e-02 
+1.3492037792193697e+01 +8.1760253906250000e+00 
+1.3629489774212962e+01 +8.1314086914062500e+00 
+1.3698132178107734e+01 +8.1091461181640625e+00 
+1.3732431500122178e+01 +8.0980262756347656e+00 
+1.4820844093858481e+01 +6.3480377197265625e-02 
+1.3663818175923325e+01 +8.1202735900878906e+00 
+1.4882410910669792e+01 +4.7851562500000000e-02 
+1.4850003652277611e+01 +5.4931640625000000e-02 
+1.4836093980424096e+01 +5.8654785156250000e-02 
+1.4829709712405949e+01 +6.0562133789062500e-02 
+1.4826659844370491e+01 +6.1527252197265625e-02 
+1.3560790895824489e+01 +8.1537017822265625e+00 
+1.3595147253827998e+01 +8.1425514221191406e+00 
+1.4832854388271382e+01 +5.9604644775390625e-02 
+1.3526420981460550e+01 +8.1648597717285156e+00 
+1.4842858343311727e+01 +5.6777954101562500e-02 
+1.4839428596499827e+01 +5.7712554931640625e-02 
+1.3354377922078434e+01 +8.2207641601562500e+00 
+1.3423232715762476e+01 +8.1983795166015625e+00 
+1.3457641609678211e+01 +8.1871986389160156e+00 
+1.4846383326849335e+01 +5.5850982666015625e-02 
+1.3388811392486337e+01 +8.2095680236816406e+00 
+1.4865440447280502e+01 +5.1330566406250000e-02 
+1.4857530745337087e+01 +5.3115844726562500e-02 
+1.4853719423935928e+01 +5.4019927978515625e-02 
+1.3285475669709982e+01 +8.2431793212890625e+00 
+1.3319932586953559e+01 +8.2319679260253906e+00 
+1.4861437719166357e+01 +5.2219390869140625e-02 
+1.3251007453126801e+01 +8.2543983459472656e+00 
+1.4873733569642166e+01 +4.9575805664062500e-02 
+1.4869539030706811e+01 +5.0449371337890625e-02 
+1.2663593807053616e+01 +8.4462890625000000e+00 
+1.2940331778228012e+01 +8.3557128906250000e+00 
+1.3078506789707660e+01 +8.3106079101562500e+00 
+1.3147537837787125e+01 +8.2881011962890625e+00 
+1.3182038253946189e+01 +8.2768592834472656e+00 
+1.4878024163452084e+01 +4.8709869384765625e-02 
+1.3113027255159857e+01 +8.2993507385253906e+00 
+1.4920977959694634e+01 +4.1259765625000000e-02 
+1.4900921375101039e+01 +4.4494628906250000e-02 
+1.4891473255294461e+01 +4.6157836914062500e-02 
+1.4886893908995297e+01 +4.7000885009765625e-02 
+1.3009437345723050e+01 +8.3331451416015625e+00 
+1.3043976725238634e+01 +8.3218727111816406e+00 
+1.4896149045598088e+01 +4.5322418212890625e-02 
+1.2974888935290652e+01 +8.3444252014160156e+00 
+1.4910756028299151e+01 +4.2861938476562500e-02 
+1.4905790338161305e+01 +4.3674468994140625e-02 
+1.2802021374744863e+01 +8.4009399414062500e+00 
+1.2871192362126262e+01 +8.3783111572265625e+00 
+1.2905766158975826e+01 +8.3670082092285156e+00 
+1.4915818538196215e+01 +4.2057037353515625e-02 
+1.2836610672420258e+01 +8.3896217346191406e+00 
+1.4942586569114313e+01 +3.8146972656250000e-02 
+1.4931587900661480e+01 +3.9688110351562500e-02 
+1.4926234383796199e+01 +4.0470123291015625e-02 
+1.2732821095748495e+01 +8.4235992431640625e+00 
+1.2767424754130543e+01 +8.4122657775878906e+00 
+1.4937038599608982e+01 +3.8913726806640625e-02 
+1.2698210684907981e+01 +8.4349403381347656e+00 
+1.4953974669481354e+01 +3.6636352539062500e-02 
+1.4948231896809336e+01 +3.7387847900390625e-02 
+1.2386460267617162e+01 +8.5373535156250000e+00 
+1.2525067338977511e+01 +8.4917602539062500e+00 
+1.2594341792742554e+01 +8.4690093994140625e+00 
+1.2628970747762709e+01 +8.4576454162597656e+00 
+1.4959814973072303e+01 +3.5892486572265625e-02 
+1.2559707227827751e+01 +8.4803810119628906e+00 
+1.5074101530554561e+01 +2.4414062500000000e-02 
+1.5016780357670601e+01 +2.9541015625000000e-02 
+1.4990482403500593e+01 +3.2287597656250000e-02 
+1.4977921916080348e+01 +3.3706665039062500e-02 
+1.4971788512546937e+01 +3.4427642822265625e-02 
+1.2455772733914493e+01 +8.5145416259765625e+00 
+1.2490422412272972e+01 +8.5031471252441406e+00 
+1.4984153185830545e+01 +3.2993316650390625e-02 
+1.2421118590218976e+01 +8.5259437561035156e+00 
+1.5003435005161148e+01 +3.0899047851562500e-02 
+1.4996909649943435e+01 +3.1589508056640625e-02 
+1.2247790920595081e+01 +8.5830688476562500e+00 
+1.2317132231970611e+01 +8.5601959228515625e+00 
+1.2351798052650928e+01 +8.5487709045410156e+00 
+1.5010058548304178e+01 +3.0216217041015625e-02 
+1.2282463092332282e+01 +8.5716285705566406e+00 
+1.5044651793457728e+01 +2.6916503906250000e-02 
+1.5030519083999669e+01 +2.8213500976562500e-02 
+1.5023600510705387e+01 +2.8873443603515625e-02 
+1.2178438628759608e+01 +8.6059722900390625e+00 
+1.2213116003718479e+01 +8.5945167541503906e+00 
+1.5037536153290016e+01 +2.7561187744140625e-02 
+1.2143759082870544e+01 +8.6174354553222656e+00 
+1.5059179081669889e+01 +2.5650024414062500e-02 
+1.5051866078528137e+01 +2.6279449462890625e-02 
+1.1554153305774181e+01 +8.8134765625000000e+00 
+1.1831592901621674e+01 +8.7209472656250000e+00 
+1.1970338846100647e+01 +8.6748657226562500e+00 
+1.2039710292510389e+01 +8.6518707275390625e+00 
+1.2074394627368655e+01 +8.6403846740722656e+00 
+1.5066590875194283e+01 +2.5028228759765625e-02 
+1.2005024936225636e+01 +8.6633644104003906e+00 
+1.5137754090239715e+01 +1.9775390625000000e-02 
+1.5105134169350649e+01 +2.2033691406250000e-02 
+1.5089419708301545e+01 +2.3208618164062500e-02 
+1.5081711118345263e+01 +2.3807525634765625e-02 
+1.1900965615065862e+01 +8.6978912353515625e+00 
+1.1935652309800398e+01 +8.6863746643066406e+00 
+1.5097227369298528e+01 +2.2617340087890625e-02 
+1.1866279049711331e+01 +8.7094154357910156e+00 
+1.5121245454370804e+01 +2.0889282226562500e-02 
+1.5113140175611022e+01 +2.1457672119140625e-02 
+1.1692858241928334e+01 +8.7671508789062500e+00 
+1.1762223009113203e+01 +8.7440338134765625e+00 
+1.1796907458749654e+01 +8.7324867248535156e+00 
+1.5129450071058573e+01 +2.0328521728515625e-02 
+1.1727539840792714e+01 +8.7555885314941406e+00 
+1.5171965452959974e+01 +1.7639160156250000e-02 
+1.5154660590024021e+01 +1.8692016601562500e-02 
+1.5146157575615804e+01 +1.9229888916015625e-02 
+1.1623500905410962e+01 +8.7902984619140625e+00 
+1.1658178500717247e+01 +8.7787208557128906e+00 
+1.5163263195436542e+01 +1.8161773681640625e-02 
+1.1588825744312597e+01 +8.8018836975097656e+00 
+1.5189669164434658e+01 +1.6616821289062500e-02 
+1.5180767422834769e+01 +1.7124176025390625e-02 
+1.1276906425854122e+01 +8.9064941406250000e+00 
+1.1415496545819838e+01 +8.8599243164062500e+00 
+1.1484817750013471e+01 +8.8366851806640625e+00 
+1.1519483878193912e+01 +8.8250770568847656e+00 
+1.5198670736266092e+01 +1.6117095947265625e-02 
+1.1450155209715287e+01 +8.8483009338378906e+00 
+1.5552058983278030e+01 +3.9062500000000000e-03 
+1.5367023962852191e+01 +8.7890625000000000e-03 
+1.5284186466735589e+01 +1.1962890625000000e-02 
+1.5245178035844088e+01 +1.3732910156250000e-02 
+1.5226275005193509e+01 +1.4663696289062500e-02 
+1.5216973600309720e+01 +1.5140533447265625e-02 
+1.1346192001492927e+01 +8.8831939697265625e+00 
+1.1380842046882917e+01 +8.8715553283691406e+00 
+1.5235676465650979e+01 +1.4194488525390625e-02 
+1.1311546698268172e+01 +8.8948402404785156e+00 
+1.5264481717732272e+01 +1.2832641601562500e-02 
+1.5254779769064339e+01 +1.3278961181640625e-02 
+1.1138401418013448e+01 +8.9531860351562500e+00 
+1.1207642128159609e+01 +8.9298248291015625e+00 
+1.1242271472920711e+01 +8.9181556701660156e+00 
+1.5274283933396973e+01 +1.2393951416015625e-02 
+1.1173018680281521e+01 +8.9415016174316406e+00 
+1.5324800759827667e+01 +1.0314941406250000e-02 
+1.5304292684780576e+01 +1.1123657226562500e-02 
+1.5294189367552843e+01 +1.1539459228515625e-02 
+1.1069186605280606e+01 +8.9765777587890625e+00 
+1.1103790630095990e+01 +8.9648780822753906e+00 
+1.5314496466477287e+01 +1.0715484619140625e-02 
+1.1034589632326925e+01 +8.9882850646972656e+00 
+1.5345711065856568e+01 +9.5367431640625000e-03 
+1.5335205611142168e+01 +9.9220275878906250e-03 
+9.8987348467043930e+00 +9.3789062500000000e+00 
+1.0447799819225819e+01 +9.1884765625000000e+00 
+1.0723581855395878e+01 +9.0939941406250000e+00 
+1.0861720652299050e+01 +9.0469360351562500e+00 
+1.0930843912297517e+01 +9.0234527587890625e+00 
+1.0965417997067604e+01 +9.0117225646972656e+00 
+1.5356317168531527e+01 +9.1590881347656250e-03 
+1.0896278034454792e+01 +9.0351905822753906e+00 
+1.5456308169637900e+01 +6.1035156250000000e-03 
+1.5410858899628449e+01 +7.3852539062500000e-03 
+1.5388739796791091e+01 +8.0718994140625000e-03 
+1.5377831491627758e+01 +8.4266662597656250e-03 
+1.0792632530043514e+01 +9.0704498291015625e+00 
+1.0827172054581759e+01 +9.0586891174316406e+00 
+1.5399748919398320e+01 +7.7247619628906250e-03 
+1.0758102367411320e+01 +9.0822181701660156e+00 
+1.5433381589285569e+01 +6.7291259765625000e-03 
+1.5422069776782987e+01 +7.0533752441406250e-03 
+1.0585602086992660e+01 +9.1411743164062500e+00 
+1.0654570937960196e+01 +9.1175689697265625e+00 
+1.0689071282688857e+01 +9.1057777404785156e+00 
+1.5444794374681599e+01 +6.4125061035156250e-03 
+1.0620081109855365e+01 +9.1293678283691406e+00 
+1.5503374147632689e+01 +4.9438476562500000e-03 
+1.5479638930503617e+01 +5.5084228515625000e-03 
+1.5467923009942366e+01 +5.8021545410156250e-03 
+1.0516677611314654e+01 +9.1648101806640625e+00 
+1.0551134157960492e+01 +9.1529884338378906e+00 
+1.5491455965350688e+01 +5.2223205566406250e-03 
+1.0482232735575620e+01 +9.1766395568847656e+00 
+1.5527514082696509e+01 +4.4097900390625000e-03 
+1.5515393509618512e+01 +4.6730041503906250e-03 
+1.0172801629628326e+01 +9.2834472656250000e+00 
+1.0310193515884164e+01 +9.2359008789062500e+00 
+1.0378971018417163e+01 +9.2121734619140625e+00 
+1.0413379150706932e+01 +9.2003211975097656e+00 
+1.5539735897374209e+01 +4.1542053222656250e-03 
+1.0344575710708533e+01 +9.2240333557128906e+00 
+1.5763022000448276e+01 +9.7656250000000000e-04 
+1.5654292698838098e+01 +2.1972656250000000e-03 
+1.5602364600828469e+01 +2.9907226562500000e-03 
+1.5577009082862464e+01 +3.4332275390625000e-03 
+1.5564483369152995e+01 +3.6659240722656250e-03 
+1.0241469617839922e+01 +9.2596588134765625e+00 
+1.0275824722195566e+01 +9.2477760314941406e+00 
+1.5589636151387872e+01 +3.2081604003906250e-03 
+1.0207128490957375e+01 +9.2715492248535156e+00 
+1.5628125742439906e+01 +2.5787353515625000e-03 
+1.5615194456401092e+01 +2.7809143066406250e-03 
+1.0035642599211851e+01 +9.3311157226562500e+00 
+1.0104191855637261e+01 +9.3072662353515625e+00 
+1.0138489321870699e+01 +9.2953529357910156e+00 
+1.5641158482396186e+01 +2.3841857910156250e-03 
+1.0069909518812883e+01 +9.3191871643066406e+00 
+1.5707844749904758e+01 +1.5258789062500000e-03 
+1.5680865647034647e+01 +1.8463134765625000e-03 
+1.5667528413450482e+01 +2.0179748535156250e-03 
+9.9671561625677363e+00 +9.3549957275390625e+00 
+1.0001391384575143e+01 +9.3430519104003906e+00 
+1.5694304419508180e+01 +1.6822814941406250e-03 
+9.9329372207758748e+00 +9.3669471740722656e+00 
+1.5735230156181114e+01 +1.2359619140625000e-03 
+1.5721486656373962e+01 +1.3771057128906250e-03 
+9.3539843179463826e+00 +9.5712890625000000e+00 
+9.6257467636328364e+00 +9.4748535156250000e+00 
+9.7620967747174188e+00 +9.4268188476562500e+00 
+9.8303809513185154e+00 +9.4028472900390625e+00 
+9.8645493277739860e+00 +9.3908729553222656e+00 
+1.5749075265707114e+01 +1.1024475097656250e-03 
+9.7962300045823021e+00 +9.4148292541503906e+00 
+1.5878255953662958e+01 +2.4414062500000000e-04 
+1.5819825470522755e+01 +5.4931640625000000e-04 
+1.5791220403137610e+01 +7.4768066406250000e-04 
+1.5777070375016198e+01 +8.5830688476562500e-04 
+9.6938846137325143e+00 +9.4508209228515625e+00 
+9.7279815487809973e+00 +9.4388160705566406e+00 
+1.5805472097654253e+01 +6.4468383789062500e-04 
+9.6598062564311018e+00 +9.4628334045410156e+00 
+1.5848837294715631e+01 +3.8146972656250000e-04 
+1.5834280532814523e+01 +4.6157836914062500e-04 
+9.4897031688349873e+00 +9.5230102539062500e+00 
+9.5576855180386300e+00 +9.4989166259765625e+00 
+9.5917064219880537e+00 +9.4868812561035156e+00 
+1.5863495765526729e+01 +3.0899047851562500e-04 
+9.5236843382153076e+00 +9.5109596252441406e+00 
+1.5938314016764805e+01 +6.1035156250000000e-05 
+1.5908081511143328e+01 +1.3732910156250000e-04 
+1.5893117866653864e+01 +1.8692016601562500e-04 
+9.4218020060855707e+00 +9.5471343994140625e+00 
+9.4557422960980286e+00 +9.5350685119628906e+00 
+1.5923146892889514e+01 +9.5367431640625000e-05 
+9.3878825847568201e+00 +9.5592079162597656e+00 
+1.5968953505963052e+01 +1.5258789062500000e-05 
+1.5953582886755752e+01 +3.4332275390625000e-05 
+9.0835940030219859e+00 +9.6682128906250000e+00 
+9.2186085080676357e+00 +9.6196899414062500e+00 
+9.2862523905796284e+00 +9.5954742431640625e+00 
+9.3201074913615489e+00 +9.5833778381347656e+00 
+1.5984425876601504e+01 +3.8146972656250000e-06 
+9.2524193010452365e+00 +9.6075782775878906e+00 
+1.8823704674887132e+01 +6.2500000000000000e-02 
+1.7207772195967696e+01 +1.5625000000000000e-02 
+1.6552058983278030e+01 +3.9062500000000000e-03 
+1.6263022000448274e+01 +9.7656250000000000e-04 
+1.6128255953662958e+01 +2.4414062500000000e-04 
+1.6063314016764807e+01 +6.1035156250000000e-05 
+1.6031453505963050e+01 +1.5258789062500000e-05 
+1.6015675876601506e+01 +3.8146972656250000e-06 
+3.1789321881345245e+00 +2.0250000000000000e+01 
+8.2370467488713217e-01 +1.4062500000000000e+01 
+4.8349226698039773e+00 +1.1390625000000000e+01 
+1.8259288769745474e+00 +1.3140625000000000e+01 
+7.7573094774553768e+00 +1.0160156250000000e+01 
+8.2370467488713217e-01 +1.8062500000000000e+01 
+2.0777219596769569e-01 +1.5015625000000000e+01 
+5.7586888817400217e+00 +1.0972656250000000e+01 
+3.9724734083635447e+00 +1.1816406250000000e+01 
+2.4613017163726303e+00 +1.2691406250000000e+01 
+8.2821122634673596e+00 +9.9619140625000000e+00 
+7.2414530285777996e+00 +1.0360351562500000e+01 
+1.2784436065164488e+00 +1.3597656250000000e+01 
+2.0777219596769569e-01 +1.7015625000000000e+01 
+5.2058983278030269e-02 +1.5503906250000000e+01 
+5.2058983278030269e-02 +1.6503906250000000e+01 
+6.2410506281971783e+00 +1.0766601562500000e+01 
+4.6575289267791220e-01 +1.4535156250000000e+01 
+5.2896366205677836e+00 +1.1180664062500000e+01 
+4.3955460175756649e+00 +1.1602539062500000e+01 
+3.5666370140298156e+00 +1.2032226562500000e+01 
+2.8102153089504078e+00 +1.2469726562500000e+01 
+2.1329637476935499e+00 +1.2915039062500000e+01 
+1.5408779624972784e+00 +1.3368164062500000e+01 
+8.5475129890563029e+00 +9.8635253906250000e+00 
+8.0186634408760149e+00 +1.0060791015625000e+01 
+7.4981923616360842e+00 +1.0260009765625000e+01 
+6.9872312752751178e+00 +1.0461181640625000e+01 
+1.1702396285219052e-01 +1.5258789062500000e+01 
+1.3022000448275506e-02 +1.5750976562500000e+01 
+6.4868935005751016e+00 +1.0664306640625000e+01 
+5.9982714690789338e+00 +1.0869384765625000e+01 
+3.2410153055456092e-01 +1.4774414062500000e+01 
+6.3241091066979216e-01 +1.4297851562500000e+01 
+5.5224340933271590e+00 +1.1076416015625000e+01 
+1.0392086312655664e+00 +1.3829101562500000e+01 
+5.0604241917540271e+00 +1.1285400390625000e+01 
+4.6132559764465464e+00 +1.1496337890625000e+01 
+4.1819126098187320e+00 +1.1709228515625000e+01 
+3.7673438360872318e+00 +1.1924072265625000e+01 
+3.3704636932543304e+00 +1.2140869140625000e+01 
+2.9921483111103298e+00 +1.2359619140625000e+01 
+2.6332338005601539e+00 +1.2580322265625000e+01 
+2.2945142393589366e+00 +1.2802978515625000e+01 
+1.9767397591091633e+00 +1.3027587890625000e+01 
+1.6806147381279288e+00 +1.3254150390625000e+01 
+8.9489590306048399e+00 +9.7168579101562500e+00 
+8.6809003982340638e+00 +9.8145141601562500e+00 
+8.4145776085995365e+00 +9.9126586914062500e+00 
+8.1501349078611032e+00 +1.0011291503906250e+01 
+1.4067961045378858e+00 +1.3482666015625000e+01 
+7.8877157038057195e+00 +1.0110412597656250e+01 
+7.6274624794639685e+00 +1.0210021972656250e+01 
+7.3695167072836201e+00 +1.0310119628906250e+01 
+7.1140187639119050e+00 +1.0410705566406250e+01 
+6.8611078456378740e+00 +1.0511779785156250e+01 
+1.3022000448275506e-02 +1.6250976562500000e+01 
+3.2559536629577224e-03 +1.5875244140625000e+01 
+3.2559536629577224e-03 +1.6125244140625000e+01 
+6.6109218845457693e+00 +1.0613342285156250e+01 
+2.9292698838098374e-02 +1.5627197265625000e+01 
+6.3635974654298764e+00 +1.0715393066406250e+01 
+8.1308169637900107e-02 +1.5381103515625000e+01 
+1.5918646673558712e-01 +1.5136962890625000e+01 
+6.1192697435209729e+00 +1.0817932128906250e+01 
+2.6275409023971363e-01 +1.4894775390625000e+01 
+5.8780723630738496e+00 +1.0920959472656250e+01 
+3.9178035767060138e-01 +1.4654541015625000e+01 
+1.1558917536698470e+00 +1.3713134765625000e+01 
+5.4597795969463370e-01 +1.4416259765625000e+01 
+5.6401373768650220e+00 +1.1024475097656250e+01 
+7.2500365227761066e-01 +1.4179931640625000e+01 
+9.2845908358969353e-01 +1.3945556640625000e+01 
+5.4055951666490740e+00 +1.1128479003906250e+01 
+5.1745743646215612e+00 +1.1232971191406250e+01 
+4.9472017759357856e+00 +1.1337951660156250e+01 
+4.7236023023201179e+00 +1.1443420410156250e+01 
+4.5038988668418618e+00 +1.1549377441406250e+01 
+4.2882123398629943e+00 +1.1655822753906250e+01 
+4.0766614662323857e+00 +1.1762756347656250e+01 
+3.8693627937583353e+00 +1.1870178222656250e+01 
+3.6664306030045317e+00 +1.1978088378906250e+01 
+3.4679768384517189e+00 +1.2086486816406250e+01 
+3.2741110410665204e+00 +1.2195373535156250e+01 
+3.0849402823180636e+00 +1.2304748535156250e+01 
+2.9005690996821221e+00 +1.2414611816406250e+01 
+2.7210994336716565e+00 +1.2524963378906250e+01 
+2.5466305664316602e+00 +1.2635803222656250e+01 
+2.3772590619353053e+00 +1.2747131347656250e+01 
+2.2130787078174148e+00 +1.2858947753906250e+01 
+2.0541804588803032e+00 +1.2971252441406250e+01 
+1.9006523823059975e+00 +1.3084045410156250e+01 
+1.7525796046078685e+00 +1.3197326660156250e+01 
+1.6100442603535985e+00 +1.3311096191406250e+01 
+9.1510549523268612e+00 +9.6439361572265625e+00 
+9.0162279374800747e+00 +9.6925201416015625e+00 
+8.8817895547910002e+00 +9.7412261962890625e+00 
+1.4731254426903835e+00 +1.3425354003906250e+01 
+8.7477579728681434e+00 +9.7900543212890625e+00 
+8.6141513174406494e+00 +9.8390045166015625e+00 
+8.4809876686286358e+00 +9.8880767822265625e+00 
+8.3482850582203891e+00 +9.9372711181640625e+00 
+8.2160614669568588e+00 +9.9865875244140625e+00 
+8.0843348218238074e+00 +1.0036026000976562e+01 
+7.9531229933520731e+00 +1.0085586547851562e+01 
+7.8224437929263448e+00 +1.0135269165039062e+01 
+7.6923149701028226e+00 +1.0185073852539062e+01 
+7.5627542099362124e+00 +1.0235000610351562e+01 
+7.4337791303164051e+00 +1.0285049438476562e+01 
+1.3418991557021833e+00 +1.3540100097656250e+01 
+7.3054072793152987e+00 +1.0335220336914062e+01 
+7.1776561325441186e+00 +1.0385513305664062e+01 
+7.0505430905216571e+00 +1.0435928344726562e+01 
+6.9240854760538229e+00 +1.0486465454101562e+01 
+6.7983005316248795e+00 +1.0537124633789062e+01 
+7.3254705227547845e-03 +1.5813049316406250e+01 
+8.1401676480474805e-04 +1.5937561035156250e+01 
+6.6732054168007995e+00 +1.0587905883789062e+01 
+6.5488172056450944e+00 +1.0638809204101562e+01 
+2.0344749904758430e-02 +1.5689025878906250e+01 
+6.4251528841475238e+00 +1.0689834594726562e+01 
+3.9864600828469321e-02 +1.5565490722656250e+01 
+6.5874147632689173e-02 +1.5442443847656250e+01 
+1.2164382686277104e+00 +1.3655334472656250e+01 
+6.3022293476660645e+00 +1.0740982055664062e+01 
+9.8358899628449237e-02 +1.5319885253906250e+01 
+1.3730075982766543e-01 +1.5197814941406250e+01 
+6.1800633983825426e+00 +1.0792251586914062e+01 
+1.8267803584408782e-01 +1.5076232910156250e+01 
+6.0586717427722698e+00 +1.0843643188476562e+01 
+2.3446545295997367e-01 +1.4955139160156250e+01 
+2.9263416935064868e-01 +1.4834533691406250e+01 
+5.9380709890881240e+00 +1.0895156860351562e+01 
+3.5715179345772974e-01 +1.4714416503906250e+01 
+4.2798240350059302e-01 +1.4594787597656250e+01 
+5.8182776448594016e+00 +1.0946792602539062e+01 
+5.0508656911431160e-01 +1.4475646972656250e+01 
+5.6993081144058397e+00 +1.0998550415039062e+01 
+5.8842137510103676e-01 +1.4356994628906250e+01 
+6.7794044728050018e-01 +1.4238830566406250e+01 
+5.5811786963672017e+00 +1.1050430297851562e+01 
+7.7359398042409389e-01 +1.4121154785156250e+01 
+8.7532876825567207e-01 +1.4003967285156250e+01 
+5.4639055812487438e+00 +1.1102432250976562e+01 
+1.0968124719667109e+00 +1.3771057128906250e+01 
+9.8308823550102531e-01 +1.3887268066406250e+01 
+5.3475048489829913e+00 +1.1154556274414062e+01 
+5.2319924665081672e+00 +1.1206802368164062e+01 
+5.1173842853636140e+00 +1.1259170532226562e+01 
+5.0036960393026328e+00 +1.1311660766601562e+01 
+4.8909433419230144e+00 +1.1364273071289062e+01 
+4.7791416843157020e+00 +1.1417007446289062e+01 
+4.6683064327318888e+00 +1.1469863891601562e+01 
+4.5584528262689172e+00 +1.1522842407226562e+01 
+4.4495959745753195e+00 +1.1575942993164062e+01 
+4.3417508555753725e+00 +1.1629165649414062e+01 
+4.2349323132134682e+00 +1.1682510375976562e+01 
+4.1291550552186704e+00 +1.1735977172851562e+01 
+4.0244336508897920e+00 +1.1789566040039062e+01 
+3.9207825289013050e+00 +1.1843276977539062e+01 
+3.8182159751304372e+00 +1.1897109985351562e+01 
+3.7167481305057750e+00 +1.1951065063476562e+01 
+3.6163929888776876e+00 +1.2005142211914062e+01 
+3.5171643949109024e+00 +1.2059341430664062e+01 
+3.4190760419995589e+00 +1.2113662719726562e+01 
+3.3221414702050227e+00 +1.2168106079101562e+01 
+3.2263740642168095e+00 +1.2222671508789062e+01 
+3.1317870513368984e+00 +1.2277359008789062e+01 
+3.0383934994877464e+00 +1.2332168579101562e+01 
+2.9462063152443108e+00 +1.2387100219726562e+01 
+2.8552382418903646e+00 +1.2442153930664062e+01 
+2.7655018574994035e+00 +1.2497329711914062e+01 
+2.6770095730404373e+00 +1.2552627563476562e+01 
+2.5897736305089447e+00 +1.2608047485351562e+01 
+2.5038061010832653e+00 +1.2663589477539062e+01 
+2.4191188833067381e+00 +1.2719253540039062e+01 
+2.3357237012958105e+00 +1.2775039672851562e+01 
+2.2536321029744384e+00 +1.2830947875976562e+01 
+2.1728554583350128e+00 +1.2886978149414062e+01 
+2.0934049577260687e+00 +1.2943130493164062e+01 
+2.0152916101670790e+00 +1.2999404907226562e+01 
+1.9385262416905160e+00 +1.3055801391601562e+01 
+1.8631194937115048e+00 +1.3112319946289062e+01 
+1.7890818214252633e+00 +1.3168960571289062e+01 
+1.7164234922325790e+00 +1.3225723266601562e+01 
+1.6451545841935911e+00 +1.3282608032226562e+01 
+1.5752849845100574e+00 +1.3339614868164062e+01 
+1.5068243880363887e+00 +1.3396743774414062e+01 
+9.1848202968180210e+00 +9.6318092346191406e+00 
+9.1173127594812033e+00 +9.6560707092285156e+00 
+9.0498989675413775e+00 +9.6803627014160156e+00 
+8.9825811971246452e+00 +9.7046852111816406e+00 
+8.9153617218909247e+00 +9.7290382385253906e+00 
+8.8482428129483424e+00 +9.7534217834472656e+00 
+8.7812267387677281e+00 +9.7778358459472656e+00 
+8.7143157650972203e+00 +9.8022804260253906e+00 
+8.6475121548769440e+00 +9.8267555236816406e+00 
+8.5808181681538187e+00 +9.8512611389160156e+00 
+8.5142360619964794e+00 +9.8757972717285156e+00 
+8.4477680904102819e+00 +9.9003639221191406e+00 
+1.4397822958196365e+00 +1.3453994750976562e+01 
+8.3814165042524564e+00 +9.9249610900878906e+00 
+8.3151835511473511e+00 +9.9495887756347656e+00 
+8.2490714754018200e+00 +9.9742469787597656e+00 
+8.1830825179207221e+00 +9.9989356994628906e+00 
+8.1172189161225514e+00 +1.0023654937744141e+01 
+8.0514829038552005e+00 +1.0048404693603516e+01 
+7.9858767113118638e+00 +1.0073184967041016e+01 
+7.9204025649470582e+00 +1.0097995758056641e+01 
+7.8550626873928096e+00 +1.0122837066650391e+01 
+7.7898592973749698e+00 +1.0147708892822266e+01 
+7.7247946096296793e+00 +1.0172611236572266e+01 
+1.3741680136686618e+00 +1.3511367797851562e+01 
+7.6598708348199853e+00 +1.0197544097900391e+01 
+7.5950901794526162e+00 +1.0222507476806641e+01 
+7.5304548457949014e+00 +1.0247501373291016e+01 
+7.4659670317918572e+00 +1.0272525787353516e+01 
+7.4016289309834402e+00 +1.0297580718994141e+01 
+7.3374427324219642e+00 +1.0322666168212891e+01 
+7.2734106205896705e+00 +1.0347782135009766e+01 
+7.2095347753164960e+00 +1.0372928619384766e+01 
+7.1458173716979996e+00 +1.0398105621337891e+01 
+7.0822605800134690e+00 +1.0423313140869141e+01 
+1.3099906507527272e+00 +1.3568862915039062e+01 
+7.0188665656442151e+00 +1.0448551177978516e+01 
+6.9556374889920436e+00 +1.0473819732666016e+01 
+6.8925755053979172e+00 +1.0499118804931641e+01 
+6.8296827650608112e+00 +1.0524448394775391e+01 
+6.7669614129567544e+00 +1.0549808502197266e+01 
+6.7044135887580758e+00 +1.0575199127197266e+01 
+8.1401676480474805e-04 +1.6062561035156250e+01 
+2.0350596305185320e-04 +1.5968765258789062e+01 
+2.0350596305185320e-04 +1.6031265258789062e+01 
+1.8315111433278020e-03 +1.5906387329101562e+01 
+6.6420414267528507e+00 +1.0600620269775391e+01 
+5.0872947156310744e-03 +1.5844131469726562e+01 
+6.5798470557645370e+00 +1.0626071929931641e+01 
+9.9704031376095514e-03 +1.5781997680664062e+01 
+1.2472591182296853e+00 +1.3626480102539062e+01 
+1.6480156181113870e-02 +1.5719985961914062e+01 
+6.5178325990718307e+00 +1.0651554107666016e+01 
+2.4615647034647026e-02 +1.5658096313476562e+01 
+6.4560001743287279e+00 +1.0677066802978516e+01 
+3.4375742439905821e-02 +1.5596328735351562e+01 
+4.5759082862463885e-02 +1.5534683227539062e+01 
+6.3943518934847949e+00 +1.0702610015869141e+01 
+5.8764082696509234e-02 +1.5473159790039062e+01 
+6.3328898627056507e+00 +1.0728183746337891e+01 
+7.3388930503616834e-02 +1.5411758422851562e+01 
+8.9631589285566804e-02 +1.5350479125976562e+01 
+6.2716161822936778e+00 +1.0753787994384766e+01 
+1.0748979679109105e-01 +1.5289321899414062e+01 
+6.2105329466089394e+00 +1.0779422760009766e+01 
+1.2696106585656786e-01 +1.5228286743164062e+01 
+1.4804268478057558e-01 +1.5167373657226562e+01 
+6.1496422439903355e+00 +1.0805088043212891e+01 
+1.7073171773227180e-01 +1.5106582641601562e+01 
+1.9502500519351074e-01 +1.5045913696289062e+01 
+6.0889461566769745e+00 +1.0830783843994141e+01 
+1.1859821279039835e+00 +1.3684219360351562e+01 
+2.2091916443465820e-01 +1.4985366821289062e+01 
+6.0284467607297723e+00 +1.0856510162353516e+01 
+2.4841059002401877e-01 +1.4924942016601562e+01 
+2.7749545437080414e-01 +1.4864639282226562e+01 
+5.9681461259533055e+00 +1.0882266998291016e+01 
+3.0816970830154489e-01 +1.4804458618164062e+01 
+5.9080463158178675e+00 +1.0908054351806641e+01 
+3.4042908166988894e-01 +1.4744400024414062e+01 
+3.7426908399966763e-01 +1.4684463500976562e+01 
+5.8481493873817882e+00 +1.0933872222900391e+01 
+4.0968500516114759e-01 +1.4624649047851562e+01 
+4.4667191608034607e-01 +1.4564956665039062e+01 
+5.7884573912139858e+00 +1.0959720611572266e+01 
+4.8522466948135445e-01 +1.4505386352539062e+01 
+5.2533790066148001e-01 +1.4445938110351562e+01 
+5.7289723713167655e+00 +1.0985599517822266e+01 
+5.6700602829915070e-01 +1.4386611938476562e+01 
+5.6696963650488605e+00 +1.1011508941650391e+01 
+6.1022325529445887e-01 +1.4327407836914062e+01 
+1.1261681909147097e+00 +1.3742080688476562e+01 
+6.5498356964216242e-01 +1.4268325805664062e+01 
+5.6106314030487292e+00 +1.1037448883056641e+01 
+7.0128074533708684e-01 +1.4209365844726562e+01 
+7.4910834331172538e-01 +1.4150527954101562e+01 
+5.5517795091581048e+00 +1.1063419342041016e+01 
+7.9845971240594871e-01 +1.4091812133789062e+01 
+8.4932799036864282e-01 +1.4033218383789062e+01 
+5.4931427003457909e+00 +1.1089420318603516e+01 
+9.0170610489113479e-01 +1.3974746704101562e+01 
+5.4347229866317317e+00 +1.1115451812744141e+01 
+9.5558677467226438e-01 +1.3916397094726562e+01 
+1.0109625105149096e+00 +1.3858169555664062e+01 
+5.3765223710113359e+00 +1.1141513824462891e+01 
+1.0678256164538418e+00 +1.3800064086914062e+01 
+5.3185428493800604e+00 +1.1167606353759766e+01 
+5.2607864104582660e+00 +1.1193729400634766e+01 
+5.2032550357163467e+00 +1.1219882965087891e+01 
+5.1459506993001263e+00 +1.1246067047119141e+01 
+5.0888753679565353e+00 +1.1272281646728516e+01 
+5.0320310009595604e+00 +1.1298526763916016e+01 
+4.9754195500364808e+00 +1.1324802398681641e+01 
+4.9190429592943890e+00 +1.1351108551025391e+01 
+4.8629031651469896e+00 +1.1377445220947266e+01 
+4.8070020962417050e+00 +1.1403812408447266e+01 
+4.7513416733870493e+00 +1.1430210113525391e+01 
+4.6959238094803260e+00 +1.1456638336181641e+01 
+4.6407504094355927e+00 +1.1483097076416016e+01 
+4.5858233701119602e+00 +1.1509586334228516e+01 
+4.5311445802421577e+00 +1.1536106109619141e+01 
+4.4767159203614373e+00 +1.1562656402587891e+01 
+4.4225392627367679e+00 +1.1589237213134766e+01 
+4.3686164712963418e+00 +1.1615848541259766e+01 
+4.3149494015594083e+00 +1.1642490386962891e+01 
+4.2615399005664027e+00 +1.1669162750244141e+01 
+4.2083898068094188e+00 +1.1695865631103516e+01 
+4.1555009501629758e+00 +1.1722599029541016e+01 
+4.1028751518151401e+00 +1.1749362945556641e+01 
+4.0505142241989489e+00 +1.1776157379150391e+01 
+3.9984199709241750e+00 +1.1802982330322266e+01 
+3.9465941867094241e+00 +1.1829837799072266e+01 
+3.8950386573145588e+00 +1.1856723785400391e+01 
+3.8437551594734769e+00 +1.1883640289306641e+01 
+3.7927454608272058e+00 +1.1910587310791016e+01 
+3.7420113198573608e+00 +1.1937564849853516e+01 
+3.6915544858199354e+00 +1.1964572906494141e+01 
+3.6413766986794416e+00 +1.1991611480712891e+01 
+3.5914796890434051e+00 +1.2018680572509766e+01 
+3.5418651780972041e+00 +1.2045780181884766e+01 
+3.4925348775392759e+00 +1.2072910308837891e+01 
+3.4434904895166598e+00 +1.2100070953369141e+01 
+3.3947337065609240e+00 +1.2127262115478516e+01 
+3.3462662115244379e+00 +1.2154483795166016e+01 
+3.2980896775170105e+00 +1.2181735992431641e+01 
+3.2502057678429059e+00 +1.2209018707275391e+01 
+3.2026161359382161e+00 +1.2236331939697266e+01 
+3.1553224253086087e+00 +1.2263675689697266e+01 
+3.1083262694674554e+00 +1.2291049957275391e+01 
+3.0616292918743238e+00 +1.2318454742431641e+01 
+3.0152331058738620e+00 +1.2345890045166016e+01 
+2.9691393146350560e+00 +1.2373355865478516e+01 
+2.9233495110908647e+00 +1.2400852203369141e+01 
+2.8778652778782554e+00 +1.2428379058837891e+01 
+2.8326881872786149e+00 +1.2455936431884766e+01 
+2.7878198011585482e+00 +1.2483524322509766e+01 
+2.7432616709110889e+00 +1.2511142730712891e+01 
+2.6990153373972774e+00 +1.2538791656494141e+01 
+2.6550823308881499e+00 +1.2566471099853516e+01 
+2.6114641710071362e+00 +1.2594181060791016e+01 
+2.5681623666728282e+00 +1.2621921539306641e+01 
+2.5251784160421868e+00 +1.2649692535400391e+01 
+2.4825138064541274e+00 +1.2677494049072266e+01 
+2.4401700143735265e+00 +1.2705326080322266e+01 
+2.3981485053356311e+00 +1.2733188629150391e+01 
+2.3564507338908829e+00 +1.2761081695556641e+01 
+2.3150781435501582e+00 +1.2789005279541016e+01 
+2.2740321667304153e+00 +1.2816959381103516e+01 
+2.2333142247007691e+00 +1.2844944000244141e+01 
+2.1929257275289791e+00 +1.2872959136962891e+01 
+2.1528680740283637e+00 +1.2901004791259766e+01 
+2.1131426517051288e+00 +1.2929080963134766e+01 
+2.0737508367061412e+00 +1.2957187652587891e+01 
+2.0346939937671014e+00 +1.2985324859619141e+01 
+1.9959734761611774e+00 +1.3013492584228516e+01 
+1.9575906256480451e+00 +1.3041690826416016e+01 
+1.9195467724233772e+00 +1.3069919586181641e+01 
+1.8818432350687555e+00 +1.3098178863525391e+01 
+1.8444813205020356e+00 +1.3126468658447266e+01 
+1.8074623239281333e+00 +1.3154788970947266e+01 
+1.7707875287902706e+00 +1.3183139801025391e+01 
+1.7344582067216461e+00 +1.3211521148681641e+01 
+1.6984756174975608e+00 +1.3239933013916016e+01 
+1.6628410089879946e+00 +1.3268375396728516e+01 
+1.6275556171106160e+00 +1.3296848297119141e+01 
+1.5926206657842545e+00 +1.3325351715087891e+01 
+1.5580373668828216e+00 +1.3353885650634766e+01 
+1.5238069201896813e+00 +1.3382450103759766e+01 
+1.4899305133524852e+00 +1.3411045074462891e+01 
+1.4564093218384500e+00 +1.3439670562744141e+01 
+1.4232445088901073e+00 +1.3468326568603516e+01 
+1.3904372254815041e+00 +1.3497013092041016e+01 
+1.3579886102748802e+00 +1.3525730133056641e+01 
+1.3258997895777771e+00 +1.3554477691650391e+01 
+1.2941718773006574e+00 +1.3583255767822266e+01 
+4.5788675575231252e-04 +1.5953159332275391e+01 
+5.0876601504157293e-05 +1.5984378814697266e+01 
+1.2628059749149507e+00 +1.3612064361572266e+01 
+1.2718928895143478e-03 +1.5921970367431641e+01 
+2.4928666538635014e-03 +1.5890811920166016e+01 
+4.1207655267285759e-03 +1.5859683990478516e+01 
+6.1555328145228572e-03 +1.5828586578369141e+01 
+8.5970976542526500e-03 +1.5797519683837891e+01 
+1.1445375016197801e-02 +1.5766483306884766e+01 
+1.4700265707112692e-02 +1.5735477447509766e+01 
+1.8361656373961921e-02 +1.5704502105712891e+01 
+2.2429419508180004e-02 +1.5673557281494141e+01 
+2.6903413450481750e-02 +1.5642642974853516e+01 
+3.1783482396186002e-02 +1.5611759185791016e+01 
+3.7069456401091827e-02 +1.5580905914306641e+01 
+1.2318031714115847e+00 +1.3640903472900391e+01 
+4.2761151387871621e-02 +1.5550083160400391e+01 
+4.8858369152995351e-02 +1.5519290924072266e+01 
+5.5360897374209017e-02 +1.5488529205322266e+01 
+6.2268509618512269e-02 +1.5457798004150391e+01 
+6.9580965350688473e-02 +1.5427097320556641e+01 
+7.7298009942364132e-02 +1.5396427154541016e+01 
+8.5419374681597660e-02 +1.5365787506103516e+01 
+9.3944776782986850e-02 +1.5335178375244141e+01 
+1.0287391939831991e-01 +1.5304599761962891e+01 
+1.1220649162775587e-01 +1.5274051666259766e+01 
+1.2194216853152717e-01 +1.5243534088134766e+01 
+1.3208061114216818e-01 +1.5213047027587891e+01 
+1.2011645432599956e+00 +1.3669773101806641e+01 
+1.4262146647728535e-01 +1.5182590484619141e+01 
+1.5356436755284086e-01 +1.5152164459228516e+01 
+1.6490893339697266e-01 +1.5121768951416016e+01 
+1.7665476906433852e-01 +1.5091403961181641e+01 
+1.8880146565097888e-01 +1.5061069488525391e+01 
+2.0134860030971957e-01 +1.5030765533447266e+01 
+2.1429573626609155e-01 +1.5000492095947266e+01 
+2.2764242283476932e-01 +1.4970249176025391e+01 
+2.4138819543654222e-01 +1.4940036773681641e+01 
+2.5553257561580445e-01 +1.4909854888916016e+01 
+2.7007507105857442e-01 +1.4879703521728516e+01 
+2.8501517561102041e-01 +1.4849582672119141e+01 
+1.1708911543675882e+00 +1.3698673248291016e+01 
+3.0035236929852793e-01 +1.4819492340087891e+01 
+3.1608611834526279e-01 +1.4789432525634766e+01 
+3.3221587519427942e-01 +1.4759403228759766e+01 
+3.4874107852813552e-01 +1.4729404449462891e+01 
+3.6566115329001647e-01 +1.4699436187744141e+01 
+3.8297551070538738e-01 +1.4669498443603516e+01 
+4.0068354830417618e-01 +1.4639591217041016e+01 
+4.1878464994343467e-01 +1.4609714508056641e+01 
+4.3727818583054479e-01 +1.4579868316650391e+01 
+4.5616351254693654e-01 +1.4550052642822266e+01 
+4.7543997307230157e-01 +1.4520267486572266e+01 
+4.9510689680933417e-01 +1.4490512847900391e+01 
+1.1409840560396880e+00 +1.3727603912353516e+01 
+5.1516359960898228e-01 +1.4460788726806641e+01 
+5.3560938379619927e-01 +1.4431095123291016e+01 
+5.5644353819621273e-01 +1.4401432037353516e+01 
+5.7766533816130483e-01 +1.4371799468994141e+01 
+5.9927404559808828e-01 +1.4342197418212891e+01 
+6.2126890899529741e-01 +1.4312625885009766e+01 
+6.4364916345208201e-01 +1.4283084869384766e+01 
+6.6641403070681093e-01 +1.4253574371337891e+01 
+6.8956271916635714e-01 +1.4224094390869141e+01 
+7.1309442393592626e-01 +1.4194644927978516e+01 
+7.3700832684933459e-01 +1.4165225982666016e+01 
+7.6130359649982893e-01 +1.4135837554931641e+01 
+1.1114442869399568e+00 +1.3756565093994141e+01 
+7.8597938827137881e-01 +1.4106479644775391e+01 
+8.1103484437048934e-01 +1.4077152252197266e+01 
+8.3646909385847934e-01 +1.4047855377197266e+01 
+8.6228125268428535e-01 +1.4018589019775391e+01 
+8.8847042371773632e-01 +1.3989353179931641e+01 
+9.1503569678333818e-01 +1.3960147857666016e+01 
+9.4197614869453261e-01 +1.3930973052978516e+01 
+9.6929084328846749e-01 +1.3901828765869141e+01 
+9.9697883146122734e-01 +1.3872714996337891e+01 
+1.0250391512035772e+00 +1.3843631744384766e+01 
+1.0534708276371774e+00 +1.3814579010009766e+01 
+1.0822728730512896e+00 +1.3785556793212891e+01 
+5.0876601504157293e-05 +1.6015628814697266e+01 
