Dim = 2
+0.0000000000000000e+00 +4.0000000000000000e+00 
+4.0000000000000000e+00 +0.0000000000000000e+00 
+4.0000000000000000e+00 +0.0000000000000000e+00 
+0.0000000000000000e+00 +3.7892015508762715e+00 
+2.0000000000000000e+00 +3.4951138490756604e+00 
+4.0000000000000000e+00 +0.0000000000000000e+00 
+2.0000000000000000e+00 +2.8042247445283728e+00 
+0.0000000000000000e+00 +3.2642411176571149e+00 
+2.0000000000000000e+00 +3.7500000000000000e+00 
+3.0000000000000000e+00 +2.3003825605106769e+00 
+4.0000000000000000e+00 +0.0000000000000000e+00 
+3.0000000000000000e+00 +0.0000000000000000e+00 
+3.0000000000000000e+00 +9.3540822869285822e-01 
+2.0000000000000000e+00 +4.4472167739109481e-01 
+1.0000000000000000e+00 +3.2354900943365688e+00 
+2.0000000000000000e+00 +3.7431196051720010e+00 
+1.0000000000000000e+00 +2.0163956120616762e+00 
+1.0000000000000000e+00 +3.7708210695137332e+00 
+0.0000000000000000e+00 +2.1211738743730484e+00 
+2.5000000000000000e+00 +0.0000000000000000e+00 
+2.0000000000000000e+00 +2.5168927625933208e+00 
+1.5000000000000000e+00 +1.5907339214217271e+00 
+2.0000000000000000e+00 +8.8062092297167782e-01 
+1.5000000000000000e+00 +2.8949343668872634e+00 
+1.5000000000000000e+00 +1.8251758791746513e+00 
+1.7500000000000000e+00 +1.1384683751167808e+00 
+1.5000000000000000e+00 +2.2344413561434151e+00 
+1.2500000000000000e+00 +1.8653675699019250e+00 
+1.5000000000000000e+00 +1.3823287303399576e+00 
+1.0000000000000000e+00 +3.0353498199107274e+00 
+5.0000000000000000e-01 +2.1146252329785877e+00 
+1.0000000000000000e+00 +2.1760105771928986e+00 
+2.2500000000000000e+00 +0.0000000000000000e+00 
+2.0000000000000000e+00 +1.5689401561053844e+00 
+2.0000000000000000e+00 +3.1007830636669682e-02 
+1.7500000000000000e+00 +1.9718060611284067e+00 
+1.7500000000000000e+00 +8.4903958956419578e-01 
+2.2500000000000000e+00 +0.0000000000000000e+00 
+1.7500000000000000e+00 +1.4524140125302638e+00 
+2.1250000000000000e+00 +0.0000000000000000e+00 
+2.0000000000000000e+00 +6.9098774145046019e-02 
+1.8750000000000000e+00 +4.8077448098211034e-01 
+2.0000000000000000e+00 +3.4950537876400650e-01 
+1.2500000000000000e+00 +1.7061631316617099e+00 
+1.7500000000000000e+00 +8.7538342935507762e-01 
+1.6250000000000000e+00 +1.1463000240859791e+00 
+1.7500000000000000e+00 +1.0711814503713104e+00 
+0.0000000000000000e+00 +3.0699136237318880e+00 
+0.0000000000000000e+00 +2.2623698874743132e+00 
+5.0000000000000000e-01 +3.0677533859930652e+00 
+5.0000000000000000e-01 +2.2569724305817247e+00 
+2.5000000000000000e-01 +2.1207645842858946e+00 
+0.0000000000000000e+00 +2.5424733401610178e+00 
+0.0000000000000000e+00 +2.0077972610597650e+00 
+1.0000000000000000e+00 +1.8842479216583217e+00 
+1.2500000000000000e+00 +2.0515317276075780e+00 
+2.5000000000000000e-01 +2.0073146464527283e+00 
+7.5000000000000000e-01 +1.9687054778897770e+00 
+5.0000000000000000e-01 +2.0000754273471748e+00 
+2.5000000000000000e-01 +2.2620325464185265e+00 
+1.8750000000000000e+00 +5.1240668320982441e-01 
+1.8750000000000000e+00 +7.4629416577493946e-01 
+1.9375000000000000e+00 +2.6676318096088120e-01 
+1.8750000000000000e+00 +4.5666669572346780e-01 
+1.8125000000000000e+00 +6.7442170684235259e-01 
+1.8750000000000000e+00 +5.8152414850752410e-01 
+1.5000000000000000e+00 +1.4010144287692865e+00 
+1.3750000000000000e+00 +1.5661747322080721e+00 
+1.5000000000000000e+00 +1.5416546415961310e+00 
+1.6250000000000000e+00 +1.1683751431122624e+00 
+1.6250000000000000e+00 +1.3334276777197607e+00 
+1.7500000000000000e+00 +8.2898308110696506e-01 
+1.6875000000000000e+00 +1.0059176150508158e+00 
+1.7500000000000000e+00 +9.3305607840721050e-01 
+7.5000000000000000e-01 +2.0880213773135909e+00 
+7.5000000000000000e-01 +2.2350452619555843e+00 
+1.2500000000000000e+00 +1.7201985017167387e+00 
+1.1250000000000000e+00 +1.8098951087617010e+00 
+1.2500000000000000e+00 +1.8273446970819720e+00 
+8.7500000000000000e-01 +1.9353749065912920e+00 
+7.5000000000000000e-01 +1.9789706860437337e+00 
+6.2500000000000000e-01 +1.9889451279723867e+00 
+7.5000000000000000e-01 +2.0589622681464990e+00 
+1.2500000000000000e-01 +2.0077670976468251e+00 
+0.0000000000000000e+00 +2.0175011031953636e+00 
+0.0000000000000000e+00 +2.0934494432498569e+00 
+5.0000000000000000e-01 +2.0098901565975109e+00 
+3.7500000000000000e-01 +2.0053540246116408e+00 
+5.0000000000000000e-01 +2.0866371617479591e+00 
+1.6250000000000000e+00 +1.1295136714873701e+00 
+1.5625000000000000e+00 +1.2713858123340442e+00 
+1.6250000000000000e+00 +1.2168096347313488e+00 
+2.0625000000000000e+00 +0.0000000000000000e+00 
+2.0000000000000000e+00 +1.9521718105079912e-03 
+2.0000000000000000e+00 +1.5219393254108832e-01 
+1.9375000000000000e+00 +2.4030106184108635e-01 
+1.9375000000000000e+00 +3.7723706411208707e-01 
+2.0625000000000000e+00 +0.0000000000000000e+00 
+1.9375000000000000e+00 +3.0146862931948010e-01 
+2.0312500000000000e+00 +0.0000000000000000e+00 
+2.0000000000000000e+00 +2.3783556818179667e-02 
+1.9687500000000000e+00 +1.2396350800171931e-01 
+2.0000000000000000e+00 +4.3897087928291122e-03 
+1.8125000000000000e+00 +6.5244423068849111e-01 
+1.9375000000000000e+00 +2.6018286360682957e-01 
+1.9062500000000000e+00 +3.5114351637559232e-01 
+1.9375000000000000e+00 +2.4252065663545364e-01 
+1.8125000000000000e+00 +7.0327309521784243e-01 
+1.8750000000000000e+00 +4.7477872707453850e-01 
+1.8437500000000000e+00 +5.5704356507419206e-01 
+1.8750000000000000e+00 +4.5868844944695752e-01 
+1.3750000000000000e+00 +1.5822203643705086e+00 
+1.3750000000000000e+00 +1.7038454843854567e+00 
+1.5000000000000000e+00 +1.3681389246306139e+00 
+1.4375000000000000e+00 +1.4802372835292574e+00 
+1.5000000000000000e+00 +1.4421137015234731e+00 
+1.6875000000000000e+00 +9.8758691848967317e-01 
+1.8125000000000000e+00 +6.6895489271384412e-01 
+1.7812500000000000e+00 +7.4303593989834071e-01 
+1.8125000000000000e+00 +6.5428696875003678e-01 
+1.6875000000000000e+00 +1.0300086542428510e+00 
+1.7500000000000000e+00 +8.4404973731261046e-01 
+1.7187500000000000e+00 +9.1044718378883560e-01 
+1.7500000000000000e+00 +8.3066439503385670e-01 
+1.5625000000000000e+00 +1.2559755258907839e+00 
+1.6875000000000000e+00 +1.0013562689540287e+00 
+1.6562500000000000e+00 +1.0605580968264456e+00 
+1.6875000000000000e+00 +9.8912320775405205e-01 
+1.3750000000000000e+00 +1.5540074125421885e+00 
+1.3125000000000000e+00 +1.6411590915631200e+00 
+1.3750000000000000e+00 +1.6176061343794470e+00 
+1.5625000000000000e+00 +1.2916646738041890e+00 
+1.6250000000000000e+00 +1.1421221270166158e+00 
+1.5937500000000000e+00 +1.1946037362319113e+00 
+1.6250000000000000e+00 +1.1309201853327258e+00 
+2.5000000000000000e-01 +2.0170254190329975e+00 
+2.5000000000000000e-01 +2.0930236756559881e+00 
+1.0000000000000000e+00 +1.8957259576297187e+00 
+1.0000000000000000e+00 +1.9844529392194914e+00 
+1.1250000000000000e+00 +1.8224408663652376e+00 
+1.1250000000000000e+00 +1.9188581192891074e+00 
+8.7500000000000000e-01 +1.9461187485803457e+00 
+8.7500000000000000e-01 +2.0295576936949478e+00 
+6.2500000000000000e-01 +1.9989196906029496e+00 
+6.2500000000000000e-01 +2.0768178966143642e+00 
+1.2500000000000000e-01 +2.0174713729352156e+00 
+1.2500000000000000e-01 +2.0934228327752402e+00 
+3.7500000000000000e-01 +2.0150929521233869e+00 
+3.7500000000000000e-01 +2.0912939948058971e+00 
+1.2500000000000000e+00 +1.6955358214671463e+00 
+1.1875000000000000e+00 +1.7621143774517400e+00 
+1.2500000000000000e+00 +1.7512337604474659e+00 
+3.1250000000000000e-01 +2.0066190027418038e+00 
+2.5000000000000000e-01 +2.0000002978099127e+00 
+1.8750000000000000e-01 +2.0076445587817573e+00 
+2.5000000000000000e-01 +2.0387015946778257e+00 
+6.8750000000000000e-01 +1.9801958530065342e+00 
+6.2500000000000000e-01 +1.9814286966387644e+00 
+5.6250000000000000e-01 +1.9954283765411360e+00 
+6.2500000000000000e-01 +2.0211667478182216e+00 
+3.1250000000000000e-01 +1.9992970013369904e+00 
+1.8750000000000000e-01 +2.0003338394976127e+00 
+5.6250000000000000e-01 +1.9879832672901989e+00 
+5.6250000000000000e-01 +2.0273554114420085e+00 
+3.7500000000000000e-01 +1.9980181072087226e+00 
+3.1250000000000000e-01 +2.0163397649083379e+00 
+5.6250000000000000e-01 +2.0053098383934809e+00 
+5.0000000000000000e-01 +1.9926814402055191e+00 
+4.3750000000000000e-01 +1.9959120296949586e+00 
+1.0625000000000000e+00 +1.8503423603006715e+00 
+1.0000000000000000e+00 +1.8755797185352243e+00 
+9.3750000000000000e-01 +1.9123583373049116e+00 
+1.0000000000000000e+00 +1.9212267585740730e+00 
+8.7500000000000000e-01 +1.9272691503662529e+00 
+8.1250000000000000e-01 +1.9539536837489033e+00 
+8.7500000000000000e-01 +1.9700306426907059e+00 
+1.2500000000000000e-01 +2.0004577264101870e+00 
+6.2500000000000000e-02 +2.0077953758464564e+00 
+1.2500000000000000e-01 +2.0391334874576192e+00 
+1.9687500000000000e+00 +1.4479689693593215e-01 
+1.9687500000000000e+00 +1.2628947988482225e-01 
+1.9843750000000000e+00 +6.3678342067434335e-02 
+1.9687500000000000e+00 +1.3151268696055124e-01 
+1.9531250000000000e+00 +1.8283027301880425e-01 
+1.9687500000000000e+00 +1.2221718834239663e-01 
+1.4375000000000000e+00 +1.4671245677775335e+00 
+1.5625000000000000e+00 +1.2675495821742162e+00 
+1.5312500000000000e+00 +1.3137734163659476e+00 
+1.5625000000000000e+00 +1.2572664051584506e+00 
+1.9062500000000000e+00 +3.7011867833350232e-01 
+1.9062500000000000e+00 +3.5326175870695392e-01 
+1.9375000000000000e+00 +2.4750510726972938e-01 
+1.9218750000000000e+00 +2.9639812050791503e-01 
+1.9375000000000000e+00 +2.3863463154164385e-01 
+1.9062500000000000e+00 +3.5801873034469511e-01 
+1.8906250000000000e+00 +4.0455913811737387e-01 
+1.9062500000000000e+00 +3.4955320193425454e-01 
+1.8437500000000000e+00 +5.7433456024448448e-01 
+1.8437500000000000e+00 +5.5897353588850396e-01 
+1.8750000000000000e+00 +4.6322885869396119e-01 
+1.8593750000000000e+00 +5.0748772050103552e-01 
+1.8750000000000000e+00 +4.5514884437742825e-01 
+1.4375000000000000e+00 +1.4975169950679892e+00 
+1.5000000000000000e+00 +1.3787955363960009e+00 
+1.4687500000000000e+00 +1.4192107087292405e+00 
+1.5000000000000000e+00 +1.3693272435862671e+00 
+1.8437500000000000e+00 +5.6330794437874854e-01 
+1.8281250000000000e+00 +6.0535540338400362e-01 
+1.8437500000000000e+00 +5.5559464283637650e-01 
+1.7812500000000000e+00 +7.5880560380907947e-01 
+1.7812500000000000e+00 +7.4479584243540364e-01 
+1.8125000000000000e+00 +6.5842558901298365e-01 
+1.7968750000000000e+00 +6.9833086356262808e-01 
+1.8125000000000000e+00 +6.5106082038432511e-01 
+1.3125000000000000e+00 +1.6298166732751957e+00 
+1.4375000000000000e+00 +1.4769715229464668e+00 
+1.4062500000000000e+00 +1.5120134419624489e+00 
+1.4375000000000000e+00 +1.4682223759376865e+00 
+1.7812500000000000e+00 +7.4874854376330069e-01 
+1.7656250000000000e+00 +7.8657991890450896e-01 
+1.7812500000000000e+00 +7.4171473920251163e-01 
+1.7187500000000000e+00 +9.2484750146281469e-01 
+1.7187500000000000e+00 +9.1205400832005257e-01 
+1.7500000000000000e+00 +8.3444070934904013e-01 
+1.7343750000000000e+00 +8.7026552834849424e-01 
+1.7500000000000000e+00 +8.2772090058018710e-01 
+1.7187500000000000e+00 +9.1566313604225169e-01 
+1.7031250000000000e+00 +9.4954779190468053e-01 
+1.7187500000000000e+00 +9.0924094491461682e-01 
+1.3125000000000000e+00 +1.6561279329568357e+00 
+1.3750000000000000e+00 +1.5631437063854388e+00 
+1.3437500000000000e+00 +1.5932337018462044e+00 
+1.3750000000000000e+00 +1.5550257765006872e+00 
+1.6562500000000000e+00 +1.0737305769365451e+00 
+1.6562500000000000e+00 +1.0620276624813201e+00 
+1.6875000000000000e+00 +9.9257402366769043e-01 
+1.6718750000000000e+00 +1.0245839506544112e+00 
+1.6875000000000000e+00 +9.8643365171107744e-01 
+1.6562500000000000e+00 +1.0653287216028191e+00 
+1.6406250000000000e+00 +1.0955283867502796e+00 
+1.6562500000000000e+00 +1.0594549395828592e+00 
+1.1875000000000000e+00 +1.7521025857486026e+00 
+1.3125000000000000e+00 +1.6383328825680668e+00 
+1.2812500000000000e+00 +1.6638778313011111e+00 
+1.3125000000000000e+00 +1.6307657185297175e+00 
+1.5937500000000000e+00 +1.2066797852564504e+00 
+1.5937500000000000e+00 +1.1959507328245433e+00 
+1.6250000000000000e+00 +1.1340797287778059e+00 
+1.6093750000000000e+00 +1.1625326234161264e+00 
+1.6250000000000000e+00 +1.1284578662512654e+00 
+0.0000000000000000e+00 +2.0004882216502056e+00 
+0.0000000000000000e+00 +2.0391622803096054e+00 
+6.2500000000000000e-02 +2.0004863156977044e+00 
+7.5000000000000000e-01 +1.9609663905864811e+00 
+7.5000000000000000e-01 +2.0018467441354724e+00 
+1.1250000000000000e+00 +1.8004089518901005e+00 
+1.1250000000000000e+00 +1.8502523784280558e+00 
+6.8750000000000000e-01 +1.9725831710809545e+00 
+6.8750000000000000e-01 +2.0128150211889704e+00 
+1.8750000000000000e-01 +2.0173505937533651e+00 
+4.3750000000000000e-01 +2.0130397060319249e+00 
+4.3750000000000000e-01 +2.0032708639054855e+00 
+1.0625000000000000e+00 +1.8413011628021474e+00 
+1.0625000000000000e+00 +1.8888617933883194e+00 
+9.3750000000000000e-01 +1.9039993762797844e+00 
+8.1250000000000000e-01 +1.9460523122650284e+00 
+1.1875000000000000e+00 +1.7753462761497643e+00 
+6.2500000000000000e-02 +2.0174992450541045e+00 
+6.8750000000000000e-01 +1.9902960570188102e+00 
+1.0625000000000000e+00 +1.8623072870822621e+00 
+9.3750000000000000e-01 +1.9234327019462674e+00 
+8.1250000000000000e-01 +1.9644307306901698e+00 
+1.2500000000000000e+00 +1.7035144786448284e+00 
+1.2187500000000000e+00 +1.7249064303877459e+00 
+1.2500000000000000e+00 +1.6964247742456948e+00 
+3.1250000000000000e-02 +2.0004881025281742e+00 
+0.0000000000000000e+00 +2.0059725098005923e+00 
+0.0000000000000000e+00 +2.0010983311192301e+00 
+5.3125000000000000e-01 +1.9905390304722019e+00 
+5.0000000000000000e-01 +1.9982295842030047e+00 
+4.6875000000000000e-01 +1.9944576688145543e+00 
+5.0000000000000000e-01 +1.9932986880632677e+00 
+6.5625000000000000e-01 +1.9773212498767674e+00 
+6.2500000000000000e-01 +1.9870688828533569e+00 
+5.9375000000000000e-01 +1.9849641194063554e+00 
+6.2500000000000000e-01 +1.9820562338146341e+00 
+2.1875000000000000e-01 +2.0002022096530028e+00 
+1.8750000000000000e-01 +2.0058193904223196e+00 
+1.5625000000000000e-01 +2.0004137703806295e+00 
+1.8750000000000000e-01 +2.0009440901310627e+00 
+2.8125000000000000e-01 +1.9997066620027051e+00 
+2.5000000000000000e-01 +2.0054885769507429e+00 
+2.5000000000000000e-01 +2.0006108534282325e+00 
+3.4375000000000000e-01 +1.9987441559896275e+00 
+3.1250000000000000e-01 +2.0047910331163901e+00 
+3.1250000000000000e-01 +1.9999082000376927e+00 
+4.3750000000000000e-01 +2.0014337489705611e+00 
+4.0625000000000000e-01 +1.9970859773136320e+00 
+4.3750000000000000e-01 +1.9965263235563966e+00 
+1.1875000000000000e+00 +1.7596185530615280e+00 
+1.1562500000000000e+00 +1.7772343563066577e+00 
+1.1875000000000000e+00 +1.7529398148360051e+00 
+9.3750000000000000e-02 +2.0004785727656684e+00 
+6.2500000000000000e-02 +2.0059706194378975e+00 
+6.2500000000000000e-02 +2.0010964269094997e+00 
+7.8125000000000000e-01 +1.9539561781652417e+00 
+7.5000000000000000e-01 +1.9667739489628053e+00 
+7.1875000000000000e-01 +1.9671529932831635e+00 
+7.5000000000000000e-01 +1.9616126381484200e+00 
+1.1250000000000000e+00 +1.8075297955592957e+00 
+1.0937500000000000e+00 +1.8217307233983684e+00 
+1.1250000000000000e+00 +1.8012020104545035e+00 
+1.0625000000000000e+00 +1.8480875271745889e+00 
+1.0312500000000000e+00 +1.8592189031433719e+00 
+1.0625000000000000e+00 +1.8420568302215143e+00 
+9.6875000000000000e-01 +1.8904765241621355e+00 
+9.3750000000000000e-01 +1.9102728983802137e+00 
+9.0625000000000000e-01 +1.9162354722150985e+00 
+9.3750000000000000e-01 +1.9046977135147130e+00 
+8.4375000000000000e-01 +1.9371818902026723e+00 
+8.1250000000000000e-01 +1.9519818608765938e+00 
+8.1250000000000000e-01 +1.9467121970075736e+00 
+2.0156250000000000e+00 +0.0000000000000000e+00 
+2.0000000000000000e+00 +9.8633164613555150e-03 
+2.0000000000000000e+00 +1.2206658732694510e-04 
+1.9843750000000000e+00 +7.1406366390041234e-02 
+1.9843750000000000e+00 +6.1890624397256566e-02 
+2.0156250000000000e+00 +0.0000000000000000e+00 
+1.9843750000000000e+00 +6.6059437685174166e-02 
+2.0078125000000000e+00 +0.0000000000000000e+00 
+2.0000000000000000e+00 +2.7463934519100054e-04 
+1.9921875000000000e+00 +3.1188015392945089e-02 
+2.0000000000000000e+00 +1.4948025193620299e-03 
+1.5937500000000000e+00 +1.1989766936755299e+00 
+1.5781250000000000e+00 +1.2257453249470409e+00 
+1.5937500000000000e+00 +1.1935926285456124e+00 
+1.9531250000000000e+00 +1.9020481452179669e-01 
+1.9531250000000000e+00 +1.8112437735001746e-01 
+1.9843750000000000e+00 +6.2039663006270278e-02 
+1.9765625000000000e+00 +9.2232737729211201e-02 
+1.9843750000000000e+00 +6.3231565118364655e-02 
+1.9531250000000000e+00 +1.8510241812904557e-01 
+1.9687500000000000e+00 +1.2236277530765804e-01 
+1.9609375000000000e+00 +1.5184679801504250e-01 
+1.9687500000000000e+00 +1.2352707611531773e-01 
+1.5312500000000000e+00 +1.3248747127440386e+00 
+1.5312500000000000e+00 +1.3150114462215297e+00 
+1.5625000000000000e+00 +1.2601664143315738e+00 
+1.5468750000000000e+00 +1.2853122967093609e+00 
+1.5625000000000000e+00 +1.2550065624032298e+00 
+1.9218750000000000e+00 +3.0343574524734784e-01 
+1.9218750000000000e+00 +2.9477021223304745e-01 
+1.9531250000000000e+00 +1.8126659388246108e-01 
+1.9453125000000000e+00 +2.1005272577483458e-01 
+1.9531250000000000e+00 +1.8240394279445915e-01 
+1.9218750000000000e+00 +2.9856642110199461e-01 
+1.9375000000000000e+00 +2.3877355756827029e-01 
+1.9296875000000000e+00 +2.6687287172723761e-01 
+1.9375000000000000e+00 +2.3988459372631329e-01 
+1.8906250000000000e+00 +4.1127588629885592e-01 
+1.8906250000000000e+00 +4.0300550434953897e-01 
+1.9218750000000000e+00 +2.9490592640715557e-01 
+1.9140625000000000e+00 +3.2232940778514890e-01 
+1.9218750000000000e+00 +2.9599127876769887e-01 
+1.5312500000000000e+00 +1.3177928383342286e+00 
+1.5156250000000000e+00 +1.3413764851406718e+00 
+1.5312500000000000e+00 +1.3128441428694593e+00 
+1.8906250000000000e+00 +4.0662853810895455e-01 
+1.9062500000000000e+00 +3.4968578164566871e-01 
+1.8984375000000000e+00 +3.7644432705571973e-01 
+1.9062500000000000e+00 +3.5074606906172195e-01 
+1.8593750000000000e+00 +5.1389911496118634e-01 
+1.8593750000000000e+00 +5.0600476811069761e-01 
+1.8906250000000000e+00 +4.0313502573484294e-01 
+1.8828125000000000e+00 +4.2923944384034984e-01 
+1.8906250000000000e+00 +4.0417085703778199e-01 
+1.4687500000000000e+00 +1.4294495770161439e+00 
+1.4687500000000000e+00 +1.4203523285105544e+00 
+1.5000000000000000e+00 +1.3719970628244924e+00 
+1.4843750000000000e+00 +1.3940779777498078e+00 
+1.5000000000000000e+00 +1.3672469840976569e+00 
+1.8593750000000000e+00 +5.0946300434026193e-01 
+1.8750000000000000e+00 +4.5527538233019316e-01 
+1.8671875000000000e+00 +4.8073639363469090e-01 
+1.8750000000000000e+00 +4.5628735641156642e-01 
+1.8281250000000000e+00 +6.1147645807191164e-01 
+1.8281250000000000e+00 +6.0393965703574204e-01 
+1.8593750000000000e+00 +5.0612839629171447e-01 
+1.8515625000000000e+00 +5.3095663312864649e-01 
+1.8593750000000000e+00 +5.0711710218505657e-01 
+1.8281250000000000e+00 +6.0724119867165816e-01 
+1.8437500000000000e+00 +5.5571543368388587e-01 
+1.8359375000000000e+00 +5.7992144020636771e-01 
+1.8437500000000000e+00 +5.5668145064652030e-01 
+1.4687500000000000e+00 +1.4229173344960711e+00 
+1.4531250000000000e+00 +1.4435540031168512e+00 
+1.4687500000000000e+00 +1.4183538393491906e+00 
+1.7968750000000000e+00 +7.0417609202131437e-01 
+1.7968750000000000e+00 +6.9697896375190405e-01 
+1.8281250000000000e+00 +6.0405768177566499e-01 
+1.8203125000000000e+00 +6.2765191394626041e-01 
+1.8281250000000000e+00 +6.0500157937052035e-01 
+1.7968750000000000e+00 +7.0013164366428926e-01 
+1.8125000000000000e+00 +6.5117614904049248e-01 
+1.8046875000000000e+00 +6.7416897462097791e-01 
+1.8125000000000000e+00 +6.5209848721790709e-01 
+1.4062500000000000e+00 +1.5214932269849268e+00 
+1.4062500000000000e+00 +1.5130702044963626e+00 
+1.4375000000000000e+00 +1.4706890495953762e+00 
+1.4218750000000000e+00 +1.4899389308931335e+00 
+1.4375000000000000e+00 +1.4663006009934421e+00 
+1.7656250000000000e+00 +7.9216334275238098e-01 
+1.7656250000000000e+00 +7.8528861999442834e-01 
+1.7968750000000000e+00 +6.9709166515628929e-01 
+1.7890625000000000e+00 +7.1949336369742711e-01 
+1.7968750000000000e+00 +6.9799299433582207e-01 
+1.7656250000000000e+00 +7.8830000556470503e-01 
+1.7812500000000000e+00 +7.4182488100545840e-01 
+1.7734375000000000e+00 +7.6364564383676281e-01 
+1.7812500000000000e+00 +7.4270574215769880e-01 
+1.7343750000000000e+00 +8.7560068576080663e-01 
+1.7343750000000000e+00 +8.6903169660657220e-01 
+1.7656250000000000e+00 +7.8539626867488399e-01 
+1.7578125000000000e+00 +8.0664619889439404e-01 
+1.7656250000000000e+00 +7.8625719340325950e-01 
+1.4062500000000000e+00 +1.5154447539215281e+00 
+1.3906250000000000e+00 +1.5333642718012321e+00 
+1.4062500000000000e+00 +1.5112203005078060e+00 
+1.7343750000000000e+00 +8.7190909430485963e-01 
+1.7500000000000000e+00 +8.2782612145593126e-01 
+1.7421875000000000e+00 +8.4851523391997719e-01 
+1.7500000000000000e+00 +8.2866763207851935e-01 
+1.7031250000000000e+00 +9.5464774609499281e-01 
+1.7031250000000000e+00 +9.4836840353960694e-01 
+1.7343750000000000e+00 +8.6913455384444804e-01 
+1.7265625000000000e+00 +8.8927277515742220e-01 
+1.7343750000000000e+00 +8.6995716347578134e-01 
+1.3437500000000000e+00 +1.6020491428578751e+00 
+1.3437500000000000e+00 +1.5942161979501679e+00 
+1.3750000000000000e+00 +1.5573141428263522e+00 
+1.3593750000000000e+00 +1.5739586776349757e+00 
+1.3750000000000000e+00 +1.5532431084776894e+00 
+1.7031250000000000e+00 +9.5111886350211206e-01 
+1.7187500000000000e+00 +9.0934150154076188e-01 
+1.7109375000000000e+00 +9.2893867004488795e-01 
+1.7187500000000000e+00 +9.1014571417364198e-01 
+1.6718750000000000e+00 +1.0294612983560492e+00 
+1.6718750000000000e+00 +1.0234560898528160e+00 
+1.7031250000000000e+00 +9.4846672144968269e-01 
+1.6953125000000000e+00 +9.6753258721478574e-01 
+1.7031250000000000e+00 +9.4925303203698574e-01 
+1.6718750000000000e+00 +1.0260864104592247e+00 
+1.6875000000000000e+00 +9.8652979168050137e-01 
+1.6796875000000000e+00 +1.0050740164937761e+00 
+1.6875000000000000e+00 +9.8729868621699013e-01 
+1.3437500000000000e+00 +1.5964240612143832e+00 
+1.3281250000000000e+00 +1.6118479412594386e+00 
+1.3437500000000000e+00 +1.5924963345965131e+00 
+1.6406250000000000e+00 +1.1001952666977919e+00 
+1.6406250000000000e+00 +1.0944492437134963e+00 
+1.6718750000000000e+00 +1.0235501115469900e+00 
+1.6640625000000000e+00 +1.0415822689027718e+00 
+1.6718750000000000e+00 +1.0243020671511209e+00 
+1.6406250000000000e+00 +1.0969659761643651e+00 
+1.6562500000000000e+00 +1.0595469015674022e+00 
+1.6484375000000000e+00 +1.0770764766569350e+00 
+1.6562500000000000e+00 +1.0602823865631370e+00 
+1.6093750000000000e+00 +1.1670007248267438e+00 
+1.6093750000000000e+00 +1.1614994923969575e+00 
+1.2812500000000000e+00 +1.6721154361378023e+00 
+1.2812500000000000e+00 +1.6647957316096529e+00 
+1.3125000000000000e+00 +1.6328985035428616e+00 
+1.2968750000000000e+00 +1.6471549966109458e+00 
+1.3125000000000000e+00 +1.6291044276657105e+00 
+1.6406250000000000e+00 +1.0945392034644736e+00 
+1.6328125000000000e+00 +1.1115755931656803e+00 
+1.6406250000000000e+00 +1.0952586774630853e+00 
+1.6093750000000000e+00 +1.1639089452911049e+00 
+1.6250000000000000e+00 +1.1285458801654207e+00 
+1.6171875000000000e+00 +1.1450983930326712e+00 
+1.6250000000000000e+00 +1.1292497941473059e+00 
+1.5781250000000000e+00 +1.2300258960021351e+00 
+1.5781250000000000e+00 +1.2247556022865225e+00 
+1.6093750000000000e+00 +1.1615856158019406e+00 
+1.6015625000000000e+00 +1.1776634720558237e+00 
+1.6093750000000000e+00 +1.1622744121984276e+00 
+1.2812500000000000e+00 +1.6668586138217349e+00 
+1.2656250000000000e+00 +1.6799999186970684e+00 
+1.2812500000000000e+00 +1.6631889755947280e+00 
+8.7500000000000000e-01 +1.9333523365200935e+00 
+8.7500000000000000e-01 +1.9279462101138942e+00 
+1.0000000000000000e+00 +1.8820857002391915e+00 
+1.0000000000000000e+00 +1.8763040422238300e+00 
+6.8750000000000000e-01 +1.9782957095871452e+00 
+6.8750000000000000e-01 +1.9732187964555712e+00 
+1.2500000000000000e-01 +2.0059422639974764e+00 
+1.2500000000000000e-01 +2.0010678637635428e+00 
+3.7500000000000000e-01 +2.0035225997482304e+00 
+3.7500000000000000e-01 +1.9986304753085544e+00 
+5.6250000000000000e-01 +1.9935698401605113e+00 
+5.6250000000000000e-01 +1.9886048110776846e+00 
+1.2187500000000000e+00 +1.7326448496228497e+00 
+1.2187500000000000e+00 +1.7257685271789691e+00 
+3.1250000000000000e-02 +2.0059723916529237e+00 
+3.1250000000000000e-02 +2.0010982121061218e+00 
+5.3125000000000000e-01 +1.9961046983864670e+00 
+5.3125000000000000e-01 +1.9911582373131229e+00 
+4.6875000000000000e-01 +1.9999912840868186e+00 
+4.6875000000000000e-01 +1.9950732925189476e+00 
+6.5625000000000000e-01 +1.9829950330985595e+00 
+6.5625000000000000e-01 +1.9779525428323854e+00 
+5.9375000000000000e-01 +1.9905753875044008e+00 
+5.9375000000000000e-01 +1.9855884238515287e+00 
+2.1875000000000000e-01 +2.0056888372487154e+00 
+2.1875000000000000e-01 +2.0008125806465529e+00 
+1.5625000000000000e-01 +2.0058986675078296e+00 
+1.5625000000000000e-01 +2.0010239479266341e+00 
+2.8125000000000000e-01 +2.0051973429480872e+00 
+2.8125000000000000e-01 +2.0003174861166335e+00 
+3.4375000000000000e-01 +2.0042427097872517e+00 
+3.4375000000000000e-01 +1.9993558602027515e+00 
+4.0625000000000000e-01 +2.0025980942428423e+00 
+4.0625000000000000e-01 +1.9976991977372516e+00 
+1.1562500000000000e+00 +1.7845447574064841e+00 
+1.1562500000000000e+00 +1.7780486053287372e+00 
+9.3750000000000000e-02 +2.0059629398394501e+00 
+9.3750000000000000e-02 +2.0010886910574697e+00 
+7.8125000000000000e-01 +1.9598210768239437e+00 
+7.8125000000000000e-01 +1.9546088357466813e+00 
+7.1875000000000000e-01 +1.9729099481222094e+00 
+7.1875000000000000e-01 +1.9677935839203835e+00 
+1.0937500000000000e+00 +1.8286771648774993e+00 
+1.0937500000000000e+00 +1.8225042856960469e+00 
+1.0312500000000000e+00 +1.8658587087200162e+00 
+1.0312500000000000e+00 +1.8599581868844568e+00 
+9.6875000000000000e-01 +1.8968606569134823e+00 
+9.6875000000000000e-01 +1.8911872264639942e+00 
+9.0625000000000000e-01 +1.9224089087326706e+00 
+9.0625000000000000e-01 +1.9169226209711556e+00 
+8.4375000000000000e-01 +1.9431839947476821e+00 
+8.4375000000000000e-01 +1.9378498859089064e+00 
+1.2500000000000000e+00 +1.6984226856136584e+00 
+1.2343750000000000e+00 +1.7104999235966272e+00 
+1.2500000000000000e+00 +1.6948687054010250e+00 
+8.9062500000000000e-01 +1.9218974540407141e+00 
+8.7500000000000000e-01 +1.9294685413862807e+00 
+8.5937500000000000e-01 +1.9323606567838700e+00 
+8.7500000000000000e-01 +1.9267611662974760e+00 
+1.0156250000000000e+00 +1.8675880522528003e+00 
+1.0000000000000000e+00 +1.8779324543308005e+00 
+9.8437500000000000e-01 +1.8832054270471752e+00 
+1.0000000000000000e+00 +1.8750362391729223e+00 
+7.0312500000000000e-01 +1.9699585479197208e+00 
+6.8750000000000000e-01 +1.9746481309786126e+00 
+6.7187500000000000e-01 +1.9750348141624554e+00 
+6.8750000000000000e-01 +1.9721063042910700e+00 
+1.4062500000000000e-01 +2.0004393741722368e+00 
+1.2500000000000000e-01 +2.0024399920843057e+00 
+1.0937500000000000e-01 +2.0004703459003803e+00 
+1.2500000000000000e-01 +2.0000000011641008e+00 
+2.9687500000000000e-01 +1.9995179652599648e+00 
+2.8125000000000000e-01 +2.0016911558267361e+00 
+2.6562500000000000e-01 +1.9998663972015804e+00 
+2.8125000000000000e-01 +1.9992484209983552e+00 
+1.4062500000000000e-01 +1.9999816363236116e+00 
+1.0937500000000000e-01 +2.0000126293201372e+00 
+2.6562500000000000e-01 +2.0018504171461862e+00 
+2.6562500000000000e-01 +1.9994082658878880e+00 
+1.5625000000000000e-01 +1.9999560149498012e+00 
+1.4062500000000000e-01 +2.0010495283065679e+00 
+2.5000000000000000e-01 +1.9995422584461844e+00 
+2.6562500000000000e-01 +2.0004770752563483e+00 
+1.7187500000000000e-01 +1.9999214383880521e+00 
+2.3437500000000000e-01 +1.9996533489681059e+00 
+1.8750000000000000e-01 +1.9998760291779984e+00 
+1.7187500000000000e-01 +2.0003792175464192e+00 
+1.7187500000000000e-01 +2.0009894266869503e+00 
+3.5937500000000000e-01 +1.9984047698772653e+00 
+3.4375000000000000e-01 +2.0007315052381291e+00 
+3.2812500000000000e-01 +1.9990402859143659e+00 
+3.4375000000000000e-01 +1.9982852540294060e+00 
+2.9687500000000000e-01 +1.9990595946769751e+00 
+2.3437500000000000e-01 +2.0001113120979777e+00 
+2.1875000000000000e-01 +1.9997443089427647e+00 
+2.3437500000000000e-01 +2.0007217662067123e+00 
+2.0312500000000000e-01 +1.9998177310535243e+00 
+3.2812500000000000e-01 +2.0010267566471778e+00 
+3.2812500000000000e-01 +1.9985815873074844e+00 
+3.9062500000000000e-01 +1.9975799689323954e+00 
+3.7500000000000000e-01 +2.0000076103943716e+00 
+3.7500000000000000e-01 +1.9975587066685465e+00 
+5.7812500000000000e-01 +1.9865348550662338e+00 
+5.6250000000000000e-01 +1.9900025403963220e+00 
+5.4687500000000000e-01 +1.9893158780094657e+00 
+5.6250000000000000e-01 +1.9875169757942555e+00 
+1.2187500000000000e+00 +1.7277061620339944e+00 
+1.2031250000000000e+00 +1.7387693684596905e+00 
+1.2187500000000000e+00 +1.7242594832100748e+00 
+4.6875000000000000e-02 +2.0004876185949221e+00 
+3.1250000000000000e-02 +2.0024702780867929e+00 
+1.5625000000000000e-02 +2.0004882142050784e+00 
+3.1250000000000000e-02 +2.0000303981414627e+00 
+9.3750000000000000e-02 +2.0000208618348392e+00 
+1.0937500000000000e-01 +2.0010804717146877e+00 
+4.6875000000000000e-02 +2.0000299138758915e+00 
+1.5625000000000000e-02 +2.0000305098950557e+00 
+7.8125000000000000e-02 +2.0000258609455766e+00 
+6.2500000000000000e-02 +2.0000286100839704e+00 
+4.6875000000000000e-02 +2.0010977286153699e+00 
+5.3125000000000000e-01 +1.9925507215075300e+00 
+5.1562500000000000e-01 +1.9916588892435285e+00 
+5.3125000000000000e-01 +1.9900744940267805e+00 
+4.8437500000000000e-01 +1.9936124905572012e+00 
+4.6875000000000000e-01 +1.9964577345969869e+00 
+4.5312500000000000e-01 +1.9952224248105115e+00 
+4.6875000000000000e-01 +1.9939958233102644e+00 
+6.5625000000000000e-01 +1.9793721535233946e+00 
+6.4062500000000000e-01 +1.9794500722533872e+00 
+6.5625000000000000e-01 +1.9768476367403212e+00 
+6.0937500000000000e-01 +1.9832643596963018e+00 
+5.9375000000000000e-01 +1.9869923492863912e+00 
+5.9375000000000000e-01 +1.9844957546521744e+00 
+4.2187500000000000e-01 +1.9965315759347346e+00 
+4.0625000000000000e-01 +1.9990782458082519e+00 
+4.0625000000000000e-01 +1.9966259366769592e+00 
+1.1718750000000000e+00 +1.7649197515075759e+00 
+1.1562500000000000e+00 +1.7798788489848871e+00 
+1.1406250000000000e+00 +1.7890597120328482e+00 
+1.1562500000000000e+00 +1.7766233428783869e+00 
+7.9687500000000000e-01 +1.9501204413115623e+00 
+7.8125000000000000e-01 +1.9560763979476889e+00 
+7.6562500000000000e-01 +1.9575685463199395e+00 
+7.8125000000000000e-01 +1.9534665201614161e+00 
+7.3437500000000000e-01 +1.9641583770926452e+00 
+7.1875000000000000e-01 +1.9692340626516767e+00 
+7.1875000000000000e-01 +1.9666723975733045e+00 
+1.1093750000000000e+00 +1.8112950303993205e+00 
+1.0937500000000000e+00 +1.8242432106514521e+00 
+1.0781250000000000e+00 +1.8317286280420555e+00 
+1.0937500000000000e+00 +1.8211502657637053e+00 
+1.0468750000000000e+00 +1.8504605674673624e+00 
+1.0312500000000000e+00 +1.8616201758540423e+00 
+1.0312500000000000e+00 +1.8586641887582795e+00 
+9.6875000000000000e-01 +1.8927850662563239e+00 
+9.5312500000000000e-01 +1.8974041775705424e+00 
+9.6875000000000000e-01 +1.8899432744825670e+00 
+9.2187500000000000e-01 +1.9102729306142046e+00 
+9.0625000000000000e-01 +1.9184675963652773e+00 
+9.0625000000000000e-01 +1.9157199112852348e+00 
+8.4375000000000000e-01 +1.9393518735311963e+00 
+8.2812500000000000e-01 +1.9417425888487205e+00 
+8.4375000000000000e-01 +1.9366807132431565e+00 
+3.5937500000000000e-01 +1.9979456348595459e+00 
+3.1250000000000000e-01 +1.9988384790173881e+00 
+2.9687500000000000e-01 +2.0001289619149989e+00 
+3.9062500000000000e-01 +1.9971202675213027e+00 
+1.5781250000000000e+00 +1.2270638461984198e+00 
+1.5937500000000000e+00 +1.1936769157102132e+00 
+1.5859375000000000e+00 +1.2092892472273047e+00 
+1.5937500000000000e+00 +1.1943510284853702e+00 
+1.9921875000000000e+00 +3.1338810681961267e-02 
+1.9921875000000000e+00 +3.2544760205388011e-02 
+2.0078125000000000e+00 +0.0000000000000000e+00 
+2.0078125000000000e+00 +0.0000000000000000e+00 
+1.5468750000000000e+00 +1.2894161530359038e+00 
+1.5468750000000000e+00 +1.2843634788735274e+00 
+1.5781250000000000e+00 +1.2248381064308982e+00 
+1.5703125000000000e+00 +1.2399939567335294e+00 
+1.5781250000000000e+00 +1.2254979611633454e+00 
+1.9765625000000000e+00 +9.2380040284336357e-02 
+1.9765625000000000e+00 +9.3558059923229894e-02 
+1.5468750000000000e+00 +1.2865763509306896e+00 
+1.5625000000000000e+00 +1.2550873357091374e+00 
+1.5546875000000000e+00 +1.2697956599551672e+00 
+1.5625000000000000e+00 +1.2557333496738534e+00 
+1.9609375000000000e+00 +1.5199068969301349e-01 
+1.9609375000000000e+00 +1.5314143402035424e-01 
+1.9453125000000000e+00 +2.1019328714334054e-01 
+1.9453125000000000e+00 +2.1131740042414354e-01 
+1.5156250000000000e+00 +1.3453140182926941e+00 
+1.5156250000000000e+00 +1.3404661667573206e+00 
+1.5468750000000000e+00 +1.2844425724945554e+00 
+1.5390625000000000e+00 +1.2987122374671358e+00 
+1.5468750000000000e+00 +1.2850751547446875e+00 
+1.9296875000000000e+00 +2.6701018207514898e-01 
+1.9296875000000000e+00 +2.6810829834826855e-01 
+1.5156250000000000e+00 +1.3425892752176996e+00 
+1.5312500000000000e+00 +1.3129216069412557e+00 
+1.5234375000000000e+00 +1.3267613910386051e+00 
+1.5312500000000000e+00 +1.3135411583899292e+00 
+1.9140625000000000e+00 +3.2246354513274894e-01 
+1.9140625000000000e+00 +3.2353628829269077e-01 
+1.4843750000000000e+00 +1.3978591636898583e+00 
+1.4843750000000000e+00 +1.3932038496452641e+00 
+1.5156250000000000e+00 +1.3405420504078240e+00 
+1.5078125000000000e+00 +1.3539606436329947e+00 
+1.5156250000000000e+00 +1.3411489639099528e+00 
+1.8984375000000000e+00 +3.7657536816493342e-01 
+1.8984375000000000e+00 +3.7762335204366465e-01 
+1.4843750000000000e+00 +1.3952425784746378e+00 
+1.5000000000000000e+00 +1.3673213354573288e+00 
+1.4921875000000000e+00 +1.3803273394079767e+00 
+1.5000000000000000e+00 +1.3679159958914209e+00 
+1.8828125000000000e+00 +4.2936746422497629e-01 
+1.8828125000000000e+00 +4.3039129267373227e-01 
+1.8671875000000000e+00 +4.8086146757063286e-01 
+1.8671875000000000e+00 +4.8186173454172931e-01 
+1.4531250000000000e+00 +1.4471884106974542e+00 
+1.4531250000000000e+00 +1.4427138503527335e+00 
+1.4843750000000000e+00 +1.3932767158573176e+00 
+1.4765625000000000e+00 +1.4058786437154716e+00 
+1.4843750000000000e+00 +1.3938595002072891e+00 
+1.8515625000000000e+00 +5.3107883366413922e-01 
+1.8515625000000000e+00 +5.3205612329277885e-01 
+1.4531250000000000e+00 +1.4446733638020977e+00 
+1.4687500000000000e+00 +1.4184252665798207e+00 
+1.4609375000000000e+00 +1.4306315431016536e+00 
+1.4687500000000000e+00 +1.4189965440168020e+00 
+1.8359375000000000e+00 +5.8004083917221450e-01 
+1.8359375000000000e+00 +5.8099572585829795e-01 
+1.4218750000000000e+00 +1.4934357303382486e+00 
+1.4218750000000000e+00 +1.4891306308031160e+00 
+1.4531250000000000e+00 +1.4427838838013498e+00 
+1.4453125000000000e+00 +1.4546028453069451e+00 
+1.4531250000000000e+00 +1.4433440157654958e+00 
+1.8203125000000000e+00 +6.2776858196605756e-01 
+1.8203125000000000e+00 +6.2870163045599126e-01 
+1.4218750000000000e+00 +1.4910158779860769e+00 
+1.4375000000000000e+00 +1.4663692849028975e+00 
+1.4296875000000000e+00 +1.4778091792660208e+00 
+1.4375000000000000e+00 +1.4669186251851960e+00 
+1.8046875000000000e+00 +6.7428298112134932e-01 
+1.8046875000000000e+00 +6.7519474658985634e-01 
+1.7890625000000000e+00 +7.1960477691825198e-01 
+1.7890625000000000e+00 +7.2049580505017963e-01 
+1.3906250000000000e+00 +1.5367322431877144e+00 
+1.3906250000000000e+00 +1.5325857920278130e+00 
+1.4218750000000000e+00 +1.4891980084699383e+00 
+1.4140625000000000e+00 +1.5002669951078056e+00 
+1.4218750000000000e+00 +1.4897369032940204e+00 
+1.7734375000000000e+00 +7.6375453084140887e-01 
+1.7734375000000000e+00 +7.6462535791354025e-01 
+1.3906250000000000e+00 +1.5344015114979763e+00 
+1.4062500000000000e+00 +1.5112864142924269e+00 
+1.3984375000000000e+00 +1.5219925641554757e+00 
+1.4062500000000000e+00 +1.5118152023963767e+00 
+1.7578125000000000e+00 +8.0675262557994420e-01 
+1.7578125000000000e+00 +8.0760377854280530e-01 
+1.3593750000000000e+00 +1.5772062193740310e+00 
+1.3593750000000000e+00 +1.5732080741662382e+00 
+1.3906250000000000e+00 +1.5326506833648006e+00 
+1.3828125000000000e+00 +1.5430019789264577e+00 
+1.3906250000000000e+00 +1.5331696960829622e+00 
+1.7421875000000000e+00 +8.4861926502746565e-01 
+1.7421875000000000e+00 +8.4945126158713535e-01 
+1.7265625000000000e+00 +8.8937447428205973e-01 
+1.7265625000000000e+00 +8.9018782298197940e-01 
+1.3593750000000000e+00 +1.5749587984946027e+00 
+1.3750000000000000e+00 +1.5533068178859777e+00 
+1.3671875000000000e+00 +1.5633111531324291e+00 
+1.3750000000000000e+00 +1.5538163792307671e+00 
+1.7109375000000000e+00 +9.2903809964629580e-01 
+1.7109375000000000e+00 +9.2983329994907726e-01 
+1.3281250000000000e+00 +1.6149830785780863e+00 
+1.3281250000000000e+00 +1.6111233564658185e+00 
+1.3593750000000000e+00 +1.5732706412593576e+00 
+1.3515625000000000e+00 +1.5829358216793188e+00 
+1.3593750000000000e+00 +1.5737710680030699e+00 
+1.6953125000000000e+00 +9.6762980862722392e-01 
+1.6953125000000000e+00 +9.6840735099646136e-01 
+1.3281250000000000e+00 +1.6128134168181660e+00 
+1.3437500000000000e+00 +1.5925577980928212e+00 
+1.3359375000000000e+00 +1.6018915406673049e+00 
+1.3437500000000000e+00 +1.5930493998494415e+00 
+1.6796875000000000e+00 +1.0051690899363759e+00 
+1.6796875000000000e+00 +1.0059294559184524e+00 
+1.2968750000000000e+00 +1.6501853900334744e+00 
+1.2968750000000000e+00 +1.6464546572819945e+00 
+1.3281250000000000e+00 +1.6111837541987308e+00 
+1.3203125000000000e+00 +1.6201936873908185e+00 
+1.3281250000000000e+00 +1.6116668335057418e+00 
+1.6640625000000000e+00 +1.0416752534897644e+00 
+1.6640625000000000e+00 +1.0424189157956631e+00 
+1.6484375000000000e+00 +1.0771674304078847e+00 
+1.6484375000000000e+00 +1.0778948529949959e+00 
+1.2968750000000000e+00 +1.6480881879962810e+00 
+1.3125000000000000e+00 +1.6291637965939301e+00 
+1.3046875000000000e+00 +1.6378574603385399e+00 
+1.3125000000000000e+00 +1.6296386489941233e+00 
+1.6328125000000000e+00 +1.1116645730157118e+00 
+1.6328125000000000e+00 +1.1123762111696449e+00 
+1.2656250000000000e+00 +1.6829328725264969e+00 
+1.2656250000000000e+00 +1.6793221340782185e+00 
+1.2968750000000000e+00 +1.6465130334997442e+00 
+1.2890625000000000e+00 +1.6548978791934010e+00 
+1.2968750000000000e+00 +1.6469799476230267e+00 
+1.6171875000000000e+00 +1.1451854548427030e+00 
+1.6171875000000000e+00 +1.1458817552590936e+00 
+1.2656250000000000e+00 +1.6809030772419669e+00 
+1.2812500000000000e+00 +1.6632463943419789e+00 
+1.2734375000000000e+00 +1.6713297848325837e+00 
+1.2812500000000000e+00 +1.6637056519871860e+00 
+1.6015625000000000e+00 +1.1777486706227964e+00 
+1.6015625000000000e+00 +1.1784300714891180e+00 
+1.2343750000000000e+00 +1.7133423943961623e+00 
+1.2343750000000000e+00 +1.7098430834259573e+00 
+4.2187500000000000e-01 +1.9960711545889116e+00 
+3.2812500000000000e-01 +1.9996517193513024e+00 
+8.1250000000000000e-01 +1.9481959801005784e+00 
+8.1250000000000000e-01 +1.9455572266519185e+00 
+9.3750000000000000e-01 +1.9062678007203384e+00 
+9.3750000000000000e-01 +1.9034754127848035e+00 
+1.0625000000000000e+00 +1.8437555912890300e+00 
+1.0625000000000000e+00 +1.8407341442490617e+00 
+1.1250000000000000e+00 +1.8029846935097038e+00 
+1.1250000000000000e+00 +1.7998138525286598e+00 
+7.5000000000000000e-01 +1.9630658134784964e+00 
+7.5000000000000000e-01 +1.9604815465173178e+00 
+1.1875000000000000e+00 +1.7548216357508117e+00 
+1.1875000000000000e+00 +1.7514743142553626e+00 
+4.3750000000000000e-01 +1.9979077808886083e+00 
+4.3750000000000000e-01 +1.9954511829048065e+00 
+6.2500000000000000e-01 +1.9834674149028193e+00 
+6.2500000000000000e-01 +1.9809579040987784e+00 
+5.0000000000000000e-01 +1.9946867754476407e+00 
+5.0000000000000000e-01 +1.9922183749595219e+00 
+7.8125000000000000e-02 +2.0004835684458571e+00 
+7.8125000000000000e-02 +2.0010936821696927e+00 
+0.0000000000000000e+00 +2.0024703968554300e+00 
+0.0000000000000000e+00 +2.0000305173452952e+00 
+8.9062500000000000e-01 +1.9241127810371721e+00 
+8.9062500000000000e-01 +1.9213857812113713e+00 
+8.5937500000000000e-01 +1.9345449430546062e+00 
+8.5937500000000000e-01 +1.9318561690683778e+00 
+1.0156250000000000e+00 +1.8699644965750308e+00 
+1.0156250000000000e+00 +1.8670390849884182e+00 
+9.8437500000000000e-01 +1.8855355399870002e+00 
+9.8437500000000000e-01 +1.8826671842826141e+00 
+7.0312500000000000e-01 +1.9720312941720612e+00 
+7.0312500000000000e-01 +1.9694798787929522e+00 
+6.7187500000000000e-01 +1.9770925008778646e+00 
+6.7187500000000000e-01 +1.9745596309234963e+00 
+2.0312500000000000e-01 +2.0002755813791695e+00 
+2.0312500000000000e-01 +2.0008858852828566e+00 
+5.7812500000000000e-01 +1.9885584251135211e+00 
+5.7812500000000000e-01 +1.9860675689411134e+00 
+5.4687500000000000e-01 +1.9913311977176815e+00 
+5.4687500000000000e-01 +1.9888505016214459e+00 
+1.2031250000000000e+00 +1.7415279735341858e+00 
+1.2031250000000000e+00 +1.7381319410046894e+00 
+1.5625000000000000e-02 +2.0010983236809108e+00 
+5.1562500000000000e-01 +1.9936672580428434e+00 
+5.1562500000000000e-01 +1.9911951218086068e+00 
+4.8437500000000000e-01 +1.9956150636929859e+00 
+4.8437500000000000e-01 +1.9931500646663747e+00 
+4.5312500000000000e-01 +1.9972202218247954e+00 
+4.5312500000000000e-01 +1.9947611044665414e+00 
+6.4062500000000000e-01 +1.9814946604158241e+00 
+6.4062500000000000e-01 +1.9789779209858847e+00 
+6.0937500000000000e-01 +1.9852976321790905e+00 
+6.0937500000000000e-01 +1.9827948277118439e+00 
+1.1718750000000000e+00 +1.7676007773849909e+00 
+1.1718750000000000e+00 +1.7643002816019073e+00 
+1.1406250000000000e+00 +1.7916691229457076e+00 
+1.1406250000000000e+00 +1.7884568191131160e+00 
+7.9687500000000000e-01 +1.9522520404066863e+00 
+7.9687500000000000e-01 +1.9496281492953151e+00 
+7.6562500000000000e-01 +1.9596780494478550e+00 
+7.6562500000000000e-01 +1.9570813689405555e+00 
+7.3437500000000000e-01 +1.9662483304579701e+00 
+7.3437500000000000e-01 +1.9636757249705388e+00 
+1.1093750000000000e+00 +1.8138384767661719e+00 
+1.1093750000000000e+00 +1.8107074065418340e+00 
+1.0781250000000000e+00 +1.8342114549489286e+00 
+1.0781250000000000e+00 +1.8311550359995918e+00 
+1.0468750000000000e+00 +1.8528878231492290e+00 
+1.0468750000000000e+00 +1.8498998387059342e+00 
+9.5312500000000000e-01 +1.8996921676985092e+00 
+9.5312500000000000e-01 +1.8968756851321054e+00 
+9.2187500000000000e-01 +1.9125227435756373e+00 
+9.2187500000000000e-01 +1.9097532751884880e+00 
+8.2812500000000000e-01 +1.9438990421521418e+00 
+8.2812500000000000e-01 +1.9412445437351429e+00 
+3.5937500000000000e-01 +1.9990167844193021e+00 
+3.9062500000000000e-01 +1.9981927376584459e+00 
+1.2343750000000000e+00 +1.7113751934536465e+00 
+4.2187500000000000e-01 +1.9971453032935849e+00 
+8.9062500000000000e-01 +1.9225794255764910e+00 
+8.5937500000000000e-01 +1.9330330609442816e+00 
+1.0156250000000000e+00 +1.8683196833856939e+00 
+9.8437500000000000e-01 +1.8839227779170797e+00 
+7.0312500000000000e-01 +1.9705965732053008e+00 
+6.7187500000000000e-01 +1.9756681977961636e+00 
+5.7812500000000000e-01 +1.9871577232573243e+00 
+5.4687500000000000e-01 +1.9899362032802812e+00 
+1.2031250000000000e+00 +1.7396187892151478e+00 
+5.1562500000000000e-01 +1.9922770721045568e+00 
+4.8437500000000000e-01 +1.9942288870782778e+00 
+4.5312500000000000e-01 +1.9958373492349755e+00 
+6.4062500000000000e-01 +1.9800794186498816e+00 
+6.0937500000000000e-01 +1.9838902183729636e+00 
+1.1718750000000000e+00 +1.7657452607957023e+00 
+1.1406250000000000e+00 +1.7898631481499465e+00 
+7.9687500000000000e-01 +1.9507766062258121e+00 
+7.6562500000000000e-01 +1.9582179008131237e+00 
+7.3437500000000000e-01 +1.9648017059561877e+00 
+1.1093750000000000e+00 +1.8120781349179207e+00 
+1.0781250000000000e+00 +1.8324930484250699e+00 
+1.0468750000000000e+00 +1.8512078596822430e+00 
+9.5312500000000000e-01 +1.8981085453434627e+00 
+9.2187500000000000e-01 +1.9109655314173095e+00 
+8.2812500000000000e-01 +1.9424064143293607e+00 
+1.2656250000000000e+00 +1.6793786297509228e+00 
+1.2578125000000000e+00 +1.6871678393275220e+00 
+1.2656250000000000e+00 +1.6798305059676235e+00 
+1.2500000000000000e+00 +1.6949243115613444e+00 
+1.2421875000000000e+00 +1.7024265259438995e+00 
+1.2500000000000000e+00 +1.6953690747316537e+00 
+3.3593750000000000e-01 +1.9984385869439329e+00 
+3.2812500000000000e-01 +1.9986198162362374e+00 
+3.2031250000000000e-01 +1.9987147300728321e+00 
+3.2812500000000000e-01 +1.9989256211903685e+00 
+8.5937500000000000e-02 +2.0000236999104675e+00 
+7.8125000000000000e-02 +2.0000640072387914e+00 
+7.0312500000000000e-02 +2.0000274622814400e+00 
+7.8125000000000000e-02 +2.0003691513922113e+00 
+2.2656250000000000e-01 +1.9997011790403731e+00 
+2.1875000000000000e-01 +1.9997824713452543e+00 
+2.1093750000000000e-01 +1.9997830571730213e+00 
+2.1875000000000000e-01 +2.0000877443175900e+00 
+8.8281250000000000e-01 +1.9241091487608659e+00 
+8.7500000000000000e-01 +1.9268035045023295e+00 
+8.6718750000000000e-01 +1.9293430910491249e+00 
+8.7500000000000000e-01 +1.9271421695627760e+00 
+1.0078125000000000e+00 +1.8710841548349384e+00 
+1.0000000000000000e+00 +1.8750815368704081e+00 
+9.9218750000000000e-01 +1.8788967740360429e+00 
+1.0000000000000000e+00 +1.8754438677153284e+00 
+6.9531250000000000e-01 +1.9708152220129527e+00 
+6.8750000000000000e-01 +1.9721460480292072e+00 
+6.7968750000000000e-01 +1.9733541146466043e+00 
+6.8750000000000000e-01 +1.9724639662597914e+00 
+1.3281250000000000e-01 +1.9999916266292075e+00 
+1.2500000000000000e-01 +2.0000381489369081e+00 
+1.1718750000000000e-01 +2.0000069443217208e+00 
+1.2500000000000000e-01 +2.0003433049219934e+00 
+1.4843750000000000e-01 +1.9999698346785251e+00 
+1.4062500000000000e-01 +2.0000197851471815e+00 
+1.4062500000000000e-01 +2.0003249495347601e+00 
+2.7343750000000000e-01 +1.9993317663625547e+00 
+2.6562500000000000e-01 +1.9994464475174121e+00 
+2.5781250000000000e-01 +1.9994783051242524e+00 
+2.6562500000000000e-01 +1.9997518742400369e+00 
+1.6406250000000000e-01 +1.9999399592179321e+00 
+1.5625000000000000e-01 +1.9999941652393232e+00 
+1.5625000000000000e-01 +2.0002993413494878e+00 
+2.5000000000000000e-01 +1.9995804324091924e+00 
+2.4218750000000000e-01 +1.9996004890528627e+00 
+2.5000000000000000e-01 +1.9998857978259983e+00 
+1.7968750000000000e-01 +1.9999002121899359e+00 
+1.7187500000000000e-01 +1.9999595906559064e+00 
+1.7187500000000000e-01 +2.0002647825859374e+00 
+2.8906250000000000e-01 +1.9991578330700339e+00 
+2.8125000000000000e-01 +1.9992866117735619e+00 
+2.8125000000000000e-01 +1.9995921116302617e+00 
+2.0312500000000000e-01 +1.9998558892550957e+00 
+1.9531250000000000e-01 +1.9998486267312956e+00 
+2.0312500000000000e-01 +2.0001611286345011e+00 
+5.7031250000000000e-01 +1.9868071612057840e+00 
+5.6250000000000000e-01 +1.9875558377956499e+00 
+5.5468750000000000e-01 +1.9881978229200790e+00 
+5.6250000000000000e-01 +1.9878667051582934e+00 
+1.2265625000000000e+00 +1.7171201491416512e+00 
+1.2187500000000000e+00 +1.7243134077481044e+00 
+1.2109375000000000e+00 +1.7312628345749626e+00 
+1.2187500000000000e+00 +1.7247447237112001e+00 
+1.0937500000000000e-01 +2.0000507763704123e+00 
+1.0156250000000000e-01 +2.0000172182020597e+00 
+1.0937500000000000e-01 +2.0003559265777180e+00 
+2.3437500000000000e-02 +2.0000304796284576e+00 
+1.5625000000000000e-02 +2.0000686559222762e+00 
+7.8125000000000000e-03 +2.0000305168796553e+00 
+1.5625000000000000e-02 +2.0003737979486553e+00 
+3.9062500000000000e-02 +2.0000302263203129e+00 
+3.1250000000000000e-02 +2.0000685441750767e+00 
+3.1250000000000000e-02 +2.0003736862525869e+00 
+6.2500000000000000e-02 +2.0000667562198906e+00 
+5.4687500000000000e-02 +2.0000293993437230e+00 
+6.2500000000000000e-02 +2.0003718991154931e+00 
+5.3906250000000000e-01 +1.9894757997611887e+00 
+5.3125000000000000e-01 +1.9901132096972514e+00 
+5.2343750000000000e-01 +1.9906473499303352e+00 
+5.3125000000000000e-01 +1.9904229069146933e+00 
+4.7656250000000000e-01 +1.9935833403319709e+00 
+4.6875000000000000e-01 +1.9940343146180195e+00 
+4.6093750000000000e-01 +1.9943881897104949e+00 
+4.6875000000000000e-01 +1.9943422177037180e+00 
+6.6406250000000000e-01 +1.9757238197903280e+00 
+6.5625000000000000e-01 +1.9768871091984543e+00 
+6.4843750000000000e-01 +1.9779320260913391e+00 
+6.5625000000000000e-01 +1.9772028581200012e+00 
+6.0156250000000000e-01 +1.9836618563240074e+00 
+5.9375000000000000e-01 +1.9845347895157113e+00 
+5.8593750000000000e-01 +1.9852973776113336e+00 
+5.9375000000000000e-01 +1.9848470391822528e+00 
+1.1640625000000000e+00 +1.7705238387438760e+00 
+1.1562500000000000e+00 +1.7766742713666295e+00 
+1.1484375000000000e+00 +1.7826004535463005e+00 
+1.1562500000000000e+00 +1.7770816292134739e+00 
+7.8906250000000000e-01 +1.9515758351541219e+00 
+7.8125000000000000e-01 +1.9535073303931552e+00 
+7.7343750000000000e-01 +1.9553013274408098e+00 
+7.8125000000000000e-01 +1.9538337769124843e+00 
+7.2656250000000000e-01 +1.9651982256582601e+00 
+7.1875000000000000e-01 +1.9667124522177650e+00 
+7.1093750000000000e-01 +1.9680992744364090e+00 
+7.1875000000000000e-01 +1.9670328566319430e+00 
+1.1015625000000000e+00 +1.8159843809480902e+00 
+1.0937500000000000e+00 +1.8211986466002146e+00 
+1.0859375000000000e+00 +1.8262066311266638e+00 
+1.0937500000000000e+00 +1.8215856319763979e+00 
+1.0390625000000000e+00 +1.8543314344305177e+00 
+1.0312500000000000e+00 +1.8587104231987492e+00 
+1.0234375000000000e+00 +1.8628995824243293e+00 
+1.0312500000000000e+00 +1.8590802447727639e+00 
+9.7656250000000000e-01 +1.8863488835955904e+00 
+9.6875000000000000e-01 +1.8899877192593506e+00 
+9.6093750000000000e-01 +1.8934517482757798e+00 
+9.6875000000000000e-01 +1.8903432296657630e+00 
+9.1406250000000000e-01 +1.9127748385759482e+00 
+9.0625000000000000e-01 +1.9157628812263647e+00 
+8.9843750000000000e-01 +1.9185897952457083e+00 
+9.0625000000000000e-01 +1.9161065980089875e+00 
+8.5156250000000000e-01 +1.9343016352324398e+00 
+8.4375000000000000e-01 +1.9367224838913653e+00 
+8.3593750000000000e-01 +1.9389946156270152e+00 
+8.4375000000000000e-01 +1.9370566104464302e+00 
+3.6718750000000000e-01 +1.9977583428218728e+00 
+3.5937500000000000e-01 +1.9979839001749440e+00 
+3.5156250000000000e-01 +1.9981211024357739e+00 
+3.5937500000000000e-01 +1.9982899960973650e+00 
+3.1250000000000000e-01 +1.9988766932478286e+00 
+3.0468750000000000e-01 +1.9989532867432045e+00 
+3.1250000000000000e-01 +1.9991823806659057e+00 
+3.9843750000000000e-01 +1.9968803693421715e+00 
+3.9062500000000000e-01 +1.9971585800609060e+00 
+3.8281250000000000e-01 +1.9973461955699989e+00 
+3.9062500000000000e-01 +1.9974650536148988e+00 
+4.2968750000000000e-01 +1.9957696205779878e+00 
+4.2187500000000000e-01 +1.9961095271545441e+00 
+4.1406250000000000e-01 +1.9963563939946609e+00 
+4.2187500000000000e-01 +1.9964164807107705e+00 
+8.2031250000000000e-01 +1.9434316877433078e+00 
+8.1250000000000000e-01 +1.9455984894216727e+00 
+8.0468750000000000e-01 +1.9476223282860241e+00 
+8.1250000000000000e-01 +1.9459285546920750e+00 
+9.4531250000000000e-01 +1.9002164540330606e+00 
+9.3750000000000000e-01 +1.9035190833069708e+00 
+9.2968750000000000e-01 +1.9066539080181328e+00 
+9.3750000000000000e-01 +1.9038684023335914e+00 
+1.0703125000000000e+00 +1.8359970281697551e+00 
+1.0625000000000000e+00 +1.8407814045746815e+00 
+1.0546875000000000e+00 +1.8453679096740583e+00 
+1.0625000000000000e+00 +1.8411594297091951e+00 
+1.1328125000000000e+00 +1.7941940767689752e+00 
+1.1250000000000000e+00 +1.7998634541490597e+00 
+1.1171875000000000e+00 +1.8053177612315914e+00 
+1.1250000000000000e+00 +1.8002602016067990e+00 
+7.5781250000000000e-01 +1.9588077454335469e+00 
+7.5000000000000000e-01 +1.9605219553774169e+00 
+7.4218750000000000e-01 +1.9621038506140434e+00 
+7.5000000000000000e-01 +1.9608451923010821e+00 
+1.1953125000000000e+00 +1.7448685290922707e+00 
+1.1875000000000000e+00 +1.7515266816700388e+00 
+1.1796875000000000e+00 +1.7579510007362622e+00 
+1.1875000000000000e+00 +1.7519455459901490e+00 
+4.4531250000000000e-01 +1.9951152213369250e+00 
+4.3750000000000000e-01 +1.9954895909427295e+00 
+4.3750000000000000e-01 +1.9957968281555418e+00 
+6.3281250000000000e-01 +1.9799862433911031e+00 
+6.2500000000000000e-01 +1.9809971413839180e+00 
+6.1718750000000000e-01 +1.9818938027253368e+00 
+6.2500000000000000e-01 +1.9813110097285966e+00 
+5.0781250000000000e-01 +1.9917185528229906e+00 
+5.0000000000000000e-01 +1.9922569679657345e+00 
+4.9218750000000000e-01 +1.9926953090288777e+00 
+5.0000000000000000e-01 +1.9925656842900765e+00 
+1.5859375000000000e+00 +1.2093726362944128e+00 
+1.5859375000000000e+00 +1.2100395673717823e+00 
+1.5703125000000000e+00 +1.2400755890004518e+00 
+1.5703125000000000e+00 +1.2407284717054432e+00 
+1.5546875000000000e+00 +1.2698755870882976e+00 
+1.5546875000000000e+00 +1.2705148345747470e+00 
+1.5390625000000000e+00 +1.2987905101098136e+00 
+1.5390625000000000e+00 +1.2994165273506315e+00 
+1.5234375000000000e+00 +1.3268380588213446e+00 
+1.5234375000000000e+00 +1.3274512426903244e+00 
+1.5078125000000000e+00 +1.3540357551837177e+00 
+1.5078125000000000e+00 +1.3546364945373439e+00 
+1.4921875000000000e+00 +1.3804009423622408e+00 
+1.4921875000000000e+00 +1.3809896181215000e+00 
+1.4765625000000000e+00 +1.4059507847267025e+00 
+1.4765625000000000e+00 +1.4065277699588914e+00 
+1.4609375000000000e+00 +1.4307022678513750e+00 
+1.4609375000000000e+00 +1.4312679278519096e+00 
+1.4453125000000000e+00 +1.4546721985150093e+00 
+1.4453125000000000e+00 +1.4552268908892350e+00 
+1.4296875000000000e+00 +1.4778772047008391e+00 
+1.4296875000000000e+00 +1.4784212794458398e+00 
+1.4140625000000000e+00 +1.5003337355965791e+00 
+1.4140625000000000e+00 +1.5008675351829857e+00 
+1.3984375000000000e+00 +1.5220580615944259e+00 
+1.3984375000000000e+00 +1.5225819210482265e+00 
+1.3828125000000000e+00 +1.5430662742910561e+00 
+1.3828125000000000e+00 +1.5435805212754046e+00 
+1.3671875000000000e+00 +1.5633742864876297e+00 
+1.3671875000000000e+00 +1.5638792413846554e+00 
+1.3515625000000000e+00 +1.5829978321897862e+00 
+1.3515625000000000e+00 +1.5834938081824030e+00 
+1.3359375000000000e+00 +1.6019524666076477e+00 
+1.3359375000000000e+00 +1.6024397697613635e+00 
+1.3203125000000000e+00 +1.6202535661558164e+00 
+1.3203125000000000e+00 +1.6207324955005424e+00 
+1.3046875000000000e+00 +1.6379163284533775e+00 
+1.3046875000000000e+00 +1.6383871760652362e+00 
+1.2890625000000000e+00 +1.6549557723238961e+00 
+1.2890625000000000e+00 +1.6554188234070331e+00 
+1.2734375000000000e+00 +1.6713867377954192e+00 
+1.2734375000000000e+00 +1.6718422707638103e+00 
+1.2578125000000000e+00 +1.6872238861004756e+00 
+1.2578125000000000e+00 +1.6876721726597368e+00 
+5.1562500000000000e-01 +1.9912337733612557e+00 
+5.1562500000000000e-01 +1.9915429578561661e+00 
+5.2343750000000000e-01 +1.9906860328242915e+00 
+5.2343750000000000e-01 +1.9909954679421014e+00 
+5.0781250000000000e-01 +1.9917571744270186e+00 
+5.0781250000000000e-01 +1.9920661194357419e+00 
+5.3906250000000000e-01 +1.9895145496865414e+00 
+5.3906250000000000e-01 +1.9898245208254799e+00 
+4.9218750000000000e-01 +1.9927338747468379e+00 
+4.9218750000000000e-01 +1.9930423728588107e+00 
+5.4687500000000000e-01 +1.9888892873238473e+00 
+5.4687500000000000e-01 +1.9891995445563933e+00 
+4.8437500000000000e-01 +1.9931886043650433e+00 
+4.8437500000000000e-01 +1.9934968944119786e+00 
+5.5468750000000000e-01 +1.9882366459661347e+00 
+5.5468750000000000e-01 +1.9885472018197585e+00 
+4.7656250000000000e-01 +1.9936218552403457e+00 
+4.7656250000000000e-01 +1.9939299470500076e+00 
+5.7031250000000000e-01 +1.9868460638199190e+00 
+5.7031250000000000e-01 +1.9871572559451092e+00 
+4.6093750000000000e-01 +1.9944266585686199e+00 
+4.6093750000000000e-01 +1.9947343821343231e+00 
+5.7812500000000000e-01 +1.9861065138717482e+00 
+5.7812500000000000e-01 +1.9864180443837107e+00 
+4.5312500000000000e-01 +1.9947995519879815e+00 
+4.5312500000000000e-01 +1.9951071049334304e+00 
+5.8593750000000000e-01 +1.9853363666092234e+00 
+5.8593750000000000e-01 +1.9856482495079950e+00 
+4.4531250000000000e-01 +1.9951536485972199e+00 
+4.4531250000000000e-01 +1.9954610395230388e+00 
+6.0156250000000000e-01 +1.9837009388998581e+00 
+6.0156250000000000e-01 +1.9840135701011683e+00 
+4.2968750000000000e-01 +1.9958080103961857e+00 
+4.2968750000000000e-01 +1.9961151019137260e+00 
+6.0937500000000000e-01 +1.9828339598955904e+00 
+6.0937500000000000e-01 +1.9831469877898185e+00 
+6.1718750000000000e-01 +1.9819329864621149e+00 
+6.1718750000000000e-01 +1.9822464266036735e+00 
+4.1406250000000000e-01 +1.9963947502400401e+00 
+4.1406250000000000e-01 +1.9967015732902476e+00 
+4.0625000000000000e-01 +1.9966642775001884e+00 
+4.0625000000000000e-01 +1.9969709772261233e+00 
+6.3281250000000000e-01 +1.9800255362707664e+00 
+6.3281250000000000e-01 +1.9803398491808448e+00 
+3.9843750000000000e-01 +1.9969186956077853e+00 
+3.9843750000000000e-01 +1.9972252789227563e+00 
+6.4062500000000000e-01 +1.9790172715577075e+00 
+6.4062500000000000e-01 +1.9793320458070676e+00 
+6.4843750000000000e-01 +1.9779714365050678e+00 
+6.4843750000000000e-01 +1.9782866892843076e+00 
+3.8281250000000000e-01 +1.9973844951829065e+00 
+3.8281250000000000e-01 +1.9976908653676959e+00 
+3.7500000000000000e-01 +1.9975969941224225e+00 
+3.7500000000000000e-01 +1.9979032670766863e+00 
+6.6406250000000000e-01 +1.9757633565487545e+00 
+6.6406250000000000e-01 +1.9760796196519774e+00 
+3.6718750000000000e-01 +1.9977966188533696e+00 
+3.6718750000000000e-01 +1.9981028004678010e+00 
+6.7187500000000000e-01 +1.9745992342921350e+00 
+6.7187500000000000e-01 +1.9749160300484585e+00 
+6.7968750000000000e-01 +1.9733937869900438e+00 
+6.7968750000000000e-01 +1.9737111343080604e+00 
+3.5156250000000000e-01 +1.9981593577116219e+00 
+3.5156250000000000e-01 +1.9984653733520961e+00 
+3.4375000000000000e-01 +1.9983234999131594e+00 
+3.4375000000000000e-01 +1.9986294404491054e+00 
+6.9531250000000000e-01 +1.9708550396216340e+00 
+6.9531250000000000e-01 +1.9711735485630537e+00 
+3.3593750000000000e-01 +1.9984768240545923e+00 
+3.3593750000000000e-01 +1.9987826944358973e+00 
+7.0312500000000000e-01 +1.9695197728046105e+00 
+7.0312500000000000e-01 +1.9698388927076420e+00 
+7.1093750000000000e-01 +1.9681392474407049e+00 
+7.1093750000000000e-01 +1.9684589990137447e+00 
+3.2031250000000000e-01 +1.9987529513836906e+00 
+3.2031250000000000e-01 +1.9990586954208103e+00 
+7.2656250000000000e-01 +1.9652383646489182e+00 
+7.2656250000000000e-01 +1.9655594435432120e+00 
+3.0468750000000000e-01 +1.9989914944048082e+00 
+3.0468750000000000e-01 +1.9992971292947321e+00 
+7.3437500000000000e-01 +1.9637159510725728e+00 
+7.3437500000000000e-01 +1.9640377265589184e+00 
+2.9687500000000000e-01 +1.9990977962560659e+00 
+2.9687500000000000e-01 +1.9994033825067594e+00 
+7.4218750000000000e-01 +1.9621441666524162e+00 
+7.4218750000000000e-01 +1.9624666613208239e+00 
+2.8906250000000000e-01 +1.9991960290283179e+00 
+2.8906250000000000e-01 +1.9995015703318504e+00 
+7.5781250000000000e-01 +1.9588482500618229e+00 
+7.5781250000000000e-01 +1.9591722528022406e+00 
+2.7343750000000000e-01 +1.9993699523690744e+00 
+2.7343750000000000e-01 +1.9996754140926432e+00 
+7.6562500000000000e-01 +1.9571219723451623e+00 
+7.6562500000000000e-01 +1.9574467649572391e+00 
+7.7343750000000000e-01 +1.9553420326922437e+00 
+7.7343750000000000e-01 +1.9556676397294115e+00 
+2.5781250000000000e-01 +1.9995164827464122e+00 
+2.5781250000000000e-01 +1.9998218774238787e+00 
+7.8906250000000000e-01 +1.9516167535632649e+00 
+7.8906250000000000e-01 +1.9519440651305775e+00 
+2.4218750000000000e-01 +1.9996386596841491e+00 
+2.4218750000000000e-01 +1.9999439984586171e+00 
+7.9687500000000000e-01 +1.9496691791432221e+00 
+7.9687500000000000e-01 +1.9499973818382041e+00 
+2.3437500000000000e-01 +1.9996915165749600e+00 
+2.3437500000000000e-01 +1.9999968311643508e+00 
+8.0468750000000000e-01 +1.9476634728989550e+00 
+8.0468750000000000e-01 +1.9479925933202702e+00 
+2.2656250000000000e-01 +1.9997393439105828e+00 
+2.2656250000000000e-01 +2.0000446366162077e+00 
+8.2031250000000000e-01 +1.9434730721278635e+00 
+8.2031250000000000e-01 +1.9438041098993113e+00 
+2.1093750000000000e-01 +1.9998212173584928e+00 
+2.1093750000000000e-01 +2.0001264726022918e+00 
+8.2812500000000000e-01 +1.9412860532592964e+00 
+8.2812500000000000e-01 +1.9416180917180645e+00 
+8.3593750000000000e-01 +1.9390362538830208e+00 
+8.3593750000000000e-01 +1.9393693217548136e+00 
+1.9531250000000000e-01 +1.9998867831651406e+00 
+1.9531250000000000e-01 +2.0001920084087996e+00 
+1.8750000000000000e-01 +1.9999141840439851e+00 
+1.8750000000000000e-01 +2.0002193967501616e+00 
+8.5156250000000000e-01 +1.9343435420019390e+00 
+8.5156250000000000e-01 +1.9346787570601800e+00 
+1.7968750000000000e-01 +1.9999383656722680e+00 
+1.7968750000000000e-01 +2.0002435673139538e+00 
+8.5937500000000000e-01 +1.9318982157576314e+00 
+8.5937500000000000e-01 +1.9322345496937212e+00 
+8.6718750000000000e-01 +1.9293852815266119e+00 
+8.6718750000000000e-01 +1.9297227652751048e+00 
+1.6406250000000000e-01 +1.9999781104260987e+00 
+1.6406250000000000e-01 +2.0002832938822666e+00 
+8.8281250000000000e-01 +1.9241516387035140e+00 
+8.8281250000000000e-01 +1.9244915171455721e+00 
+1.4843750000000000e-01 +2.0000079841773379e+00 
+1.4843750000000000e-01 +2.0003131539645409e+00 
+8.9062500000000000e-01 +1.9214284269741748e+00 
+8.9062500000000000e-01 +1.9217695514427247e+00 
+8.9843750000000000e-01 +1.9186326009836019e+00 
+8.9843750000000000e-01 +1.9189750047038574e+00 
+1.3281250000000000e-01 +2.0000297748811722e+00 
+1.3281250000000000e-01 +2.0003349346978707e+00 
+9.1406250000000000e-01 +1.9128179770223130e+00 
+9.1406250000000000e-01 +1.9131630412685259e+00 
+1.1718750000000000e-01 +2.0000450916972690e+00 
+1.1718750000000000e-01 +2.0003502445056403e+00 
+9.2187500000000000e-01 +1.9097965865165767e+00 
+9.2187500000000000e-01 +1.9101430332232761e+00 
+9.2968750000000000e-01 +1.9066973966795662e+00 
+9.2968750000000000e-01 +1.9070452614444346e+00 
+1.0156250000000000e-01 +2.0000553649897772e+00 
+1.0156250000000000e-01 +2.0003605130975246e+00 
+9.3750000000000000e-02 +2.0000590084140830e+00 
+9.3750000000000000e-02 +2.0003641548547537e+00 
+9.4531250000000000e-01 +1.9002603110197616e+00 
+9.4531250000000000e-01 +1.9006111211227299e+00 
+8.5937500000000000e-02 +2.0000618463273279e+00 
+8.5937500000000000e-02 +2.0003669914694897e+00 
+9.5312500000000000e-01 +1.8969197332641881e+00 
+9.5312500000000000e-01 +1.8972720718742260e+00 
+9.6093750000000000e-01 +1.8934959923117809e+00 
+9.6093750000000000e-01 +1.8938498974808495e+00 
+7.0312500000000000e-02 +2.0000656084830326e+00 
+7.0312500000000000e-02 +2.0003707519037910e+00 
+9.7656250000000000e-01 +1.8863935340289877e+00 
+9.7656250000000000e-01 +1.8867506889825221e+00 
+5.4687500000000000e-02 +2.0000675454344847e+00 
+5.4687500000000000e-02 +2.0003726879689760e+00 
+9.8437500000000000e-01 +1.8827120453680626e+00 
+9.8437500000000000e-01 +1.8830708848150757e+00 
+4.6875000000000000e-02 +2.0000680599372140e+00 
+4.6875000000000000e-02 +2.0003732022362906e+00 
+9.9218750000000000e-01 +1.8789418508492257e+00 
+9.9218750000000000e-01 +1.8793024153777662e+00 
+3.9062500000000000e-02 +2.0000683723637582e+00 
+3.9062500000000000e-02 +2.0003735145198815e+00 
+1.0078125000000000e+00 +1.8711296786548210e+00 
+1.0078125000000000e+00 +1.8714938177028912e+00 
+2.3437500000000000e-02 +2.0000686256574096e+00 
+2.3437500000000000e-02 +2.0003737676976368e+00 
+1.0156250000000000e+00 +1.8670848402509546e+00 
+1.0156250000000000e+00 +1.8674508300459762e+00 
+1.0234375000000000e+00 +1.8629455745325805e+00 
+1.0234375000000000e+00 +1.8633134582804978e+00 
+7.8125000000000000e-03 +2.0000686629064761e+00 
+7.8125000000000000e-03 +2.0003738049296595e+00 
+0.0000000000000000e+00 +2.0000686633720894e+00 
+0.0000000000000000e+00 +2.0003738053950597e+00 
+1.0390625000000000e+00 +1.8543779167737926e+00 
+1.0390625000000000e+00 +1.8547497207194759e+00 
+1.2031250000000000e+00 +1.7381850718163878e+00 
+1.2031250000000000e+00 +1.7386100406927976e+00 
+1.2109375000000000e+00 +1.7313163584093485e+00 
+1.2109375000000000e+00 +1.7317444701184566e+00 
+1.1953125000000000e+00 +1.7449212744634488e+00 
+1.1953125000000000e+00 +1.7453431611384784e+00 
+1.2265625000000000e+00 +1.7171744821637087e+00 
+1.2265625000000000e+00 +1.7176090645971647e+00 
+1.1796875000000000e+00 +1.7580029975809446e+00 
+1.1796875000000000e+00 +1.7584188986128515e+00 
+1.2343750000000000e+00 +1.7098978328124945e+00 
+1.2343750000000000e+00 +1.7103357447328806e+00 
+1.1718750000000000e+00 +1.7643519151662337e+00 
+1.1718750000000000e+00 +1.7647649112020221e+00 
+1.2421875000000000e+00 +1.7024816996760752e+00 
+1.2421875000000000e+00 +1.7029230049052715e+00 
+1.1640625000000000e+00 +1.7705751162212529e+00 
+1.1640625000000000e+00 +1.7709852647834885e+00 
+1.1406250000000000e+00 +1.7885070705373649e+00 
+1.1406250000000000e+00 +1.7889090141958535e+00 
+1.1484375000000000e+00 +1.7826510400482709e+00 
+1.1484375000000000e+00 +1.7830556631785928e+00 
+1.1328125000000000e+00 +1.7942439999303783e+00 
+1.1328125000000000e+00 +1.7946433186126574e+00 
+1.1093750000000000e+00 +1.8107563848768156e+00 
+1.1093750000000000e+00 +1.8111481481902405e+00 
+1.1015625000000000e+00 +1.8160330573557857e+00 
+1.1015625000000000e+00 +1.8164224062870953e+00 
+1.1171875000000000e+00 +1.8053670479404362e+00 
+1.1171875000000000e+00 +1.8057612771864666e+00 
+1.0859375000000000e+00 +1.8262547226582506e+00 
+1.0859375000000000e+00 +1.8266393945879094e+00 
+1.0781250000000000e+00 +1.8312028444033217e+00 
+1.0781250000000000e+00 +1.8315852522817826e+00 
+1.0468750000000000e+00 +1.8499465746073216e+00 
+1.0468750000000000e+00 +1.8503204061477281e+00 
+1.0703125000000000e+00 +1.8360445595341359e+00 
+1.0703125000000000e+00 +1.8364247520485646e+00 
+1.0546875000000000e+00 +1.8454149048742274e+00 
+1.0546875000000000e+00 +1.8457908099150078e+00 
