475 19011.231798337772
488 18902.6813221516
510 17361.30291339982
528 17162.951383774307
644 17081.808626274455
657 17016.772707020442
666 16258.035291648514
683 16120.313285120526
697 15909.440216875533
728 15816.376654734755
736 15110.970655770949
775 14655.071025110416
942 14608.379341266516
1160 14441.396400552587
1228 14151.874369934509
1322 13674.867707985188
1335 13588.162500639639
1352 13536.818303627497
1363 13424.420643035206
1384 13340.865963291104
1415 13196.99281774204
1491 13013.283398513888
1567 12875.730978308564
1576 12825.137713264598
1611 12708.373244978498
1762 12700.572204851696
1765 12606.267550081255
1788 12563.465191011028
1812 12544.392548124728
1815 12519.66086855778
1857 12486.77181361542
1868 12442.699321969176
1878 12421.404094282685
1886 12350.820552250594
1899 12339.709363259224
1976 12289.276937492288
1984 12241.974249503215
2040 12196.45425856934
2049 12157.382249150623
2212 12147.769157261844
2325 11936.208571293419
2483 11893.410726175263
2569 11873.655776736512
2628 11859.353696786691
2636 11856.029545969312
2733 11820.810190676317
2754 11777.302010707082
2838 11771.85320029152
2930 11726.602526933728
2992 11715.659770427323
3266 11579.617133118132
3315 11550.303396818845
3452 11538.02029519668
3654 11445.173025954218
3661 11436.04967087823
3742 11434.88251760748
3746 11426.68413633416
3781 11425.382884426557
3875 11398.516595022158
3972 11381.632759103055
9385 11263.646704641413
13561 11261.573645006969
