172 1868.9311762363513
295 1680.1775617842407
667 1465.1824386247463
800 1390.5698951842048
806 1318.862933963596
1407 1272.8208668209402
1423 1250.4268434020453
1534 1214.5169716545613
1848 1198.8797452066356
1859 1195.6667647604654
2096 1187.4870811993487
2412 1180.926851760016
2697 1180.289197102331
2920 1179.9772350861297
3141 1178.7731702492445
3167 1174.7570711283688
3171 1174.3276149687742
3188 1172.8378609497793
3218 1169.700874044147
3272 1168.1185591587787
3367 1167.647467288421
3534 1167.2857612079827
3771 1165.6117295157173
3984 1165.530282802176
4145 1164.8374829030515
4154 1164.7997125284935
4703 1164.5385346879718
4705 1164.4595800612026
4783 1163.4589910349298
6141 1163.385773683637
6503 1162.8098299740495
7257 1162.430573103597
7545 1162.4009600659674
7881 1162.3431897759035
8701 1162.038406793498
9302 1161.597350813782
9763 1161.0362141430874
10238 1160.935773807997
10523 1160.6722063575046
11283 1160.354397254596
12376 1160.2412297471958
14128 1160.2347797781536
14473 1160.1905020166034
14654 1160.1125921642765
14914 1160.0591846980956
15238 1160.0323596880914
15541 1160.0077170648267
