650 5827.476741496363
660 5789.888420098222
667 5731.5985162164825
679 5710.455146337263
724 5696.784639769777
807 5651.036150730669
818 5630.19069892932
937 5564.749853336758
1053 5564.1932934688975
1059 5559.98225036261
1095 5557.375493619779
1264 5530.699901633394
1281 5527.0882369272485
1421 5526.0802440985735
1437 5517.6450759019635
1486 5497.356478212969
1840 5488.135100695558
1954 5487.782242750334
1974 5486.730243089405
2031 5482.769374624677
2124 5471.047964043106
2512 5461.094335539578
2841 5457.621301821978
3291 5449.5795198955275
