1838 -3080.6519041742536
1862 -3141.1437035739955
1888 -3188.7096656157437
1913 -3193.041983836292
1998 -3216.2547724752335
2014 -3249.440483973842
2170 -3265.986655420389
2199 -3302.955826267538
2243 -3313.382623006339
2283 -3321.5587361309636
2420 -3354.914444540449
2481 -3373.955371268657
2657 -3382.6411152247124
2673 -3393.9469394686776
2682 -3402.147674289265
2845 -3415.031689837699
3161 -3437.612315332153
3215 -3438.170599350405
3231 -3444.176209119788
3401 -3445.855001361523
3419 -3445.9608060279916
3461 -3448.2277789543305
3480 -3449.6287607510294
3485 -3455.031843802948
3509 -3456.469878250173
3606 -3460.5188239219938
3641 -3462.0598692030285
3840 -3470.9670880124463
3874 -3471.4776993762957
3960 -3472.408979312256
4009 -3479.4196733040503
4485 -3483.9177884210217
4580 -3486.212968349741
4605 -3488.1956280623117
4671 -3488.3313922101433
5979 -3500.33034334406
7279 -3503.4470977191836
