91 396.4506149467519
116 241.46042321484288
157 118.31845027553527
388 110.58406885111992
444 35.88447650875423
538 -33.237584594367036
857 -172.2677423433572
1239 -190.85025867083914
1286 -516.8869948186949
1507 -571.7053523668653
1517 -599.035554964704
1562 -850.5428831472324
1590 -920.1571004024706
1616 -941.3700876991209
1619 -949.9017308721943
1626 -970.1446972287704
1627 -1012.9872921609435
1635 -1062.9857913604437
1644 -1157.083049329092
1658 -1164.751797736215
1712 -1201.8216580143708
1728 -1240.5314191661048
1733 -1282.8610986860854
1761 -1324.9200121612653
1797 -1327.263091339323
1810 -1334.2412319654723
1815 -1352.1423308940882
1843 -1378.8083894699016
1852 -1402.6093026470921
1889 -1413.0217884349815
1906 -1419.8919739999956
1944 -1431.6796105364094
1951 -1440.1982947573752
1995 -1446.4026076308846
2013 -1462.768864489941
2028 -1470.521770843362
2033 -1480.248754431351
2037 -1482.7690388085944
2053 -1490.8805272300312
2079 -1511.8327867414123
2095 -1513.6414956814374
2188 -1519.5543303936856
2236 -1526.5612377357384
2291 -1527.1133712742358
2356 -1528.07617532003
2365 -1529.7474977058278
2370 -1530.569489007044
2417 -1531.3415905310192
2436 -1532.5274214848791
2440 -1536.174017818911
2607 -1536.1792222320676
2620 -1536.5892231742816
2621 -1536.6638911434866
2641 -1537.164521875431
2686 -1537.3511407510887
2690 -1537.477030205759
2734 -1537.5914989906685
2777 -1537.6137928113474
2780 -1537.6541662801496
2789 -1537.7024078522413
2795 -1537.7371167068543
2800 -1537.8033477962454
2817 -1537.8343918567957
2823 -1537.8354971221443
2857 -1537.9261857804026
2906 -1538.0168953778664
2926 -1538.0221931157998
2933 -1538.0259127124102
2954 -1538.0289782897094
2957 -1538.0413430107656
2981 -1538.0645959036106
3064 -1538.0759144675899
3070 -1538.0765882421085
3082 -1538.078708509443
3098 -1538.0898123142974
3100 -1538.099457111433
3106 -1538.1038084812328
3135 -1538.105824200967
3159 -1538.1114294759836
3162 -1538.1116261637926
3171 -1538.1132513416421
3175 -1538.113534009171
3193 -1538.1168282482736
3203 -1538.1183915229692
3215 -1538.1185217744705
3217 -1538.1210328213124
3222 -1538.123586232524
3229 -1538.1290194108951
3233 -1538.130321255721
3247 -1538.1342378304653
3368 -1538.134680621115
3373 -1538.1362305872467
3415 -1538.138360470217
3466 -1538.139416348327
3503 -1538.1400811973251
3536 -1538.140123678149
3544 -1538.140137607883
3545 -1538.1403022188297
3548 -1538.1403953877248
3553 -1538.1404032227379
3561 -1538.1409619327258
3574 -1538.14097045064
3578 -1538.1409985364064
3581 -1538.1411728308394
3602 -1538.1415013601172
3625 -1538.1416341209285
3626 -1538.1419117193834
3641 -1538.1419354552315
3680 -1538.1420122380782
3719 -1538.1420182109048
3726 -1538.1420474996878
3763 -1538.1420633738642
3765 -1538.1420838789054
3777 -1538.1421122056943
3787 -1538.1421484641396
3794 -1538.142150944273
3799 -1538.1421951584994
3814 -1538.1422035681117
3823 -1538.142216814018
3828 -1538.1422361497284
3843 -1538.1422531835706
3865 -1538.1422722486084
3875 -1538.1423055971136
3899 -1538.142343647329
3924 -1538.1423575737658
3977 -1538.142358649408
3978 -1538.142359842799
4015 -1538.1423713678105
4023 -1538.14238034689
4095 -1538.1423810977608
4112 -1538.1423818421047
4125 -1538.1423834984612
4129 -1538.142384862074
4163 -1538.1423850011627
4169 -1538.142385595597
4170 -1538.1423869056225
4173 -1538.1423880428813
4175 -1538.1423884837495
4204 -1538.1423909103087
4224 -1538.1423922917415
4226 -1538.1423927944138
4244 -1538.1423931266145
4283 -1538.1423931306704
4379 -1538.1423931580023
4383 -1538.142393875325
4401 -1538.142394342312
4406 -1538.142394413322
4434 -1538.1423948577694
4455 -1538.142395340155
4471 -1538.142395532117
4508 -1538.1423956684903
4525 -1538.1423957473226
4526 -1538.1423958411349
4559 -1538.1423958860694
4562 -1538.1423959229942
4580 -1538.1423959339309
4582 -1538.1423960678308
4585 -1538.1423960810039
4589 -1538.1423960832728
4600 -1538.1423962377676
4612 -1538.142396260381
4627 -1538.1423962831232
4642 -1538.1423963905174
4679 -1538.1423964451205
4693 -1538.1423964476921
4703 -1538.1423964613123
4707 -1538.142396504948
4742 -1538.1423965162114
4783 -1538.1423965262604
4793 -1538.1423965342049
4817 -1538.142396535824
4839 -1538.1423965394517
4857 -1538.142396539829
4863 -1538.1423965493677
4873 -1538.142396559179
4880 -1538.1423965625527
4946 -1538.142396568151
5002 -1538.1423965697377
5009 -1538.1423965698896
5017 -1538.142396570281
5027 -1538.1423965704278
5028 -1538.142396570961
5034 -1538.1423965723218
5040 -1538.1423965732395
5067 -1538.142396573257
5075 -1538.1423965748127
5080 -1538.1423965754875
5087 -1538.142396579056
5134 -1538.1423965801366
5178 -1538.1423965809302
5222 -1538.14239658172
5246 -1538.1423965817603
5271 -1538.1423965819374
5283 -1538.1423965826848
5296 -1538.1423965827144
5319 -1538.1423965829053
5339 -1538.142396583246
5390 -1538.1423965833537
5397 -1538.1423965834601
5407 -1538.142396583461
5441 -1538.142396583544
5459 -1538.1423965837214
5481 -1538.1423965837694
5518 -1538.1423965838003
5531 -1538.1423965838335
5542 -1538.1423965839008
5564 -1538.142396583919
5575 -1538.1423965839692
5672 -1538.1423965839822
5706 -1538.1423965839851
5719 -1538.142396583987
5742 -1538.1423965839917
5750 -1538.1423965839922
5753 -1538.142396583994
5754 -1538.1423965840065
5776 -1538.142396584009
5790 -1538.1423965840102
5796 -1538.1423965840104
5808 -1538.1423965840158
5820 -1538.1423965840163
5821 -1538.1423965840177
5822 -1538.1423965840218
5828 -1538.142396584026
5845 -1538.1423965840281
5875 -1538.14239658403
5892 -1538.1423965840315
5942 -1538.1423965840322
5960 -1538.1423965840331
6015 -1538.142396584034
6036 -1538.1423965840352
6077 -1538.1423965840368
6311 -1538.142396584037
6424 -1538.1423965840372
