937 2991.4422051234324
1386 2960.499919820764
1406 2927.4047737714905
1423 2849.0732470458165
1470 2781.1834142851812
1503 2670.5505923171677
1515 2605.411346496283
1525 2513.008457693436
1562 2468.427132246403
1590 2402.9581700310396
1633 2366.763028830167
1654 2314.4162958256284
1667 2281.335818361453
1681 2271.470803704655
1691 2244.116091039062
1714 2185.6035755488856
1745 2185.5528569280386
1751 2165.481685375864
1779 2147.2920958224713
1801 2139.8051918307415
1817 2128.2823791336737
1826 2119.828674057986
1844 2111.6407490830734
1857 2111.2552471948056
1859 2099.4988627908847
1888 2090.8304816987143
1919 2075.839765542522
1926 2068.744390260313
2003 2063.3064325727073
2025 2059.8398917201357
2040 2055.9547451496655
2062 2053.728504306
2090 2051.5536445631965
2096 2051.2284617889195
2128 2049.6955244547694
2129 2049.5731472062143
2163 2047.9955709310043
2168 2042.6722003547561
2184 2039.81809479371
2188 2039.2464248704778
2211 2037.3262548593764
2245 2036.3529871422847
2292 2036.0779155893194
2302 2035.7291746895235
2308 2034.1514997144282
2385 2032.3114909955996
2388 2031.4735196351703
2414 2030.173974335134
2440 2028.3228672113682
2462 2028.1051886254193
2486 2028.0871517294408
2488 2028.010673043044
2508 2027.9820023916034
2528 2027.8307640559112
2557 2027.7228922461381
2559 2026.8540130904507
2573 2026.6260960271268
2613 2026.4667800392494
2621 2026.4214872481848
2638 2026.3970238918978
2645 2026.3282432182045
2655 2026.1242321488385
2656 2026.0264531414468
2661 2025.9232759647425
2678 2025.7265087993492
2684 2025.7043991401856
2690 2025.5580972058692
2757 2025.5082453270745
2762 2025.5076964420782
2788 2025.3468418994403
2869 2025.3368658222473
2883 2025.3359770550012
2885 2025.327143290542
2892 2025.3004603837762
2899 2025.239932478346
2914 2025.2129944425974
2964 2025.2114442556626
2973 2025.1951112187426
2981 2025.186703299338
2993 2025.1802734862267
3021 2025.1543798509158
3045 2025.14752404122
3052 2025.1375997176378
3062 2025.1350170684802
3091 2025.1314027622836
3098 2025.1276164845922
3100 2025.1198037574634
3113 2025.0971242090416
3132 2025.0897145792915
3160 2025.0862224433972
3175 2025.081203267516
3251 2025.0794350421083
3261 2025.0769351099768
3288 2025.0718710893566
3327 2025.0716633938648
3328 2025.0646291798046
3350 2025.063690981897
3356 2025.0628567947665
3365 2025.0593396796917
3388 2025.0577435946977
3397 2025.0573427887143
3410 2025.0565551688965
3415 2025.055279278105
3440 2025.0541689045394
3466 2025.0529499097188
3510 2025.0521593008007
3521 2025.0519889192706
3527 2025.0508300556723
3529 2025.0508069871817
3532 2025.0507010843614
3533 2025.048596859864
3545 2025.048365829352
3552 2025.0483100278861
3553 2025.0482870162753
3563 2025.0459880757037
3664 2025.0457228094065
3698 2025.0456724941891
3709 2025.0454239178607
3713 2025.0452522266166
3762 2025.0449579553542
3777 2025.044755576675
3790 2025.0446036799292
3792 2025.044441138814
3799 2025.0443738406327
3818 2025.044273356311
3827 2025.0442161731003
3828 2025.0440418339285
3899 2025.0439625375616
3903 2025.0439568515394
3915 2025.0438287780917
3941 2025.0438215142653
3950 2025.0438158201123
3971 2025.0438137681701
3976 2025.0437884733874
3978 2025.0437698119401
3988 2025.0437388628927
3989 2025.0437354641895
4009 2025.0437101649393
4036 2025.0437097135375
4037 2025.0437008805022
4041 2025.0436980752909
4047 2025.0436688362724
4062 2025.0436653497397
4086 2025.0436517214337
4120 2025.0436392817824
4122 2025.043636822349
4128 2025.0436334906099
4138 2025.0436204643154
4257 2025.0436203992579
4266 2025.0436177381057
4279 2025.0436151180645
4288 2025.0436100442594
4295 2025.0436094499296
4304 2025.0436049507832
4326 2025.0436029064795
4380 2025.0436020801844
4383 2025.0435960179564
4399 2025.043595356949
4410 2025.0435946546936
4434 2025.043593272654
4444 2025.0435923580833
4450 2025.0435918844137
4453 2025.0435906662306
4481 2025.0435892113233
4508 2025.0435890625042
4526 2025.0435888424417
4531 2025.0435887475332
4533 2025.0435887192834
4543 2025.0435883129512
4554 2025.0435880633318
4561 2025.0435864470292
4573 2025.0435858453834
4577 2025.0435856398476
4593 2025.0435845424738
4607 2025.0435841423541
4648 2025.0435835793187
4692 2025.0435829703474
4721 2025.0435826916128
4756 2025.0435825621985
4773 2025.0435825296545
4783 2025.0435824208848
4790 2025.0435823654518
4793 2025.0435822197646
4824 2025.0435821852252
4845 2025.043582114752
4866 2025.0435821128995
4867 2025.0435820513108
4870 2025.043581981784
4880 2025.0435819073653
4893 2025.043581801078
4913 2025.0435817673074
4918 2025.0435817532082
4920 2025.0435817409073
4944 2025.043581692663
4960 2025.0435816844163
5007 2025.0435816840918
5018 2025.0435816693407
5049 2025.0435816608822
5060 2025.0435816213142
5066 2025.0435815999847
5095 2025.0435815885578
5104 2025.0435815823446
5112 2025.0435815659876
5124 2025.043581565318
5125 2025.0435815563776
5146 2025.0435815384144
5259 2025.0435815381284
5265 2025.0435815349733
5291 2025.043581534409
5292 2025.0435815320775
5294 2025.0435815279552
5385 2025.043581526379
5388 2025.0435815258106
5390 2025.043581525419
5407 2025.043581524924
5423 2025.0435815238518
5458 2025.0435815230956
5507 2025.0435815224946
5530 2025.0435815224469
5531 2025.0435815222704
5535 2025.0435815213386
5582 2025.0435815203753
5704 2025.0435815203602
5706 2025.0435815201777
5720 2025.043581520165
5731 2025.0435815199685
5782 2025.043581519852
5809 2025.0435815198284
5824 2025.043581519772
5859 2025.0435815197682
5862 2025.0435815197645
5875 2025.0435815197266
5914 2025.0435815197054
5936 2025.043581519703
5940 2025.043581519683
5944 2025.043581519676
5960 2025.0435815196665
5973 2025.0435815196538
6003 2025.0435815196513
6024 2025.043581519648
6034 2025.0435815196463
6072 2025.043581519646
6083 2025.0435815196417
6084 2025.0435815196342
6125 2025.0435815196288
6159 2025.0435815196279
6179 2025.0435815196272
6192 2025.0435815196247
6202 2025.0435815196238
6224 2025.043581519622
6310 2025.0435815196206
6352 2025.0435815196204
6375 2025.0435815196195
6424 2025.043581519619
6447 2025.0435815196188
6530 2025.043581519618
