1516 5073.633451357207
1668 5059.264709638654
1713 5043.858271122712
1812 5020.7602012251855
1844 5002.49424805139
1857 4998.940436739234
1858 4997.643536634599
2047 4995.040316637681
2062 4969.2131022961385
2068 4953.408105830538
2138 4925.657260405896
2309 4906.348295588436
2337 4881.139240215785
2405 4873.076159201788
2410 4864.006051306743
2487 4847.457975762131
2532 4834.057677224491
2569 4829.623873667006
2597 4799.669094749837
2749 4798.0144663952515
2792 4796.342594531154
2892 4784.598950807656
2996 4784.279896289954
3105 4761.741915247922
3494 4743.0766590403055
3510 4733.72892164435
3574 4733.485171917312
3600 4732.164805140059
3723 4712.561899369573
3785 4710.650982095025
3788 4702.400666595333
3904 4696.296359852759
3978 4694.487736508226
5102 4646.58367545127
5132 4643.025233298669
8392 4587.704777794022
12473 4551.510343100469
