958 2188.8372633216413
963 2163.853080114647
1003 1956.5480814667615
1150 1864.7550668228325
1163 1773.4591093041797
1166 1625.565780133084
1327 1620.8730547467276
1354 1603.725972029548
1418 1581.4726480974382
1499 1568.6042501754002
1544 1558.5936234797691
1570 1554.438018401508
1572 1522.491575046896
1580 1514.9580451794168
1620 1512.5987720817598
1674 1505.094120644506
1812 1498.6530365148394
1859 1492.464075054213
2006 1490.766907753183
2040 1489.7387572985217
2043 1488.7494814451804
2102 1484.9941552174714
2155 1484.1677634985138
2201 1483.1787918029136
2356 1482.3824964239634
2462 1480.2755168833653
2570 1479.8658193578694
2705 1479.8264612225523
2775 1479.8087699004714
2782 1479.3748630687383
2907 1479.3414485828407
3038 1479.304793000079
3057 1479.2444361284356
3073 1479.2322348047549
3080 1479.2191089928906
3142 1479.1589624163685
3563 1479.1564018616505
3727 1479.144723911109
3863 1479.136523571234
3998 1479.1327541909845
4179 1479.1326175623794
4344 1479.132131910436
4412 1479.1317260159763
4416 1479.1304890225103
4422 1479.1301091387993
4627 1479.129652748602
4642 1479.1295397188337
4708 1479.1294592061986
4720 1479.128256309616
4800 1479.1275857098499
4898 1479.1271284679408
4928 1479.1268086612486
5063 1479.1263979349094
5248 1479.1261297691149
5357 1479.1261290556497
5362 1479.126088903289
5437 1479.1260142364008
5505 1479.1259649057288
5525 1479.1258911666603
5600 1479.1258794796677
5607 1479.1258113857236
5843 1479.125809431332
5883 1479.1257995988406
5932 1479.1257932765268
5973 1479.125786632938
6031 1479.1257780595106
6216 1479.125776531269
6294 1479.125774441486
6350 1479.125772903149
6419 1479.1257707998402
6619 1479.1257705931462
6733 1479.12577005245
6817 1479.125769876187
6903 1479.1257698434124
6915 1479.1257691417911
