686 34013.872759731035
695 34007.085995092675
739 34007.05775082429
740 33983.349157084136
782 33964.99889160227
785 33948.288221617324
837 33943.731488661615
841 33941.55095633559
849 33918.10992260772
876 33914.30319753622
937 33912.92146542503
952 33912.06400396361
955 33907.328297382446
974 33889.87210834221
978 33884.83699975212
1025 33874.810726556585
1034 33871.11341012508
1081 33863.85666062685
1085 33860.13283219027
1091 33855.55606348481
1097 33850.83775017259
1115 33848.02397831915
1116 33845.8365391861
1200 33842.27666098077
1229 33835.39759929321
1321 33829.34826452015
1324 33825.54056808478
1463 33825.49280615879
1470 33823.39941238651
1509 33821.14671297105
1542 33816.00824998019
1591 33814.49049948711
1598 33809.32109962847
1742 33809.089605327936
1757 33808.82155452653
1761 33808.13544278449
1776 33807.889070952726
1797 33807.77765286927
1804 33807.41672729426
1806 33807.01967022505
1808 33805.130752515695
1838 33804.916614536654
1863 33804.7921958581
1908 33804.62413634683
1921 33804.02574659226
1980 33803.58492516562
2001 33803.533572464235
2016 33803.46468073211
2030 33803.27324505555
2038 33803.22565863004
2040 33803.15501500176
2081 33802.918141880815
2107 33802.892194331645
2109 33802.68467100436
2131 33802.57620390675
2134 33802.43127339736
2153 33802.27077183314
2168 33802.177022029995
2176 33801.76834509374
2196 33801.60928942145
2296 33801.429712691184
2359 33801.32598887882
2434 33801.18405090714
2445 33801.10641767477
2451 33800.97872389451
2456 33800.89100685777
2461 33800.85975587313
2501 33800.57053238119
2594 33800.490523006345
2662 33800.46105753607
2680 33800.331686852056
2737 33800.20261062604
2767 33800.201381154104
2789 33800.10113530231
2819 33800.043302814884
2828 33800.026778682295
2846 33800.00853377575
2849 33799.97829174206
2866 33799.89875217518
2871 33799.88248325024
2908 33799.84091874814
2946 33799.74332777438
2977 33799.69591292214
3069 33799.59634787736
3077 33799.593217308415
3132 33799.59158009073
3135 33799.56354977292
3155 33799.560557169345
3222 33799.55158883303
3232 33799.551278427905
3260 33799.51580643845
3284 33799.47427233675
3370 33799.45296351669
3405 33799.43822841129
3425 33799.41351410901
3461 33799.381769641324
3487 33799.371124454476
3520 33799.33246384433
3534 33799.3265661743
3545 33799.325476014084
3560 33799.31938100062
3564 33799.2927718051
3627 33799.25112136002
3778 33799.24452236083
3789 33799.23886246343
3792 33799.22578267529
3997 33799.22204563156
4009 33799.21806923835
4023 33799.21482671502
4110 33799.211596335015
4113 33799.20690088272
4143 33799.202678418136
4156 33799.19690604381
4184 33799.193960070006
4225 33799.191119289615
4226 33799.18474653679
4323 33799.18217900392
4332 33799.178622486106
4417 33799.17379668866
4421 33799.170446973905
4442 33799.1671711698
4489 33799.16285910244
4506 33799.155759338115
4574 33799.15480466868
4577 33799.15253810753
4595 33799.15025543226
4750 33799.14587296138
4760 33799.137005021046
4775 33799.13230928579
4804 33799.1301383382
4828 33799.12742507999
4845 33799.12651723398
4870 33799.124175598474
4890 33799.116522241915
4918 33799.1158837271
4937 33799.11273409681
4955 33799.11122042998
5047 33799.106876727645
5061 33799.099307754914
5245 33799.09664738073
5339 33799.09049277019
5395 33799.08873805064
5402 33799.08598507191
5580 33799.08559435551
5634 33799.08469602515
5726 33799.080507265004
5753 33799.07957450975
5788 33799.078932813856
5822 33799.07857608799
5823 33799.07705401727
5944 33799.07650396513
5973 33799.07474080468
6095 33799.074085554945
6141 33799.07249756776
6159 33799.07045799534
6261 33799.0699194983
6436 33799.0682485941
6522 33799.06604742642
6604 33799.06571413808
6808 33799.06546139653
6893 33799.065133209464
6940 33799.06377750347
7025 33799.063648122465
7165 33799.06264473097
7451 33799.06216946238
7458 33799.06213891904
7472 33799.06122370751
7622 33799.059993410956
7641 33799.05975644349
7643 33799.05893650951
7796 33799.0588204237
7846 33799.058423734736
8053 33799.058171703284
8480 33799.05808415686
8599 33799.05791558618
8670 33799.05789702111
8674 33799.05786835565
8751 33799.057858169006
8896 33799.05775772766
8912 33799.057735047674
9369 33799.05759064935
9669 33799.057554363324
9679 33799.057539596346
9745 33799.05742472417
9979 33799.05741477616
10182 33799.05737370362
10580 33799.05736775818
11122 33799.057365991765
11654 33799.05731537161
12479 33799.057282073714
12831 33799.05728041672
13430 33799.05725916728
13928 33799.0572543949
15971 33799.05725338598
