43 2611.4483145644176
232 2589.166402659352
237 2576.9954508701335
291 2565.3959820956297
294 2553.485676681752
308 2518.622589252416
341 2517.7982298479224
344 2471.1376156930323
381 2447.3310279625093
387 2446.770189204292
391 2438.241769253875
399 2428.8501789281217
540 2428.0146124762337
565 2383.417831276248
601 2359.875853001524
757 2342.9579968705457
821 2331.1929339901353
959 2302.4405490145914
964 2300.640434793175
977 2286.5490532502617
1190 2286.365889513391
1210 2277.8844445238315
1339 2275.3300330426077
1353 2274.7219850958954
1383 2272.814825820853
1480 2272.0930096576353
1513 2271.366856896621
1520 2270.146331923265
1532 2269.9687834866027
1576 2269.4291367319756
1584 2269.383892339227
1599 2269.3585957413625
1601 2269.0233733392347
1711 2268.61943527169
1744 2267.3677001187407
1769 2267.24847912971
1786 2266.6242004248465
1818 2265.6097850331817
1831 2265.295675834962
1895 2265.1004525465896
1933 2264.1993974613065
2028 2264.1269285856647
2040 2263.888915827311
2048 2263.7560289582666
2115 2263.7158013451512
2119 2263.256564484973
2166 2263.1054099899884
2315 2263.095493343483
2326 2262.966772580098
2339 2262.6426816109497
2353 2262.4709316441104
2406 2262.3170097111433
2474 2262.134452842193
2581 2262.0353480411177
2612 2261.984784736398
2659 2261.892721645136
2682 2261.810021837234
2724 2261.7827741835295
2765 2261.6890441143405
2823 2261.606441476637
2891 2261.597088511683
2923 2261.558125714792
2947 2261.5450421338824
2955 2261.536645566286
2992 2261.533460590881
2999 2261.5303455580806
3006 2261.5297289685795
3029 2261.5147195945237
3043 2261.5146282710043
3125 2261.4773864482113
3162 2261.4773073967763
3167 2261.471559693786
3175 2261.4466931313996
3193 2261.44336528751
3247 2261.440150297721
3324 2261.4399175916888
3401 2261.437891779842
3485 2261.4339899170473
3486 2261.433441746105
3587 2261.432681756885
3606 2261.4324606299897
3607 2261.4315721201037
3706 2261.430959269858
3728 2261.430275673197
3736 2261.430178163857
3808 2261.4296694896457
3887 2261.4296191092317
3946 2261.4290228306963
4035 2261.428896060938
4229 2261.4288351744963
4524 2261.4288318693893
4608 2261.428829364141
4716 2261.428828448163
4763 2261.4288207923432
4981 2261.4288198018135
5202 2261.428819606098
5250 2261.4288192449117
5953 2261.428819229094
5979 2261.4288192155664
6279 2261.4288192062104
6426 2261.428819201446
