639 4796.6318628254885
649 4618.88285845378
739 4527.474580892542
743 4351.724031506128
760 3934.333026497257
798 3580.671027793147
845 3441.3058935840536
860 3090.977090040973
961 3089.2480237064487
1031 2717.047637326959
1034 2660.045209483272
1074 2449.6509322647357
1086 2319.112723276675
1102 2262.138370874876
1139 2188.2206085779644
1154 2081.660838126368
1234 1847.8618184110449
1275 1627.3191771972374
1394 1617.6393094027173
1420 1579.6025231445426
1434 1279.0231832104387
1575 1252.298351529905
1589 1198.9024867811959
1634 1150.1128858758445
1638 1144.795104215621
1713 1119.4522699662566
1732 1103.819153052904
1742 1084.683648107289
1747 1046.306513827506
1761 1016.7634151942241
1905 968.7868833791651
1919 959.0421158005186
1943 956.0961642844268
1950 909.0966059113827
1986 896.0813830134806
2042 823.7582801390054
2065 798.3266079044596
2067 796.0435811359877
2091 751.3425447413656
2115 744.4222669355216
2138 675.4836308430664
2199 660.1058015755034
2219 659.4867619121377
2287 629.9327083021109
2294 617.1953005407471
2478 606.3862652352269
2489 603.9898975481303
2493 582.7625040793997
2501 544.0556771563881
2513 538.3926062022341
2577 527.5670015723708
2636 514.8753791722969
2714 489.80875543009034
2746 486.0450957512907
2767 479.9986373851712
2782 477.7251405847258
2847 473.8591005024019
2861 470.89002491629384
2875 467.4145451184435
2886 466.94190244839007
2966 458.52317307707455
2984 454.07623094111415
3038 452.12317833331815
3045 449.97236330119904
3270 433.2877902548549
3602 418.2029610590886
3917 405.87935651779827
4098 394.39470276516994
4108 393.3006541759974
4125 392.28512180509074
4180 392.17383569317496
4183 390.19585990554174
4191 389.10682441280653
4239 388.6499418463901
4403 379.2458424536092
4526 373.35324594292626
4703 362.37797894319954
5112 348.38676026861987
5218 346.23449170702787
