600 1743.1921451751878
622 1692.095377779138
637 1463.4185983626942
685 1457.253945715902
688 1389.2173800753694
860 1365.6293772764263
905 1273.1324242137825
973 1111.5858292661842
1025 922.9519291629067
1060 880.3084378807431
1085 862.6678193114365
1098 822.6792020208538
1131 806.8342141509929
1174 801.2643781932111
1181 783.9005441223142
1189 711.6779053434058
1263 711.6137521728946
1299 629.1921026254878
1311 564.1156406661382
1417 506.4772215663261
1503 504.55527831258803
1535 489.49334912010636
1568 474.8866971043587
1574 446.3144971007308
1667 439.2315992723856
1671 431.4850323852475
1678 416.40166284069227
1714 404.65497929450385
1837 376.27302133613154
1893 359.4033952896615
2028 357.8115958156725
2096 348.7295910403234
2103 335.38050568422625
2192 334.7579819840627
2301 330.36673071185396
2325 328.98647705686017
2333 324.2999998853572
2390 323.7197388065048
2405 321.69227795427236
2418 318.5799963704964
2500 315.5943734010068
2565 315.4590428296208
2602 314.414707173205
2613 311.88612836936153
2630 309.7490054447365
2690 304.3664181074667
2824 299.5712416684044
2871 294.5308587857142
3002 293.4759541332444
3046 293.4379323213219
3051 293.10127811468124
3078 293.04984165320946
3096 292.7046436161455
3124 291.5832243898007
3139 291.3253495313152
3200 290.97624195026305
3204 289.73471668987776
3206 289.3957763303521
3216 288.6106347297508
3248 286.4318854092607
3320 284.960789091659
3333 284.7878418589654
3394 284.03991948095285
3429 280.7264545315369
3496 279.9065678304551
3515 278.74219335705806
3676 277.22909038967117
3779 276.6144463779877
3854 276.5269409799484
3924 275.99949210603467
4043 275.7195914352812
4117 275.36470534149913
4167 274.990470393819
4184 274.875147743197
4234 274.8386907688131
4331 274.46181646016686
4339 274.23520444876726
4446 273.7428317043834
4482 273.6981268973827
4520 273.53637320123113
4667 273.0166511204037
4841 272.44967305015115
4853 272.21107463729226
4855 272.1764667265157
5124 271.19208764584863
5180 270.65460026430543
5458 269.47248390249837
5540 269.22727505702557
5592 268.93551770719847
5660 268.702383661341
5700 268.39810322895636
5755 267.90994580361297
5781 267.7628456440594
5858 267.10223091816067
5939 266.5949420338144
5955 266.135425546525
6053 265.6874142355402
6090 264.8100447489725
6105 264.0980551259951
6235 263.62104992468227
6246 263.61352219415943
6321 263.2735078581413
6340 263.1645756358224
6366 263.1385281068163
6409 262.5230665492089
6600 262.22662574725507
6602 262.1926353806524
6863 261.99562889888153
6904 261.9257917917675
6931 261.7658329268056
7158 261.4976511154174
7177 261.4659627624724
7334 261.1675719082994
7410 261.09526019777377
7424 260.8093066788552
7556 260.42106862881303
8064 260.0329372361514
8451 259.89707547098556
8511 259.87115533935855
9862 259.3960455368947
9998 259.37172386085996
10032 259.09741734008554
10448 258.9572847235097
10701 258.537108709359
11043 258.31996103878424
11125 258.15555598643965
11150 257.9857270435977
11246 257.96902146112456
11664 257.32042783311744
11802 256.94828151912185
11863 256.71105016966095
11880 256.59370860286936
12061 256.3167510421876
12146 256.04076988769845
12222 255.66828693011792
12508 255.34721177197704
12773 254.43598780268712
13215 253.47702755557142
13496 253.1793233155621
13819 252.48932394418694
14163 251.37591189782117
15032 249.54018904455882
15410 248.7925789008259
15413 248.7138895351384
15477 248.42843379265955
15487 248.405273038253
15495 248.34179391814803
15545 248.28008248855153
15605 248.02022420388616
15634 247.99012566416508
15636 247.92471796802548
15639 247.86445818382833
15668 247.7991466699785
15691 247.74249461386418
15698 247.70269871543167
15705 247.61798125225255
15764 247.25117085067865
15874 246.89265555496968
16003 246.65350772267772
