51 1674.9492891132368
52 1585.5119169793552
53 1211.8903583073209
845 1195.5308367770874
898 1183.920977288434
989 1182.8584331642467
1023 1181.3795715846147
1044 1162.1393710539512
1434 1158.373860304248
1460 1153.3563455538153
1493 1150.6109110792727
1781 1150.0281868378108
1793 1148.8507967691323
1838 1148.6794818759233
1880 1148.3561017749487
1886 1147.9517423329112
1953 1147.9197782184235
1964 1147.6063836976818
2011 1146.5086212535548
2026 1146.2174222177878
2072 1146.075536852305
2096 1145.4401850481022
2162 1144.5440048737942
2187 1143.4795298983584
2255 1142.8200491259854
2278 1139.4331123166571
2386 1137.084530045615
2534 1136.1690542282577
2535 1135.414939427763
2607 1134.3316260752624
2622 1133.476580781416
2634 1132.648793248446
2701 1132.546248486247
2716 1132.3145235658162
2838 1130.7388663034073
2903 1130.5896266609873
2928 1129.6827613636171
3023 1128.8085641994926
3114 1128.5445171402237
3162 1127.8105054876219
3269 1127.753973314927
3356 1127.7474636621234
3368 1127.546263803724
3397 1127.4947894600957
3405 1127.393082852007
3564 1127.37557490778
3587 1127.3634310720122
3627 1127.2615308136444
3723 1127.1873930974236
3734 1127.1657967590802
3765 1127.134200750042
3798 1127.0509450519864
3843 1127.0361540530394
3916 1126.965895155961
3993 1126.9622402778036
4118 1126.9353496929268
4131 1126.8753608164047
4205 1126.8302507111814
4355 1126.8262611811228
4359 1126.7418954103948
4371 1126.7172010319327
4520 1126.6609496472195
4567 1126.6528320296904
4595 1126.566379987046
4622 1126.5362229805041
4648 1126.5116952115534
4719 1126.4901013241447
4797 1126.4413434364983
4805 1126.423146810341
4859 1126.3925260473077
4877 1126.3894551013739
4946 1126.3877323729394
4950 1126.3796935297685
4982 1126.3505054008647
5105 1126.3393981132501
5144 1126.33300701469
5148 1126.3242873658487
5407 1126.310360223665
5459 1126.307338376965
5465 1126.3060337149861
5502 1126.298899896738
5511 1126.2972900593547
5593 1126.288952210736
5694 1126.286765776051
5735 1126.2859380417644
5754 1126.282290864913
5927 1126.2814353925926
6031 1126.279039395672
6134 1126.2759868050555
6281 1126.2745822945967
6340 1126.2720894003673
6351 1126.2709192267223
6384 1126.2708284804094
6506 1126.2698529418567
6544 1126.2680570229404
6661 1126.2676306708208
6812 1126.2666594482469
6914 1126.2666273425991
7163 1126.2662029311705
7167 1126.263918614979
7329 1126.263259844164
7371 1126.2630724201251
7417 1126.2621290981658
7563 1126.2621187350335
7583 1126.2610921792325
7633 1126.2591703801024
7660 1126.2577331898779
7708 1126.257361360018
7754 1126.2566357927253
7804 1126.2558792710486
7997 1126.2553073922652
8004 1126.2540605403333
8106 1126.2536606821427
8310 1126.253154904495
8673 1126.2528376561295
8768 1126.2526388131257
8972 1126.252508444783
9090 1126.2524409947712
9195 1126.2524105475786
9576 1126.252376919001
9815 1126.2523280258647
10100 1126.2521214228811
10241 1126.2521067675991
10561 1126.2520936122564
10592 1126.252008735288
10823 1126.2518710279653
10886 1126.2518634213868
10996 1126.2518540624778
11003 1126.2518436353075
11126 1126.2518405642275
11251 1126.2518378155614
11825 1126.251835104108
12197 1126.2518266377251
12617 1126.2518260442664
13049 1126.2518102182796
13207 1126.2517685436942
13504 1126.2517531346477
13593 1126.2517419520896
13750 1126.2517327165372
13896 1126.2517229128173
13944 1126.2517211557138
14100 1126.2517187051853
14107 1126.2517127667343
14591 1126.2517113806034
14981 1126.2517112687353
15046 1126.2517108168947
