2032 5619.533669801408
2126 5565.3994111014335
2128 5491.804541411172
2138 5330.392395633457
2245 5292.2181580277165
2297 5111.8775473156875
2334 5088.322389776926
2373 5005.60580389984
2394 4928.798766563488
2434 4874.1897538658695
2486 4859.164855120688
2501 4794.65271782099
2514 4671.266054341696
2560 4641.213292667842
2638 4523.917578744489
2744 4519.007540349764
2828 4490.580610193997
2920 4432.998826388076
3036 4264.802487886519
3856 4166.090314686849
4294 4123.261555433172
4844 4004.9750142379717
5153 3891.3287058717156
5200 3871.288074656507
5322 3805.9372285232257
5403 3760.1768767226035
5630 3733.0052418409437
5664 3725.4003403736115
6045 3700.077619661368
6063 3696.90335563939
6109 3693.0384068382555
6169 3687.669996346502
6467 3683.5812026016742
7477 3666.252290697516
8443 3662.854186331747
8744 3660.5922547805153
15737 3641.3210919267776
