867 1727.017865222598
984 1703.386198339716
997 1651.5369122918958
1039 1538.0532239622653
1074 1446.2140305620737
1130 1432.6614411411947
1158 1427.170566966638
1190 1356.5894579110634
1291 1286.6057711494518
1327 1277.0284642628835
1369 1237.9168844216933
1423 1226.2323111778837
1425 1190.640002222889
1591 1181.4073811142812
1616 1170.675865333683
1634 1162.3205197427794
1663 1152.7965527380015
1664 1120.6029554867398
1694 1099.2254031841699
1804 1087.5570827026997
1812 1084.7047633021205
1858 1071.651235335579
1866 1046.0108276555604
1873 1044.3738677974452
1916 1037.710164323083
1974 1031.3282846740642
2033 1029.7613264470976
2098 1019.4171706457525
2269 1007.7288946629633
2316 974.0115685438935
2414 971.6980304696167
2420 956.7950352473496
2525 955.2095609044155
2827 945.3201484205026
2852 941.8098274700563
2901 941.5342796389386
3183 934.8594763442368
3188 931.5851927949311
3458 924.5376076141522
3509 920.8676609741065
3513 912.6800473867638
3879 903.719147469446
4086 902.4202589375165
4297 899.4137237955443
4317 898.3569236912289
4795 891.1280438989995
5182 888.1401505736627
5939 868.6329088846263
6670 862.7862557638772
6690 862.0228043419943
9305 843.9865890622488
9306 843.4463728942741
9325 842.9245178858448
10456 835.3291208098153
12784 827.6855790802749
12789 826.5106798968699
12794 826.5047720975947
12952 825.9905982010221
