1478 14163.253857070624
1592 14148.694011812615
1620 14130.69203894359
1817 14016.370030118442
1923 14003.08970386918
1941 13953.550469060272
1953 13881.162488416285
2276 13879.879283506743
2384 13872.381756148
2450 13858.402624517734
2458 13852.661660795302
2825 13848.532717773727
3169 13843.974694856683
3269 13833.105229863022
3357 13832.99780678648
3431 13832.429306500697
3723 13831.47986433881
3794 13830.952957032558
3820 13830.3935051799
3857 13829.735540376134
3951 13828.884559782327
4375 13828.825064253906
4578 13828.724645510363
4675 13828.313682873126
4737 13828.211078704488
4860 13827.963703083497
5035 13827.840721372033
5129 13827.814933968748
5362 13827.723128812868
5587 13827.5980962527
5713 13827.59357091421
5789 13827.590089836543
5804 13827.56596311476
6106 13827.554391611322
6121 13827.544970602772
6578 13827.544664291265
6786 13827.535072711562
7153 13827.53306489914
7284 13827.532833852605
7337 13827.532802768961
7695 13827.532340549777
7742 13827.532333773419
7782 13827.532180635844
7973 13827.531940656721
8010 13827.531851478927
8186 13827.531803044545
8255 13827.53172808127
8583 13827.531704309848
9019 13827.531696690192
9117 13827.531684528563
9123 13827.53168030481
9128 13827.531676491717
9482 13827.531672994663
9775 13827.531665570496
