1319 13789.022932937081
1335 13780.357571865405
1336 13748.597832192914
1343 13674.707881869379
1354 13638.6211566018
1358 13602.973874991221
1388 13585.154876707707
1445 13521.915601249279
1497 13521.304014295718
1535 13518.627078356958
1580 13488.116202411416
1598 13470.510511083772
1634 13468.807380393291
1658 13451.248283165423
1659 13426.777510535925
1673 13419.84653924583
1704 13411.738345499238
1708 13411.361418353757
1743 13407.081656209117
1746 13403.745373370075
1762 13400.252714878825
1765 13392.258114486409
1814 13386.70725983965
1841 13372.409673475167
1900 13365.07058574717
1921 13365.0660985711
1922 13358.785986634966
1942 13354.663708898683
1994 13352.088039698272
2032 13350.735504808905
2034 13341.39787513974
2047 13336.489531956522
2071 13334.903543386845
2128 13333.92720834401
2184 13328.997235240333
2223 13326.857390796198
2237 13326.526151447359
2242 13324.21602805709
2287 13320.067751705272
2300 13319.797121179232
2357 13319.463974093447
2393 13317.777650533919
2452 13315.974886167742
2515 13314.721694589647
2527 13314.652467398064
2540 13314.553648580153
2576 13313.056502296819
2622 13313.03480696545
2669 13312.823110876408
2710 13312.491334446324
2758 13312.146028841249
2826 13311.855775001386
2860 13311.637234984944
2947 13311.523334748174
3003 13311.455131772269
3021 13311.364363969056
3037 13311.34288125395
3085 13311.244425172847
3125 13311.209491105083
3166 13311.192309561233
3199 13311.191113704645
3205 13311.165248072051
3251 13311.161440425316
3308 13311.151861551645
3313 13311.144848697892
3397 13311.143169409652
3403 13311.143168988638
3445 13311.130509832725
3463 13311.1272504106
3480 13311.118323165425
3481 13311.10792352004
3489 13311.104455417328
3599 13311.096308182117
3820 13311.09145766639
3916 13311.088412494764
4095 13311.08751305623
4125 13311.087113381445
4129 13311.084733799093
4184 13311.08435899048
4279 13311.083758021141
4301 13311.082160170776
4449 13311.081560012604
4584 13311.08152340019
4679 13311.081425340251
4704 13311.081407367645
4734 13311.081168673114
4735 13311.081106297763
4772 13311.08085006677
4798 13311.080684761553
5159 13311.080653939516
5177 13311.080616123654
5319 13311.080578355513
5544 13311.08057099094
5708 13311.080568436242
5741 13311.080533435634
5754 13311.080515201706
5947 13311.080514360785
6074 13311.080513869641
6236 13311.080505846388
6279 13311.080499140497
6335 13311.080498451189
6379 13311.080497970132
6490 13311.080496562048
6788 13311.080496336948
6866 13311.08049591627
6977 13311.080495735463
7229 13311.080495700153
7260 13311.08049558724
7328 13311.080495383276
7699 13311.080495349168
