1302 690.3642766221249
1319 627.5707411152015
1383 612.354650478839
1472 594.9524635833411
1637 571.1418783360527
1985 569.785428482287
2013 569.6598500999809
2040 555.3834535770472
2264 553.294742287852
2420 546.3404698005843
2575 544.8428876511476
2639 540.2418593106311
3013 537.5349605133945
3175 536.0931798722826
3203 534.6324580404975
3399 532.4115565764915
3545 531.0225454588932
3571 528.441839335581
3792 527.5637837046806
3923 527.5442774371048
3994 526.8242604571833
4050 526.1756657835602
4210 526.013600340365
4283 525.6668461972985
4346 525.0340375401698
4410 524.9357843883744
4444 524.881385157496
4445 524.2910752700373
4540 523.4429096517374
4603 523.2964630092243
4657 523.1641579394926
4663 523.1639759864927
4802 522.2695591568006
4937 521.5523134059678
5055 520.887717818136
5148 520.5601164216125
5240 520.2655238989533
5329 519.3711538049693
5819 518.6701274401526
5894 518.3452219850593
5940 518.206869612649
5975 518.0225773870936
5976 517.7462981370637
6015 517.6868217474088
6532 517.019226996622
6534 516.9036804708168
6973 516.2747560144835
7100 516.1545773310648
7302 515.942990619685
7438 515.9352990778305
7777 515.9120195691727
8227 515.4033524528905
8392 515.3556093164689
9386 515.0760182342048
9586 515.0193715713177
10157 514.9702037679928
10198 514.9000262904781
10712 514.8898145124546
11393 514.8793225659745
11431 514.7972832950607
11669 514.7065971917654
12332 514.694770850545
12448 514.6675875496015
12524 514.6391896829966
12789 514.6192507615643
12867 514.5635330069761
12881 514.545565372298
13547 514.4952402828028
13615 514.4784901362973
13985 514.4014318860624
14360 514.3309719720178
15167 514.2065908615774
15284 514.1731131200893
15866 514.0224395211148
15908 513.9250148635267
15966 513.8524462203197
