627 -1802.5962329818697
638 -1802.7309347590385
643 -1833.9544953740524
738 -1867.2823284750966
775 -1876.2169379376153
805 -1878.2832882829368
817 -1878.3624328503456
833 -1883.3209448795021
840 -1886.5687024609315
926 -1895.3368378633495
945 -1899.6484309183372
962 -1919.9500402807316
965 -1940.9658087803077
1022 -1941.728437587329
1028 -1944.6450217202805
1083 -1951.5884489428772
1094 -1960.557770391798
1095 -1965.2957045748813
1116 -1965.5368631705599
1146 -1966.8096399971944
1164 -1975.892701525797
1166 -1976.2141979463895
1169 -1985.706794395795
1178 -1990.02842956357
1185 -2000.82027338029
1216 -2001.3416920537456
1223 -2001.378047415632
1224 -2014.5824813542586
1296 -2019.6599659627293
1308 -2024.9475637525388
1327 -2029.9959681038065
1333 -2035.304201166891
1350 -2039.3797096890523
1353 -2047.0207293598478
1396 -2056.0913904080176
1459 -2057.226018525176
1466 -2057.345777698735
1480 -2058.115689909325
1484 -2059.7299981764268
1497 -2060.6110070737386
1533 -2064.463482104698
1564 -2067.1546756153516
1602 -2068.781259106438
1671 -2069.838003206169
1686 -2070.9615569515495
1708 -2073.7621919445396
1715 -2077.0815396227945
1756 -2077.3097161901874
1759 -2079.809749281369
1808 -2085.5554533523673
1838 -2088.6058958816225
1844 -2089.2157918497574
1927 -2089.32409743816
1970 -2090.8922174113213
1974 -2091.478458882644
1988 -2097.36000738965
2060 -2098.5125765902185
2116 -2103.0416642999967
2153 -2104.0209929745424
2244 -2104.1810609783915
2337 -2106.446531323306
2390 -2110.6834296684556
2421 -2111.736313366255
2536 -2111.771886936232
2551 -2111.9175965688396
2620 -2112.408524779028
2624 -2112.4735608297833
2639 -2112.6926101905037
2641 -2113.8345023631896
2722 -2114.2408873375975
2800 -2115.182604430501
2817 -2115.4354421109624
2825 -2115.505404011189
2852 -2115.625125275855
2853 -2116.5801640521286
2899 -2116.6951953274715
2939 -2116.9822007335174
2941 -2117.080016686929
2981 -2117.691677833178
3057 -2118.584246031218
3237 -2118.852986839945
3305 -2119.3531391862693
3387 -2119.646641022938
3606 -2120.123522856631
3734 -2120.199181836573
3756 -2120.2276355246922
3861 -2120.229160290373
3863 -2120.2746908066656
4075 -2120.8646127158554
4162 -2121.057774970819
4303 -2121.2027485232124
4443 -2121.427074839626
4563 -2121.4333161771297
5348 -2122.761035536314
6301 -2122.9446347702738
