913 13741.757447163282
989 13472.971214672116
1011 13009.832332586126
1052 12647.6210203851
1239 11085.724495381763
1360 10809.878107854089
1389 10742.808004512555
1390 10519.181154327209
1429 10497.703478489697
1435 10445.169871603754
1526 10281.751665563583
1599 10269.294843047326
1633 10085.801930328471
1706 9870.728368465678
1845 9832.777990453751
1885 9799.748132465145
2024 9660.674536990211
2036 9648.407930525118
2037 9618.43049828229
2090 9535.980118077803
2254 9478.571742296333
2285 9417.873144972042
2426 9340.96601633429
2456 9314.745796315477
2494 9306.491371474793
2552 9302.53026364966
2662 9252.711121230092
2805 9245.002035957934
2838 9218.503561439764
2854 9205.375842396918
2880 9191.574254905658
3092 9171.995111027541
3093 9145.947390491172
3247 9129.697295964572
3580 9032.248614698845
3941 8934.41794860659
4947 8777.212501106964
