1070 11269.79580749788
1091 10761.877026306098
1339 10554.516106904843
1409 10389.941651797775
1430 10298.2400825856
1435 10021.802523731281
1485 9933.917839450023
1501 9869.85215194383
1524 9725.669209100646
1722 9680.176742759573
1743 9526.503944672477
1788 9452.486404607716
1837 9410.825352730728
1858 9371.734333073604
1870 9337.743205020526
1888 9261.51985109427
1891 9254.600386916134
1936 9245.657195995502
1949 9086.654425527282
2047 9029.759154837742
2162 8994.199711705758
2181 8984.753528659538
2218 8971.570021599731
2242 8967.61460341834
2245 8966.412535015072
2251 8910.09942849821
2271 8874.087224881509
2310 8824.195259432505
2311 8801.609575971564
2329 8766.249932689685
2417 8753.357786660214
2425 8699.826152033316
2435 8599.873688838072
2455 8593.273664322736
2456 8512.539190761656
2752 8491.526937000266
2792 8423.8321929203
2904 8364.868818404999
2947 8362.566670702885
2976 8357.865425353992
3046 8342.166804638227
3100 8301.139327523024
3156 8297.793578703951
3205 8297.36338342311
3219 8288.34517695223
3351 8275.722190657689
3390 8272.693151804782
3406 8269.862353353552
3471 8269.70563734698
3481 8256.046191630778
3628 8237.619159337346
3644 8233.27185021234
3670 8228.0288987748
3691 8227.141867468386
3712 8225.89286213038
3720 8210.358556765872
3745 8206.70276493231
3810 8203.750144749554
3813 8202.372082667498
3817 8181.578515773629
3843 8177.734273823129
3917 8170.720329059941
3951 8148.989792943651
3989 8146.787759170096
3997 8136.705938260297
4028 8122.969624431524
4112 8121.821611707019
4178 8120.906444234239
4179 8115.770388248207
4202 8104.745113850169
4240 8104.41668926547
4252 8093.8218994519875
4254 8091.715807721905
4407 8088.123388469583
4459 8075.728714039557
4610 8054.002494779733
4690 8049.171481365279
4804 8035.74140714139
4815 8030.106585042018
4827 8021.457409376133
5140 8009.5966959519155
5177 8007.918107830295
5284 8001.792376271577
5336 7997.71597869461
5459 7990.802260663117
5496 7989.341591606263
5557 7983.610005418036
5564 7981.247469579667
5585 7980.316886861367
5638 7973.011187997301
5770 7968.683131472302
5875 7968.033352992732
5878 7961.414347006283
5882 7960.656435936591
5934 7958.424158968586
5979 7957.640418378946
6065 7957.350373040034
6137 7957.036342042628
6147 7956.646270764762
6232 7955.261125640582
6281 7951.165082740599
6334 7946.256041211986
6359 7941.96606209432
6508 7936.182633245627
6634 7924.443777558281
6704 7924.41885154047
6714 7918.27693696124
6872 7915.665802588023
7131 7902.814831247613
7249 7901.511256874772
7290 7897.743314196623
7300 7897.486431786229
7406 7893.380768783729
7492 7888.952944165805
7516 7888.549977385625
7806 7886.30853178072
7907 7885.147985869544
8003 7883.790945726991
8200 7883.464386165347
8220 7883.332995245986
8349 7881.244075273007
8398 7880.931820708095
8690 7879.223768601369
8715 7878.925528996164
8728 7878.677636766163
8748 7878.594585162263
8875 7878.33568665644
8905 7878.080654591543
9199 7877.565328725501
9224 7877.472399593076
9523 7877.445626615971
9847 7876.649281359445
10186 7876.424874634194
10471 7876.143863142218
10759 7875.814790715045
10827 7875.725403405692
11535 7875.680045992962
11575 7875.614242241794
12678 7875.563194978391
13498 7875.556966605604
13512 7875.550805421442
13745 7875.546036667431
13792 7875.542043819281
13883 7875.541596349249
14279 7875.540308783174
14381 7875.539912810278
15032 7875.539587424285
15081 7875.539487539727
15229 7875.539435929174
15301 7875.539395812203
15708 7875.539393566553
15739 7875.539379723378
15909 7875.539359623804
15962 7875.539358634564
