98 3729.694327134649
255 3423.8564430756014
338 3325.116269116783
934 3276.0668877606035
1118 3179.1432924898463
1242 3129.4414809237105
1251 2990.2262562733945
1269 2934.0673617546604
1275 2891.9599386884943
1295 2738.3680555008864
1321 2703.6376343515876
1350 2638.2271178161263
1362 2549.296192291161
1394 2513.016390518086
1406 2470.833347990161
1485 2427.535960882272
1580 2413.04839985897
1602 2405.4591097270463
1605 2397.7881201748496
1627 2392.016706318461
1636 2391.2046793806003
1637 2379.5410002926983
1647 2371.8298247855496
1667 2367.77175782406
1708 2364.9410819291256
1714 2359.779481393875
1724 2358.265436733762
1745 2348.225001803691
1820 2345.8101873356463
1837 2345.452306693439
1841 2344.388471885261
1858 2339.32959472673
1926 2338.288572441415
1938 2335.0193226445367
1962 2331.3580798112334
1977 2330.3012312793007
2002 2330.186468887494
2013 2329.0309106481004
2038 2327.1255581028117
2059 2326.9673728006346
2093 2326.162850047715
2121 2325.9473237710736
2129 2325.8963655736984
2134 2325.541236813043
2138 2325.033660409636
2153 2324.8694869323062
2167 2324.7564660548574
2181 2324.6933556664135
2197 2324.3656794543967
2207 2324.2996051091595
2218 2323.810261626707
2223 2323.563152080315
2226 2323.5225712201045
2245 2323.4855534829335
2266 2323.282195225068
2275 2323.004095470183
2314 2322.871616391987
2329 2322.6684159961474
2337 2322.6357874316777
2370 2322.5264669217627
2380 2322.456112638466
2390 2322.2487301443707
2412 2321.9862576596756
2443 2321.9283140699663
2472 2321.891564897576
2474 2321.829722221819
2497 2321.8250420817158
2501 2321.8119489932587
2516 2321.7559947638683
2536 2321.7512430549305
2559 2321.706811667641
2573 2321.616670998605
2622 2321.615838618777
2655 2321.5233255664343
2685 2321.506626089834
2724 2321.4960800272047
2734 2321.4939871667098
2735 2321.4707998331237
2752 2321.435588145636
2757 2321.4322176699147
2764 2321.4039764781473
2823 2321.399001071376
2831 2321.393692830039
2836 2321.385993958881
2843 2321.3381807687233
2878 2321.3286928964644
2885 2321.321200373587
2886 2321.3118870107905
2903 2321.303809133124
2914 2321.282850960105
2933 2321.267271247593
2993 2321.245996260011
3009 2321.2441317198563
3023 2321.2439625888283
3034 2321.2425921007825
3037 2321.227763866338
3053 2321.2277276135915
3084 2321.220020907498
3104 2321.2145798131596
3148 2321.2103949755506
3162 2321.1965325605415
3206 2321.194967998874
3252 2321.191884411899
3288 2321.191483093669
3315 2321.190034506533
3328 2321.189368456233
3329 2321.1891594351387
3346 2321.189045566161
3356 2321.1865629174954
3364 2321.1864283802306
3365 2321.1837019189816
3405 2321.182783960312
3410 2321.1821933548854
3495 2321.1817277737428
3499 2321.1814877133024
3523 2321.181358965703
3525 2321.181076310997
3545 2321.1810462844105
3552 2321.1808618374966
3553 2321.1807103311567
3571 2321.18047783627
3614 2321.179842077793
3633 2321.179742643481
3634 2321.1795067625744
3641 2321.1793644486597
3646 2321.1791963405394
3713 2321.179020194081
3736 2321.1788123413976
3753 2321.1787348837843
3756 2321.1787321117113
3763 2321.178674197479
3779 2321.1785027467818
3899 2321.1784706871595
3909 2321.1784589049157
3915 2321.1783674892145
3945 2321.1782880173414
3962 2321.178263299689
3988 2321.178246427751
4000 2321.178210607484
4036 2321.178193514588
4054 2321.178186635432
4057 2321.1781611534893
4105 2321.1781542905646
4107 2321.1781520955014
4113 2321.1781435716075
4120 2321.1781404146227
4135 2321.1781250637487
4163 2321.178122232079
4200 2321.178118531632
4224 2321.178111747716
4226 2321.178106097009
4270 2321.178104803332
4294 2321.178104479087
4304 2321.1780957312058
4320 2321.1780954719866
4326 2321.1780953234856
4342 2321.1780893198256
4358 2321.1780887395416
4392 2321.17808740165
4426 2321.178086503732
4434 2321.1780863340764
4444 2321.1780847240793
4456 2321.1780836690377
4472 2321.1780836465596
4481 2321.1780832686004
4507 2321.178082151324
4562 2321.178081726337
4580 2321.178081287674
4596 2321.178081236774
4629 2321.178081227235
4683 2321.178080995223
4696 2321.1780806251845
4743 2321.1780804698865
4783 2321.1780804439986
4795 2321.178080435465
4808 2321.1780804288774
4810 2321.1780803394213
4814 2321.1780803281677
4820 2321.1780803153265
4873 2321.1780802291514
4924 2321.1780802248722
4930 2321.178080224008
4931 2321.1780802147314
4936 2321.178080166197
4998 2321.178080151256
5008 2321.1780801442737
5061 2321.1780801425607
5063 2321.1780801384543
5077 2321.178080137592
5080 2321.178080133047
5081 2321.1780801316636
5086 2321.1780801285786
5103 2321.1780801262985
5108 2321.1780801223986
5121 2321.1780801180403
5217 2321.1780801104505
5222 2321.1780801081654
5250 2321.178080105985
5283 2321.178080105821
5284 2321.1780801047553
5312 2321.178080104184
5313 2321.1780801035256
5322 2321.178080102499
5330 2321.1780801012587
5370 2321.1780801002324
5389 2321.1780801001632
5407 2321.178080099757
5483 2321.1780800996285
5492 2321.1780800994884
5516 2321.178080099352
5518 2321.178080099112
5542 2321.1780800989236
5551 2321.1780800988777
5582 2321.1780800987635
5594 2321.1780800987235
5609 2321.17808009871
5629 2321.178080098491
5631 2321.178080098448
5644 2321.1780800983897
5675 2321.178080098276
5786 2321.178080098248
5791 2321.1780800982297
5796 2321.178080098205
5813 2321.1780800981883
5835 2321.178080098162
5859 2321.1780800981496
5881 2321.178080098117
5955 2321.1780800981137
5962 2321.1780800981132
5978 2321.1780800981105
6052 2321.1780800981096
6058 2321.1780800981087
6060 2321.1780800981064
6065 2321.1780800981032
6082 2321.1780800981014
6094 2321.1780800980955
6098 2321.1780800980937
6122 2321.178080098093
6127 2321.1780800980914
6159 2321.1780800980905
6179 2321.178080098089
6180 2321.178080098088
6192 2321.178080098086
6200 2321.178080098084
6208 2321.1780800980832
6290 2321.178080098082
6331 2321.1780800980814
6364 2321.1780800980805
6409 2321.17808009808
6416 2321.1780800980796
6594 2321.178080098079
6840 2321.1780800980787
