1718 5034.527269746675
1745 4777.515839428766
1808 4680.035664095416
1820 4657.996279300804
1854 4656.7828243873
1857 4614.475119326183
1858 4580.994829115206
1862 4561.1394252330965
1919 4541.535325586621
1926 4517.649003764759
1974 4509.036225138404
1978 4504.228187914618
1986 4487.4934768751555
2008 4483.987909392714
2023 4458.001667319988
2033 4432.519575232791
2034 4430.2178938586
2078 4423.312006095399
2095 4421.605375101933
2100 4407.624420464994
2134 4403.242008531737
2138 4394.673779249841
2188 4393.773284363256
2198 4387.687011762792
2223 4386.278062740222
2236 4384.243264282088
2245 4384.220871043601
2280 4382.349867824794
2292 4380.635909612659
2313 4379.64728416437
2316 4378.535395815189
2329 4375.386638026286
2367 4373.937671332672
2399 4372.97710212466
2401 4372.542184916156
2405 4371.593480866167
2414 4370.98960262137
2434 4370.86247114097
2436 4370.844859494131
2440 4368.528036931468
2474 4368.4552377256
2494 4368.265875549931
2513 4368.235861059248
2528 4368.059578462427
2534 4367.750832179733
2537 4366.511254975574
2770 4366.360948122829
2778 4366.1937434130705
2782 4365.439539800525
2823 4365.230296572761
2838 4365.138349097791
2848 4365.051286661529
2853 4365.010889995532
2854 4364.913814976266
2866 4364.895745501157
2871 4364.8606068647
2873 4364.812926646362
2878 4364.717087027351
2894 4364.709829320151
2905 4364.632582285281
2981 4364.546391838159
2990 4364.524637778112
3001 4364.486378894739
3016 4364.471812431483
3036 4364.463510389905
3052 4364.44097915864
3063 4364.43838733123
3064 4364.394761229082
3075 4364.36096873241
3089 4364.321924505454
3139 4364.29443460233
3162 4364.286396260903
3175 4364.270788352978
3182 4364.270287946142
3193 4364.231952875511
3222 4364.217643948644
3285 4364.216475827053
3300 4364.2024681352805
3318 4364.199097835855
3327 4364.194883120434
3331 4364.184895803575
3354 4364.183430408522
3365 4364.1822191235315
3371 4364.179129727315
3372 4364.176185907678
3379 4364.165221655734
3388 4364.156934444369
3406 4364.150346582879
3419 4364.148274124339
3422 4364.13967900024
3430 4364.138315981453
3462 4364.136343781489
3481 4364.129389846417
3532 4364.121834011041
3545 4364.1217718373255
3547 4364.12105009813
3553 4364.118835370021
3554 4364.117506359584
3572 4364.114269523133
3578 4364.106162537154
3600 4364.102308929715
3617 4364.101274038849
3623 4364.101173762169
3628 4364.100826739317
3633 4364.095847826573
3706 4364.09462751586
3713 4364.093603400596
3714 4364.092898516816
3717 4364.091930719986
3736 4364.089610547234
3744 4364.080901431945
3764 4364.079088157187
3773 4364.075830170959
3854 4364.072426866935
3866 4364.072174300948
3867 4364.071912863521
3878 4364.0718852430555
3882 4364.065943127535
3896 4364.064923656055
3937 4364.064804231187
3941 4364.064638269525
3958 4364.062301412968
3965 4364.062200056925
3976 4364.058270870154
3992 4364.056014364549
4068 4364.053984725845
4084 4364.053843217215
4094 4364.053217148307
4104 4364.053027199359
4110 4364.046010717316
4132 4364.044624030751
4149 4364.044441421267
4165 4364.044282024381
4191 4364.043533428604
4198 4364.0415805099965
4216 4364.0406503971235
4224 4364.040157956296
4225 4364.03565622992
4226 4364.035563913467
4279 4364.0348376862
4292 4364.034730999027
4293 4364.034565947177
4311 4364.034183049017
4319 4364.0336213107075
4330 4364.03321599464
4339 4364.032542359447
4344 4364.030953559552
4349 4364.030873536225
4406 4364.0301478937745
4421 4364.0301077643835
4437 4364.0292023722905
4438 4364.028854499464
4444 4364.028705815239
4475 4364.0284215735555
4507 4364.028273517892
4514 4364.027932126277
4518 4364.027929883897
4520 4364.027738969575
4550 4364.027564497512
4567 4364.027468195223
4580 4364.027190289703
4617 4364.027153298767
4657 4364.027005965192
4703 4364.026979576885
4723 4364.02693830063
4724 4364.0269210198185
4739 4364.026913193066
4742 4364.0268614034185
4790 4364.0268118219565
4845 4364.026809435669
4861 4364.026794131019
4872 4364.026790675929
4873 4364.026782889669
4877 4364.026775872653
4892 4364.026774535523
4898 4364.026771559591
4924 4364.02675608339
4962 4364.026756077421
4966 4364.026751643884
4996 4364.026749357498
5003 4364.026748907691
5022 4364.02674791067
5024 4364.026747523357
5035 4364.026746922232
5036 4364.026746757519
5044 4364.026744658402
5059 4364.026742883749
5061 4364.026740259549
5172 4364.0267399099685
5175 4364.02673934428
5200 4364.026739077239
5203 4364.0267389025585
5217 4364.026738873012
5220 4364.0267387838085
5228 4364.026738320996
5234 4364.026738310917
5284 4364.026738228487
5305 4364.026738061184
5311 4364.026737961754
5322 4364.0267378094895
5334 4364.026737567423
5335 4364.026737342061
5368 4364.02673711969
5375 4364.026736947509
5397 4364.026736895296
5414 4364.026736791771
5458 4364.026736786636
5459 4364.026736785961
5464 4364.026736672409
5477 4364.026736659322
5481 4364.026736642
5517 4364.026736598325
5542 4364.026736560518
5594 4364.02673651196
5639 4364.026736504874
5652 4364.026736477467
5703 4364.026736465154
5721 4364.0267364588035
5746 4364.026736455278
5768 4364.026736449142
5769 4364.026736442976
5772 4364.026736422651
5848 4364.026736421563
5854 4364.026736417122
5871 4364.02673641408
5888 4364.026736412854
5891 4364.026736412128
5896 4364.02673640964
5901 4364.026736409351
5906 4364.026736407079
5924 4364.026736406195
5935 4364.026736406138
5942 4364.02673640276
5956 4364.026736402395
5962 4364.0267364020965
5974 4364.026736400849
6034 4364.02673640066
6077 4364.026736399828
6137 4364.02673639929
6159 4364.026736398633
6177 4364.0267363984685
6186 4364.026736398369
6192 4364.026736398119
6207 4364.026736398089
6224 4364.026736398038
6235 4364.026736397881
6259 4364.026736397828
6260 4364.0267363975
6265 4364.026736397474
6310 4364.026736397383
6405 4364.026736397296
6409 4364.026736397174
6413 4364.026736397154
6444 4364.02673639714
6457 4364.026736397137
6458 4364.026736397128
6465 4364.026736397105
6469 4364.0267363971025
6475 4364.02673639708
6512 4364.026736397065
6518 4364.026736397029
6570 4364.026736397026
6578 4364.0267363970215
6580 4364.026736397012
6607 4364.026736397005
6618 4364.026736397003
6633 4364.026736397001
6650 4364.026736396996
6670 4364.0267363969915
6676 4364.026736396988
6743 4364.026736396985
6836 4364.026736396984
6840 4364.026736396983
6842 4364.026736396982
6856 4364.026736396981
6867 4364.02673639698
6893 4364.026736396979
6916 4364.026736396978
6938 4364.026736396977
7043 4364.026736396976
7201 4364.026736396975
7219 4364.026736396974
