148 791.8255298524191
805 761.8404042587434
1145 759.6260849358551
1342 756.9980993121703
1792 753.2942340074142
1933 753.1429001685273
1966 752.5191915628637
1996 751.0370407465381
2048 746.9138797919268
2185 746.9033100256727
2219 746.8480983580963
2301 745.721846153584
2309 744.9703588195545
2341 743.9995804724398
2512 743.9103781864566
2547 743.3484208238835
2627 742.9245639227058
2703 741.5848783975206
2740 741.5181593622751
2754 741.4726536879775
2930 741.1326900761848
2962 741.0181563090877
2989 740.9477650565029
3030 740.7522521550621
3057 740.2617231043058
3130 740.1612128226387
3240 740.1585500912005
3259 739.6716243447959
3305 739.5394669922213
3407 739.4832109354275
3414 739.3350258017704
3456 739.2695547547567
3458 738.9318710340095
3497 738.9254613240296
3626 738.8453525881148
3640 738.8171474703771
3653 738.6720401499413
3794 738.6578187714721
3815 738.6548311725207
3929 738.5306315661702
4020 738.4539978457
4041 738.3721906449122
4135 738.276292864226
4136 738.2193793483842
4150 738.1898764100428
4407 738.176098254208
4476 738.1646550970894
4516 738.0973942568463
4545 738.0443210731027
4609 737.8610399462859
4626 737.8272953587599
4642 737.7277146137305
4658 737.6790238951143
4697 737.6070603644899
4715 737.5549048832784
4819 737.5160564266899
4821 737.4935238425041
4833 737.365373871277
4904 737.2739715814179
4978 737.2246657488956
5043 737.2006257636474
5073 737.1578845175547
5099 737.0746789528752
5211 737.049933193536
5321 736.974078476013
5331 736.9627259931001
5334 736.951672444382
5354 736.9452447409009
5400 736.9074502449761
5506 736.9053224782086
5546 736.8283244713309
5587 736.8099533335783
5611 736.7941617120944
5621 736.7658100111536
5745 736.6618187237216
5835 736.5801590195433
5885 736.5557507489307
6026 736.4102905568341
6176 736.363767754902
6251 736.3115635095638
6385 736.2990157951672
6443 736.1381686298485
6836 736.1295482566228
6914 736.0589693762514
6981 736.0553390133281
7207 735.9913288582316
7328 735.9768585817687
7386 735.9301726729041
7427 735.879232175157
7538 735.8204302417587
7774 735.7948189180387
7900 735.7825000041935
7947 735.6871514316055
8228 735.6817328883865
8256 735.6786015950518
8544 735.6778617443256
8561 735.5772945448061
8572 735.5563979173656
8977 735.5525303784503
8982 735.5500175394149
9047 735.4751212849355
9090 735.468922909188
9128 735.4351720626173
9278 735.404249238661
9452 735.3974262214448
9562 735.3635990426362
9774 735.3233952993978
9908 735.3130296269159
9938 735.3120747792115
10037 735.3059128807265
10121 735.2724668460428
10245 735.2694975844399
10248 735.2657921045015
10386 735.2489570062792
10492 735.2469385560266
10516 735.2419618920153
10532 735.2379302822501
10623 735.2372433578338
10663 735.2196468422924
10994 735.1952043047472
11059 735.174341098682
11266 735.1555517186009
11273 735.1373448070457
11344 735.1337210630113
11500 735.1260952482858
11649 735.0967002588533
11862 735.0923112971566
11869 735.0895938810991
11880 735.078117662113
11976 735.0537634188931
11999 735.0517152081577
12049 735.0473783585646
12069 735.0320142100039
12116 735.0075893915919
12282 734.9991565500206
12417 734.9939395489048
12443 734.992210996527
12478 734.9882295586144
12754 734.9869418110557
12768 734.9833401145913
12776 734.9769722560625
12948 734.9689926319703
13421 734.9469750958863
13493 734.9397014528818
13745 734.9281568327868
13856 734.9204078188877
13988 734.9064655537378
14190 734.8969992267159
14447 734.8828106200922
14511 734.875727542726
14730 734.8602520802359
14940 734.859366761331
15036 734.8540073973045
15043 734.8436908567345
15088 734.8433729379193
15386 734.8348161144694
15494 734.8322771433119
15660 734.8321704074746
15754 734.8293470081035
15761 734.8273539887163
