849 1217.834576181307
931 1057.5622469857226
932 970.0202309807769
1268 812.3593257436054
1671 779.8461634252599
1769 771.3772352470592
1812 712.458697124068
1936 687.2232157310744
2180 653.9898188903647
2636 625.2551809115254
2686 619.0430585676162
2854 607.247879858397
2855 600.9894082133269
3325 598.9585780511624
3682 592.3461029868203
3848 582.8305452731173
3942 575.1591727338133
4187 570.4339121535211
4367 570.0184196584936
4401 567.5146179303539
4439 566.6736893481528
4683 564.8675268974957
4817 563.7864942370957
4837 561.2019957345746
4927 560.0172888642142
4946 559.7292311870399
5193 557.9645829572459
5220 556.3760955928146
5309 553.779514550815
5375 552.9109981869268
5712 550.2929319439212
5913 549.3351290121161
6189 548.827225282237
6205 547.175184199637
6228 546.3371359451912
6378 546.0278228427221
6393 545.9807179753321
6479 545.3634017525771
6680 542.560868999626
7090 542.442972831804
7134 541.650188754436
7241 538.9261183320427
7448 537.3640057559917
7516 537.313635308352
7684 537.1864827815523
7781 536.1657339078491
7786 536.1514956929956
7874 535.8451479457955
7955 535.7526879027029
8145 532.7870455392463
8187 532.7146429262423
8268 531.2004167126494
8407 530.0037810961416
8492 529.7378025009984
8521 529.6631363856706
8642 527.975008334072
8646 527.8717836325544
8681 526.9115644150451
8711 526.6040596000386
8932 524.4498813759853
9456 524.273375644818
9485 523.7869869962824
9711 523.719389772724
9721 522.9490679154126
10034 522.1831253799036
10230 521.3334557506125
10408 520.7542439339096
10505 519.1509226800866
10613 518.3975340266805
10846 518.1877624565838
11153 518.1825029133923
11208 518.0723373333549
11425 517.5054293919349
11468 516.2435735858747
11714 515.1201193679274
12848 514.5625936788327
13662 514.5056831741273
14009 514.2211450381767
14128 513.8143536384893
14159 513.7755183192747
14963 513.7643328979319
15037 513.7338085974367
15279 513.5635064784714
15284 513.4888409440723
15840 513.163974298832
