961 10835.54581833932
972 10778.915795142058
985 10773.19606910117
986 10748.339069947311
1035 10743.304771085772
1045 10720.239892024843
1126 10717.910677958731
1132 10695.201554806566
1181 10667.790953734533
1197 10667.278286425028
1223 10656.291509243607
1230 10622.06713665892
1242 10608.902421605424
1305 10577.64236191837
1322 10565.13555183995
1372 10553.45318707186
1373 10548.33649903875
1396 10522.967347249907
1403 10489.41277662329
1437 10483.124436164926
1506 10467.998691914445
1575 10448.382837194835
1586 10432.162443358517
1634 10430.106276275556
1668 10399.483761757654
1693 10384.325531666726
1700 10365.502809721222
1900 10339.494321976834
1930 10325.79131069362
1953 10317.013137811226
2048 10310.488889921566
2072 10300.839460890644
2113 10298.456496627754
2184 10293.02135657183
2200 10286.464827258513
2218 10277.52939812289
2219 10275.406587001362
2245 10274.687061389852
2280 10273.50077762375
2329 10271.861378644862
2354 10267.678180309678
2362 10266.839178740589
2371 10265.400085549934
2443 10261.741656944369
2456 10253.922399926305
2560 10241.723845214416
2613 10237.769992125686
2636 10235.060030087147
2801 10229.033627424791
2819 10227.050067614882
2836 10223.549197078997
2883 10218.52861602395
3011 10215.2595213494
3069 10208.921976138994
3086 10206.744326134118
3137 10200.700137097512
3182 10200.444382024365
3207 10199.84140721992
3234 10194.698945064712
3252 10192.889326907723
3600 10181.312542294274
3627 10175.353772386228
3638 10175.05697015712
3820 10170.401687475784
3830 10169.868542825952
3853 10169.440219950766
3892 10168.398168364363
3951 10166.557909262952
4012 10164.571783487077
4560 10155.375451213797
