1053 3954.350587912381
1072 3911.4053072667452
1087 3903.861913307953
1097 3848.5312676342382
1102 3839.125307112651
1108 3750.4680026192414
1109 3674.041925767031
1120 3638.7623896695145
1143 3619.509104521593
1151 3532.9756133655387
1163 3531.9264249235443
1203 3509.1185450189005
1209 3503.107353561684
1223 3478.1842822725157
1225 3468.4103214056304
1249 3427.3422383452344
1258 3343.297971781134
1267 3317.382561108029
1284 3311.547797253943
1290 3303.1787934481
1296 3281.4467747312538
1327 3267.3345261237296
1370 3228.0910861108487
1555 3214.2775257242656
1562 3205.4358613005625
1574 3200.3524578369884
1600 3199.0729183545586
1602 3182.0752862866566
1638 3177.864009093495
1641 3172.8545192040115
1648 3170.6984931750403
1657 3170.0405470333308
1658 3167.0686783282194
1664 3162.3576455652324
1708 3161.075924515925
1710 3155.05295607857
1717 3144.907116954723
1844 3143.534109929323
1852 3142.1580361046317
1868 3141.2748232759036
1896 3141.266656651615
1901 3139.964365209652
1908 3138.750242420293
1924 3138.5270212551545
1928 3137.856307425179
1956 3137.275885538059
1991 3136.7072050499833
2031 3136.662644240439
2033 3136.5247207596026
2034 3135.024368769989
2042 3134.783049632972
2062 3134.6833950170912
2083 3134.505837163152
2096 3133.8281360494325
2124 3133.73000046996
2154 3133.440029552252
2157 3132.8692937602186
2196 3132.8021068929465
2213 3132.752706362707
2223 3132.482968704184
2262 3132.1157076752943
2280 3132.0353739417415
2348 3131.9815032308707
2371 3131.7737289662505
2405 3131.6982811087455
2436 3131.526077356997
2445 3131.286940363527
2459 3131.1477150142664
2463 3131.0849899564264
2493 3131.0497377056145
2494 3131.0332082864875
2513 3130.767628938916
2568 3130.7502110158816
2570 3130.342735471967
2607 3130.2647884928783
2633 3129.853402685674
2647 3129.7053440684604
2656 3129.6785537493975
2678 3129.6233187588855
2686 3129.552107051534
2690 3129.5332748967353
2781 3129.399818919408
2844 3129.226174217684
2848 3128.936478429253
2878 3128.807167893141
2885 3128.622652224808
2907 3128.5855822454196
2921 3128.5004249790636
2939 3128.4708103720905
2941 3128.4007803529184
2947 3128.2886179150505
2973 3128.111245515298
2995 3128.06821524903
3029 3127.9820703641003
3135 3127.908406256247
3175 3127.895298258076
3188 3127.8758588595438
3233 3127.8504987883075
3240 3127.7945149888583
3278 3127.784888874555
3305 3127.763660494248
3354 3127.7552304737355
3385 3127.732067400135
3490 3127.70692788067
3529 3127.7065973688977
3539 3127.6922270108867
3609 3127.690237669164
3625 3127.6742081644893
3686 3127.6632942139436
3755 3127.6609800224323
3762 3127.6501718206846
3910 3127.6477323173326
3917 3127.6474273864296
3920 3127.6468300552556
3952 3127.6468054103184
3955 3127.6428364909993
3957 3127.642499941517
3974 3127.6410634364283
3997 3127.6399288329
3998 3127.6397193684134
4009 3127.639477261534
4014 3127.639470267322
4060 3127.638392903892
4089 3127.6348956724632
4144 3127.6326561474534
4150 3127.63082885393
4229 3127.6304595203856
4241 3127.6289208296794
4257 3127.6272486615935
4348 3127.626541859186
4370 3127.625638526106
4378 3127.6254245527407
4381 3127.625046891466
4418 3127.6246201090094
4527 3127.6234665212796
4559 3127.623293984874
4569 3127.622984649148
4679 3127.622808174493
4719 3127.622371255735
4731 3127.622309076054
4738 3127.6219665220806
4771 3127.6218941583684
4784 3127.6214843084445
4865 3127.6213911121977
4928 3127.621345854302
4993 3127.621311451153
4999 3127.621247402256
5040 3127.6212102069258
5122 3127.6211959032885
5188 3127.621194895386
5193 3127.6211774687417
5233 3127.6211383313785
5291 3127.621135974104
5325 3127.6211320073185
5377 3127.621131579115
5410 3127.6211283680495
5478 3127.6211246376347
5493 3127.621123291491
5570 3127.6211228352595
5609 3127.621122055879
5717 3127.6211200198186
5732 3127.6211188599273
5838 3127.6211184461163
5926 3127.621118384788
6169 3127.621117950159
6225 3127.621117938957
6560 3127.621117936174
6731 3127.6211179330653
6779 3127.6211179316606
6889 3127.621117930778
7053 3127.6211179305533
7449 3127.621117930101
