490 -699.2025772735567
500 -710.9735890696741
510 -886.1094386494618
813 -891.4826074251824
865 -912.6419920272839
941 -935.6767478652478
945 -948.4484557680557
972 -979.6950427905788
989 -998.1174438984577
1175 -1014.1683672711181
1195 -1016.8501471639162
1262 -1023.1683585589269
1269 -1023.502682851115
1296 -1026.7498911881055
1318 -1027.7717879559573
1326 -1046.9649071324952
1392 -1047.7450058926129
1413 -1048.4063518778387
1431 -1048.4900732037813
1465 -1051.7199365626677
1466 -1058.9005969936768
1502 -1063.6093180488222
1512 -1073.7553328683646
1532 -1074.1007709509838
1652 -1076.4230198082648
1671 -1079.9178709261994
1703 -1080.6787282191542
1777 -1084.2326290630754
1804 -1084.6444624901787
1815 -1087.2319064939138
2099 -1088.4701607144043
2102 -1089.9464737478618
2115 -1090.886446281023
2207 -1091.4068477552141
2241 -1091.9270811578526
2252 -1092.073700461272
2265 -1092.8748617270728
2285 -1093.0077979926089
2337 -1095.8963431287873
2363 -1096.0918592071248
2377 -1096.6501653422197
2520 -1097.5996335346786
2524 -1097.6471261060394
2532 -1099.6515123856466
2682 -1099.6523942359559
2686 -1099.9110652484515
2729 -1101.0011240860922
2809 -1101.5053238500634
2954 -1101.7093846846624
2999 -1102.0381137979516
3089 -1102.265719449689
3230 -1102.641453300147
3247 -1103.0494165409254
3425 -1103.3678033686508
3640 -1103.4780036988989
3698 -1103.4790560743706
3747 -1103.482844332184
3870 -1103.496039002555
3883 -1103.503981384645
3895 -1103.5240352010082
3907 -1103.5657636452806
3914 -1103.57606542928
3974 -1103.5778469028323
3995 -1103.6151916194663
4163 -1103.6437226435414
4439 -1103.6445256117775
4571 -1103.6472503767561
4589 -1103.6519930376014
4590 -1103.6526046935087
4757 -1103.6561495401709
4859 -1103.6561681357632
4934 -1103.6562315075842
4939 -1103.6569696849826
4943 -1103.6570792493258
4966 -1103.6590351156342
5061 -1103.6595167888854
5081 -1103.6597335952258
5183 -1103.6604331637193
5691 -1103.6604739992524
5825 -1103.6604806828257
5922 -1103.660484764188
5978 -1103.6604929100806
5988 -1103.660537795254
6060 -1103.660540405495
6077 -1103.660552905414
6325 -1103.6605556086915
6445 -1103.6605561978517
6474 -1103.6605616015117
6890 -1103.6605620990526
7139 -1103.6605621007548
7240 -1103.660562967165
7293 -1103.6605630744004
7642 -1103.660563118694
7775 -1103.6605631262946
7915 -1103.6605631355733
