546 1936.5364648398352
550 1932.5002355030742
563 1859.0332804153234
576 1721.8103977106598
578 1517.3391471363925
620 1327.2485743177256
654 1277.819225755491
673 1264.649881613438
678 1248.7886802342548
679 1180.9538756904255
682 963.0842855013565
800 943.6671168639556
808 710.9394923657152
860 682.9265040898024
950 636.1166759793991
996 606.5394464053497
1056 505.5916787911353
1091 499.23230554413163
1108 379.2635735471934
1310 375.1977217992653
1329 365.6907425317861
1332 333.20324540114984
1426 306.62700810758184
1595 297.45177652947064
1647 295.5402938580789
1686 294.9538297394762
1733 289.8009688813209
1745 283.69163289246524
1749 278.0465712530339
1761 268.7800081931521
1822 245.5336598913374
1909 237.6065110629175
1931 234.06735786065306
1982 224.36575972410023
2039 219.1274923949838
2086 218.45452754286217
2162 217.44427275875304
2175 213.19162888376496
2265 210.75688343974278
2280 207.68459234442568
2294 207.12569439491753
2323 206.03170810355746
2336 205.51139222169294
2342 202.9324994079419
2389 198.61259672098822
2436 189.21656799385815
2554 185.9598737311523
2587 182.29944561733646
2683 181.75979770848267
2684 178.58932766769263
2760 178.43296206998366
2797 178.42927175435773
2800 178.1691430070136
2844 172.6324371352024
2966 170.8527574136959
2981 170.63862435868947
3044 168.1368716568802
3111 167.67244757995536
3112 164.80192779066445
3141 163.77320962688324
3210 163.2793891499114
3232 163.15306936790319
3306 162.995132607488
3319 162.33658176542826
3422 160.2932188909221
3666 157.87403362167493
3755 157.24796515479923
3790 155.93771075818478
3920 155.34401984010452
3929 154.50377774566346
4047 153.31589180602822
4083 153.06003390776664
4096 152.62788115566738
4105 152.13578339794154
4147 151.9193478051426
4184 151.81018788332682
4197 151.38898939612446
4200 151.11947803595325
4230 150.1130803927316
4319 149.69072638951687
4359 149.1814776523703
4578 148.50356131501297
4599 148.09036199560188
4871 146.85129877529712
5061 145.96053252110156
5172 145.46061032408664
5232 145.3603686269672
5294 145.07229068874807
5302 145.01471702651824
5311 144.69051986468708
5441 144.26526199929145
5641 143.85705322005796
5971 142.40114550013465
6140 141.64543952443196
6202 140.90196718174877
6812 138.24933604853646
7218 136.12690054319438
7468 135.8366999951157
7664 135.24496816440927
7769 134.7897352407028
7786 134.5384354031224
8065 133.79768946299308
8076 133.61090599683308
8243 133.26890011225
8293 133.17334016415825
9332 130.06146745193192
9507 129.2921981703642
9609 128.44327645054122
9907 127.34438676241143
9971 126.76004358243686
10039 126.73664276466735
10510 125.80144910950699
10913 124.01355603615693
11104 123.8682620230903
11115 123.46321194746463
11339 122.20131999683157
11496 121.89345872830481
11689 120.56849543842306
11820 119.83035559342481
11986 118.99379803808603
12000 118.88775504386095
12217 117.03581404540544
12228 116.73810307128463
12418 115.1930197148067
12443 114.88313271873743
12554 114.65966709191781
12741 113.75661958510705
12778 113.24940192252024
12825 112.59114271856629
13385 110.72564956215884
13393 110.09889770518768
13411 109.90212803131995
13430 109.88162598381223
13502 109.7766467197991
13555 109.71688619825892
13605 108.6500087096761
13670 108.33744087686243
13872 107.72841119129225
13874 107.41569998862427
14006 107.1920824448535
14013 106.71744601306312
14058 106.47166207234588
14181 106.36085961204385
14239 105.92012772906773
14339 105.86998087680948
14465 105.77492561503573
14472 105.75272744397934
14473 105.69642116231127
14598 104.79104802750429
14644 104.4732713970135
14677 104.28660323933569
14778 104.0571870395683
14986 103.93177408073669
15219 103.46430062427591
15237 103.43854616664262
15316 103.17112759861838
16009 102.76737895324281
