518 5122.61368124539
526 4879.08071087572
542 4707.674803944959
562 4544.471226274473
1158 4408.196574816247
1204 4394.651661668405
1212 4331.416041459801
1841 4243.787939860844
1867 4196.434036309805
1974 4012.7415406930377
2031 3882.1053367937893
2128 3605.9339124462826
2234 3586.0640668948076
2298 3445.77559568643
2393 3426.0545059428105
2401 3389.0445038689722
2418 3213.7970291510305
2440 3067.095941608445
2502 3053.9423296297527
2516 2938.159861686977
2660 2932.95965941976
2662 2932.2900974604354
2667 2914.0756596981823
2677 2908.859701708156
2683 2874.9763112453547
2688 2815.8202488506877
2822 2808.6052076010196
2828 2778.78676455746
2841 2754.845075719322
2851 2747.127773457871
2868 2742.5279170462663
2891 2736.014381722021
2920 2711.6079105579047
2933 2709.350546928527
2982 2708.560265704533
3003 2705.235215379611
3010 2702.3625337895196
3023 2702.046543270085
3030 2697.8767964680437
3052 2689.894112454262
3152 2689.8839000762932
3161 2689.1557683605947
3162 2687.979112958267
3202 2686.3326418706847
3206 2686.311073683098
3217 2686.271884275888
3224 2685.603847036614
3233 2683.5942577773535
3234 2683.2079595598916
3260 2682.8530376875196
3261 2681.2682934165646
3331 2681.17305962715
3340 2680.5469067230183
3353 2680.053480932387
3369 2679.5711513654687
3372 2679.557515671623
3406 2679.169362867059
3422 2679.0630826286897
3440 2678.4847281511247
3454 2678.306194735659
3467 2677.9475619561617
3489 2677.943081034332
3503 2677.4387584178116
3507 2677.3928544424516
3533 2677.328153148742
3539 2677.139230480009
3561 2677.128736002829
3564 2676.9699063611006
3572 2676.93184924034
3573 2676.912851377197
3581 2676.6969039851665
3587 2676.6093323264895
3597 2676.4737642551772
3608 2676.3968448507458
3625 2676.324408815807
3626 2676.3082471831794
3658 2676.265493658302
3672 2675.991181658212
3675 2675.975556410608
3694 2675.9711487072314
3728 2675.9678365806894
3732 2675.770299210617
3783 2675.7540648679537
3799 2675.746243477099
3803 2675.725635046976
3808 2675.681587195403
3811 2675.6218058261584
3814 2675.5637305965984
3849 2675.5362877435764
3854 2675.5302883698905
3904 2675.5092589466244
3905 2675.4323154282242
3926 2675.386681336232
4042 2675.366554892312
4047 2675.360521424648
4051 2675.3542881086128
4092 2675.347603354772
4132 2675.3394850239456
4159 2675.32948313868
4257 2675.3287915525607
4293 2675.3212573613723
4320 2675.3178694700796
4336 2675.316404828652
4349 2675.315373485703
4351 2675.3150356681313
4386 2675.310578245909
4500 2675.307423233685
4536 2675.30715763668
4557 2675.3061145305473
4569 2675.3054542556347
4609 2675.3047987926902
4659 2675.3042502015896
4737 2675.3039577173686
4802 2675.3039250895386
4862 2675.3035709773826
4871 2675.3034507980988
4978 2675.303299180133
5008 2675.3032757917026
5061 2675.3032002129294
5226 2675.303074248002
5376 2675.3030402967515
5639 2675.303035355634
5941 2675.303033702736
6097 2675.303032625227
6098 2675.3030275587853
6225 2675.3030271851376
6234 2675.3030271586613
6474 2675.3030270751415
6648 2675.3030269003307
6737 2675.303026843786
7069 2675.303026828282
7545 2675.3030268278817
