 Dim = 8
0 1 0 0 -0.00893917 -0.00897114 -0.447333 3.60157e+06 1 0.34397 0.208391 1e+20 
0 1 0 0 -0.00965466 -0.00939784 -0.508 5.27609e+06 1 0.96884 0.616717 1e+20 *  
0 1 0 1 -0.00943295 -0.0090521 -0.511 5.06519e+06 1 0.89014 0.549291 1e+20 *  
0 1 0 1 -0.00896886 -0.00890668 -0.485333 5.46448e+06 1 1.03914 0.668512 1e+20 *  
0 1 0 0 -0.00918875 -0.00875779 -0.475 3.66955e+06 1 0.36934 0.228114 1e+20 *  
0 1 0 0 -0.00963606 -0.00964825 -0.447667 3.60441e+06 1 0.34503 0.208292 1e+20 *  
0 1 0 0 -0.00870616 -0.00919651 -0.446333 3.60039e+06 1 0.34353 0.207464 1e+20 *  
0 1 0 0 -0.00870713 -0.0087357 -0.447333 3.63732e+06 1 0.35731 0.218013 1e+20 *  
0 1 0 0 -0.00870616 -0.00897064 -0.446333 3.6002e+06 1 0.34346 0.20744 1e+20 *  
0 1 0 0 -0.00870616 -0.00897064 -0.446333 3.6005e+06 1 0.34357 0.20746 1e+20 *  
0 1 0 0 -0.00893784 -0.00875151 -0.445667 3.63431e+06 1 0.35619 0.211809 1e+20 *  
0 1 0 0 -0.00893837 -0.00874487 -0.446333 3.60028e+06 1 0.34349 0.207432 1e+20 *  
0 1 0 0 -0.00824079 -0.00829363 -0.445333 3.59653e+06 1 0.34209 0.206844 1e+20 *  
0 1 0 0 -0.00868 -0.00892511 -0.419667 3.56786e+06 1 0.33139 0.193202 1e+20 *  
0 1 0 0 -0.00891377 -0.00895012 -0.416333 0.875 -719.5 0.13553 -8.48e-05 -979035 *  
ERROR 13 *  
ERROR 13 *  
0 1 0 0 -0.00891377 -0.00895033 -0.416333 0.875 -719.5 0.13555 -3.16667e-05 -976594 
0 1 0 0 -0.00966402 -0.00819426 -0.540333 -0.35 -2211.5 -0.428069 -0.110366 -1.14673e+07 
0 1 0 0 -0.00988934 -0.00172555 -0.590333 -0.675 -5006 -0.560878 -0.282725 -2.45897e+07 
ERROR 13 *  
ERROR 13 *  
0 1 0 0 -0.0096604 -0.00896094 -0.527667 -0.55 -3354 -0.487838 -0.196743 -1.77964e+07 *  
0 1 0 0 -0.00944009 -0.00820232 -0.527333 -0.55 -3439 -0.490867 -0.203298 -1.82482e+07 *  
0 1 0 1 -0.010101 -0.00507279 -0.596 -0.65 -4520 -0.531287 -0.262129 -2.33166e+07 *  
ERROR 13 *  
ERROR 13 *  
ERROR 13 *  
ERROR 13 *  
ERROR 13 *  
ERROR 13 *  
ERROR 13 *  
ERROR 13 *  
ERROR 13 *  
ERROR 13 *  
ERROR 13 *  
0 1 0 0 -0.00944009 -0.00820161 -0.527333 -0.55 -3436.5 -0.490832 -0.203109 -1.82336e+07 
0 1 0 0 -0.00989018 -0.0042002 -0.596667 -0.65 -4410.5 -0.524016 -0.259546 -2.30095e+07 
0 1 0 0 -0.0096604 -0.00858035 -0.527667 -0.55 -3352 -0.487804 -0.196641 -1.77864e+07 
0 1 0 0 -0.00988646 -0.00599769 -0.569 -0.2 -1750 0.02508 -0.158899 -1.44733e+07 
0 1 0 0 -0.00967767 -0.00272727 -0.59 -0.75 -6307.5 -0.545274 -0.403897 -3.30753e+07 
ERROR 20 
ERROR 13 *  
ERROR 13 *  
ERROR 13 *  
ERROR 13 *  
ERROR 13 *  
ERROR 13 *  
ERROR 13 *  
ERROR 13 *  
ERROR 13 *  
ERROR 13 *  
ERROR 13 *  
ERROR 13 *  
ERROR 13 *  
ERROR 13 *  
ERROR 13 
ERROR 13 
0 1 0 0 -0.00988947 -0.000145189 -0.591333 -0.75 -6302 -0.544983 -0.403379 -3.30664e+07 
0 1 0 0 -0.00946599 -0.001221 -0.589667 -0.75 -6314 -0.545877 -0.404034 -3.30699e+07 
ERROR 13 
ERROR 20 
ERROR 13 
ERROR 13 
0 1 0 0 -0.00967767 -0.00162464 -0.59 -0.75 -6321 -0.547737 -0.402435 -3.29771e+07 
0 1 0 0 -0.00967767 -0.00242424 -0.59 -0.75 -6295 -0.54402 -0.404202 -3.3094e+07 
0 1 0 0 -0.00967767 -0.00112009 -0.59 -0.75 -6265.5 -0.541542 -0.404387 -3.31018e+07 
ERROR 20 
ERROR 13 *  
ERROR 13 *  
0 1 0 0 -0.00988425 -0.0090776 -0.553 0.35 -1051 0.1331 -0.0399814 -5.80657e+06 *  
ERROR 13 *  
ERROR 13 *  
ERROR 13 *  
ERROR 13 *  
ERROR 13 *  
ERROR 13 *  
ERROR 13 *  
ERROR 13 *  
ERROR 13 *  
ERROR 13 *  
ERROR 13 *  
ERROR 13 *  
ERROR 13 *  
0 1 0 0 -0.00988425 -0.0085659 -0.553 0.35 -1050.5 0.13309 -0.0399387 -5.80224e+06 
ERROR 13 
ERROR 13 
ERROR 20 
0 1 0 0 -0.0086016 -0.00878711 -0.345333 1.875 -433 0.19523 0.0441675 1e+20 
0 1 0 0 -0.00967767 -0.000615546 -0.59 -0.75 -6274.5 -0.542118 -0.404516 -3.31113e+07 
0 1 0 0 -0.00925432 0.00238678 -0.589333 -0.75 -6245.5 -0.543273 -0.404787 -3.28586e+07 
ERROR 20 
ERROR 13 *  
ERROR 20 *  
ERROR 20 *  
ERROR 13 *  
ERROR 13 *  
ERROR 13 *  
ERROR 13 *  
ERROR 13 *  
ERROR 13 *  
ERROR 13 *  
ERROR 13 *  
ERROR 13 *  
ERROR 13 *  
ERROR 13 *  
ERROR 13 *  
ERROR 20 
ERROR 13 
0 1 0 0 -0.00967767 -0.00152373 -0.59 -0.375 -2368.5 -0.161175 -0.207863 -1.85131e+07 
ERROR 20 
ERROR 20 
0 1 0 0 -0.00988934 -0.00272727 -0.590333 -0.75 -6269 -0.543133 -0.402763 -3.3007e+07 
0 1 0 0 -0.00988947 0.00263136 -0.591333 -0.75 -6277.5 -0.556604 -0.392428 -3.20822e+07 
ERROR 20 
ERROR 13 
0 1 0 0 -0.00988947 0.00192524 -0.591333 -0.75 -6247 -0.54638 -0.400696 -3.26434e+07 
ERROR 20 
0 1 0 0 -0.00967767 -0.000615546 -0.59 -0.75 -6274 -0.542077 -0.404508 -3.31107e+07 
0 1 0 1 -0.00967767 -0.000615546 -0.59 -0.75 -6275 -0.542164 -0.404524 -3.3112e+07 
ERROR 20 
0 1 0 0 -0.00989004 -0.00369928 -0.595667 -0.625 -4289.5 -0.510019 -0.258899 -2.29224e+07 
ERROR 20 
0 1 0 0 -0.00923211 -0.00866007 -0.548667 -0.325 -2171 -0.17417 -0.178439 -1.61307e+07 *  
ERROR 13 *  
ERROR 13 *  
ERROR 13 *  
ERROR 13 *  
ERROR 13 *  
ERROR 13 *  
ERROR 13 *  
ERROR 13 *  
ERROR 13 *  
ERROR 13 *  
ERROR 13 *  
ERROR 13 *  
ERROR 13 *  
ERROR 13 *  
ERROR 13 *  
0 1 0 0 -0.00923211 -0.00866007 -0.548667 -0.325 -2169.5 -0.17384 -0.1783 -1.61203e+07 
0 1 0 0 -0.00967767 -0.000312818 -0.59 -0.75 -6274 -0.542112 -0.404511 -3.31106e+07 
ERROR 13 
0 1 0 0 -0.00967784 0.000740495 -0.590667 -0.75 -6228 -0.541723 -0.40424 -3.28664e+07 
ERROR 13 
ERROR 20 
0 1 0 0 -0.009672 -0.00667229 -0.569 -0.75 -6189 -0.548007 -0.394476 -3.21889e+07 
0 1 0 0 -0.00967758 -0.00063446 -0.589667 -0.75 -6280 -0.5426 -0.404645 -3.31082e+07 
ERROR 13 
0 1 0 0 -0.00988934 -0.00139237 -0.590333 -0.75 -6266 -0.541469 -0.404337 -3.31099e+07 
0 1 0 0 -0.00967767 -0.000221779 -0.59 -0.75 -6275 -0.542133 -0.404525 -3.31128e+07 
ERROR 20 
ERROR 20 *  
ERROR 20 *  
0 1 0 0 -0.00967535 -0.00756094 -0.581333 -0.5 -3013.5 -0.293147 -0.246395 -2.14655e+07 *  
0 1 0 0 -0.00989084 -0.0069687 -0.601667 -0.5 -3050.5 -0.376103 -0.207505 -1.92423e+07 *  
ERROR 20 *  
0 1 0 1 -0.00967908 -0.00436245 -0.595333 -0.7 -5503.5 -0.492866 -0.383534 -3.16453e+07 *  
ERROR 13 *  
ERROR 20 *  
ERROR 13 *  
ERROR 13 *  
ERROR 13 *  
ERROR 13 *  
ERROR 13 *  
ERROR 13 *  
ERROR 13 *  
ERROR 13 *  
0 1 0 0 -0.00967535 -0.00669713 -0.581333 -0.55 -3444.5 -0.343524 -0.275101 -2.35769e+07 
0 1 0 1 -0.00967934 -0.00326565 -0.596333 -0.7 -5417 -0.486371 -0.381063 -3.14764e+07 
0 1 0 0 -0.00989088 -0.00516834 -0.602 -0.5 -3025.5 -0.372048 -0.206433 -1.91667e+07 
ERROR 20 
ERROR 13 
ERROR 20 
ERROR 20 
0 1 0 0 -0.00988641 -0.00669541 -0.568667 -0.75 -6210.5 -0.550757 -0.393397 -3.21161e+07 
ERROR 20 
0 1 0 0 -0.00967767 -0.00132191 -0.59 -0.75 -6288.5 -0.544585 -0.403055 -3.30142e+07 
ERROR 13 
0 1 0 0 -0.00967767 -0.000221779 -0.59 -0.75 -6288.5 -0.544602 -0.403058 -3.30144e+07 
ERROR 20 
ERROR 13 
0 1 0 0 -0.00967767 -0.000221779 -0.59 -0.75 -6274 -0.542089 -0.404517 -3.31121e+07 
ERROR 20 
0 1 0 0 -0.00967758 -0.000936584 -0.589667 -0.75 -6273.5 -0.542182 -0.404548 -3.31009e+07 
ERROR 20 
0 1 0 0 -0.00989084 -0.0069687 -0.601667 -0.6 -3811 -0.315847 -0.330655 -2.77947e+07 *  
ERROR 13 *  
ERROR 13 *  
ERROR 13 *  
ERROR 13 *  
ERROR 13 *  
ERROR 13 *  
ERROR 13 *  
ERROR 13 *  
ERROR 13 *  
ERROR 13 *  
ERROR 13 *  
ERROR 13 *  
ERROR 13 *  
ERROR 13 *  
ERROR 13 *  
0 1 0 0 -0.00968075 -0.00530471 -0.601667 -0.6 -3775.5 -0.310678 -0.329453 -2.7692e+07 
0 1 0 0 -0.00967767 -0.000221779 -0.59 -0.75 -6275 -0.542133 -0.404525 -3.31128e+07 
ERROR 13 
0 1 0 0 -0.00988938 0.000733913 -0.590667 -0.75 -6228.5 -0.541743 -0.404253 -3.2868e+07 
0 1 0 0 -0.00946599 -0.000322587 -0.589667 -0.75 -6276 -0.542389 -0.404575 -3.31013e+07 
0 1 0 0 -0.00967767 -0.00112009 -0.59 -0.75 -6270.5 -0.541861 -0.404461 -3.31076e+07 
ERROR 13 
0 1 0 0 -0.00967758 -0.000452284 -0.589667 -0.75 -6274.5 -0.542207 -0.404567 -3.31041e+07 
0 1 0 0 -0.00967758 -0.000662691 -0.589667 -0.75 -6275 -0.542246 -0.404586 -3.31069e+07 
0 1 0 0 -0.00967767 -0.000781988 -0.59 -0.75 -6293.5 -0.543806 -0.404384 -3.3101e+07 
0 1 0 0 -0.00967191 -0.00599769 -0.568667 -0.75 -6199.5 -0.548805 -0.394669 -3.21924e+07 
0 1 0 0 -0.00967758 -0.00144012 -0.589667 -0.75 -6294.5 -0.543905 -0.404471 -3.30994e+07 
0 1 0 0 -0.00967767 -0.00082663 -0.59 -0.75 -6275 -0.542127 -0.404532 -3.3114e+07 
0 1 0 0 -0.00967767 -0.00082663 -0.59 -0.75 -6273.5 -0.542041 -0.404516 -3.31127e+07 
0 1 0 0 -0.00967934 -0.00326964 -0.596333 -0.7 -5417.5 -0.486425 -0.381083 -3.14786e+07 
0 1 0 0 -0.00989084 -0.0076503 -0.601667 -0.6 -3845 -0.322706 -0.33072 -2.78138e+07 *  
ERROR 20 *  
ERROR 13 *  
ERROR 13 *  
ERROR 13 *  
ERROR 13 *  
ERROR 13 *  
ERROR 13 *  
ERROR 13 *  
ERROR 13 *  
ERROR 13 *  
ERROR 13 *  
ERROR 13 *  
ERROR 13 *  
ERROR 13 *  
0 1 0 0 -0.00989088 -0.00599045 -0.602 -0.6 -3810 -0.317401 -0.329503 -2.77253e+07 
0 1 0 0 -0.00967182 -0.00602254 -0.568333 -0.75 -6219.5 -0.551497 -0.393562 -3.21162e+07 
ERROR 20 
0 1 0 0 -0.00967731 -0.00226317 -0.588667 -0.75 -6283.5 -0.542799 -0.404915 -3.31164e+07 
0 1 0 0 -0.00967606 -0.00563549 -0.584 -0.75 -6326 -0.544447 -0.40607 -3.32445e+07 
ERROR 13 
0 1 0 0 -0.00967731 -0.00226317 -0.588667 -0.75 -6284.5 -0.542844 -0.404923 -3.3117e+07 
0 1 0 0 -0.00989066 -0.00760661 -0.600333 -0.625 -4222.5 -0.375085 -0.342183 -2.86984e+07 *  
ERROR 13 *  
ERROR 13 *  
ERROR 13 *  
ERROR 13 *  
ERROR 13 *  
ERROR 13 *  
ERROR 13 *  
ERROR 13 *  
ERROR 13 *  
ERROR 13 *  
ERROR 13 *  
ERROR 13 *  
ERROR 13 *  
ERROR 13 *  
ERROR 13 *  
0 1 0 0 -0.00968049 -0.00598682 -0.600667 -0.625 -4167.5 -0.368294 -0.34038 -2.8561e+07 
0 1 0 0 -0.00946493 -0.00343682 -0.587 -0.75 -6302 -0.544651 -0.405061 -3.30898e+07 
ERROR 13 
0 1 0 0 -0.00967758 -0.00709177 -0.589667 -0.725 -5662.5 -0.506142 -0.385543 -3.18262e+07 
0 1 0 0 -0.009459 -0.00501783 -0.572333 -0.75 -6194.5 -0.548229 -0.394096 -3.22066e+07 
0 1 0 0 -0.00946359 -0.00563549 -0.583667 -0.75 -6330 -0.544882 -0.406169 -3.32367e+07 
0 1 0 0 -0.00988854 -0.00652543 -0.584333 -0.75 -6320 -0.543882 -0.405946 -3.32503e+07 
0 1 0 0 -0.010101 -0.00831164 -0.584667 -0.75 -6242 -0.538432 -0.404918 -3.31842e+07 
0 1 0 0 -0.00967855 0.0125587 -0.593333 -0.725 -6071.5 -0.536364 -0.398941 -3.23181e+07 
0 1 0 0 -0.00967651 -0.00456621 -0.585667 -0.75 -6296 -0.543919 -0.405642 -3.31093e+07 
ERROR 13 *  
ERROR 13 *  
ERROR 13 *  
ERROR 13 *  
ERROR 13 *  
ERROR 13 *  
ERROR 13 *  
ERROR 13 *  
ERROR 13 *  
ERROR 13 *  
ERROR 13 *  
ERROR 13 *  
ERROR 13 *  
ERROR 13 *  
ERROR 13 *  
ERROR 13 *  
0 1 0 0 -0.00988854 -0.00652543 -0.584333 -0.75 -6334 -0.546344 -0.404484 -3.31523e+07 
ERROR 20 
ERROR 13 
0 1 0 0 -0.00988947 0.000983064 -0.591333 -0.75 -6212.5 -0.540672 -0.403764 -3.28499e+07 
0 1 0 0 -0.00967802 -0.00571381 -0.591333 -0.725 -5627.5 -0.505493 -0.382652 -3.16444e+07 
ERROR 13 
ERROR 13 
0 1 0 0 -0.010101 -0.00800819 -0.592 -0.725 -5589.5 -0.502054 -0.381967 -3.16215e+07 
ERROR 13 
ERROR 20 
ERROR 13 
0 1 0 0 -0.00988858 -0.00741695 -0.584667 -0.75 -6330 -0.546301 -0.403997 -3.31336e+07 
0 1 0 0 -0.00988854 -0.00652543 -0.584333 -0.75 -6333 -0.546301 -0.404476 -3.31517e+07 
ERROR 13 
ERROR 20 
ERROR 13 
0 1 0 0 -0.00967767 -0.00122986 -0.59 -0.75 -6286 -0.5445 -0.402943 -3.30072e+07 
ERROR 13 *  
ERROR 13 *  
ERROR 13 *  
ERROR 13 *  
ERROR 13 *  
ERROR 13 *  
ERROR 13 *  
ERROR 13 *  
ERROR 13 *  
ERROR 13 *  
ERROR 13 *  
ERROR 13 *  
ERROR 13 *  
ERROR 13 *  
ERROR 13 *  
ERROR 13 *  
0 1 0 0 -0.00967606 -0.00563549 -0.584 -0.75 -6326.5 -0.544508 -0.406055 -3.32436e+07 
0 1 0 0 -0.010101 -0.0077989 -0.592 -0.725 -5565.5 -0.498966 -0.38266 -3.16639e+07 
ERROR 13 
0 1 0 0 -0.00967695 -0.00438885 -0.587333 -0.75 -6282.5 -0.54283 -0.40513 -3.31079e+07 
ERROR 13 
ERROR 20 
0 1 0 0 -0.00988854 -0.00652543 -0.584333 -0.75 -6320 -0.543903 -0.405942 -3.32501e+07 
0 1 0 0 -0.00988854 -0.00652543 -0.584333 -0.75 -6320 -0.54388 -0.405945 -3.32503e+07 
ERROR 13 
0 1 0 0 -0.010101 -0.00741933 -0.584667 -0.75 -6309 -0.542987 -0.405762 -3.32527e+07 
0 1 0 0 -0.010101 -0.00831164 -0.584667 -0.75 -6242 -0.538434 -0.404918 -3.31842e+07 
0 1 0 0 -0.00967731 -0.00323625 -0.588667 -0.75 -6275 -0.54223 -0.404788 -3.31064e+07 
ERROR 13 *  
ERROR 13 *  
ERROR 13 *  
ERROR 13 *  
ERROR 13 *  
ERROR 13 *  
ERROR 13 *  
ERROR 13 *  
ERROR 13 *  
ERROR 13 *  
ERROR 13 *  
ERROR 13 *  
ERROR 13 *  
ERROR 13 *  
ERROR 13 
ERROR 13 
0 1 0 0 -0.00988898 -0.00628931 -0.587667 -0.75 -6293.5 -0.541902 -0.404947 -3.32389e+07 
0 1 0 0 -0.00967606 -0.00563549 -0.584 -0.75 -6326 -0.544449 -0.40607 -3.32446e+07 
0 1 0 0 -0.010101 -0.00741933 -0.584667 -0.75 -6309 -0.54299 -0.405763 -3.32527e+07 
ERROR 13 
ERROR 20 
0 1 0 0 -0.00988876 -0.00548446 -0.586 -0.75 -6327 -0.545827 -0.404062 -3.31503e+07 
ERROR 13 
0 1 0 0 -0.010101 -0.00741933 -0.584667 -0.75 -6308.5 -0.542943 -0.405754 -3.3252e+07 
0 1 0 0 -0.010101 -0.00741933 -0.584667 -0.75 -6310 -0.54303 -0.40577 -3.32533e+07 
0 1 0 1 -0.010101 -0.00741933 -0.584667 -0.75 -6311.5 -0.54314 -0.40579 -3.32549e+07 
0 1 0 0 -0.010101 -0.00617448 -0.589333 -0.75 -6220.5 -0.536707 -0.403754 -3.31814e+07 
ERROR 13 *  
ERROR 13 *  
ERROR 13 *  
ERROR 13 *  
ERROR 13 *  
ERROR 13 *  
ERROR 13 *  
ERROR 13 *  
ERROR 13 *  
ERROR 13 *  
ERROR 13 *  
ERROR 13 *  
ERROR 13 *  
0 1 0 0 -0.010101 -0.0077989 -0.592 -0.725 -5566 -0.499009 -0.382668 -3.16645e+07 
ERROR 13 
ERROR 13 
0 1 0 0 -0.00967561 -0.00578434 -0.582333 -0.75 -6334 -0.544972 -0.406552 -3.32535e+07 
ERROR 13 
0 1 0 0 -0.00988854 -0.00652543 -0.584333 -0.75 -6320 -0.543884 -0.405946 -3.32504e+07 
ERROR 13 *  
ERROR 13 *  
ERROR 13 *  
ERROR 13 *  
ERROR 13 *  
ERROR 13 *  
ERROR 13 *  
ERROR 13 *  
ERROR 13 *  
ERROR 13 *  
ERROR 13 *  
ERROR 13 *  
ERROR 13 *  
ERROR 13 *  
ERROR 13 *  
ERROR 13 
0 1 0 0 -0.00967802 -0.00644274 -0.591333 -0.725 -5595.5 -0.50177 -0.383229 -3.16779e+07 
ERROR 13 
0 1 0 0 -0.00945722 -0.00602254 -0.568 -0.75 -6197 -0.548827 -0.394731 -3.21776e+07 
0 1 0 0 -0.00882482 -0.00406798 -0.581 -0.75 -6373.5 -0.546662 -0.410948 -3.33616e+07 
0 1 0 0 -0.00839943 -0.00149708 -0.580333 -0.75 -6376.5 -0.547198 -0.411077 -3.33393e+07 
0 1 0 0 -0.00946493 -0.00344309 -0.587 -0.75 -6295.5 -0.543853 -0.405369 -3.31112e+07 
ERROR 13 *  
ERROR 13 *  
ERROR 13 *  
ERROR 13 *  
ERROR 13 *  
ERROR 13 *  
ERROR 13 *  
ERROR 13 *  
ERROR 13 *  
ERROR 13 *  
ERROR 13 *  
ERROR 13 *  
ERROR 13 *  
ERROR 13 *  
ERROR 13 
0 1 0 0 -0.00883204 -0.00270291 -0.59 -0.725 -5610 -0.505119 -0.384004 -3.15582e+07 
0 1 0 0 -0.00925414 0.00247495 -0.589 -0.75 -6248.5 -0.543625 -0.404889 -3.28516e+07 
ERROR 20 
ERROR 13 
ERROR 13 
0 1 0 0 -0.00925414 -0.00410041 -0.589 -0.725 -5687.5 -0.51114 -0.38524 -3.1661e+07 
ERROR 20 
0 1 0 0 -0.00882482 -0.00406798 -0.581 -0.75 -6372.5 -0.546574 -0.410932 -3.33603e+07 
0 1 0 1 -0.00882482 -0.00406798 -0.581 -0.75 -6375 -0.54675 -0.410964 -3.33629e+07 
ERROR 20 
0 1 0 0 -0.00882858 -0.00060758 -0.585667 -0.75 -6323.5 -0.547919 -0.404272 -3.2978e+07 
ERROR 13 
ERROR 13 *  
ERROR 13 *  
ERROR 13 *  
ERROR 13 *  
ERROR 13 *  
ERROR 13 *  
ERROR 13 *  
ERROR 13 *  
ERROR 13 *  
ERROR 13 *  
ERROR 13 *  
ERROR 13 *  
ERROR 13 *  
ERROR 13 *  
ERROR 13 *  
ERROR 13 *  
0 1 0 0 -0.00882402 -0.00417418 -0.58 -0.75 -6374 -0.547209 -0.410694 -3.33234e+07 
0 1 0 0 -0.0090402 -0.00354799 -0.585333 -0.75 -6110.5 -0.531872 -0.403041 -3.28659e+07 
ERROR 13 
0 1 0 0 -0.00882697 -0.00190362 -0.583667 -0.75 -6299 -0.545479 -0.405351 -3.30113e+07 
0 1 0 0 -0.00839871 -0.00244873 -0.579667 -0.75 -6364.5 -0.547045 -0.410428 -3.32802e+07 
0 1 0 0 -0.00967561 -0.00578434 -0.582333 -0.75 -6334.5 -0.545119 -0.406461 -3.32474e+07 
0 1 0 0 -0.00882482 -0.003212 -0.581 -0.75 -6374.5 -0.54683 -0.410846 -3.33548e+07 
0 1 0 0 -0.00882429 -0.00414422 -0.580333 -0.75 -6361 -0.546491 -0.410284 -3.33015e+07 
ERROR 13 
0 1 0 0 -0.00882509 -0.00403694 -0.581333 -0.75 -6360.5 -0.545888 -0.410556 -3.33409e+07 
ERROR 13 
0 1 0 1 -0.00861369 -0.00120144 -0.582333 -0.75 -6379 -0.547863 -0.409883 -3.33029e+07 
0 1 0 0 -0.00882482 -0.00406798 -0.581 -0.75 -6374 -0.546831 -0.410798 -3.33514e+07 
0 1 0 1 -0.00882402 -0.00416921 -0.58 -0.75 -6357 -0.546479 -0.410074 -3.32771e+07 
ERROR 14 
ERROR 13 
ERROR 13 *  
ERROR 13 *  
ERROR 13 *  
ERROR 13 *  
ERROR 13 *  
ERROR 13 *  
ERROR 13 *  
ERROR 13 *  
ERROR 13 *  
ERROR 13 *  
ERROR 13 *  
ERROR 13 *  
ERROR 13 *  
ERROR 13 *  
ERROR 13 *  
ERROR 13 *  
0 1 0 0 -0.00903752 -0.00406798 -0.581333 -0.75 -6371.5 -0.546344 -0.410903 -3.33735e+07 
0 1 0 0 -0.00946292 -0.00578434 -0.582 -0.75 -6336.5 -0.545245 -0.40671 -3.32495e+07 
ERROR 13 
ERROR 13 *  
ERROR 13 *  
ERROR 13 *  
ERROR 13 *  
ERROR 13 *  
ERROR 13 *  
ERROR 13 *  
ERROR 13 *  
ERROR 13 *  
ERROR 13 *  
ERROR 13 *  
ERROR 13 *  
ERROR 13 *  
ERROR 13 *  
ERROR 13 *  
ERROR 13 *  
0 1 0 0 -0.00903752 -0.00406798 -0.581333 -0.75 -6371.5 -0.546308 -0.410929 -3.33753e+07 
ERROR 13 
ERROR 13 *  
ERROR 13 *  
ERROR 13 *  
ERROR 13 *  
ERROR 13 *  
ERROR 13 *  
ERROR 13 *  
ERROR 13 *  
ERROR 13 *  
ERROR 13 *  
ERROR 13 *  
ERROR 13 *  
ERROR 13 *  
ERROR 13 *  
ERROR 13 *  
0 1 0 0 -0.00882482 -0.00406798 -0.581 -0.75 -6373 -0.546582 -0.410993 -3.33646e+07 
0 1 0 0 -0.00925432 -0.00503429 -0.589333 -0.725 -5650 -0.507031 -0.38576 -3.16903e+07 
ERROR 13 
0 1 0 1 -0.00946359 -0.00474712 -0.583667 -0.75 -6307.5 -0.544901 -0.406233 -3.3104e+07 
0 1 0 0 -0.00839943 -0.00149708 -0.580333 -0.75 -6376 -0.547118 -0.411122 -3.33423e+07 
0 1 0 0 -0.00988831 -0.00664472 -0.582667 -0.75 -6327.5 -0.544325 -0.406473 -3.32623e+07 
0 1 0 0 -0.00882482 -0.003212 -0.581 -0.75 -6373.5 -0.546602 -0.411 -3.33652e+07 
0 1 0 0 -0.00925022 -0.00492543 -0.581667 -0.75 -6393.5 -0.545998 -0.410856 -3.35272e+07 
0 1 0 0 -0.00967561 -0.00750657 -0.582333 -0.75 -6333 -0.544861 -0.406584 -3.32556e+07 
0 1 0 0 -0.00946292 -0.00578434 -0.582 -0.75 -6337.5 -0.545323 -0.406698 -3.32488e+07 
ERROR 13 *  
ERROR 13 *  
ERROR 13 *  
ERROR 13 *  
ERROR 13 *  
ERROR 13 *  
ERROR 13 *  
ERROR 13 *  
ERROR 13 *  
ERROR 13 *  
ERROR 13 *  
ERROR 13 *  
ERROR 13 *  
ERROR 13 *  
ERROR 13 *  
ERROR 13 *  
0 1 0 0 -0.00967561 -0.00664472 -0.582333 -0.75 -6333.5 -0.544882 -0.406593 -3.32562e+07 
0 1 0 0 -0.00883098 -0.00412708 -0.588667 -0.725 -5728.5 -0.508289 -0.392038 -3.21034e+07 
0 1 0 0 -0.00988938 -0.00908451 -0.590667 -0.725 -5534.5 -0.496488 -0.382433 -3.162e+07 
ERROR 13 
0 1 0 0 -0.00840122 -0.00208434 -0.582 -0.75 -6369.5 -0.546606 -0.410683 -3.33411e+07 
ERROR 13 
0 1 0 0 -0.00903752 -0.003212 -0.581333 -0.75 -6372 -0.546324 -0.410935 -3.33757e+07 
0 1 0 0 -0.00946292 -0.00664472 -0.582 -0.75 -6391 -0.545654 -0.410777 -3.35367e+07 
0 1 0 0 -0.00988831 -0.00837139 -0.582667 -0.75 -6327.5 -0.544293 -0.406496 -3.32653e+07 
0 1 0 0 -0.00903752 -0.00492543 -0.581333 -0.75 -6371 -0.54629 -0.410922 -3.33747e+07 
ERROR 13 *  
ERROR 13 *  
ERROR 13 *  
ERROR 13 *  
ERROR 13 *  
ERROR 13 *  
ERROR 13 *  
ERROR 13 *  
ERROR 13 *  
ERROR 13 *  
ERROR 13 *  
ERROR 13 *  
ERROR 13 *  
ERROR 13 *  
ERROR 13 *  
ERROR 13 *  
0 1 0 0 -0.00946292 -0.00664472 -0.582 -0.75 -6337 -0.545305 -0.40669 -3.32482e+07 
0 1 0 0 -0.00946599 -0.00725766 -0.589667 -0.725 -5668.5 -0.506801 -0.385705 -3.18228e+07 
ERROR 13 
0 1 0 0 -0.00967606 -0.00652543 -0.584 -0.75 -6325.5 -0.544392 -0.406114 -3.32476e+07 
0 1 0 0 -0.00839943 -0.00406283 -0.580333 -0.75 -6375 -0.547068 -0.411104 -3.33409e+07 
0 1 0 0 -0.010101 -0.00837139 -0.583 -0.75 -6249.5 -0.538893 -0.405446 -3.31963e+07 
0 1 0 0 -0.00882482 -0.00235748 -0.581 -0.75 -6374 -0.546623 -0.411007 -3.33657e+07 
0 1 0 0 -0.00988831 -0.00923471 -0.582667 -0.75 -6331 -0.544937 -0.406135 -3.32397e+07 
ERROR 13 
0 1 0 0 -0.00882482 -0.00750657 -0.581 -0.75 -6396 -0.546487 -0.410959 -3.35042e+07 
0 1 0 0 -0.010101 -0.00909693 -0.590333 -0.725 -5548 -0.497537 -0.382694 -3.16413e+07 
ERROR 13 
0 1 0 0 -0.00882482 -0.00750657 -0.581 -0.75 -6395 -0.546442 -0.410951 -3.35035e+07 
0 1 0 1 -0.00988831 -0.00750435 -0.582667 -0.75 -6331.5 -0.545005 -0.40612 -3.32375e+07 
ERROR 20 
0 1 0 0 -0.00903752 -0.00664472 -0.581333 -0.75 -6411 -0.548855 -0.409427 -3.34166e+07 
ERROR 20 
ERROR 13 *  
ERROR 13 *  
ERROR 13 *  
ERROR 13 *  
ERROR 13 *  
ERROR 13 *  
ERROR 13 *  
ERROR 13 *  
ERROR 13 *  
ERROR 13 *  
ERROR 13 *  
ERROR 13 *  
ERROR 13 *  
ERROR 13 *  
ERROR 13 *  
0 1 0 0 -0.00925254 -0.00634599 -0.586 -0.725 -6057 -0.530422 -0.397616 -3.26432e+07 
ERROR 13 
0 1 0 0 -0.00925076 -0.00658456 -0.582667 -0.75 -6339.5 -0.54574 -0.406337 -3.32287e+07 
0 1 0 0 -0.00839907 -0.00495181 -0.58 -0.75 -6399 -0.547123 -0.411069 -3.34742e+07 
0 1 0 0 -0.010101 -0.0092362 -0.583 -0.75 -6250.5 -0.539017 -0.405387 -3.31937e+07 
0 1 0 0 -0.00925022 -0.00579171 -0.581667 -0.75 -6346.5 -0.546528 -0.406322 -3.32117e+07 
ERROR 13 
ERROR 13 
0 1 0 0 -0.00946292 -0.00664176 -0.582 -0.75 -6428 -0.547288 -0.412095 -3.36314e+07 
0 1 0 0 -0.00882509 -0.00836842 -0.581333 -0.75 -6431.5 -0.547839 -0.412258 -3.36126e+07 
ERROR 13 *  
ERROR 13 *  
ERROR 13 *  
ERROR 13 *  
ERROR 13 *  
ERROR 13 *  
ERROR 13 *  
ERROR 13 *  
ERROR 13 *  
ERROR 13 *  
ERROR 13 *  
ERROR 13 *  
ERROR 13 *  
ERROR 13 *  
0 1 0 1 -0.00946292 -0.00664176 -0.582 -0.75 -6428.5 -0.547334 -0.412103 -3.3632e+07 
0 1 0 0 -0.0092545 -0.00705242 -0.589667 -0.725 -5658 -0.505818 -0.385668 -3.1817e+07 
ERROR 13 
ERROR 20 
0 1 0 0 -0.00839943 -0.00491657 -0.580333 -0.75 -6411.5 -0.548652 -0.412415 -3.34351e+07 
0 1 0 0 -0.010101 -0.0083699 -0.583 -0.75 -6285 -0.5405 -0.406754 -3.32902e+07 
0 1 0 0 -0.00946292 -0.00578065 -0.582 -0.75 -6380 -0.547312 -0.408098 -3.335e+07 
0 1 0 0 -0.00946292 -0.00750435 -0.582 -0.75 -6427.5 -0.547264 -0.412086 -3.36307e+07 
ERROR 13 
0 1 0 0 -0.00903775 -0.00663583 -0.581667 -0.75 -6385 -0.546014 -0.410169 -3.34749e+07 
0 1 0 0 -0.00946652 -0.00685579 -0.591 -0.725 -5631 -0.505779 -0.382961 -3.16498e+07 
ERROR 13 
ERROR 20 
ERROR 13 
ERROR 14 
0 1 0 0 -0.00967749 -0.00213962 -0.589333 -0.75 -6282 -0.550591 -0.396375 -3.25423e+07 
0 1 0 0 -0.00925022 -0.00407313 -0.581667 -0.75 -6296.5 -0.549176 -0.401428 -3.27289e+07 
0 1 0 0 -0.00946519 -0.00236818 -0.587667 -0.75 -6303.5 -0.546931 -0.402602 -3.29317e+07 
ERROR 13 *  
ERROR 13 *  
ERROR 13 *  
ERROR 13 *  
ERROR 13 *  
ERROR 13 *  
ERROR 13 *  
ERROR 13 *  
ERROR 13 *  
ERROR 13 *  
ERROR 13 *  
ERROR 13 *  
ERROR 13 *  
ERROR 13 *  
ERROR 13 *  
ERROR 13 *  
ERROR 14 
0 1 0 0 -0.00925094 -0.00656919 -0.583 -0.725 -6070.5 -0.533693 -0.396162 -3.24974e+07 
ERROR 13 
0 1 0 0 -0.00946345 -0.00566685 -0.583333 -0.75 -6311.5 -0.543614 -0.40606 -3.32216e+07 
0 1 0 0 -0.00882563 -0.00658762 -0.582 -0.75 -6344 -0.543097 -0.409954 -3.34482e+07 
ERROR 13 
0 1 0 0 -0.0092504 -0.00575836 -0.582 -0.75 -6323.5 -0.544515 -0.406546 -3.32272e+07 
0 1 0 0 -0.00925004 -0.00753513 -0.581333 -0.75 -6429 -0.547776 -0.411848 -3.36024e+07 
ERROR 13 
0 1 0 0 -0.0092504 -0.00663583 -0.582 -0.75 -6341.5 -0.545715 -0.406679 -3.32442e+07 
0 1 0 0 -0.00946332 -0.00656919 -0.583 -0.75 -6272 -0.541411 -0.405206 -3.31495e+07 
ERROR 13 
ERROR 13 
ERROR 14 
ERROR 13 
0 1 0 0 -0.00946453 -0.00729777 -0.586 -0.725 -6062.5 -0.530637 -0.397786 -3.26636e+07 
ERROR 13 *  
ERROR 13 *  
ERROR 13 *  
ERROR 13 *  
ERROR 13 *  
ERROR 13 *  
ERROR 13 *  
ERROR 13 *  
ERROR 13 *  
ERROR 13 *  
ERROR 13 *  
ERROR 13 *  
ERROR 13 *  
ERROR 13 *  
ERROR 13 *  
ERROR 13 *  
0 1 0 0 -0.00925004 -0.00666529 -0.581333 -0.75 -6386.5 -0.545394 -0.411002 -3.35301e+07 
0 1 0 0 -0.00925129 -0.00651909 -0.583667 -0.75 -6238 -0.5402 -0.403464 -3.30343e+07 
0 1 0 0 -0.00946278 -0.00666529 -0.581667 -0.75 -6391.5 -0.545719 -0.410854 -3.3536e+07 
0 1 0 0 -0.0092504 -0.00662987 -0.582 -0.75 -6313 -0.544126 -0.40604 -3.31934e+07 
0 1 0 0 -0.00925022 -0.00577695 -0.581667 -0.75 -6430 -0.547613 -0.412148 -3.36187e+07 
0 1 0 0 -0.00946305 -0.00663583 -0.582333 -0.75 -6371 -0.546669 -0.40786 -3.33449e+07 
0 1 0 0 -0.00946292 -0.00577695 -0.582 -0.75 -6379 -0.547303 -0.408072 -3.33468e+07 
0 1 0 0 -0.00946292 -0.00664176 -0.582 -0.75 -6428 -0.547271 -0.41211 -3.36324e+07 
0 1 0 0 -0.00925022 -0.00750879 -0.581667 -0.75 -6386.5 -0.545244 -0.411038 -3.35399e+07 
0 1 0 0 -0.00946519 -0.00237557 -0.587667 -0.75 -6302.5 -0.54733 -0.402108 -3.2899e+07 
ERROR 13 *  
ERROR 13 *  
ERROR 13 *  
ERROR 13 *  
ERROR 13 *  
ERROR 13 *  
ERROR 13 *  
ERROR 13 *  
ERROR 13 *  
ERROR 13 *  
ERROR 13 *  
ERROR 13 *  
ERROR 13 *  
ERROR 13 *  
ERROR 13 *  
ERROR 13 *  
ERROR 13 
0 1 0 0 -0.00946466 -0.00633549 -0.586333 -0.725 -6054.5 -0.529929 -0.397733 -3.26621e+07 
0 1 0 0 -0.00925022 -0.00665357 -0.581667 -0.75 -6427 -0.547309 -0.412138 -3.36241e+07 
ERROR 13 
0 1 0 0 -0.00925022 -0.00664176 -0.581667 -0.75 -6430 -0.547586 -0.412181 -3.36223e+07 
0 1 0 0 -0.00946292 -0.00664176 -0.582 -0.75 -6373.5 -0.546913 -0.408019 -3.33436e+07 
0 1 0 0 -0.00946319 -0.00659371 -0.582667 -0.75 -6376 -0.547077 -0.407877 -3.33438e+07 
ERROR 13 
ERROR 13 
0 1 0 0 -0.00925022 -0.00664472 -0.581667 -0.75 -6391.5 -0.545515 -0.411206 -3.35509e+07 
0 1 0 0 -0.00946265 -0.00753947 -0.581333 -0.75 -6430 -0.547695 -0.411969 -3.36134e+07 
0 1 0 0 -0.0092504 -0.00663583 -0.582 -0.75 -6388 -0.545649 -0.41059 -3.35195e+07 
ERROR 13 
0 1 0 1 -0.00925076 -0.00659067 -0.582667 -0.75 -6424 -0.547076 -0.41189 -3.3625e+07 
ERROR 14 
0 1 0 0 -0.00946278 -0.00752203 -0.581667 -0.75 -6395.5 -0.546647 -0.410178 -3.34902e+07 
0 1 0 0 -0.00925022 -0.00750879 -0.581667 -0.75 -6386 -0.545237 -0.411034 -3.35396e+07 
ERROR 13 *  
ERROR 13 *  
ERROR 13 *  
ERROR 13 *  
ERROR 13 *  
ERROR 13 *  
ERROR 13 *  
ERROR 13 *  
ERROR 13 *  
ERROR 13 *  
ERROR 13 *  
ERROR 13 *  
ERROR 13 *  
ERROR 13 *  
ERROR 13 *  
ERROR 13 *  
0 1 0 0 -0.00925076 -0.00657227 -0.582667 -0.75 -6351 -0.543591 -0.409681 -3.34546e+07 
ERROR 13 
0 1 0 0 -0.00925094 -0.0065661 -0.583 -0.75 -6309.5 -0.541168 -0.408599 -3.33866e+07 
0 1 0 0 -0.00924986 -0.0067 -0.581 -0.75 -6387 -0.54582 -0.410588 -3.35022e+07 
ERROR 13 
0 1 0 0 -0.00946359 -0.00653175 -0.583667 -0.75 -6251.5 -0.540717 -0.403993 -3.3078e+07 
0 1 0 0 -0.00946292 -0.00664176 -0.582 -0.75 -6428 -0.547277 -0.412113 -3.36326e+07 
0 1 0 0 -0.00925022 -0.00578065 -0.581667 -0.75 -6377.5 -0.547302 -0.408116 -3.33356e+07 
ERROR 13 *  
ERROR 13 *  
ERROR 13 *  
ERROR 13 *  
ERROR 13 *  
ERROR 13 *  
ERROR 13 *  
ERROR 13 *  
ERROR 13 *  
ERROR 13 *  
ERROR 13 *  
ERROR 13 *  
ERROR 13 *  
ERROR 13 *  
ERROR 13 *  
ERROR 13 *  
ERROR 13 
0 1 0 0 -0.00946345 -0.0065568 -0.583333 -0.75 -6249.5 -0.540731 -0.403877 -3.30649e+07 
0 1 0 0 -0.0092495 -0.00589576 -0.580333 -0.75 -6332.5 -0.543522 -0.408711 -3.33502e+07 
0 1 0 0 -0.00946305 -0.0066179 -0.582333 -0.75 -6376.5 -0.547157 -0.407899 -3.33406e+07 
0 1 0 0 -0.00903752 -0.00665944 -0.581333 -0.75 -6389.5 -0.545691 -0.41098 -3.35264e+07 
0 1 0 0 -0.00946238 -0.0067312 -0.580667 -0.75 -6254 -0.542438 -0.403128 -3.29693e+07 
0 1 0 0 -0.00925022 -0.00579538 -0.581667 -0.75 -6378 -0.547341 -0.408066 -3.33375e+07 
0 1 0 0 -0.00924986 -0.00669713 -0.581 -0.75 -6330 -0.543316 -0.408547 -3.33522e+07 
ERROR 13 
0 1 0 0 -0.00946319 -0.00659371 -0.582667 -0.75 -6394.5 -0.545485 -0.41115 -3.35711e+07 
0 1 0 0 -0.00925022 -0.00664767 -0.581667 -0.75 -6417.5 -0.546971 -0.411772 -3.3595e+07 
0 1 0 0 -0.00925022 -0.00664472 -0.581667 -0.75 -6426 -0.547464 -0.411968 -3.36085e+07 
0 1 0 0 -0.00925022 -0.00664472 -0.581667 -0.75 -6377 -0.547269 -0.408101 -3.33358e+07 
0 1 0 0 -0.00925022 -0.00665651 -0.581667 -0.75 -6410.5 -0.546701 -0.411404 -3.35726e+07 
0 1 0 0 -0.00925022 -0.00664767 -0.581667 -0.75 -6336 -0.544848 -0.407284 -3.32748e+07 
0 1 0 0 -0.00925004 -0.00667113 -0.581333 -0.75 -6368.5 -0.545157 -0.409732 -3.34429e+07 
0 1 0 0 -0.00925022 -0.00578065 -0.581667 -0.75 -6377 -0.547296 -0.408115 -3.33355e+07 
ERROR 13 *  
ERROR 13 *  
ERROR 13 *  
ERROR 13 *  
ERROR 13 *  
ERROR 13 *  
ERROR 13 *  
ERROR 13 *  
ERROR 13 *  
ERROR 13 *  
ERROR 13 *  
ERROR 13 *  
ERROR 13 *  
ERROR 13 *  
ERROR 13 *  
ERROR 13 *  
0 1 0 0 -0.00925004 -0.00666529 -0.581333 -0.75 -6427 -0.547577 -0.411988 -3.36038e+07 
0 1 0 0 -0.00925076 -0.00745907 -0.582667 -0.75 -6326.5 -0.54468 -0.406432 -3.3232e+07 
0 1 0 0 -0.00925022 -0.00665357 -0.581667 -0.75 -6427.5 -0.54731 -0.412169 -3.36263e+07 
0 1 0 0 -0.00946305 -0.0066179 -0.582333 -0.75 -6369 -0.546773 -0.407727 -3.33277e+07 
0 1 0 0 -0.00925022 -0.00664176 -0.581667 -0.75 -6426.5 -0.547342 -0.412128 -3.36181e+07 
0 1 0 0 -0.0092504 -0.00663583 -0.582 -0.75 -6373 -0.546973 -0.407927 -3.33346e+07 
0 1 0 0 -0.00946292 -0.00664176 -0.582 -0.75 -6379.5 -0.547273 -0.408104 -3.33503e+07 
0 1 0 0 -0.0092504 -0.00749766 -0.582 -0.75 -6418 -0.546825 -0.411814 -3.36066e+07 
ERROR 13 
0 1 0 0 -0.00946292 -0.00664176 -0.582 -0.75 -6428 -0.547267 -0.412111 -3.36325e+07 
0 1 0 0 -0.00925058 -0.00661189 -0.582333 -0.75 -6330 -0.545002 -0.406403 -3.32283e+07 
0 1 0 0 -0.0092504 -0.00663583 -0.582 -0.75 -6426.5 -0.547226 -0.412079 -3.36275e+07 
0 1 0 0 -0.00946305 -0.0066209 -0.582333 -0.75 -6410 -0.546347 -0.41153 -3.3596e+07 
0 1 0 0 -0.00946292 -0.0066388 -0.582 -0.75 -6427.5 -0.547269 -0.412103 -3.36305e+07 
0 1 0 0 -0.00946292 -0.00664176 -0.582 -0.75 -6339.5 -0.545085 -0.407125 -3.32771e+07 
0 1 0 0 -0.00946292 -0.00664176 -0.582 -0.75 -6341.5 -0.545541 -0.406832 -3.32574e+07 
ERROR 13 *  
ERROR 13 *  
ERROR 13 *  
ERROR 13 *  
ERROR 13 *  
ERROR 13 *  
ERROR 13 *  
ERROR 13 *  
ERROR 13 *  
ERROR 13 *  
ERROR 13 *  
ERROR 13 *  
ERROR 13 *  
ERROR 13 *  
ERROR 13 *  
ERROR 13 *  
0 1 0 0 -0.00946292 -0.00664176 -0.582 -0.75 -6428 -0.547276 -0.412106 -3.36322e+07 
0 1 0 0 -0.0092504 -0.00663285 -0.582 -0.75 -6404 -0.546196 -0.411362 -3.35736e+07 
0 1 0 0 -0.0092504 -0.00662987 -0.582 -0.75 -6416.5 -0.546751 -0.411798 -3.3604e+07 
0 1 0 0 -0.00924968 -0.00671425 -0.580667 -0.75 -6428.5 -0.547975 -0.411807 -3.35833e+07 
0 1 0 0 -0.00924986 -0.00668851 -0.581 -0.75 -6428 -0.547729 -0.411986 -3.3599e+07 
0 1 0 0 -0.0092504 -0.00662987 -0.582 -0.75 -6371 -0.546912 -0.407876 -3.33282e+07 
0 1 0 0 -0.0092504 -0.00662689 -0.582 -0.75 -6369 -0.546858 -0.407798 -3.33213e+07 
0 1 0 0 -0.00946251 -0.0075524 -0.581 -0.75 -6430 -0.547831 -0.411916 -3.36024e+07 
ERROR 13 
0 1 0 0 -0.00925022 -0.00664472 -0.581667 -0.75 -6425.5 -0.547275 -0.412127 -3.36193e+07 
0 1 0 0 -0.00925022 -0.00665944 -0.581667 -0.75 -6428 -0.547425 -0.412066 -3.3622e+07 
0 1 0 0 -0.0092504 -0.0066388 -0.582 -0.75 -6425.5 -0.547207 -0.412007 -3.36237e+07 
0 1 0 0 -0.00946292 -0.00664176 -0.582 -0.75 -6428 -0.547276 -0.412111 -3.36324e+07 
0 1 0 0 -0.00946292 -0.00664176 -0.582 -0.75 -6428 -0.54728 -0.412113 -3.36326e+07 
0 1 0 0 -0.00946292 -0.00664176 -0.582 -0.75 -6339 -0.545157 -0.407032 -3.32707e+07 
0 1 0 0 -0.00925022 -0.00664767 -0.581667 -0.75 -6426.5 -0.547419 -0.412021 -3.36135e+07 
ERROR 13 *  
ERROR 13 *  
ERROR 13 *  
ERROR 13 *  
ERROR 13 *  
ERROR 13 *  
ERROR 13 *  
ERROR 13 *  
ERROR 13 *  
ERROR 13 *  
ERROR 13 *  
ERROR 13 *  
ERROR 13 *  
ERROR 13 *  
ERROR 13 *  
ERROR 13 *  
0 1 0 0 -0.00925022 -0.00664767 -0.581667 -0.75 -6426 -0.547311 -0.412104 -3.36191e+07 
0 1 0 0 -0.0092504 -0.00662987 -0.582 -0.75 -6417 -0.546782 -0.411837 -3.36068e+07 
0 1 0 0 -0.00925022 -0.00664767 -0.581667 -0.75 -6426 -0.547292 -0.412119 -3.36201e+07 
0 1 0 0 -0.00946292 -0.00577695 -0.582 -0.75 -6427.5 -0.547268 -0.412102 -3.36305e+07 
0 1 0 0 -0.00925022 -0.00665062 -0.581667 -0.75 -6426.5 -0.547342 -0.412092 -3.36196e+07 
0 1 0 0 -0.00946292 -0.00664176 -0.582 -0.75 -6427.5 -0.547262 -0.412107 -3.36322e+07 
0 1 0 0 -0.00946292 -0.00664176 -0.582 -0.75 -6428 -0.547296 -0.412101 -3.36318e+07 
0 1 0 0 -0.00925022 -0.00665357 -0.581667 -0.75 -6426.5 -0.547361 -0.412066 -3.36192e+07 
0 1 0 0 -0.00925022 -0.00665062 -0.581667 -0.75 -6427 -0.547409 -0.412049 -3.36168e+07 
0 1 0 0 -0.00946292 -0.00664176 -0.582 -0.75 -6339 -0.54519 -0.406966 -3.32661e+07 
0 1 0 0 -0.00946292 -0.00664176 -0.582 -0.75 -6428 -0.547279 -0.412112 -3.36326e+07 
0 1 0 0 -0.00925022 -0.00664767 -0.581667 -0.75 -6426 -0.547323 -0.412085 -3.36178e+07 
0 1 0 0 -0.00946292 -0.00664176 -0.582 -0.75 -6428 -0.547294 -0.412099 -3.36317e+07 
0 1 0 0 -0.00925022 -0.00665944 -0.581667 -0.75 -6427.5 -0.547407 -0.412044 -3.36204e+07 
0 1 0 0 -0.00946292 -0.00664176 -0.582 -0.75 -6428 -0.54727 -0.412123 -3.36333e+07 
0 1 0 0 -0.00925022 -0.00664176 -0.581667 -0.75 -6425.5 -0.547274 -0.412133 -3.36183e+07 
ERROR 13 *  
ERROR 13 *  
ERROR 13 *  
ERROR 13 *  
ERROR 13 *  
ERROR 13 *  
ERROR 13 *  
ERROR 13 *  
ERROR 13 *  
ERROR 13 *  
ERROR 13 *  
ERROR 13 *  
ERROR 13 *  
ERROR 13 *  
ERROR 13 *  
ERROR 13 *  
ERROR 13 
0 1 0 0 -0.0092504 -0.00662689 -0.582 -0.75 -6415.5 -0.546745 -0.411745 -3.3599e+07 
0 1 0 0 -0.00925022 -0.00664767 -0.581667 -0.75 -6426.5 -0.547299 -0.412148 -3.36221e+07 
0 1 0 0 -0.00946292 -0.00664176 -0.582 -0.75 -6425 -0.547178 -0.41198 -3.36231e+07 
0 1 0 0 -0.00925004 -0.00667403 -0.581333 -0.75 -6411.5 -0.546883 -0.411432 -3.35673e+07 
0 1 0 0 -0.00946292 -0.00664176 -0.582 -0.75 -6379 -0.547259 -0.408083 -3.33488e+07 
0 1 0 0 -0.00925022 -0.00579171 -0.581667 -0.75 -6422 -0.547153 -0.411904 -3.3606e+07 
0 1 0 0 -0.00946292 -0.00664176 -0.582 -0.75 -6428 -0.547286 -0.412113 -3.36326e+07 
ERROR 13 
0 1 0 0 -0.00946305 -0.0066209 -0.582333 -0.75 -6360.5 -0.546284 -0.407517 -3.33133e+07 
0 1 0 0 -0.00925022 -0.00665062 -0.581667 -0.75 -6423 -0.547179 -0.411966 -3.36105e+07 
0 1 0 0 -0.00946292 -0.00664176 -0.582 -0.75 -6428 -0.547322 -0.412086 -3.36308e+07 
0 1 0 0 -0.00925004 -0.00667694 -0.581333 -0.75 -6409 -0.546767 -0.411315 -3.35602e+07 
0 1 0 0 -0.00946292 -0.00664176 -0.582 -0.75 -6428.5 -0.547317 -0.412102 -3.36319e+07 
0 1 0 0 -0.00946292 -0.00664176 -0.582 -0.75 -6388.5 -0.5452 -0.411063 -3.35546e+07 
0 1 0 0 -0.00925022 -0.00665357 -0.581667 -0.75 -6421 -0.547209 -0.411763 -3.35975e+07 
0 1 0 0 -0.00925022 -0.00664176 -0.581667 -0.75 -6425.5 -0.547275 -0.412133 -3.36183e+07 
ERROR 13 *  
ERROR 13 *  
ERROR 13 *  
ERROR 13 *  
ERROR 13 *  
ERROR 13 *  
ERROR 13 *  
ERROR 13 *  
ERROR 13 *  
ERROR 13 *  
ERROR 13 *  
ERROR 13 *  
ERROR 13 *  
ERROR 13 *  
ERROR 13 *  
ERROR 13 *  
0 1 0 0 -0.00946292 -0.00664176 -0.582 -0.75 -6428 -0.547271 -0.412124 -3.36334e+07 
0 1 0 0 -0.00946292 -0.00664176 -0.582 -0.75 -6428 -0.547294 -0.412115 -3.36328e+07 
ERROR 13 *  
ERROR 13 *  
ERROR 13 *  
ERROR 13 *  
ERROR 13 *  
ERROR 13 *  
ERROR 13 *  
ERROR 13 *  
ERROR 13 *  
ERROR 13 *  
ERROR 13 *  
ERROR 13 *  
ERROR 13 *  
ERROR 13 *  
ERROR 13 *  
ERROR 13 *  
0 1 0 0 -0.00946292 -0.00664176 -0.582 -0.75 -6388.5 -0.545212 -0.411051 -3.35538e+07 
0 1 0 0 -0.00946292 -0.0066388 -0.582 -0.75 -6405.5 -0.546378 -0.411257 -3.35692e+07 
0 1 0 0 -0.00925022 -0.00664767 -0.581667 -0.75 -6426 -0.547282 -0.412141 -3.36216e+07 
0 1 0 0 -0.0092504 -0.0066388 -0.582 -0.75 -6427.5 -0.547267 -0.412088 -3.36295e+07 
0 1 0 0 -0.00946292 -0.00664176 -0.582 -0.75 -6428.5 -0.547302 -0.412127 -3.36336e+07 
0 1 0 0 -0.00925022 -0.00664176 -0.581667 -0.75 -6427.5 -0.547399 -0.412147 -3.36196e+07 
ERROR 13 *  
ERROR 13 *  
ERROR 13 *  
ERROR 13 *  
ERROR 13 *  
ERROR 13 *  
ERROR 13 *  
ERROR 13 *  
ERROR 13 *  
ERROR 13 *  
ERROR 13 *  
ERROR 13 *  
ERROR 13 *  
ERROR 13 *  
0 1 0 0 -0.00925076 -0.00658456 -0.582667 -0.75 -6379 -0.544756 -0.410706 -3.35344e+07 
0 1 0 0 -0.00925004 -0.00667694 -0.581333 -0.75 -6389.5 -0.545534 -0.41101 -3.35363e+07 
0 1 0 0 -0.0092504 -0.00662987 -0.582 -0.75 -6426.5 -0.547302 -0.412032 -3.36216e+07 
0 1 0 0 -0.00925022 -0.00664472 -0.581667 -0.75 -6427.5 -0.54747 -0.412085 -3.36167e+07 
0 1 0 0 -0.00946278 -0.00666237 -0.581667 -0.75 -6340 -0.545382 -0.406931 -3.32577e+07 
0 1 0 0 -0.00925004 -0.00667694 -0.581333 -0.75 -6389 -0.545548 -0.410952 -3.35322e+07 
0 1 0 0 -0.00946292 -0.00664176 -0.582 -0.75 -6385.5 -0.545319 -0.410722 -3.35308e+07 
ERROR 13 
0 1 0 0 -0.00925022 -0.00664176 -0.581667 -0.75 -6426 -0.547293 -0.412146 -3.36193e+07 
0 1 0 0 -0.00925022 -0.00664176 -0.581667 -0.75 -6426.5 -0.547401 -0.412061 -3.36135e+07 
0 1 0 0 -0.00946278 -0.00666237 -0.581667 -0.75 -6389.5 -0.545455 -0.410964 -3.35418e+07 
0 1 0 0 -0.00925022 -0.00664472 -0.581667 -0.75 -6426.5 -0.547397 -0.412067 -3.36153e+07 
0 1 0 0 -0.00925022 -0.00664767 -0.581667 -0.75 -6386.5 -0.545201 -0.411095 -3.35439e+07 
0 1 0 0 -0.00925022 -0.00665944 -0.581667 -0.75 -6429.5 -0.547649 -0.411936 -3.36133e+07 
0 1 0 0 -0.00925022 -0.00664472 -0.581667 -0.75 -6428 -0.547432 -0.412136 -3.36202e+07 
ERROR 13 *  
ERROR 13 *  
ERROR 13 *  
ERROR 13 *  
ERROR 13 *  
ERROR 13 *  
ERROR 13 *  
ERROR 13 *  
ERROR 13 *  
ERROR 13 *  
ERROR 13 *  
ERROR 13 *  
ERROR 13 *  
ERROR 13 *  
ERROR 13 *  
ERROR 13 *  
0 1 0 0 -0.00925022 -0.00664472 -0.581667 -0.75 -6426 -0.54732 -0.412126 -3.36193e+07 
0 1 0 0 -0.00925058 -0.00661189 -0.582333 -0.75 -6404 -0.546053 -0.411434 -3.35846e+07 
0 1 0 0 -0.00925022 -0.00664767 -0.581667 -0.75 -6427 -0.547359 -0.41213 -3.3621e+07 
0 1 0 0 -0.00925022 -0.00579538 -0.581667 -0.75 -6388 -0.545462 -0.410918 -3.35346e+07 
0 1 0 0 -0.00925022 -0.00664176 -0.581667 -0.75 -6426.5 -0.547396 -0.412089 -3.36155e+07 
0 1 0 0 -0.00925004 -0.00667403 -0.581333 -0.75 -6388 -0.545549 -0.410892 -3.35266e+07 
0 1 0 0 -0.00925022 -0.00664767 -0.581667 -0.75 -6427 -0.547365 -0.412108 -3.36195e+07 
0 1 0 0 -0.00925022 -0.00664176 -0.581667 -0.75 -6426 -0.547318 -0.412121 -3.36176e+07 
ERROR 13 
0 1 0 0 -0.00925022 -0.00664472 -0.581667 -0.75 -6386.5 -0.545244 -0.411054 -3.35397e+07 
0 1 0 0 -0.00925004 -0.00667113 -0.581333 -0.75 -6388 -0.545576 -0.410909 -3.35265e+07 
0 1 0 0 -0.00946292 -0.00664176 -0.582 -0.75 -6429 -0.547404 -0.412046 -3.36282e+07 
0 1 0 0 -0.00946292 -0.00664176 -0.582 -0.75 -6428.5 -0.547352 -0.412077 -3.36302e+07 
0 1 0 0 -0.00925004 -0.00667984 -0.581333 -0.75 -6389.5 -0.545634 -0.410882 -3.35288e+07 
0 1 0 0 -0.00946292 -0.0066388 -0.582 -0.75 -6427.5 -0.547285 -0.412104 -3.36307e+07 
ERROR 13 
ERROR 13 *  
ERROR 13 *  
ERROR 13 *  
ERROR 13 *  
ERROR 13 *  
ERROR 13 *  
ERROR 13 *  
ERROR 13 *  
ERROR 13 *  
ERROR 13 *  
ERROR 13 *  
ERROR 13 *  
ERROR 13 *  
ERROR 13 *  
ERROR 13 *  
ERROR 13 *  
0 1 0 0 -0.00946292 -0.0066388 -0.582 -0.75 -6426 -0.547177 -0.412062 -3.36275e+07 
0 1 0 0 -0.00925004 -0.00666821 -0.581333 -0.75 -6427.5 -0.547584 -0.412025 -3.36077e+07 
0 1 0 0 -0.00925022 -0.00664176 -0.581667 -0.75 -6423.5 -0.547186 -0.41207 -3.36137e+07 
0 1 0 0 -0.00925022 -0.00664472 -0.581667 -0.75 -6426.5 -0.547355 -0.412094 -3.36171e+07 
0 1 0 0 -0.00946292 -0.0066388 -0.582 -0.75 -6426.5 -0.547209 -0.412074 -3.36284e+07 
0 1 0 0 -0.00925022 -0.00664472 -0.581667 -0.75 -6426 -0.547322 -0.412108 -3.3618e+07 
0 1 0 0 -0.00946292 -0.0066388 -0.582 -0.75 -6425 -0.547135 -0.412038 -3.36257e+07 
0 1 0 0 -0.00925022 -0.00664767 -0.581667 -0.75 -6427 -0.547378 -0.412099 -3.36189e+07 
0 1 0 0 -0.00925004 -0.00667694 -0.581333 -0.75 -6424 -0.547452 -0.411816 -3.35968e+07 
0 1 0 0 -0.00925022 -0.00664176 -0.581667 -0.75 -6426 -0.54732 -0.412123 -3.36177e+07 
0 1 0 0 -0.00946292 -0.00664176 -0.582 -0.75 -6428 -0.547275 -0.412115 -3.36327e+07 
0 1 0 0 -0.00925022 -0.00664472 -0.581667 -0.75 -6426.5 -0.547337 -0.412113 -3.36184e+07 
0 1 0 0 -0.0092504 -0.00662987 -0.582 -0.75 -6417.5 -0.546801 -0.411855 -3.36082e+07 
0 1 0 0 -0.00925022 -0.00665944 -0.581667 -0.75 -6429 -0.54749 -0.41206 -3.36217e+07 
0 1 0 0 -0.00925022 -0.00664472 -0.581667 -0.75 -6387 -0.545324 -0.411017 -3.35373e+07 
0 1 0 0 -0.00946292 -0.00664176 -0.582 -0.75 -6427.5 -0.547293 -0.412064 -3.36292e+07 
ERROR 13 *  
ERROR 13 *  
ERROR 13 *  
ERROR 13 *  
ERROR 13 *  
ERROR 13 *  
ERROR 13 *  
ERROR 13 *  
ERROR 13 *  
ERROR 13 *  
ERROR 13 *  
ERROR 13 *  
ERROR 13 *  
ERROR 13 *  
ERROR 13 *  
ERROR 13 *  
0 1 0 0 -0.00925022 -0.00664767 -0.581667 -0.75 -6426.5 -0.54735 -0.412114 -3.36198e+07 
0 1 0 0 -0.0092504 -0.00663583 -0.582 -0.75 -6423.5 -0.547073 -0.411983 -3.36204e+07 
0 1 0 0 -0.00925022 -0.00664472 -0.581667 -0.75 -6426 -0.547315 -0.41213 -3.36196e+07 
0 1 0 0 -0.00946292 -0.00664176 -0.582 -0.75 -6428.5 -0.547313 -0.412117 -3.3633e+07 
0 1 0 0 -0.00925022 -0.00664176 -0.581667 -0.75 -6426 -0.547327 -0.412122 -3.36177e+07 
0 1 0 0 -0.00925022 -0.00664472 -0.581667 -0.75 -6426 -0.547311 -0.412107 -3.3618e+07 
0 1 0 0 -0.00925022 -0.00664472 -0.581667 -0.75 -6426 -0.547317 -0.412112 -3.36183e+07 
0 1 0 0 -0.00925022 -0.00664176 -0.581667 -0.75 -6426 -0.547319 -0.41212 -3.36175e+07 
0 1 0 0 -0.00925004 -0.00580636 -0.581333 -0.75 -6426.5 -0.547538 -0.412032 -3.36055e+07 
0 1 0 0 -0.00946292 -0.00664176 -0.582 -0.75 -6427 -0.547236 -0.412096 -3.36314e+07 
0 1 0 0 -0.00925022 -0.00664176 -0.581667 -0.75 -6426 -0.547333 -0.412109 -3.36168e+07 
0 1 0 0 -0.00925022 -0.00665651 -0.581667 -0.75 -6426.5 -0.547359 -0.412017 -3.36171e+07 
0 1 0 0 -0.00925022 -0.00664176 -0.581667 -0.75 -6426 -0.547338 -0.412104 -3.36164e+07 
0 1 0 0 -0.00925022 -0.00665357 -0.581667 -0.75 -6426.5 -0.547354 -0.412041 -3.36174e+07 
0 1 0 0 -0.00925022 -0.00664176 -0.581667 -0.75 -6426 -0.547311 -0.412127 -3.3618e+07 
0 1 0 0 -0.00925022 -0.00665651 -0.581667 -0.75 -6426.5 -0.547397 -0.411984 -3.36148e+07 
ERROR 13 *  
ERROR 13 *  
ERROR 13 *  
ERROR 13 *  
ERROR 13 *  
ERROR 13 *  
ERROR 13 *  
ERROR 13 *  
ERROR 13 *  
ERROR 13 *  
ERROR 13 *  
ERROR 13 *  
ERROR 13 *  
ERROR 13 *  
ERROR 13 *  
ERROR 13 *  
0 1 0 0 -0.00925022 -0.00578065 -0.581667 -0.75 -6426 -0.54731 -0.412128 -3.36181e+07 
0 1 0 0 -0.00946292 -0.00577695 -0.582 -0.75 -6426 -0.547198 -0.412052 -3.36268e+07 
0 1 0 0 -0.00925022 -0.00664472 -0.581667 -0.75 -6426 -0.54731 -0.412117 -3.36186e+07 
0 1 0 0 -0.00925022 -0.00664176 -0.581667 -0.75 -6426 -0.547314 -0.412118 -3.36174e+07 
0 1 0 0 -0.00925022 -0.00578065 -0.581667 -0.75 -6426 -0.547323 -0.412124 -3.36178e+07 
0 1 0 0 -0.00925022 -0.00664472 -0.581667 -0.75 -6426 -0.5473 -0.412112 -3.36183e+07 
0 1 0 0 -0.00925022 -0.00664176 -0.581667 -0.75 -6426 -0.547318 -0.412122 -3.36177e+07 
0 1 0 0 -0.00925022 -0.00578065 -0.581667 -0.75 -6426 -0.547308 -0.412123 -3.36177e+07 
0 1 0 0 -0.00925022 -0.00665357 -0.581667 -0.75 -6427.5 -0.547414 -0.41209 -3.36209e+07 
0 1 0 0 -0.00925022 -0.00664176 -0.581667 -0.75 -6426 -0.547303 -0.412131 -3.36183e+07 
0 1 0 0 -0.00925022 -0.00578065 -0.581667 -0.75 -6426 -0.547308 -0.412128 -3.3618e+07 
0 1 0 0 -0.00925022 -0.00664176 -0.581667 -0.75 -6426 -0.547325 -0.412118 -3.36174e+07 
0 1 0 0 -0.00925022 -0.00578065 -0.581667 -0.75 -6426 -0.547317 -0.412121 -3.36176e+07 
0 1 0 0 -0.00925022 -0.00578065 -0.581667 -0.75 -6426 -0.547308 -0.412121 -3.36176e+07 
0 1 0 0 -0.00925022 -0.00578065 -0.581667 -0.75 -6426 -0.547303 -0.412135 -3.36186e+07 
0 1 0 0 -0.00925022 -0.00578065 -0.581667 -0.75 -6426 -0.547322 -0.412109 -3.36168e+07 
ERROR 13 *  
ERROR 13 *  
ERROR 13 *  
ERROR 13 *  
ERROR 13 *  
ERROR 13 *  
ERROR 13 *  
ERROR 13 *  
ERROR 13 *  
ERROR 13 *  
ERROR 13 *  
ERROR 13 *  
ERROR 13 *  
ERROR 13 *  
ERROR 13 *  
ERROR 13 *  
0 1 0 0 -0.00925022 -0.00578065 -0.581667 -0.75 -6426 -0.54731 -0.41213 -3.36182e+07 
0 1 0 0 -0.00925022 -0.00664176 -0.581667 -0.75 -6425 -0.547271 -0.412094 -3.36156e+07 
0 1 0 0 -0.00925022 -0.00664472 -0.581667 -0.75 -6426 -0.547326 -0.412117 -3.36187e+07 
0 1 0 0 -0.00925022 -0.00664176 -0.581667 -0.75 -6426 -0.54732 -0.41212 -3.36175e+07 
0 1 0 0 -0.00925022 -0.00578065 -0.581667 -0.75 -6426 -0.547312 -0.412129 -3.36181e+07 
0 1 0 0 -0.00925022 -0.00664176 -0.581667 -0.75 -6426 -0.547318 -0.412122 -3.36177e+07 
0 1 0 0 -0.00925022 -0.00664472 -0.581667 -0.75 -6426 -0.547312 -0.412126 -3.36193e+07 
0 1 0 0 -0.00925022 -0.00664176 -0.581667 -0.75 -6426 -0.547318 -0.412122 -3.36177e+07 
0 1 0 0 -0.00925022 -0.00664767 -0.581667 -0.75 -6427 -0.547366 -0.412104 -3.36192e+07 
0 1 0 0 -0.00925022 -0.00664176 -0.581667 -0.75 -6426 -0.547301 -0.412131 -3.36183e+07 
0 1 0 0 -0.00925022 -0.00664176 -0.581667 -0.75 -6426 -0.547319 -0.412123 -3.36177e+07 
0 1 0 0 -0.00925022 -0.00664472 -0.581667 -0.75 -6426 -0.547316 -0.412125 -3.36192e+07 
0 1 0 0 -0.00925022 -0.00664472 -0.581667 -0.75 -6426 -0.547313 -0.412126 -3.36193e+07 
0 1 0 0 -0.00925022 -0.00664176 -0.581667 -0.75 -6426 -0.547319 -0.412122 -3.36177e+07 
0 1 0 0 -0.00925022 -0.00664176 -0.581667 -0.75 -6426 -0.547306 -0.412133 -3.36184e+07 
0 1 0 0 -0.00925022 -0.00664472 -0.581667 -0.75 -6426 -0.547334 -0.41211 -3.36182e+07 
ERROR 13 *  
ERROR 13 *  
ERROR 13 *  
ERROR 13 *  
ERROR 13 *  
ERROR 13 *  
ERROR 13 *  
ERROR 13 *  
ERROR 13 *  
ERROR 13 *  
ERROR 13 *  
ERROR 13 *  
ERROR 13 *  
ERROR 13 *  
ERROR 13 *  
ERROR 13 *  
0 1 0 0 -0.00925022 -0.00664472 -0.581667 -0.75 -6426 -0.547319 -0.412125 -3.36192e+07 
0 1 0 0 -0.00925022 -0.00664176 -0.581667 -0.75 -6425.5 -0.547293 -0.412108 -3.36167e+07 
0 1 0 0 -0.00925022 -0.00664176 -0.581667 -0.75 -6426 -0.547303 -0.412127 -3.3618e+07 
0 1 0 0 -0.00946292 -0.00664176 -0.582 -0.75 -6428.5 -0.547301 -0.412125 -3.36335e+07 
0 1 0 0 -0.00925022 -0.00664176 -0.581667 -0.75 -6426 -0.547319 -0.412121 -3.36176e+07 
0 1 0 0 -0.00925022 -0.00664472 -0.581667 -0.75 -6426 -0.547311 -0.412117 -3.36187e+07 
0 1 0 0 -0.00925022 -0.00664472 -0.581667 -0.75 -6426 -0.54731 -0.412122 -3.3619e+07 
0 1 0 0 -0.00925022 -0.00664176 -0.581667 -0.75 -6426 -0.547304 -0.412131 -3.36183e+07 
0 1 0 0 -0.00925022 -0.00664472 -0.581667 -0.75 -6426 -0.547322 -0.412117 -3.36187e+07 
0 1 0 0 -0.00925022 -0.00664176 -0.581667 -0.75 -6425.5 -0.547289 -0.412123 -3.36176e+07 
0 1 0 0 -0.00925022 -0.00664176 -0.581667 -0.75 -6426 -0.547317 -0.412122 -3.36177e+07 
0 1 0 0 -0.00925022 -0.00664472 -0.581667 -0.75 -6426 -0.547313 -0.412111 -3.36182e+07 
0 1 0 0 -0.00946292 -0.00664176 -0.582 -0.75 -6428.5 -0.547302 -0.412127 -3.36336e+07 
0 1 0 0 -0.00946292 -0.00664176 -0.582 -0.75 -6428.5 -0.547302 -0.412127 -3.36336e+07 
0 1 0 0 -0.00925022 -0.00664176 -0.581667 -0.75 -6426 -0.547307 -0.41213 -3.36182e+07 
0 1 0 0 -0.00925022 -0.00578065 -0.581667 -0.75 -6426 -0.547323 -0.412118 -3.36174e+07 
ERROR 13 *  
ERROR 13 *  
ERROR 13 *  
ERROR 13 *  
ERROR 13 *  
ERROR 13 *  
ERROR 13 *  
ERROR 13 *  
ERROR 13 *  
ERROR 13 *  
ERROR 13 *  
ERROR 13 *  
ERROR 13 *  
ERROR 13 *  
ERROR 13 *  
ERROR 13 *  
0 1 0 0 -0.00925022 -0.00664176 -0.581667 -0.75 -6426 -0.547304 -0.412132 -3.36183e+07 
0 1 0 0 -0.00925022 -0.00664472 -0.581667 -0.75 -6426 -0.547325 -0.412111 -3.36183e+07 
0 1 0 0 -0.00925022 -0.00664176 -0.581667 -0.75 -6426 -0.547303 -0.412127 -3.3618e+07 
0 1 0 0 -0.00946292 -0.00664176 -0.582 -0.75 -6428.5 -0.547301 -0.412126 -3.36336e+07 
0 1 0 0 -0.00925022 -0.00664176 -0.581667 -0.75 -6425.5 -0.547294 -0.412126 -3.36179e+07 
0 1 0 0 -0.00925022 -0.00664472 -0.581667 -0.75 -6426 -0.547315 -0.412127 -3.36193e+07 
0 1 0 0 -0.00946292 -0.00664176 -0.582 -0.75 -6428.5 -0.547291 -0.412124 -3.36334e+07 
0 1 0 0 -0.00925022 -0.00664176 -0.581667 -0.75 -6426 -0.547307 -0.412123 -3.36177e+07 
0 1 0 0 -0.00925022 -0.00664472 -0.581667 -0.75 -6426 -0.547309 -0.41212 -3.36188e+07 
0 1 0 0 -0.00925022 -0.00664176 -0.581667 -0.75 -6426 -0.547319 -0.412123 -3.36177e+07 
0 1 0 0 -0.00925022 -0.00664176 -0.581667 -0.75 -6426 -0.547306 -0.412125 -3.36179e+07 
0 1 0 0 -0.00946292 -0.00664176 -0.582 -0.75 -6428.5 -0.547294 -0.412125 -3.36335e+07 
0 1 0 0 -0.00925022 -0.00664176 -0.581667 -0.75 -6426 -0.547304 -0.412125 -3.36178e+07 
0 1 0 0 -0.00946292 -0.00664176 -0.582 -0.75 -6428.5 -0.547298 -0.412126 -3.36336e+07 
0 1 0 0 -0.00925022 -0.00578065 -0.581667 -0.75 -6426 -0.54731 -0.412128 -3.36181e+07 
0 1 0 0 -0.00925022 -0.00664176 -0.581667 -0.75 -6426 -0.547317 -0.412119 -3.36175e+07 
ERROR 13 *  
ERROR 13 *  
ERROR 13 *  
ERROR 13 *  
ERROR 13 *  
ERROR 13 *  
ERROR 13 *  
ERROR 13 *  
ERROR 13 *  
ERROR 13 *  
ERROR 13 *  
ERROR 13 *  
ERROR 13 *  
ERROR 13 *  
ERROR 13 *  
ERROR 13 *  
0 1 0 0 -0.00946292 -0.00664176 -0.582 -0.75 -6428.5 -0.547301 -0.412127 -3.36336e+07 
0 1 0 0 -0.00946292 -0.00664176 -0.582 -0.75 -6428.5 -0.547298 -0.412123 -3.36334e+07 
0 1 0 0 -0.00946292 -0.00664176 -0.582 -0.75 -6428.5 -0.547302 -0.412127 -3.36336e+07 
0 1 0 0 -0.00946292 -0.00664176 -0.582 -0.75 -6428.5 -0.547302 -0.412127 -3.36336e+07 
0 1 0 0 -0.00925022 -0.00664176 -0.581667 -0.75 -6426 -0.547303 -0.412125 -3.36178e+07 
0 1 0 0 -0.00946292 -0.00664176 -0.582 -0.75 -6428.5 -0.5473 -0.412126 -3.36336e+07 
0 1 0 0 -0.00946292 -0.00664176 -0.582 -0.75 -6428.5 -0.5473 -0.412126 -3.36336e+07 
0 1 0 0 -0.00925022 -0.00664176 -0.581667 -0.75 -6426 -0.547304 -0.412125 -3.36178e+07 
0 1 0 0 -0.00925022 -0.00664176 -0.581667 -0.75 -6426 -0.547306 -0.412123 -3.36177e+07 
0 1 0 0 -0.00946292 -0.00664176 -0.582 -0.75 -6428.5 -0.547298 -0.412128 -3.36337e+07 
0 1 0 0 -0.00925022 -0.00664176 -0.581667 -0.75 -6426 -0.547304 -0.412131 -3.36183e+07 
ERROR 13 *  
ERROR 13 *  
ERROR 13 *  
ERROR 13 *  
ERROR 13 *  
ERROR 13 *  
ERROR 13 *  
ERROR 13 *  
ERROR 13 *  
ERROR 13 *  
ERROR 13 *  
ERROR 13 *  
ERROR 13 *  
ERROR 13 *  
ERROR 13 *  
ERROR 13 *  
0 1 0 0 -0.00946292 -0.00664176 -0.582 -0.75 -6428.5 -0.547298 -0.412128 -3.36337e+07 
0 1 0 0 -0.00925022 -0.00664176 -0.581667 -0.75 -6425.5 -0.547299 -0.412128 -3.3618e+07 
0 1 0 0 -0.00925022 -0.00664176 -0.581667 -0.75 -6426 -0.547319 -0.412122 -3.36177e+07 
0 1 0 0 -0.00925022 -0.00578065 -0.581667 -0.75 -6426 -0.547308 -0.41213 -3.36182e+07 
0 1 0 0 -0.00946292 -0.00664176 -0.582 -0.75 -6428.5 -0.547299 -0.412127 -3.36336e+07 
0 1 0 0 -0.00925022 -0.00664176 -0.581667 -0.75 -6426 -0.547317 -0.412122 -3.36177e+07 
0 1 0 0 -0.00946292 -0.00664176 -0.582 -0.75 -6428.5 -0.547299 -0.412127 -3.36336e+07 
0 1 0 0 -0.00925022 -0.00664176 -0.581667 -0.75 -6426 -0.547304 -0.412131 -3.36183e+07 
0 1 0 0 -0.00925022 -0.00664176 -0.581667 -0.75 -6426 -0.547308 -0.412123 -3.36177e+07 
0 1 0 0 -0.00946292 -0.00664176 -0.582 -0.75 -6428.5 -0.547298 -0.412128 -3.36337e+07 
0 1 0 0 -0.00925022 -0.00664176 -0.581667 -0.75 -6426 -0.547304 -0.412131 -3.36183e+07 
0 1 0 0 -0.00946292 -0.00664176 -0.582 -0.75 -6428.5 -0.547299 -0.412127 -3.36336e+07 
0 1 0 0 -0.00925022 -0.00664176 -0.581667 -0.75 -6426 -0.547318 -0.412122 -3.36177e+07 
0 1 0 0 -0.00925022 -0.00578065 -0.581667 -0.75 -6426 -0.547308 -0.41213 -3.36182e+07 
0 1 0 0 -0.00925022 -0.00664176 -0.581667 -0.75 -6426 -0.547304 -0.412132 -3.36183e+07 
0 1 0 0 -0.00925022 -0.00664176 -0.581667 -0.75 -6426 -0.547321 -0.412121 -3.36176e+07 
0 1 0 0 -0.00925022 -0.00664176 -0.581667 -0.75 -6426 -0.547304 -0.412131 -3.36183e+07 
ERROR 13 *  
ERROR 13 *  
ERROR 13 *  
ERROR 13 *  
ERROR 13 *  
ERROR 13 *  
ERROR 13 *  
ERROR 13 *  
ERROR 13 *  
ERROR 13 *  
ERROR 13 *  
ERROR 13 *  
ERROR 13 *  
ERROR 13 *  
ERROR 13 *  
ERROR 13 *  
0 1 0 0 -0.00946292 -0.00664176 -0.582 -0.75 -6428.5 -0.547298 -0.412128 -3.36337e+07 
0 1 0 0 -0.00925022 -0.00664176 -0.581667 -0.75 -6426 -0.547303 -0.412129 -3.36181e+07 
0 1 0 0 -0.00946292 -0.00664176 -0.582 -0.75 -6428.5 -0.547297 -0.412128 -3.36337e+07 
0 1 0 0 -0.00946292 -0.00664176 -0.582 -0.75 -6428.5 -0.547299 -0.412128 -3.36337e+07 
0 1 0 0 -0.00946292 -0.00664176 -0.582 -0.75 -6428.5 -0.547296 -0.412126 -3.36336e+07 
0 1 0 0 -0.00925022 -0.00664176 -0.581667 -0.75 -6426 -0.547306 -0.41213 -3.36182e+07 
0 1 0 0 -0.00925022 -0.00664176 -0.581667 -0.75 -6426 -0.547306 -0.41213 -3.36182e+07 
0 1 0 0 -0.00946292 -0.00664176 -0.582 -0.75 -6428.5 -0.547296 -0.412126 -3.36336e+07 
0 1 0 0 -0.00946292 -0.00664176 -0.582 -0.75 -6428.5 -0.547302 -0.412127 -3.36336e+07 
0 1 0 0 -0.00946292 -0.00664176 -0.582 -0.75 -6428.5 -0.547298 -0.412128 -3.36337e+07 
0 1 0 0 -0.00946292 -0.00664176 -0.582 -0.75 -6428.5 -0.547297 -0.412128 -3.36337e+07 
0 1 0 0 -0.00946292 -0.00664176 -0.582 -0.75 -6428.5 -0.547299 -0.412126 -3.36336e+07 
0 1 0 0 -0.00946292 -0.00664176 -0.582 -0.75 -6428.5 -0.547298 -0.412128 -3.36337e+07 
0 1 0 0 -0.00946292 -0.00664176 -0.582 -0.75 -6428.5 -0.547297 -0.412128 -3.36337e+07 
0 1 0 0 -0.00925022 -0.00664176 -0.581667 -0.75 -6426 -0.547305 -0.412132 -3.36183e+07 
0 1 0 0 -0.00925022 -0.00664176 -0.581667 -0.75 -6426 -0.547317 -0.412122 -3.36177e+07 
ERROR 13 *  
ERROR 13 *  
ERROR 13 *  
ERROR 13 *  
ERROR 13 *  
ERROR 13 *  
ERROR 13 *  
ERROR 13 *  
ERROR 13 *  
ERROR 13 *  
ERROR 13 *  
ERROR 13 *  
ERROR 13 *  
ERROR 13 *  
ERROR 13 *  
ERROR 13 *  
0 1 0 0 -0.00946292 -0.00664176 -0.582 -0.75 -6428.5 -0.547298 -0.412128 -3.36337e+07 
0 1 0 0 -0.00946292 -0.00664176 -0.582 -0.75 -6428.5 -0.547297 -0.412126 -3.36336e+07 
0 1 0 0 -0.00946292 -0.00664176 -0.582 -0.75 -6428.5 -0.547297 -0.412128 -3.36337e+07 
0 1 0 0 -0.00925022 -0.00664176 -0.581667 -0.75 -6426 -0.547306 -0.41213 -3.36182e+07 
0 1 0 0 -0.00946292 -0.00664176 -0.582 -0.75 -6428.5 -0.547298 -0.412128 -3.36337e+07 
0 1 0 0 -0.00946292 -0.00664176 -0.582 -0.75 -6428.5 -0.547298 -0.412128 -3.36337e+07 
0 1 0 0 -0.00946292 -0.00664176 -0.582 -0.75 -6428.5 -0.547297 -0.412128 -3.36337e+07 
0 1 0 0 -0.00925022 -0.00664176 -0.581667 -0.75 -6426 -0.547305 -0.412131 -3.36183e+07 
0 1 0 0 -0.00946292 -0.00664176 -0.582 -0.75 -6428.5 -0.547299 -0.412126 -3.36336e+07 
0 1 0 0 -0.00925022 -0.00664176 -0.581667 -0.75 -6426 -0.547304 -0.412131 -3.36183e+07 
0 1 0 0 -0.00946292 -0.00664176 -0.582 -0.75 -6428.5 -0.547298 -0.412128 -3.36337e+07 
0 1 0 0 -0.00946292 -0.00664176 -0.582 -0.75 -6428.5 -0.547298 -0.412128 -3.36337e+07 
0 1 0 0 -0.00925022 -0.00664176 -0.581667 -0.75 -6426 -0.547305 -0.412131 -3.36183e+07 
0 1 0 0 -0.00946292 -0.00664176 -0.582 -0.75 -6428.5 -0.547298 -0.412128 -3.36337e+07 
0 1 0 0 -0.00946292 -0.00664176 -0.582 -0.75 -6428.5 -0.547298 -0.412128 -3.36337e+07 
0 1 0 0 -0.00925022 -0.00664176 -0.581667 -0.75 -6426 -0.547317 -0.412122 -3.36177e+07 
ERROR 13 *  
ERROR 13 *  
ERROR 13 *  
ERROR 13 *  
ERROR 13 *  
ERROR 13 *  
ERROR 13 *  
ERROR 13 *  
ERROR 13 *  
ERROR 13 *  
ERROR 13 *  
ERROR 13 *  
ERROR 13 *  
ERROR 13 *  
ERROR 13 *  
ERROR 13 *  
0 1 0 0 -0.00925022 -0.00664176 -0.581667 -0.75 -6426 -0.547304 -0.412131 -3.36183e+07 
0 1 0 0 -0.00946292 -0.00664176 -0.582 -0.75 -6428.5 -0.547298 -0.412128 -3.36337e+07 
0 1 0 0 -0.00946292 -0.00664176 -0.582 -0.75 -6428.5 -0.547298 -0.412128 -3.36337e+07 
0 1 0 0 -0.00946292 -0.00664176 -0.582 -0.75 -6428.5 -0.547298 -0.412128 -3.36337e+07 
0 1 0 0 -0.00946292 -0.00664176 -0.582 -0.75 -6428.5 -0.547298 -0.412128 -3.36337e+07 
0 1 0 0 -0.00946292 -0.00664176 -0.582 -0.75 -6428.5 -0.547298 -0.412128 -3.36337e+07 
0 1 0 0 -0.00946292 -0.00664176 -0.582 -0.75 -6428.5 -0.547298 -0.412128 -3.36337e+07 
0 1 0 0 -0.00946292 -0.00664176 -0.582 -0.75 -6428.5 -0.547298 -0.412128 -3.36337e+07 
0 1 0 0 -0.00946292 -0.00664176 -0.582 -0.75 -6428.5 -0.547299 -0.412126 -3.36336e+07 
0 1 0 0 -0.00946292 -0.00664176 -0.582 -0.75 -6428.5 -0.547298 -0.412128 -3.36337e+07 
0 1 0 0 -0.00946292 -0.00664176 -0.582 -0.75 -6428.5 -0.547299 -0.412126 -3.36336e+07 
0 1 0 0 -0.00925022 -0.00664176 -0.581667 -0.75 -6426 -0.547304 -0.412131 -3.36183e+07 
0 1 0 0 -0.00946292 -0.00664176 -0.582 -0.75 -6428.5 -0.547298 -0.412128 -3.36337e+07 
0 1 0 0 -0.00946292 -0.00664176 -0.582 -0.75 -6428.5 -0.547298 -0.412128 -3.36337e+07 
0 1 0 0 -0.00946292 -0.00664176 -0.582 -0.75 -6428.5 -0.547298 -0.412128 -3.36337e+07 
0 1 0 0 -0.00925022 -0.00664176 -0.581667 -0.75 -6426 -0.547305 -0.412131 -3.36183e+07 
ERROR 13 *  
ERROR 13 *  
ERROR 13 *  
ERROR 13 *  
ERROR 13 *  
ERROR 13 *  
ERROR 13 *  
ERROR 13 *  
ERROR 13 *  
ERROR 13 *  
ERROR 13 *  
ERROR 13 *  
ERROR 13 *  
ERROR 13 *  
ERROR 13 *  
ERROR 13 *  
0 1 0 0 -0.00946292 -0.00664176 -0.582 -0.75 -6428.5 -0.547298 -0.412128 -3.36337e+07 
0 1 0 0 -0.00946292 -0.00664176 -0.582 -0.75 -6428.5 -0.547298 -0.412128 -3.36337e+07 
0 1 0 0 -0.00946292 -0.00664176 -0.582 -0.75 -6428.5 -0.547298 -0.412128 -3.36337e+07 
0 1 0 0 -0.00946292 -0.00664176 -0.582 -0.75 -6428.5 -0.547298 -0.412128 -3.36337e+07 
0 1 0 0 -0.00946292 -0.00664176 -0.582 -0.75 -6428.5 -0.547298 -0.412128 -3.36337e+07 
0 1 0 0 -0.00946292 -0.00664176 -0.582 -0.75 -6428.5 -0.547298 -0.412128 -3.36337e+07 
0 1 0 0 -0.00946292 -0.00664176 -0.582 -0.75 -6428.5 -0.547298 -0.412128 -3.36337e+07 
0 1 0 0 -0.00946292 -0.00664176 -0.582 -0.75 -6428.5 -0.547298 -0.412128 -3.36337e+07 
0 1 0 0 -0.00946292 -0.00664176 -0.582 -0.75 -6428.5 -0.547298 -0.412128 -3.36337e+07 
0 1 0 0 -0.00946292 -0.00664176 -0.582 -0.75 -6428.5 -0.547298 -0.412128 -3.36337e+07 
0 1 0 0 -0.00946292 -0.00664176 -0.582 -0.75 -6428.5 -0.547298 -0.412128 -3.36337e+07 
0 1 0 0 -0.00946292 -0.00664176 -0.582 -0.75 -6428.5 -0.547298 -0.412128 -3.36337e+07 
0 1 0 0 -0.00946292 -0.00664176 -0.582 -0.75 -6428.5 -0.547298 -0.412128 -3.36337e+07 
0 1 0 0 -0.00946292 -0.00664176 -0.582 -0.75 -6428.5 -0.547298 -0.412128 -3.36337e+07 
0 1 0 0 -0.00946292 -0.00664176 -0.582 -0.75 -6428.5 -0.547298 -0.412128 -3.36337e+07 
0 1 0 0 -0.00925022 -0.00664176 -0.581667 -0.75 -6426 -0.547304 -0.412131 -3.36183e+07 
ERROR 13 *  
ERROR 13 *  
ERROR 13 *  
ERROR 13 *  
ERROR 13 *  
ERROR 13 *  
ERROR 13 *  
ERROR 13 *  
ERROR 13 *  
ERROR 13 *  
ERROR 13 *  
ERROR 13 *  
ERROR 13 *  
ERROR 13 *  
ERROR 13 *  
ERROR 13 *  
0 1 0 0 -0.00946292 -0.00664176 -0.582 -0.75 -6428.5 -0.547298 -0.412128 -3.36337e+07 
0 1 0 0 -0.00946292 -0.00664176 -0.582 -0.75 -6428.5 -0.547298 -0.412128 -3.36337e+07 
0 1 0 0 -0.00946292 -0.00664176 -0.582 -0.75 -6428.5 -0.547298 -0.412128 -3.36337e+07 
0 1 0 0 -0.00946292 -0.00664176 -0.582 -0.75 -6428.5 -0.547298 -0.412128 -3.36337e+07 
0 1 0 0 -0.00946292 -0.00664176 -0.582 -0.75 -6428.5 -0.547298 -0.412128 -3.36337e+07 
0 1 0 0 -0.00946292 -0.00664176 -0.582 -0.75 -6428.5 -0.547298 -0.412128 -3.36337e+07 
0 1 0 0 -0.00946292 -0.00664176 -0.582 -0.75 -6428.5 -0.547298 -0.412128 -3.36337e+07 
0 1 0 0 -0.00946292 -0.00664176 -0.582 -0.75 -6428.5 -0.547298 -0.412128 -3.36337e+07 
0 1 0 0 -0.00946292 -0.00664176 -0.582 -0.75 -6428.5 -0.547298 -0.412128 -3.36337e+07 
0 1 0 0 -0.00946292 -0.00664176 -0.582 -0.75 -6428.5 -0.547298 -0.412128 -3.36337e+07 
0 1 0 0 -0.00946292 -0.00664176 -0.582 -0.75 -6428.5 -0.547298 -0.412128 -3.36337e+07 
0 1 0 0 -0.00946292 -0.00664176 -0.582 -0.75 -6428.5 -0.547298 -0.412128 -3.36337e+07 
0 1 0 0 -0.00946292 -0.00664176 -0.582 -0.75 -6428.5 -0.547298 -0.412128 -3.36337e+07 
0 1 0 0 -0.00946292 -0.00664176 -0.582 -0.75 -6428.5 -0.547298 -0.412128 -3.36337e+07 
0 1 0 0 -0.00946292 -0.00664176 -0.582 -0.75 -6428.5 -0.547298 -0.412128 -3.36337e+07 
0 1 0 0 -0.00946292 -0.00664176 -0.582 -0.75 -6428.5 -0.547298 -0.412128 -3.36337e+07 
ERROR 13 *  
ERROR 13 *  
ERROR 13 *  
ERROR 13 *  
ERROR 13 *  
ERROR 13 *  
ERROR 13 *  
ERROR 13 *  
ERROR 13 *  
ERROR 13 *  
ERROR 13 *  
ERROR 13 *  
ERROR 13 *  
ERROR 13 *  
ERROR 13 *  
ERROR 13 *  
0 1 0 0 -0.00946292 -0.00664176 -0.582 -0.75 -6428.5 -0.547298 -0.412128 -3.36337e+07 
0 1 0 0 -0.00946292 -0.00664176 -0.582 -0.75 -6428.5 -0.547298 -0.412128 -3.36337e+07 
0 1 0 0 -0.00946292 -0.00664176 -0.582 -0.75 -6428.5 -0.547298 -0.412128 -3.36337e+07 
0 1 0 0 -0.00946292 -0.00664176 -0.582 -0.75 -6428.5 -0.547298 -0.412128 -3.36337e+07 
0 1 0 0 -0.00946292 -0.00664176 -0.582 -0.75 -6428.5 -0.547298 -0.412128 -3.36337e+07 
0 1 0 0 -0.00946292 -0.00664176 -0.582 -0.75 -6428.5 -0.547298 -0.412128 -3.36337e+07 
0 1 0 0 -0.00946292 -0.00664176 -0.582 -0.75 -6428.5 -0.547298 -0.412128 -3.36337e+07 
0 1 0 0 -0.00946292 -0.00664176 -0.582 -0.75 -6428.5 -0.547298 -0.412128 -3.36337e+07 
0 1 0 0 -0.00946292 -0.00664176 -0.582 -0.75 -6428.5 -0.547298 -0.412128 -3.36337e+07 
0 1 0 0 -0.00946292 -0.00664176 -0.582 -0.75 -6428.5 -0.547298 -0.412128 -3.36337e+07 
0 1 0 0 -0.00946292 -0.00664176 -0.582 -0.75 -6428.5 -0.547298 -0.412128 -3.36337e+07 
0 1 0 0 -0.00946292 -0.00664176 -0.582 -0.75 -6428.5 -0.547298 -0.412128 -3.36337e+07 
0 1 0 0 -0.00946292 -0.00664176 -0.582 -0.75 -6428.5 -0.547298 -0.412128 -3.36337e+07 
0 1 0 0 -0.00946292 -0.00664176 -0.582 -0.75 -6428.5 -0.547298 -0.412128 -3.36337e+07 
0 1 0 0 -0.00946292 -0.00664176 -0.582 -0.75 -6428.5 -0.547298 -0.412128 -3.36337e+07 
0 1 0 0 -0.00946292 -0.00664176 -0.582 -0.75 -6428.5 -0.547298 -0.412128 -3.36337e+07 
ERROR 13 *  
ERROR 13 *  
ERROR 13 *  
ERROR 13 *  
ERROR 13 *  
ERROR 13 *  
ERROR 13 *  
ERROR 13 *  
ERROR 13 *  
ERROR 13 *  
ERROR 13 *  
ERROR 13 *  
ERROR 13 *  
ERROR 13 *  
ERROR 13 *  
ERROR 13 *  
0 1 0 0 -0.00946292 -0.00664176 -0.582 -0.75 -6428.5 -0.547298 -0.412128 -3.36337e+07 
0 1 0 0 -0.00946292 -0.00664176 -0.582 -0.75 -6428.5 -0.547298 -0.412128 -3.36337e+07 
0 1 0 0 -0.00946292 -0.00664176 -0.582 -0.75 -6428.5 -0.547298 -0.412128 -3.36337e+07 
0 1 0 0 -0.00946292 -0.00664176 -0.582 -0.75 -6428.5 -0.547298 -0.412128 -3.36337e+07 
0 1 0 0 -0.00946292 -0.00664176 -0.582 -0.75 -6428.5 -0.547298 -0.412128 -3.36337e+07 
0 1 0 0 -0.00946292 -0.00664176 -0.582 -0.75 -6428.5 -0.547298 -0.412128 -3.36337e+07 
0 1 0 0 -0.00946292 -0.00664176 -0.582 -0.75 -6428.5 -0.547298 -0.412128 -3.36337e+07 
0 1 0 0 -0.00946292 -0.00664176 -0.582 -0.75 -6428.5 -0.547298 -0.412128 -3.36337e+07 
0 1 0 0 -0.00946292 -0.00664176 -0.582 -0.75 -6428.5 -0.547298 -0.412128 -3.36337e+07 
0 1 0 0 -0.00946292 -0.00664176 -0.582 -0.75 -6428.5 -0.547298 -0.412128 -3.36337e+07 
0 1 0 0 -0.00946292 -0.00664176 -0.582 -0.75 -6428.5 -0.547298 -0.412128 -3.36337e+07 
0 1 0 0 -0.00946292 -0.00664176 -0.582 -0.75 -6428.5 -0.547298 -0.412128 -3.36337e+07 
0 1 0 0 -0.00946292 -0.00664176 -0.582 -0.75 -6428.5 -0.547298 -0.412128 -3.36337e+07 
0 1 0 0 -0.00946292 -0.00664176 -0.582 -0.75 -6428.5 -0.547298 -0.412128 -3.36337e+07 
0 1 0 0 -0.00946292 -0.00664176 -0.582 -0.75 -6428.5 -0.547298 -0.412128 -3.36337e+07 
0 1 0 0 -0.00946292 -0.00664176 -0.582 -0.75 -6428.5 -0.547298 -0.412128 -3.36337e+07 
ERROR 13 *  
ERROR 13 *  
ERROR 13 *  
ERROR 13 *  
ERROR 13 *  
ERROR 13 *  
ERROR 13 *  
ERROR 13 *  
ERROR 13 *  
ERROR 13 *  
ERROR 13 *  
ERROR 13 *  
ERROR 13 *  
ERROR 13 *  
ERROR 13 *  
ERROR 13 *  
0 1 0 0 -0.00946292 -0.00664176 -0.582 -0.75 -6428.5 -0.547298 -0.412128 -3.36337e+07 
0 1 0 0 -0.00946292 -0.00664176 -0.582 -0.75 -6428.5 -0.547298 -0.412128 -3.36337e+07 
0 1 0 0 -0.00946292 -0.00664176 -0.582 -0.75 -6428.5 -0.547298 -0.412128 -3.36337e+07 
0 1 0 0 -0.00946292 -0.00664176 -0.582 -0.75 -6428.5 -0.547298 -0.412128 -3.36337e+07 
0 1 0 0 -0.00946292 -0.00664176 -0.582 -0.75 -6428.5 -0.547298 -0.412128 -3.36337e+07 
0 1 0 0 -0.00946292 -0.00664176 -0.582 -0.75 -6428.5 -0.547298 -0.412128 -3.36337e+07 
0 1 0 0 -0.00946292 -0.00664176 -0.582 -0.75 -6428.5 -0.547298 -0.412128 -3.36337e+07 
0 1 0 0 -0.00946292 -0.00664176 -0.582 -0.75 -6428.5 -0.547298 -0.412128 -3.36337e+07 
0 1 0 0 -0.00946292 -0.00664176 -0.582 -0.75 -6428.5 -0.547298 -0.412128 -3.36337e+07 
0 1 0 0 -0.00946292 -0.00664176 -0.582 -0.75 -6428.5 -0.547298 -0.412128 -3.36337e+07 
0 1 0 0 -0.00946292 -0.00664176 -0.582 -0.75 -6428.5 -0.547298 -0.412128 -3.36337e+07 
0 1 0 0 -0.00946292 -0.00664176 -0.582 -0.75 -6428.5 -0.547298 -0.412128 -3.36337e+07 
0 1 0 0 -0.00946292 -0.00664176 -0.582 -0.75 -6428.5 -0.547298 -0.412128 -3.36337e+07 
0 1 0 0 -0.00946292 -0.00664176 -0.582 -0.75 -6428.5 -0.547298 -0.412128 -3.36337e+07 
0 1 0 0 -0.00946292 -0.00664176 -0.582 -0.75 -6428.5 -0.547298 -0.412128 -3.36337e+07 
0 1 0 0 -0.00946292 -0.00664176 -0.582 -0.75 -6428.5 -0.547298 -0.412128 -3.36337e+07 
ERROR 13 *  
ERROR 13 *  
ERROR 13 *  
ERROR 13 *  
ERROR 13 *  
ERROR 13 *  
ERROR 13 *  
ERROR 13 *  
ERROR 13 *  
ERROR 13 *  
ERROR 13 *  
ERROR 13 *  
ERROR 13 *  
ERROR 13 *  
ERROR 13 *  
ERROR 13 *  
0 1 0 0 -0.00946292 -0.00664176 -0.582 -0.75 -6428.5 -0.547298 -0.412128 -3.36337e+07 
0 1 0 0 -0.00946292 -0.00664176 -0.582 -0.75 -6428.5 -0.547298 -0.412128 -3.36337e+07 
0 1 0 0 -0.00946292 -0.00664176 -0.582 -0.75 -6428.5 -0.547298 -0.412128 -3.36337e+07 
0 1 0 0 -0.00946292 -0.00664176 -0.582 -0.75 -6428.5 -0.547298 -0.412128 -3.36337e+07 
0 1 0 0 -0.00946292 -0.00664176 -0.582 -0.75 -6428.5 -0.547298 -0.412128 -3.36337e+07 
0 1 0 0 -0.00946292 -0.00664176 -0.582 -0.75 -6428.5 -0.547298 -0.412128 -3.36337e+07 
0 1 0 0 -0.00946292 -0.00664176 -0.582 -0.75 -6428.5 -0.547298 -0.412128 -3.36337e+07 
0 1 0 0 -0.00946292 -0.00664176 -0.582 -0.75 -6428.5 -0.547298 -0.412128 -3.36337e+07 
0 1 0 0 -0.00946292 -0.00664176 -0.582 -0.75 -6428.5 -0.547298 -0.412128 -3.36337e+07 
0 1 0 0 -0.00946292 -0.00664176 -0.582 -0.75 -6428.5 -0.547298 -0.412128 -3.36337e+07 
0 1 0 0 -0.00946292 -0.00664176 -0.582 -0.75 -6428.5 -0.547298 -0.412128 -3.36337e+07 
0 1 0 0 -0.00946292 -0.00664176 -0.582 -0.75 -6428.5 -0.547298 -0.412128 -3.36337e+07 
0 1 0 0 -0.00946292 -0.00664176 -0.582 -0.75 -6428.5 -0.547298 -0.412128 -3.36337e+07 
0 1 0 0 -0.00946292 -0.00664176 -0.582 -0.75 -6428.5 -0.547298 -0.412128 -3.36337e+07 
0 1 0 0 -0.00946292 -0.00664176 -0.582 -0.75 -6428.5 -0.547298 -0.412128 -3.36337e+07 
0 1 0 0 -0.00946292 -0.00664176 -0.582 -0.75 -6428.5 -0.547298 -0.412128 -3.36337e+07 
ERROR 13 *  
ERROR 13 *  
ERROR 13 *  
ERROR 13 *  
ERROR 13 *  
ERROR 13 *  
ERROR 13 *  
ERROR 13 *  
ERROR 13 *  
ERROR 13 *  
ERROR 13 *  
ERROR 13 *  
ERROR 13 *  
ERROR 13 *  
ERROR 13 *  
ERROR 13 *  
0 1 0 0 -0.00946292 -0.00664176 -0.582 -0.75 -6428.5 -0.547298 -0.412128 -3.36337e+07 
0 1 0 0 -0.00946292 -0.00664176 -0.582 -0.75 -6428.5 -0.547298 -0.412128 -3.36337e+07 
0 1 0 0 -0.00946292 -0.00664176 -0.582 -0.75 -6428.5 -0.547298 -0.412128 -3.36337e+07 
0 1 0 0 -0.00946292 -0.00664176 -0.582 -0.75 -6428.5 -0.547298 -0.412128 -3.36337e+07 
0 1 0 0 -0.00946292 -0.00664176 -0.582 -0.75 -6428.5 -0.547298 -0.412128 -3.36337e+07 
0 1 0 0 -0.00946292 -0.00664176 -0.582 -0.75 -6428.5 -0.547298 -0.412128 -3.36337e+07 
0 1 0 0 -0.00946292 -0.00664176 -0.582 -0.75 -6428.5 -0.547298 -0.412128 -3.36337e+07 
0 1 0 0 -0.00946292 -0.00664176 -0.582 -0.75 -6428.5 -0.547298 -0.412128 -3.36337e+07 
0 1 0 0 -0.00946292 -0.00664176 -0.582 -0.75 -6428.5 -0.547298 -0.412128 -3.36337e+07 
0 1 0 0 -0.00946292 -0.00664176 -0.582 -0.75 -6428.5 -0.547298 -0.412128 -3.36337e+07 
0 1 0 0 -0.00946292 -0.00664176 -0.582 -0.75 -6428.5 -0.547298 -0.412128 -3.36337e+07 
0 1 0 0 -0.00946292 -0.00664176 -0.582 -0.75 -6428.5 -0.547298 -0.412128 -3.36337e+07 
0 1 0 0 -0.00946292 -0.00664176 -0.582 -0.75 -6428.5 -0.547298 -0.412128 -3.36337e+07 
0 1 0 0 -0.00946292 -0.00664176 -0.582 -0.75 -6428.5 -0.547298 -0.412128 -3.36337e+07 
0 1 0 0 -0.00946292 -0.00664176 -0.582 -0.75 -6428.5 -0.547298 -0.412128 -3.36337e+07 
0 1 0 0 -0.00946292 -0.00664176 -0.582 -0.75 -6428.5 -0.547298 -0.412128 -3.36337e+07 
ERROR 13 *  
ERROR 13 *  
ERROR 13 *  
ERROR 13 *  
ERROR 13 *  
ERROR 13 *  
ERROR 13 *  
ERROR 13 *  
ERROR 13 *  
ERROR 13 *  
ERROR 13 *  
ERROR 13 *  
ERROR 13 *  
ERROR 13 *  
ERROR 13 *  
ERROR 13 *  
0 1 0 0 -0.00946292 -0.00664176 -0.582 -0.75 -6428.5 -0.547298 -0.412128 -3.36337e+07 
0 1 0 0 -0.00946292 -0.00664176 -0.582 -0.75 -6428.5 -0.547298 -0.412128 -3.36337e+07 
0 1 0 0 -0.00946292 -0.00664176 -0.582 -0.75 -6428.5 -0.547298 -0.412128 -3.36337e+07 
0 1 0 0 -0.00946292 -0.00664176 -0.582 -0.75 -6428.5 -0.547298 -0.412128 -3.36337e+07 
0 1 0 0 -0.00946292 -0.00664176 -0.582 -0.75 -6428.5 -0.547298 -0.412128 -3.36337e+07 
0 1 0 0 -0.00946292 -0.00664176 -0.582 -0.75 -6428.5 -0.547298 -0.412128 -3.36337e+07 
0 1 0 0 -0.00946292 -0.00664176 -0.582 -0.75 -6428.5 -0.547298 -0.412128 -3.36337e+07 
0 1 0 0 -0.00946292 -0.00664176 -0.582 -0.75 -6428.5 -0.547298 -0.412128 -3.36337e+07 
0 1 0 0 -0.00946292 -0.00664176 -0.582 -0.75 -6428.5 -0.547298 -0.412128 -3.36337e+07 
0 1 0 0 -0.00946292 -0.00664176 -0.582 -0.75 -6428.5 -0.547298 -0.412128 -3.36337e+07 
0 1 0 0 -0.00946292 -0.00664176 -0.582 -0.75 -6428.5 -0.547298 -0.412128 -3.36337e+07 
0 1 0 0 -0.00946292 -0.00664176 -0.582 -0.75 -6428.5 -0.547298 -0.412128 -3.36337e+07 
0 1 0 0 -0.00946292 -0.00664176 -0.582 -0.75 -6428.5 -0.547298 -0.412128 -3.36337e+07 
0 1 0 0 -0.00946292 -0.00664176 -0.582 -0.75 -6428.5 -0.547298 -0.412128 -3.36337e+07 
0 1 0 0 -0.00946292 -0.00664176 -0.582 -0.75 -6428.5 -0.547298 -0.412128 -3.36337e+07 
0 1 0 0 -0.00946292 -0.00664176 -0.582 -0.75 -6428.5 -0.547298 -0.412128 -3.36337e+07 
ERROR 13 *  
ERROR 13 *  
ERROR 13 *  
ERROR 13 *  
ERROR 13 *  
ERROR 13 *  
ERROR 13 *  
ERROR 13 *  
ERROR 13 *  
ERROR 13 *  
ERROR 13 *  
ERROR 13 *  
ERROR 13 *  
ERROR 13 *  
ERROR 13 *  
ERROR 13 *  
0 1 0 0 -0.00946292 -0.00664176 -0.582 -0.75 -6428.5 -0.547298 -0.412128 -3.36337e+07 
0 1 0 0 -0.00946292 -0.00664176 -0.582 -0.75 -6428.5 -0.547298 -0.412128 -3.36337e+07 
0 1 0 0 -0.00946292 -0.00664176 -0.582 -0.75 -6428.5 -0.547298 -0.412128 -3.36337e+07 
0 1 0 0 -0.00946292 -0.00664176 -0.582 -0.75 -6428.5 -0.547298 -0.412128 -3.36337e+07 
0 1 0 0 -0.00946292 -0.00664176 -0.582 -0.75 -6428.5 -0.547298 -0.412128 -3.36337e+07 
0 1 0 0 -0.00946292 -0.00664176 -0.582 -0.75 -6428.5 -0.547298 -0.412128 -3.36337e+07 
0 1 0 0 -0.00946292 -0.00664176 -0.582 -0.75 -6428.5 -0.547298 -0.412128 -3.36337e+07 
0 1 0 0 -0.00946292 -0.00664176 -0.582 -0.75 -6428.5 -0.547298 -0.412128 -3.36337e+07 
0 1 0 0 -0.00946292 -0.00664176 -0.582 -0.75 -6428.5 -0.547298 -0.412128 -3.36337e+07 
0 1 0 0 -0.00946292 -0.00664176 -0.582 -0.75 -6428.5 -0.547298 -0.412128 -3.36337e+07 
0 1 0 0 -0.00946292 -0.00664176 -0.582 -0.75 -6428.5 -0.547298 -0.412128 -3.36337e+07 
0 1 0 0 -0.00946292 -0.00664176 -0.582 -0.75 -6428.5 -0.547298 -0.412128 -3.36337e+07 
0 1 0 0 -0.00946292 -0.00664176 -0.582 -0.75 -6428.5 -0.547298 -0.412128 -3.36337e+07 
0 1 0 0 -0.00946292 -0.00664176 -0.582 -0.75 -6428.5 -0.547298 -0.412128 -3.36337e+07 
0 1 0 0 -0.00946292 -0.00664176 -0.582 -0.75 -6428.5 -0.547298 -0.412128 -3.36337e+07 
0 1 0 0 -0.00946292 -0.00664176 -0.582 -0.75 -6428.5 -0.547298 -0.412128 -3.36337e+07 
ERROR 13 *  
ERROR 13 *  
ERROR 13 *  
ERROR 13 *  
ERROR 13 *  
ERROR 13 *  
ERROR 13 *  
ERROR 13 *  
ERROR 13 *  
ERROR 13 *  
ERROR 13 *  
ERROR 13 *  
ERROR 13 *  
ERROR 13 *  
ERROR 13 *  
ERROR 13 *  
0 1 0 0 -0.00946292 -0.00664176 -0.582 -0.75 -6428.5 -0.547298 -0.412128 -3.36337e+07 
0 1 0 0 -0.00946292 -0.00664176 -0.582 -0.75 -6428.5 -0.547298 -0.412128 -3.36337e+07 
0 1 0 0 -0.00946292 -0.00664176 -0.582 -0.75 -6428.5 -0.547298 -0.412128 -3.36337e+07 
0 1 0 0 -0.00946292 -0.00664176 -0.582 -0.75 -6428.5 -0.547298 -0.412128 -3.36337e+07 
0 1 0 0 -0.00946292 -0.00664176 -0.582 -0.75 -6428.5 -0.547298 -0.412128 -3.36337e+07 
0 1 0 0 -0.00946292 -0.00664176 -0.582 -0.75 -6428.5 -0.547298 -0.412128 -3.36337e+07 
0 1 0 0 -0.00946292 -0.00664176 -0.582 -0.75 -6428.5 -0.547298 -0.412128 -3.36337e+07 
0 1 0 0 -0.00946292 -0.00664176 -0.582 -0.75 -6428.5 -0.547298 -0.412128 -3.36337e+07 
0 1 0 0 -0.00946292 -0.00664176 -0.582 -0.75 -6428.5 -0.547298 -0.412128 -3.36337e+07 
0 1 0 0 -0.00946292 -0.00664176 -0.582 -0.75 -6428.5 -0.547298 -0.412128 -3.36337e+07 
0 1 0 0 -0.00946292 -0.00664176 -0.582 -0.75 -6428.5 -0.547298 -0.412128 -3.36337e+07 
0 1 0 0 -0.00946292 -0.00664176 -0.582 -0.75 -6428.5 -0.547298 -0.412128 -3.36337e+07 
0 1 0 0 -0.00946292 -0.00664176 -0.582 -0.75 -6428.5 -0.547298 -0.412128 -3.36337e+07 
0 1 0 0 -0.00946292 -0.00664176 -0.582 -0.75 -6428.5 -0.547298 -0.412128 -3.36337e+07 
0 1 0 0 -0.00946292 -0.00664176 -0.582 -0.75 -6428.5 -0.547298 -0.412128 -3.36337e+07 
0 1 0 0 -0.00946292 -0.00664176 -0.582 -0.75 -6428.5 -0.547298 -0.412128 -3.36337e+07 
ERROR 13 *  
ERROR 13 *  
ERROR 13 *  
ERROR 13 *  
ERROR 13 *  
ERROR 13 *  
ERROR 13 *  
ERROR 13 *  
ERROR 13 *  
ERROR 13 *  
ERROR 13 *  
ERROR 13 *  
ERROR 13 *  
ERROR 13 *  
ERROR 13 *  
ERROR 13 *  
0 1 0 0 -0.00946292 -0.00664176 -0.582 -0.75 -6428.5 -0.547298 -0.412128 -3.36337e+07 
0 1 0 0 -0.00946292 -0.00664176 -0.582 -0.75 -6428.5 -0.547298 -0.412128 -3.36337e+07 
0 1 0 0 -0.00946292 -0.00664176 -0.582 -0.75 -6428.5 -0.547298 -0.412128 -3.36337e+07 
0 1 0 0 -0.00946292 -0.00664176 -0.582 -0.75 -6428.5 -0.547298 -0.412128 -3.36337e+07 
0 1 0 0 -0.00946292 -0.00664176 -0.582 -0.75 -6428.5 -0.547298 -0.412128 -3.36337e+07 
0 1 0 0 -0.00946292 -0.00664176 -0.582 -0.75 -6428.5 -0.547298 -0.412128 -3.36337e+07 
0 1 0 0 -0.00946292 -0.00664176 -0.582 -0.75 -6428.5 -0.547298 -0.412128 -3.36337e+07 
0 1 0 0 -0.00946292 -0.00664176 -0.582 -0.75 -6428.5 -0.547298 -0.412128 -3.36337e+07 
0 1 0 0 -0.00946292 -0.00664176 -0.582 -0.75 -6428.5 -0.547298 -0.412128 -3.36337e+07 
0 1 0 0 -0.00946292 -0.00664176 -0.582 -0.75 -6428.5 -0.547298 -0.412128 -3.36337e+07 
0 1 0 0 -0.00946292 -0.00664176 -0.582 -0.75 -6428.5 -0.547298 -0.412128 -3.36337e+07 
0 1 0 0 -0.00946292 -0.00664176 -0.582 -0.75 -6428.5 -0.547298 -0.412128 -3.36337e+07 
0 1 0 0 -0.00946292 -0.00664176 -0.582 -0.75 -6428.5 -0.547298 -0.412128 -3.36337e+07 
0 1 0 0 -0.00946292 -0.00664176 -0.582 -0.75 -6428.5 -0.547298 -0.412128 -3.36337e+07 
0 1 0 0 -0.00946292 -0.00664176 -0.582 -0.75 -6428.5 -0.547298 -0.412128 -3.36337e+07 
0 1 0 0 -0.00946292 -0.00664176 -0.582 -0.75 -6428.5 -0.547298 -0.412128 -3.36337e+07 
ERROR 13 *  
ERROR 13 *  
ERROR 13 *  
ERROR 13 *  
ERROR 13 *  
ERROR 13 *  
ERROR 13 *  
ERROR 13 *  
ERROR 13 *  
ERROR 13 *  
ERROR 13 *  
ERROR 13 *  
ERROR 13 *  
ERROR 13 *  
ERROR 13 *  
ERROR 13 *  
0 1 0 0 -0.00946292 -0.00664176 -0.582 -0.75 -6428.5 -0.547298 -0.412128 -3.36337e+07 
0 1 0 0 -0.00946292 -0.00664176 -0.582 -0.75 -6428.5 -0.547298 -0.412128 -3.36337e+07 
0 1 0 0 -0.00946292 -0.00664176 -0.582 -0.75 -6428.5 -0.547298 -0.412128 -3.36337e+07 
0 1 0 0 -0.00946292 -0.00664176 -0.582 -0.75 -6428.5 -0.547298 -0.412128 -3.36337e+07 
0 1 0 0 -0.00946292 -0.00664176 -0.582 -0.75 -6428.5 -0.547298 -0.412128 -3.36337e+07 
0 1 0 0 -0.00946292 -0.00664176 -0.582 -0.75 -6428.5 -0.547298 -0.412128 -3.36337e+07 
0 1 0 0 -0.00946292 -0.00664176 -0.582 -0.75 -6428.5 -0.547298 -0.412128 -3.36337e+07 
0 1 0 0 -0.00946292 -0.00664176 -0.582 -0.75 -6428.5 -0.547298 -0.412128 -3.36337e+07 
0 1 0 0 -0.00946292 -0.00664176 -0.582 -0.75 -6428.5 -0.547298 -0.412128 -3.36337e+07 
0 1 0 0 -0.00946292 -0.00664176 -0.582 -0.75 -6428.5 -0.547298 -0.412128 -3.36337e+07 
0 1 0 0 -0.00946292 -0.00664176 -0.582 -0.75 -6428.5 -0.547298 -0.412128 -3.36337e+07 
0 1 0 0 -0.00946292 -0.00664176 -0.582 -0.75 -6428.5 -0.547298 -0.412128 -3.36337e+07 
0 1 0 0 -0.00946292 -0.00664176 -0.582 -0.75 -6428.5 -0.547298 -0.412128 -3.36337e+07 
0 1 0 0 -0.00946292 -0.00664176 -0.582 -0.75 -6428.5 -0.547298 -0.412128 -3.36337e+07 
0 1 0 0 -0.00946292 -0.00664176 -0.582 -0.75 -6428.5 -0.547298 -0.412128 -3.36337e+07 
0 1 0 0 -0.00946292 -0.00664176 -0.582 -0.75 -6428.5 -0.547298 -0.412128 -3.36337e+07 
ERROR 13 *  
ERROR 13 *  
ERROR 13 *  
ERROR 13 *  
ERROR 13 *  
ERROR 13 *  
ERROR 13 *  
ERROR 13 *  
ERROR 13 *  
ERROR 13 *  
ERROR 13 *  
ERROR 13 *  
ERROR 13 *  
ERROR 13 *  
ERROR 13 *  
ERROR 13 *  
0 1 0 0 -0.00946292 -0.00664176 -0.582 -0.75 -6428.5 -0.547298 -0.412128 -3.36337e+07 
0 1 0 0 -0.00946292 -0.00664176 -0.582 -0.75 -6428.5 -0.547298 -0.412128 -3.36337e+07 
0 1 0 0 -0.00946292 -0.00664176 -0.582 -0.75 -6428.5 -0.547298 -0.412128 -3.36337e+07 
0 1 0 0 -0.00946292 -0.00664176 -0.582 -0.75 -6428.5 -0.547298 -0.412128 -3.36337e+07 
0 1 0 0 -0.00946292 -0.00664176 -0.582 -0.75 -6428.5 -0.547298 -0.412128 -3.36337e+07 
0 1 0 0 -0.00946292 -0.00664176 -0.582 -0.75 -6428.5 -0.547298 -0.412128 -3.36337e+07 
0 1 0 0 -0.00946292 -0.00664176 -0.582 -0.75 -6428.5 -0.547298 -0.412128 -3.36337e+07 
0 1 0 0 -0.00946292 -0.00664176 -0.582 -0.75 -6428.5 -0.547298 -0.412128 -3.36337e+07 
0 1 0 0 -0.00946292 -0.00664176 -0.582 -0.75 -6428.5 -0.547298 -0.412128 -3.36337e+07 
0 1 0 0 -0.00946292 -0.00664176 -0.582 -0.75 -6428.5 -0.547298 -0.412128 -3.36337e+07 
0 1 0 0 -0.00946292 -0.00664176 -0.582 -0.75 -6428.5 -0.547298 -0.412128 -3.36337e+07 
0 1 0 0 -0.00946292 -0.00664176 -0.582 -0.75 -6428.5 -0.547298 -0.412128 -3.36337e+07 
0 1 0 0 -0.00946292 -0.00664176 -0.582 -0.75 -6428.5 -0.547298 -0.412128 -3.36337e+07 
0 1 0 0 -0.00946292 -0.00664176 -0.582 -0.75 -6428.5 -0.547298 -0.412128 -3.36337e+07 
0 1 0 0 -0.00946292 -0.00664176 -0.582 -0.75 -6428.5 -0.547298 -0.412128 -3.36337e+07 
0 1 0 0 -0.00946292 -0.00664176 -0.582 -0.75 -6428.5 -0.547298 -0.412128 -3.36337e+07 
ERROR 13 *  
ERROR 13 *  
ERROR 13 *  
ERROR 13 *  
ERROR 13 *  
ERROR 13 *  
ERROR 13 *  
ERROR 13 *  
ERROR 13 *  
ERROR 13 *  
ERROR 13 *  
ERROR 13 *  
ERROR 13 *  
ERROR 13 *  
ERROR 13 *  
ERROR 13 *  
0 1 0 0 -0.00946292 -0.00664176 -0.582 -0.75 -6428.5 -0.547298 -0.412128 -3.36337e+07 
0 1 0 0 -0.00946292 -0.00664176 -0.582 -0.75 -6428.5 -0.547298 -0.412128 -3.36337e+07 
0 1 0 0 -0.00946292 -0.00664176 -0.582 -0.75 -6428.5 -0.547298 -0.412128 -3.36337e+07 
0 1 0 0 -0.00946292 -0.00664176 -0.582 -0.75 -6428.5 -0.547298 -0.412128 -3.36337e+07 
0 1 0 0 -0.00946292 -0.00664176 -0.582 -0.75 -6428.5 -0.547298 -0.412128 -3.36337e+07 
0 1 0 0 -0.00946292 -0.00664176 -0.582 -0.75 -6428.5 -0.547298 -0.412128 -3.36337e+07 
0 1 0 0 -0.00946292 -0.00664176 -0.582 -0.75 -6428.5 -0.547298 -0.412128 -3.36337e+07 
0 1 0 0 -0.00946292 -0.00664176 -0.582 -0.75 -6428.5 -0.547298 -0.412128 -3.36337e+07 
0 1 0 0 -0.00946292 -0.00664176 -0.582 -0.75 -6428.5 -0.547298 -0.412128 -3.36337e+07 
0 1 0 0 -0.00946292 -0.00664176 -0.582 -0.75 -6428.5 -0.547298 -0.412128 -3.36337e+07 
0 1 0 0 -0.00946292 -0.00664176 -0.582 -0.75 -6428.5 -0.547298 -0.412128 -3.36337e+07 
0 1 0 0 -0.00946292 -0.00664176 -0.582 -0.75 -6428.5 -0.547298 -0.412128 -3.36337e+07 
0 1 0 0 -0.00946292 -0.00664176 -0.582 -0.75 -6428.5 -0.547298 -0.412128 -3.36337e+07 
0 1 0 0 -0.00946292 -0.00664176 -0.582 -0.75 -6428.5 -0.547298 -0.412128 -3.36337e+07 
0 1 0 0 -0.00946292 -0.00664176 -0.582 -0.75 -6428.5 -0.547298 -0.412128 -3.36337e+07 
0 1 0 0 -0.00946292 -0.00664176 -0.582 -0.75 -6428.5 -0.547298 -0.412128 -3.36337e+07 
ERROR 13 *  
ERROR 13 *  
ERROR 13 *  
ERROR 13 *  
ERROR 13 *  
ERROR 13 *  
ERROR 13 *  
ERROR 13 *  
ERROR 13 *  
ERROR 13 *  
ERROR 13 *  
ERROR 13 *  
ERROR 13 *  
ERROR 13 *  
ERROR 13 *  
ERROR 13 *  
0 1 0 0 -0.00946292 -0.00664176 -0.582 -0.75 -6428.5 -0.547298 -0.412128 -3.36337e+07 
0 1 0 0 -0.00946292 -0.00664176 -0.582 -0.75 -6428.5 -0.547298 -0.412128 -3.36337e+07 
0 1 0 0 -0.00946292 -0.00664176 -0.582 -0.75 -6428.5 -0.547298 -0.412128 -3.36337e+07 
0 1 0 0 -0.00946292 -0.00664176 -0.582 -0.75 -6428.5 -0.547298 -0.412128 -3.36337e+07 
0 1 0 0 -0.00946292 -0.00664176 -0.582 -0.75 -6428.5 -0.547298 -0.412128 -3.36337e+07 
0 1 0 0 -0.00946292 -0.00664176 -0.582 -0.75 -6428.5 -0.547298 -0.412128 -3.36337e+07 
0 1 0 0 -0.00946292 -0.00664176 -0.582 -0.75 -6428.5 -0.547298 -0.412128 -3.36337e+07 
0 1 0 0 -0.00946292 -0.00664176 -0.582 -0.75 -6428.5 -0.547298 -0.412128 -3.36337e+07 
0 1 0 0 -0.00946292 -0.00664176 -0.582 -0.75 -6428.5 -0.547298 -0.412128 -3.36337e+07 
0 1 0 0 -0.00946292 -0.00664176 -0.582 -0.75 -6428.5 -0.547298 -0.412128 -3.36337e+07 
0 1 0 0 -0.00946292 -0.00664176 -0.582 -0.75 -6428.5 -0.547298 -0.412128 -3.36337e+07 
0 1 0 0 -0.00946292 -0.00664176 -0.582 -0.75 -6428.5 -0.547298 -0.412128 -3.36337e+07 
0 1 0 0 -0.00946292 -0.00664176 -0.582 -0.75 -6428.5 -0.547298 -0.412128 -3.36337e+07 
0 1 0 0 -0.00946292 -0.00664176 -0.582 -0.75 -6428.5 -0.547298 -0.412128 -3.36337e+07 
0 1 0 0 -0.00946292 -0.00664176 -0.582 -0.75 -6428.5 -0.547298 -0.412128 -3.36337e+07 
0 1 0 0 -0.00946292 -0.00664176 -0.582 -0.75 -6428.5 -0.547298 -0.412128 -3.36337e+07 
ERROR 13 *  
ERROR 13 *  
ERROR 13 *  
ERROR 13 *  
ERROR 13 *  
ERROR 13 *  
ERROR 13 *  
ERROR 13 *  
ERROR 13 *  
ERROR 13 *  
ERROR 13 *  
ERROR 13 *  
ERROR 13 *  
ERROR 13 *  
ERROR 13 *  
ERROR 13 *  
0 1 0 0 -0.00946292 -0.00664176 -0.582 -0.75 -6428.5 -0.547298 -0.412128 -3.36337e+07 
0 1 0 0 -0.00946292 -0.00664176 -0.582 -0.75 -6428.5 -0.547298 -0.412128 -3.36337e+07 
0 1 0 0 -0.00946292 -0.00664176 -0.582 -0.75 -6428.5 -0.547298 -0.412128 -3.36337e+07 
0 1 0 0 -0.00946292 -0.00664176 -0.582 -0.75 -6428.5 -0.547298 -0.412128 -3.36337e+07 
0 1 0 0 -0.00946292 -0.00664176 -0.582 -0.75 -6428.5 -0.547298 -0.412128 -3.36337e+07 
0 1 0 0 -0.00946292 -0.00664176 -0.582 -0.75 -6428.5 -0.547298 -0.412128 -3.36337e+07 
0 1 0 0 -0.00946292 -0.00664176 -0.582 -0.75 -6428.5 -0.547298 -0.412128 -3.36337e+07 
0 1 0 0 -0.00946292 -0.00664176 -0.582 -0.75 -6428.5 -0.547298 -0.412128 -3.36337e+07 
0 1 0 0 -0.00946292 -0.00664176 -0.582 -0.75 -6428.5 -0.547298 -0.412128 -3.36337e+07 
0 1 0 0 -0.00946292 -0.00664176 -0.582 -0.75 -6428.5 -0.547298 -0.412128 -3.36337e+07 
0 1 0 0 -0.00946292 -0.00664176 -0.582 -0.75 -6428.5 -0.547298 -0.412128 -3.36337e+07 
0 1 0 0 -0.00946292 -0.00664176 -0.582 -0.75 -6428.5 -0.547298 -0.412128 -3.36337e+07 
0 1 0 0 -0.00946292 -0.00664176 -0.582 -0.75 -6428.5 -0.547298 -0.412128 -3.36337e+07 
0 1 0 0 -0.00946292 -0.00664176 -0.582 -0.75 -6428.5 -0.547298 -0.412128 -3.36337e+07 
0 1 0 0 -0.00946292 -0.00664176 -0.582 -0.75 -6428.5 -0.547298 -0.412128 -3.36337e+07 
0 1 0 0 -0.00946292 -0.00664176 -0.582 -0.75 -6428.5 -0.547298 -0.412128 -3.36337e+07 
ERROR 13 *  
ERROR 13 *  
ERROR 13 *  
ERROR 13 *  
ERROR 13 *  
ERROR 13 *  
ERROR 13 *  
ERROR 13 *  
ERROR 13 *  
ERROR 13 *  
ERROR 13 *  
ERROR 13 *  
ERROR 13 *  
ERROR 13 *  
ERROR 13 *  
ERROR 13 *  
0 1 0 0 -0.00946292 -0.00664176 -0.582 -0.75 -6428.5 -0.547298 -0.412128 -3.36337e+07 
0 1 0 0 -0.00946292 -0.00664176 -0.582 -0.75 -6428.5 -0.547298 -0.412128 -3.36337e+07 
0 1 0 0 -0.00946292 -0.00664176 -0.582 -0.75 -6428.5 -0.547298 -0.412128 -3.36337e+07 
0 1 0 0 -0.00946292 -0.00664176 -0.582 -0.75 -6428.5 -0.547298 -0.412128 -3.36337e+07 
0 1 0 0 -0.00946292 -0.00664176 -0.582 -0.75 -6428.5 -0.547298 -0.412128 -3.36337e+07 
0 1 0 0 -0.00946292 -0.00664176 -0.582 -0.75 -6428.5 -0.547298 -0.412128 -3.36337e+07 
0 1 0 0 -0.00946292 -0.00664176 -0.582 -0.75 -6428.5 -0.547298 -0.412128 -3.36337e+07 
0 1 0 0 -0.00946292 -0.00664176 -0.582 -0.75 -6428.5 -0.547298 -0.412128 -3.36337e+07 
0 1 0 0 -0.00946292 -0.00664176 -0.582 -0.75 -6428.5 -0.547298 -0.412128 -3.36337e+07 
0 1 0 0 -0.00946292 -0.00664176 -0.582 -0.75 -6428.5 -0.547298 -0.412128 -3.36337e+07 
0 1 0 0 -0.00946292 -0.00664176 -0.582 -0.75 -6428.5 -0.547298 -0.412128 -3.36337e+07 
0 1 0 0 -0.00946292 -0.00664176 -0.582 -0.75 -6428.5 -0.547298 -0.412128 -3.36337e+07 
0 1 0 0 -0.00946292 -0.00664176 -0.582 -0.75 -6428.5 -0.547298 -0.412128 -3.36337e+07 
0 1 0 0 -0.00946292 -0.00664176 -0.582 -0.75 -6428.5 -0.547298 -0.412128 -3.36337e+07 
0 1 0 0 -0.00946292 -0.00664176 -0.582 -0.75 -6428.5 -0.547298 -0.412128 -3.36337e+07 
0 1 0 0 -0.00946292 -0.00664176 -0.582 -0.75 -6428.5 -0.547298 -0.412128 -3.36337e+07 
ERROR 13 *  
ERROR 13 *  
ERROR 13 *  
ERROR 13 *  
ERROR 13 *  
ERROR 13 *  
ERROR 13 *  
ERROR 13 *  
ERROR 13 *  
ERROR 13 *  
ERROR 13 *  
ERROR 13 *  
ERROR 13 *  
ERROR 13 *  
ERROR 13 *  
ERROR 13 *  
0 1 0 0 -0.00946292 -0.00664176 -0.582 -0.75 -6428.5 -0.547298 -0.412128 -3.36337e+07 
0 1 0 0 -0.00946292 -0.00664176 -0.582 -0.75 -6428.5 -0.547298 -0.412128 -3.36337e+07 
0 1 0 0 -0.00946292 -0.00664176 -0.582 -0.75 -6428.5 -0.547298 -0.412128 -3.36337e+07 
0 1 0 0 -0.00946292 -0.00664176 -0.582 -0.75 -6428.5 -0.547298 -0.412128 -3.36337e+07 
0 1 0 0 -0.00946292 -0.00664176 -0.582 -0.75 -6428.5 -0.547298 -0.412128 -3.36337e+07 
0 1 0 0 -0.00946292 -0.00664176 -0.582 -0.75 -6428.5 -0.547298 -0.412128 -3.36337e+07 
0 1 0 0 -0.00946292 -0.00664176 -0.582 -0.75 -6428.5 -0.547298 -0.412128 -3.36337e+07 
0 1 0 0 -0.00946292 -0.00664176 -0.582 -0.75 -6428.5 -0.547298 -0.412128 -3.36337e+07 
0 1 0 0 -0.00946292 -0.00664176 -0.582 -0.75 -6428.5 -0.547298 -0.412128 -3.36337e+07 
0 1 0 0 -0.00946292 -0.00664176 -0.582 -0.75 -6428.5 -0.547298 -0.412128 -3.36337e+07 
0 1 0 0 -0.00946292 -0.00664176 -0.582 -0.75 -6428.5 -0.547298 -0.412128 -3.36337e+07 
0 1 0 0 -0.00946292 -0.00664176 -0.582 -0.75 -6428.5 -0.547298 -0.412128 -3.36337e+07 
0 1 0 0 -0.00946292 -0.00664176 -0.582 -0.75 -6428.5 -0.547298 -0.412128 -3.36337e+07 
0 1 0 0 -0.00946292 -0.00664176 -0.582 -0.75 -6428.5 -0.547298 -0.412128 -3.36337e+07 
0 1 0 0 -0.00946292 -0.00664176 -0.582 -0.75 -6428.5 -0.547298 -0.412128 -3.36337e+07 
0 1 0 0 -0.00946292 -0.00664176 -0.582 -0.75 -6428.5 -0.547298 -0.412128 -3.36337e+07 
ERROR 13 *  
ERROR 13 *  
ERROR 13 *  
ERROR 13 *  
ERROR 13 *  
ERROR 13 *  
ERROR 13 *  
ERROR 13 *  
ERROR 13 *  
ERROR 13 *  
ERROR 13 *  
ERROR 13 *  
ERROR 13 *  
ERROR 13 *  
ERROR 13 *  
ERROR 13 *  
0 1 0 0 -0.00946292 -0.00664176 -0.582 -0.75 -6428.5 -0.547298 -0.412128 -3.36337e+07 
0 1 0 0 -0.00946292 -0.00664176 -0.582 -0.75 -6428.5 -0.547298 -0.412128 -3.36337e+07 
0 1 0 0 -0.00946292 -0.00664176 -0.582 -0.75 -6428.5 -0.547298 -0.412128 -3.36337e+07 
0 1 0 0 -0.00946292 -0.00664176 -0.582 -0.75 -6428.5 -0.547298 -0.412128 -3.36337e+07 
0 1 0 0 -0.00946292 -0.00664176 -0.582 -0.75 -6428.5 -0.547298 -0.412128 -3.36337e+07 
0 1 0 0 -0.00946292 -0.00664176 -0.582 -0.75 -6428.5 -0.547298 -0.412128 -3.36337e+07 
0 1 0 0 -0.00946292 -0.00664176 -0.582 -0.75 -6428.5 -0.547298 -0.412128 -3.36337e+07 
0 1 0 0 -0.00946292 -0.00664176 -0.582 -0.75 -6428.5 -0.547298 -0.412128 -3.36337e+07 
0 1 0 0 -0.00946292 -0.00664176 -0.582 -0.75 -6428.5 -0.547298 -0.412128 -3.36337e+07 
0 1 0 0 -0.00946292 -0.00664176 -0.582 -0.75 -6428.5 -0.547298 -0.412128 -3.36337e+07 
0 1 0 0 -0.00946292 -0.00664176 -0.582 -0.75 -6428.5 -0.547298 -0.412128 -3.36337e+07 
0 1 0 0 -0.00946292 -0.00664176 -0.582 -0.75 -6428.5 -0.547298 -0.412128 -3.36337e+07 
0 1 0 0 -0.00946292 -0.00664176 -0.582 -0.75 -6428.5 -0.547298 -0.412128 -3.36337e+07 
0 1 0 0 -0.00946292 -0.00664176 -0.582 -0.75 -6428.5 -0.547298 -0.412128 -3.36337e+07 
0 1 0 0 -0.00946292 -0.00664176 -0.582 -0.75 -6428.5 -0.547298 -0.412128 -3.36337e+07 
0 1 0 0 -0.00946292 -0.00664176 -0.582 -0.75 -6428.5 -0.547298 -0.412128 -3.36337e+07 
ERROR 13 *  
ERROR 13 *  
ERROR 13 *  
ERROR 13 *  
ERROR 13 *  
ERROR 13 *  
ERROR 13 *  
ERROR 13 *  
ERROR 13 *  
ERROR 13 *  
ERROR 13 *  
ERROR 13 *  
ERROR 13 *  
ERROR 13 *  
ERROR 13 *  
ERROR 13 *  
0 1 0 0 -0.00946292 -0.00664176 -0.582 -0.75 -6428.5 -0.547298 -0.412128 -3.36337e+07 
0 1 0 0 -0.00946292 -0.00664176 -0.582 -0.75 -6428.5 -0.547298 -0.412128 -3.36337e+07 
0 1 0 0 -0.00946292 -0.00664176 -0.582 -0.75 -6428.5 -0.547298 -0.412128 -3.36337e+07 
0 1 0 0 -0.00946292 -0.00664176 -0.582 -0.75 -6428.5 -0.547298 -0.412128 -3.36337e+07 
0 1 0 0 -0.00946292 -0.00664176 -0.582 -0.75 -6428.5 -0.547298 -0.412128 -3.36337e+07 
0 1 0 0 -0.00946292 -0.00664176 -0.582 -0.75 -6428.5 -0.547298 -0.412128 -3.36337e+07 
0 1 0 0 -0.00946292 -0.00664176 -0.582 -0.75 -6428.5 -0.547298 -0.412128 -3.36337e+07 
0 1 0 0 -0.00946292 -0.00664176 -0.582 -0.75 -6428.5 -0.547298 -0.412128 -3.36337e+07 
0 1 0 0 -0.00946292 -0.00664176 -0.582 -0.75 -6428.5 -0.547298 -0.412128 -3.36337e+07 
0 1 0 0 -0.00946292 -0.00664176 -0.582 -0.75 -6428.5 -0.547298 -0.412128 -3.36337e+07 
0 1 0 0 -0.00946292 -0.00664176 -0.582 -0.75 -6428.5 -0.547298 -0.412128 -3.36337e+07 
0 1 0 0 -0.00946292 -0.00664176 -0.582 -0.75 -6428.5 -0.547298 -0.412128 -3.36337e+07 
0 1 0 0 -0.00946292 -0.00664176 -0.582 -0.75 -6428.5 -0.547298 -0.412128 -3.36337e+07 
0 1 0 0 -0.00946292 -0.00664176 -0.582 -0.75 -6428.5 -0.547298 -0.412128 -3.36337e+07 
0 1 0 0 -0.00946292 -0.00664176 -0.582 -0.75 -6428.5 -0.547298 -0.412128 -3.36337e+07 
0 1 0 0 -0.00946292 -0.00664176 -0.582 -0.75 -6428.5 -0.547298 -0.412128 -3.36337e+07 
ERROR 13 *  
ERROR 13 *  
ERROR 13 *  
ERROR 13 *  
ERROR 13 *  
ERROR 13 *  
ERROR 13 *  
ERROR 13 *  
ERROR 13 *  
ERROR 13 *  
ERROR 13 *  
ERROR 13 *  
ERROR 13 *  
ERROR 13 *  
ERROR 13 *  
ERROR 13 *  
0 1 0 0 -0.00946292 -0.00664176 -0.582 -0.75 -6428.5 -0.547298 -0.412128 -3.36337e+07 
0 1 0 0 -0.00946292 -0.00664176 -0.582 -0.75 -6428.5 -0.547298 -0.412128 -3.36337e+07 
0 1 0 0 -0.00946292 -0.00664176 -0.582 -0.75 -6428.5 -0.547298 -0.412128 -3.36337e+07 
0 1 0 0 -0.00946292 -0.00664176 -0.582 -0.75 -6428.5 -0.547298 -0.412128 -3.36337e+07 
0 1 0 0 -0.00946292 -0.00664176 -0.582 -0.75 -6428.5 -0.547298 -0.412128 -3.36337e+07 
0 1 0 0 -0.00946292 -0.00664176 -0.582 -0.75 -6428.5 -0.547298 -0.412128 -3.36337e+07 
0 1 0 0 -0.00946292 -0.00664176 -0.582 -0.75 -6428.5 -0.547298 -0.412128 -3.36337e+07 
0 1 0 0 -0.00946292 -0.00664176 -0.582 -0.75 -6428.5 -0.547298 -0.412128 -3.36337e+07 
0 1 0 0 -0.00946292 -0.00664176 -0.582 -0.75 -6428.5 -0.547298 -0.412128 -3.36337e+07 
0 1 0 0 -0.00946292 -0.00664176 -0.582 -0.75 -6428.5 -0.547298 -0.412128 -3.36337e+07 
0 1 0 0 -0.00946292 -0.00664176 -0.582 -0.75 -6428.5 -0.547298 -0.412128 -3.36337e+07 
0 1 0 0 -0.00946292 -0.00664176 -0.582 -0.75 -6428.5 -0.547298 -0.412128 -3.36337e+07 
0 1 0 0 -0.00946292 -0.00664176 -0.582 -0.75 -6428.5 -0.547298 -0.412128 -3.36337e+07 
0 1 0 0 -0.00946292 -0.00664176 -0.582 -0.75 -6428.5 -0.547298 -0.412128 -3.36337e+07 
0 1 0 0 -0.00946292 -0.00664176 -0.582 -0.75 -6428.5 -0.547298 -0.412128 -3.36337e+07 
0 1 0 0 -0.00946292 -0.00664176 -0.582 -0.75 -6428.5 -0.547298 -0.412128 -3.36337e+07 
ERROR 13 *  
ERROR 13 *  
ERROR 13 *  
ERROR 13 *  
ERROR 13 *  
ERROR 13 *  
ERROR 13 *  
ERROR 13 *  
ERROR 13 *  
ERROR 13 *  
ERROR 13 *  
ERROR 13 *  
ERROR 13 *  
ERROR 13 *  
ERROR 13 *  
ERROR 13 *  
0 1 0 0 -0.00946292 -0.00664176 -0.582 -0.75 -6428.5 -0.547298 -0.412128 -3.36337e+07 
0 1 0 0 -0.00946292 -0.00664176 -0.582 -0.75 -6428.5 -0.547298 -0.412128 -3.36337e+07 
0 1 0 0 -0.00946292 -0.00664176 -0.582 -0.75 -6428.5 -0.547298 -0.412128 -3.36337e+07 
0 1 0 0 -0.00946292 -0.00664176 -0.582 -0.75 -6428.5 -0.547298 -0.412128 -3.36337e+07 
0 1 0 0 -0.00946292 -0.00664176 -0.582 -0.75 -6428.5 -0.547298 -0.412128 -3.36337e+07 
0 1 0 0 -0.00946292 -0.00664176 -0.582 -0.75 -6428.5 -0.547298 -0.412128 -3.36337e+07 
0 1 0 0 -0.00946292 -0.00664176 -0.582 -0.75 -6428.5 -0.547298 -0.412128 -3.36337e+07 
0 1 0 0 -0.00946292 -0.00664176 -0.582 -0.75 -6428.5 -0.547298 -0.412128 -3.36337e+07 
0 1 0 0 -0.00946292 -0.00664176 -0.582 -0.75 -6428.5 -0.547298 -0.412128 -3.36337e+07 
0 1 0 0 -0.00946292 -0.00664176 -0.582 -0.75 -6428.5 -0.547298 -0.412128 -3.36337e+07 
0 1 0 0 -0.00946292 -0.00664176 -0.582 -0.75 -6428.5 -0.547298 -0.412128 -3.36337e+07 
0 1 0 0 -0.00946292 -0.00664176 -0.582 -0.75 -6428.5 -0.547298 -0.412128 -3.36337e+07 
0 1 0 0 -0.00946292 -0.00664176 -0.582 -0.75 -6428.5 -0.547298 -0.412128 -3.36337e+07 
0 1 0 0 -0.00946292 -0.00664176 -0.582 -0.75 -6428.5 -0.547298 -0.412128 -3.36337e+07 
0 1 0 0 -0.00946292 -0.00664176 -0.582 -0.75 -6428.5 -0.547298 -0.412128 -3.36337e+07 
0 1 0 0 -0.00946292 -0.00664176 -0.582 -0.75 -6428.5 -0.547298 -0.412128 -3.36337e+07 
ERROR 13 *  
ERROR 13 *  
ERROR 13 *  
ERROR 13 *  
ERROR 13 *  
ERROR 13 *  
ERROR 13 *  
ERROR 13 *  
ERROR 13 *  
ERROR 13 *  
ERROR 13 *  
ERROR 13 *  
ERROR 13 *  
ERROR 13 *  
ERROR 13 *  
ERROR 13 *  
0 1 0 0 -0.00946292 -0.00664176 -0.582 -0.75 -6428.5 -0.547298 -0.412128 -3.36337e+07 
0 1 0 0 -0.00946292 -0.00664176 -0.582 -0.75 -6428.5 -0.547298 -0.412128 -3.36337e+07 
0 1 0 0 -0.00946292 -0.00664176 -0.582 -0.75 -6428.5 -0.547298 -0.412128 -3.36337e+07 
0 1 0 0 -0.00946292 -0.00664176 -0.582 -0.75 -6428.5 -0.547298 -0.412128 -3.36337e+07 
0 1 0 0 -0.00946292 -0.00664176 -0.582 -0.75 -6428.5 -0.547298 -0.412128 -3.36337e+07 
0 1 0 0 -0.00946292 -0.00664176 -0.582 -0.75 -6428.5 -0.547298 -0.412128 -3.36337e+07 
0 1 0 0 -0.00946292 -0.00664176 -0.582 -0.75 -6428.5 -0.547298 -0.412128 -3.36337e+07 
0 1 0 0 -0.00946292 -0.00664176 -0.582 -0.75 -6428.5 -0.547298 -0.412128 -3.36337e+07 
0 1 0 0 -0.00946292 -0.00664176 -0.582 -0.75 -6428.5 -0.547298 -0.412128 -3.36337e+07 
0 1 0 0 -0.00946292 -0.00664176 -0.582 -0.75 -6428.5 -0.547298 -0.412128 -3.36337e+07 
0 1 0 0 -0.00946292 -0.00664176 -0.582 -0.75 -6428.5 -0.547298 -0.412128 -3.36337e+07 
0 1 0 0 -0.00946292 -0.00664176 -0.582 -0.75 -6428.5 -0.547298 -0.412128 -3.36337e+07 
0 1 0 0 -0.00946292 -0.00664176 -0.582 -0.75 -6428.5 -0.547298 -0.412128 -3.36337e+07 
0 1 0 0 -0.00946292 -0.00664176 -0.582 -0.75 -6428.5 -0.547298 -0.412128 -3.36337e+07 
0 1 0 0 -0.00946292 -0.00664176 -0.582 -0.75 -6428.5 -0.547298 -0.412128 -3.36337e+07 
0 1 0 0 -0.00946292 -0.00664176 -0.582 -0.75 -6428.5 -0.547298 -0.412128 -3.36337e+07 
ERROR 13 *  
ERROR 13 *  
ERROR 13 *  
ERROR 13 *  
ERROR 13 *  
ERROR 13 *  
ERROR 13 *  
ERROR 13 *  
ERROR 13 *  
ERROR 13 *  
ERROR 13 *  
ERROR 13 *  
ERROR 13 *  
ERROR 13 *  
ERROR 13 *  
ERROR 13 *  
0 1 0 0 -0.00946292 -0.00664176 -0.582 -0.75 -6428.5 -0.547298 -0.412128 -3.36337e+07 
0 1 0 0 -0.00946292 -0.00664176 -0.582 -0.75 -6428.5 -0.547298 -0.412128 -3.36337e+07 
0 1 0 0 -0.00946292 -0.00664176 -0.582 -0.75 -6428.5 -0.547298 -0.412128 -3.36337e+07 
0 1 0 0 -0.00946292 -0.00664176 -0.582 -0.75 -6428.5 -0.547298 -0.412128 -3.36337e+07 
0 1 0 0 -0.00946292 -0.00664176 -0.582 -0.75 -6428.5 -0.547298 -0.412128 -3.36337e+07 
0 1 0 0 -0.00946292 -0.00664176 -0.582 -0.75 -6428.5 -0.547298 -0.412128 -3.36337e+07 
0 1 0 0 -0.00946292 -0.00664176 -0.582 -0.75 -6428.5 -0.547298 -0.412128 -3.36337e+07 
0 1 0 0 -0.00946292 -0.00664176 -0.582 -0.75 -6428.5 -0.547298 -0.412128 -3.36337e+07 
0 1 0 0 -0.00946292 -0.00664176 -0.582 -0.75 -6428.5 -0.547298 -0.412128 -3.36337e+07 
0 1 0 0 -0.00946292 -0.00664176 -0.582 -0.75 -6428.5 -0.547298 -0.412128 -3.36337e+07 
0 1 0 0 -0.00946292 -0.00664176 -0.582 -0.75 -6428.5 -0.547298 -0.412128 -3.36337e+07 
0 1 0 0 -0.00946292 -0.00664176 -0.582 -0.75 -6428.5 -0.547298 -0.412128 -3.36337e+07 
0 1 0 0 -0.00946292 -0.00664176 -0.582 -0.75 -6428.5 -0.547298 -0.412128 -3.36337e+07 
0 1 0 0 -0.00946292 -0.00664176 -0.582 -0.75 -6428.5 -0.547298 -0.412128 -3.36337e+07 
0 1 0 0 -0.00946292 -0.00664176 -0.582 -0.75 -6428.5 -0.547298 -0.412128 -3.36337e+07 
0 1 0 0 -0.00946292 -0.00664176 -0.582 -0.75 -6428.5 -0.547298 -0.412128 -3.36337e+07 
ERROR 13 *  
ERROR 13 *  
ERROR 13 *  
ERROR 13 *  
ERROR 13 *  
ERROR 13 *  
ERROR 13 *  
ERROR 13 *  
ERROR 13 *  
ERROR 13 *  
ERROR 13 *  
ERROR 13 *  
ERROR 13 *  
ERROR 13 *  
ERROR 13 *  
ERROR 13 *  
0 1 0 0 -0.00946292 -0.00664176 -0.582 -0.75 -6428.5 -0.547298 -0.412128 -3.36337e+07 
0 1 0 0 -0.00946292 -0.00664176 -0.582 -0.75 -6428.5 -0.547298 -0.412128 -3.36337e+07 
0 1 0 0 -0.00946292 -0.00664176 -0.582 -0.75 -6428.5 -0.547298 -0.412128 -3.36337e+07 
0 1 0 0 -0.00946292 -0.00664176 -0.582 -0.75 -6428.5 -0.547298 -0.412128 -3.36337e+07 
0 1 0 0 -0.00946292 -0.00664176 -0.582 -0.75 -6428.5 -0.547298 -0.412128 -3.36337e+07 
0 1 0 0 -0.00946292 -0.00664176 -0.582 -0.75 -6428.5 -0.547298 -0.412128 -3.36337e+07 
0 1 0 0 -0.00946292 -0.00664176 -0.582 -0.75 -6428.5 -0.547298 -0.412128 -3.36337e+07 
0 1 0 0 -0.00946292 -0.00664176 -0.582 -0.75 -6428.5 -0.547298 -0.412128 -3.36337e+07 
0 1 0 0 -0.00946292 -0.00664176 -0.582 -0.75 -6428.5 -0.547298 -0.412128 -3.36337e+07 
0 1 0 0 -0.00946292 -0.00664176 -0.582 -0.75 -6428.5 -0.547298 -0.412128 -3.36337e+07 
0 1 0 0 -0.00946292 -0.00664176 -0.582 -0.75 -6428.5 -0.547298 -0.412128 -3.36337e+07 
0 1 0 0 -0.00946292 -0.00664176 -0.582 -0.75 -6428.5 -0.547298 -0.412128 -3.36337e+07 
0 1 0 0 -0.00946292 -0.00664176 -0.582 -0.75 -6428.5 -0.547298 -0.412128 -3.36337e+07 
0 1 0 0 -0.00946292 -0.00664176 -0.582 -0.75 -6428.5 -0.547298 -0.412128 -3.36337e+07 
0 1 0 0 -0.00946292 -0.00664176 -0.582 -0.75 -6428.5 -0.547298 -0.412128 -3.36337e+07 
0 1 0 0 -0.00946292 -0.00664176 -0.582 -0.75 -6428.5 -0.547298 -0.412128 -3.36337e+07 
ERROR 13 *  
ERROR 13 *  
ERROR 13 *  
ERROR 13 *  
ERROR 13 *  
ERROR 13 *  
ERROR 13 *  
ERROR 13 *  
ERROR 13 *  
ERROR 13 *  
ERROR 13 *  
ERROR 13 *  
ERROR 13 *  
ERROR 13 *  
ERROR 13 *  
0 1 0 0 -0.00946292 -0.00664176 -0.582 -0.75 -6428.5 -0.547298 -0.412128 -3.36337e+07 
0 1 0 0 -0.00946292 -0.00664176 -0.582 -0.75 -6428.5 -0.547298 -0.412128 -3.36337e+07 
0 1 0 0 -0.00946292 -0.00664176 -0.582 -0.75 -6428.5 -0.547298 -0.412128 -3.36337e+07 
0 1 0 0 -0.00946292 -0.00664176 -0.582 -0.75 -6428.5 -0.547298 -0.412128 -3.36337e+07 
0 1 0 0 -0.00946292 -0.00664176 -0.582 -0.75 -6428.5 -0.547298 -0.412128 -3.36337e+07 
0 1 0 0 -0.00946292 -0.00664176 -0.582 -0.75 -6428.5 -0.547298 -0.412128 -3.36337e+07 
0 1 0 0 -0.00946292 -0.00664176 -0.582 -0.75 -6428.5 -0.547298 -0.412128 -3.36337e+07 
0 1 0 0 -0.00946292 -0.00664176 -0.582 -0.75 -6428.5 -0.547298 -0.412128 -3.36337e+07 
0 1 0 0 -0.00946292 -0.00664176 -0.582 -0.75 -6428.5 -0.547298 -0.412128 -3.36337e+07 
0 1 0 0 -0.00946292 -0.00664176 -0.582 -0.75 -6428.5 -0.547298 -0.412128 -3.36337e+07 
0 1 0 0 -0.00946292 -0.00664176 -0.582 -0.75 -6428.5 -0.547298 -0.412128 -3.36337e+07 
0 1 0 0 -0.00946292 -0.00664176 -0.582 -0.75 -6428.5 -0.547298 -0.412128 -3.36337e+07 
0 1 0 0 -0.00946292 -0.00664176 -0.582 -0.75 -6428.5 -0.547298 -0.412128 -3.36337e+07 
0 1 0 0 -0.00946292 -0.00664176 -0.582 -0.75 -6428.5 -0.547298 -0.412128 -3.36337e+07 
0 1 0 0 -0.00946292 -0.00664176 -0.582 -0.75 -6428.5 -0.547298 -0.412128 -3.36337e+07 
ERROR 13 *  
ERROR 13 *  
ERROR 13 *  
ERROR 13 *  
ERROR 13 *  
ERROR 13 *  
ERROR 13 *  
ERROR 13 *  
ERROR 13 *  
ERROR 13 *  
ERROR 13 *  
ERROR 13 *  
ERROR 13 *  
ERROR 13 *  
ERROR 13 *  
0 1 0 0 -0.00946292 -0.00664176 -0.582 -0.75 -6428.5 -0.547298 -0.412128 -3.36337e+07 
0 1 0 0 -0.00946292 -0.00664176 -0.582 -0.75 -6428.5 -0.547298 -0.412128 -3.36337e+07 
0 1 0 0 -0.00946292 -0.00664176 -0.582 -0.75 -6428.5 -0.547298 -0.412128 -3.36337e+07 
0 1 0 0 -0.00946292 -0.00664176 -0.582 -0.75 -6428.5 -0.547298 -0.412128 -3.36337e+07 
0 1 0 0 -0.00946292 -0.00664176 -0.582 -0.75 -6428.5 -0.547298 -0.412128 -3.36337e+07 
0 1 0 0 -0.00946292 -0.00664176 -0.582 -0.75 -6428.5 -0.547298 -0.412128 -3.36337e+07 
0 1 0 0 -0.00946292 -0.00664176 -0.582 -0.75 -6428.5 -0.547298 -0.412128 -3.36337e+07 
0 1 0 0 -0.00946292 -0.00664176 -0.582 -0.75 -6428.5 -0.547298 -0.412128 -3.36337e+07 
0 1 0 0 -0.00946292 -0.00664176 -0.582 -0.75 -6428.5 -0.547298 -0.412128 -3.36337e+07 
0 1 0 0 -0.00946292 -0.00664176 -0.582 -0.75 -6428.5 -0.547298 -0.412128 -3.36337e+07 
0 1 0 0 -0.00946292 -0.00664176 -0.582 -0.75 -6428.5 -0.547298 -0.412128 -3.36337e+07 
0 1 0 0 -0.00946292 -0.00664176 -0.582 -0.75 -6428.5 -0.547298 -0.412128 -3.36337e+07 
0 1 0 0 -0.00946292 -0.00664176 -0.582 -0.75 -6428.5 -0.547298 -0.412128 -3.36337e+07 
0 1 0 0 -0.00946292 -0.00664176 -0.582 -0.75 -6428.5 -0.547298 -0.412128 -3.36337e+07 
0 1 0 0 -0.00946292 -0.00664176 -0.582 -0.75 -6428.5 -0.547298 -0.412128 -3.36337e+07 
ERROR 13 *  
ERROR 13 *  
ERROR 13 *  
ERROR 13 *  
ERROR 13 *  
ERROR 13 *  
ERROR 13 *  
ERROR 13 *  
ERROR 13 *  
ERROR 13 *  
ERROR 13 *  
0 1 0 0 -0.00946292 -0.00664176 -0.582 -0.75 -6428.5 -0.547298 -0.412128 -3.36337e+07 
0 1 0 0 -0.00946292 -0.00664176 -0.582 -0.75 -6428.5 -0.547298 -0.412128 -3.36337e+07 
0 1 0 0 -0.00946292 -0.00664176 -0.582 -0.75 -6428.5 -0.547298 -0.412128 -3.36337e+07 
0 1 0 0 -0.00946292 -0.00664176 -0.582 -0.75 -6428.5 -0.547298 -0.412128 -3.36337e+07 
0 1 0 0 -0.00946292 -0.00664176 -0.582 -0.75 -6428.5 -0.547298 -0.412128 -3.36337e+07 
0 1 0 0 -0.00946292 -0.00664176 -0.582 -0.75 -6428.5 -0.547298 -0.412128 -3.36337e+07 
0 1 0 0 -0.00946292 -0.00664176 -0.582 -0.75 -6428.5 -0.547298 -0.412128 -3.36337e+07 
0 1 0 0 -0.00946292 -0.00664176 -0.582 -0.75 -6428.5 -0.547298 -0.412128 -3.36337e+07 
0 1 0 0 -0.00946292 -0.00664176 -0.582 -0.75 -6428.5 -0.547298 -0.412128 -3.36337e+07 
0 1 0 0 -0.00946292 -0.00664176 -0.582 -0.75 -6428.5 -0.547298 -0.412128 -3.36337e+07 
0 1 0 0 -0.00946292 -0.00664176 -0.582 -0.75 -6428.5 -0.547298 -0.412128 -3.36337e+07 
ERROR 13 *  
ERROR 13 *  
ERROR 13 *  
0 1 0 0 -0.00946292 -0.00664176 -0.582 -0.75 -6428.5 -0.547298 -0.412128 -3.36337e+07 
0 1 0 0 -0.00946292 -0.00664176 -0.582 -0.75 -6428.5 -0.547298 -0.412128 -3.36337e+07 
0 1 0 0 -0.00946292 -0.00664176 -0.582 -0.75 -6428.5 -0.547298 -0.412128 -3.36337e+07 
