173 379.9203244442262
190 379.9193465524911
197 379.91774756757445
204 379.9159803149156
229 379.90831414904966
299 379.9082719595582
301 379.9082715956123
302 379.90827044589054
303 379.90826673438846
310 379.9082663301471
311 379.9082644114508
317 379.90826412134606
318 379.9082631123768
324 379.9082628411314
325 379.9082618415144
331 379.90826139928714
332 379.9082601515053
350 379.9082600931096
352 379.9082599195429
353 379.9082594224861
366 379.90825761814864
368 379.90825760938367
369 379.9082575838859
370 379.9082575112803
371 379.90825721628164
377 379.9082571570481
378 379.9082569430759
384 379.90825692332805
399 379.9082567482117
401 379.9082567286211
402 379.9082566690967
403 379.9082564823225
404 379.9082558175221
410 379.90825556580904
411 379.90825507129114
417 379.9082548453684
446 379.9082547817447
459 379.90825443103665
461 379.9082543970939
464 379.90825435420265
470 379.90825434821414
479 379.90825434477176
480 379.9082543410734
486 379.90825433856406
487 379.90825433493427
488 379.9082543155545
494 379.9082543098748
512 379.9082543026003
520 379.9082543012905
561 379.9082543009233
610 379.90825430039274
612 379.9082543003849
634 379.9082543003359
