186 127.584988947433
188 127.53554290443533
200 127.50835193653892
216 127.4995087357914
217 127.48454303282263
230 127.48343386587156
231 127.4737119200323
238 127.4724771124963
240 127.46625092515222
277 127.46505308576458
278 127.46187178058986
301 127.45919198601037
308 127.45853165623015
337 127.45609435070489
350 127.45564782417671
443 127.45561901875122
467 127.4556185478228
470 127.45561854761972
475 127.45561852748281
519 127.45561848230207
522 127.45561833861774
528 127.45561830270104
610 127.45561830158138
616 127.45561830023804
625 127.455618297713
628 127.45561829760555
