96 201.7271943371805
112 199.42652358380147
113 197.4632338590265
117 191.90667599950785
120 183.7110939273674
121 178.66397785826896
122 169.58504574042516
130 167.66110060440926
150 165.49164700520026
176 165.42098778375316
178 165.40477648109365
190 165.3696621677492
227 165.3670157197516
228 165.3555622060726
231 165.34989771302958
255 165.34906130158595
256 165.34688962825027
269 165.3465938706547
270 165.34489476502543
283 165.3447999795375
284 165.34431688070111
292 165.34390321469854
293 165.34346084162385
299 165.34312505064727
318 165.34292658030802
336 165.34288203355743
354 165.34276007726774
393 165.34271100725164
406 165.34228866837378
408 165.34228768390562
409 165.34228491987238
410 165.3422751899113
416 165.3422726033267
446 165.34227233399932
462 165.34227063678992
480 165.34227055649578
481 165.3422701311818
502 165.34226992425903
520 165.34226979197882
521 165.34226946347218
527 165.34226932547716
528 165.3422691322137
529 165.34226845446807
535 165.3422682631575
568 165.34226825509265
608 165.3422682252832
614 165.34226820036554
653 165.34226819536408
658 165.3422681950607
700 165.3422680567978
706 165.3422680565163
772 165.34226805616143
801 165.3422680561313
803 165.34226805612377
834 165.34226805610734
