159 197.54590284565978
185 197.54555022955367
201 197.5455502096658
203 197.54555015000219
204 197.54554997101118
205 197.54554943403858
206 197.5455478231207
207 197.545542990367
208 197.54552849210594
210 197.54548712527625
257 197.5454812255431
271 197.54548121655066
273 197.5454811756061
275 197.54548111283006
283 197.54548092453174
299 197.5454803600157
346 197.54548033646512
348 197.54548032865307
362 197.54548031437068
364 197.5454802748221
366 197.5454798029666
380 197.54547977260668
394 197.5454797689995
407 197.54547920379073
429 197.5454789881829
481 197.54547891689427
483 197.5454787142435
485 197.5454783322837
487 197.54547758850106
521 197.54547720748434
537 197.54547705726654
563 197.5454769616223
565 197.54547695710394
579 197.54547689556526
581 197.54547666632186
597 197.5454766591455
599 197.5454766303002
604 197.54547654261373
610 197.54547654187616
612 197.5454762796491
654 197.54547626198286
658 197.54547626174258
664 197.54547626169477
672 197.54547626165717
688 197.54547626165626
689 197.54547626165356
704 197.54547621222628
717 197.5454762077545
722 197.5454762077424
735 197.54547620774
739 197.5454762077381
744 197.545476207737
745 197.54547620773442
746 197.54547620772655
747 197.54547620770288
748 197.54547620763086
749 197.54547620740533
750 197.54547620664698
751 197.5454762036352
756 197.54547620238554
757 197.54547619872332
759 197.54547619671956
773 197.54547618636119
789 197.54547618632887
791 197.54547618623099
792 197.5454761859315
793 197.54547618497864
794 197.54547618163392
796 197.5454761565191
798 197.5454761551981
800 197.54547615125335
803 197.54547604602985
818 197.5454760381798
821 197.54547600412164
822 197.545476001766
836 197.5454757433817
849 197.54547573451063
864 197.54547573282184
879 197.54547568479921
881 197.54547560119042
883 197.54547536101177
886 197.54547526821608
891 197.5454746414763
904 197.54547393629656
908 197.5454718349429
955 197.54547164708316
979 197.54547152716745
994 197.5454710875778
1007 197.5454709925709
1024 197.5454709086974
1029 197.54547086695635
1041 197.5454705349806
1043 197.54546994509522
1045 197.54546977608226
1094 197.54546976957988
1096 197.54546925123253
1098 197.5454692504051
1099 197.54546924735303
1101 197.54546923555077
1103 197.54546921814992
1105 197.54546920855975
1108 197.5454691871497
1114 197.5454691798323
1116 197.54546916592875
1137 197.54546916592625
1138 197.54546916592517
1139 197.5454691659219
1140 197.54546916591218
1142 197.54546901277186
1144 197.54546901274668
1146 197.54546901272556
1148 197.54546901262188
1150 197.5454690123513
1152 197.54546901116805
1165 197.5454690062684
1196 197.54546900626073
1201 197.54546900625743
1202 197.54546900624715
1203 197.54546900621634
1204 197.5454690061232
1205 197.5454690058369
1206 197.54546900491658
1207 197.54546900160426
1216 197.54546899024263
1220 197.5454689859698
1243 197.5454689851247
1245 197.54546898492785
1247 197.54546898263774
1259 197.54546898188568
1267 197.54546898172273
1268 197.54546898121765
1269 197.5454689795559
1271 197.54546897373015
1276 197.54546896599456
1290 197.54546896564176
1291 197.54546896365636
1292 197.54546895519616
1297 197.5454688621379
1299 197.54546886211926
1301 197.54546886204125
1303 197.5454688617487
1304 197.54546886083517
1306 197.54546885807295
