92 78.87556668013734
93 77.33714157390979
94 76.2648970215643
95 75.86701123131456
121 75.6733542466387
130 75.63295803379768
142 75.62914837165987
143 75.62195052915999
155 75.61481637651592
156 75.61134434258808
160 75.60357614753708
172 75.60067034475298
204 75.60003344423127
221 75.60003344399559
223 75.60003344328835
224 75.60003344116681
225 75.60003343480203
226 75.60003341570729
227 75.6000333584181
228 75.60003318650767
229 75.60003267038746
230 75.60003111849602
249 75.60002643018909
250 75.60001204865651
303 75.60000970188673
310 75.60000376101863
356 75.60000375566074
357 75.60000375519111
359 75.60000347245645
366 75.60000327975116
388 75.6000031716523
392 75.60000082441994
407 75.60000043597701
457 75.6000001713254
459 75.60000001773422
483 75.60000000126291
514 75.60000000064717
536 75.60000000032369
563 75.60000000013828
579 75.60000000010358
619 75.60000000004189
626 75.60000000002343
629 75.6000000000048
639 75.60000000000196
642 75.60000000000063
646 75.60000000000042
650 75.60000000000014
688 75.60000000000011
