150 665.6486374676285
171 665.6485813892223
173 665.6485755207482
174 665.6485572585661
175 665.6484940435121
181 665.6484940373608
183 665.648494018906
184 665.6484939635392
185 665.648493797416
186 665.6484932988392
187 665.6484918013441
188 665.6484872955872
189 665.6484737369877
190 665.6484352343434
197 665.6484352324285
198 665.6484253815623
199 665.6484017212807
205 665.6483973402105
226 665.6483206474209
227 665.6483141647614
262 665.6483065212004
264 665.6482935798568
267 665.6482933157296
270 665.6482928504302
276 665.6482925648078
281 665.6482925513452
282 665.6482925108862
283 665.648292388903
284 665.6482920186386
288 665.6482918389579
290 665.648291492668
291 665.6482909330655
292 665.648289457989
298 665.6482892818055
315 665.6482889471666
325 665.6482888080109
326 665.648288550215
327 665.6482877673278
333 665.6482873950226
348 665.6482868761955
350 665.6482868282953
352 665.6482868004637
353 665.6482867194527
354 665.6482865005668
355 665.6482857528329
361 665.6482855552277
388 665.6482854867152
401 665.6482853679105
403 665.6482853526592
405 665.6482853429684
409 665.6482853393976
410 665.6482853283824
411 665.648285287384
417 665.6482852829752
418 665.648285265412
455 665.6482852402147
457 665.6482852371811
460 665.6482852369776
463 665.6482852369019
464 665.6482852366753
465 665.648285236008
466 665.6482852344037
503 665.6482852340854
505 665.6482852338617
506 665.6482852328825
514 665.6482852315776
527 665.6482852303938
546 665.6482852303824
