215 445.11326484029456
216 445.1027331826988
238 445.1003741057908
239 445.09339519496626
240 445.07644182418045
246 445.06549525714155
252 445.0545707494453
360 445.0545562634417
366 445.05455626344076
396 445.05455252386315
398 445.0545409672674
399 445.0545024699123
400 445.0543386933769
406 445.05427001680727
407 445.05410836930844
413 445.0540584570974
414 445.05394530140853
420 445.05388879839967
433 445.05387965838054
434 445.053856993105
440 445.05384607733697
464 445.0537776435883
524 445.0537775996035
538 445.0537774974362
590 445.05377749129184
617 445.0537774897042
