78 3.175502752520598
101 3.0990538738825126
105 2.5215117161660645
109 2.451476066445067
115 2.4001940917760147
117 2.2889050236797788
125 2.2756807642532912
134 2.258186658260222
143 2.2577661558482633
166 2.256001504968297
168 2.255478570663366
169 2.254797766395031
171 2.2521824153913976
189 2.205920008289949
209 2.201449227943405
234 2.201085600410653
243 2.200361537548813
274 2.1987424921356884
278 2.1987384675385218
280 2.1987351049064094
284 2.1987333733553154
286 2.198730556496262
288 2.1987304085050257
289 2.198729966283517
290 2.1987286579799594
292 2.1987267308435428
293 2.198721551283555
299 2.1987215499461588
300 2.1987199379458207
301 2.198715157277219
307 2.1987149878192143
308 2.1987127680925127
314 2.1987126173483347
315 2.198711379462474
328 2.198707664139915
329 2.1986964769185944
374 2.1986894444288057
376 2.198689423149415
378 2.1986894037718887
381 2.1986893849326528
416 2.198689382788021
457 2.198689381499845
484 2.1986893234455924
532 2.198689322766023
534 2.1986893150741524
553 2.1986893128004033
594 2.198689312540775
620 2.1986893125255427
626 2.1986893125196065
