165 152.20071293093434
166 152.15465928884353
169 152.1284166234608
172 152.0821633623591
174 151.94236398215372
184 151.9407890770765
192 151.87046731465077
198 151.85353124923026
207 151.8306342551678
221 151.82691511480698
222 151.81352108832553
225 151.8097775795219
239 151.80385281718904
269 151.8026858887294
276 151.79789110151742
301 151.79763264269917
341 151.7976305150649
347 151.79763049970146
361 151.7976304590844
364 151.79763045317594
384 151.79763044913457
388 151.7976304461805
390 151.7976304461575
397 151.7976304461456
434 151.79763044610357
