100 -2023.8534963268967
103 -2023.9975800601133
122 -2024.2254742418868
127 -2024.2766255663223
128 -2024.418883814244
129 -2024.5948368715817
133 -2024.6452979960177
137 -2024.7218999566528
146 -2024.734175941866
148 -2024.7848441842714
166 -2024.7924300142104
178 -2024.7938811515426
179 -2024.799124803844
196 -2024.7997101420033
197 -2024.8026507181803
200 -2024.8040757254416
204 -2024.8054619852794
222 -2024.8067550027188
237 -2024.8071807995689
239 -2024.8071807999909
241 -2024.8071807999918
248 -2024.807180799995
