104 1978.0236978440644
115 1962.3666996591187
119 1948.417159131961
133 1936.7719702204593
135 1930.743520734114
143 1916.6114885538545
144 1899.6870859993032
147 1891.1896788342488
157 1889.9241098808152
159 1889.8409753579058
161 1889.5062627813948
163 1889.3658893605173
193 1889.343744753896
200 1889.342723680376
202 1889.3425098341024
208 1889.3422100999226
215 1889.3421249027417
234 1889.3420368998375
253 1889.3420322321901
264 1889.342028707796
267 1889.342028680462
268 1889.3420286362611
278 1889.3420284973831
287 1889.342028496121
289 1889.342028496111
290 1889.3420284960825
291 1889.342028496011
292 1889.3420284959232
311 1889.342028495895
329 1889.3420284958752
334 1889.342028495872
349 1889.3420284958593
355 1889.3420284958393
356 1889.3420284958245
357 1889.3420284957906
361 1889.3420284955487
376 1889.3420284955484
407 1889.3420284955482
