156 -1991.899481918429
158 -1991.8995054255151
160 -1991.8995605100154
169 -1991.899766821818
171 -1991.8998211745727
212 -1991.899873934156
229 -1991.899885510566
230 -1991.8999125486448
236 -1991.8999171346934
237 -1991.8999472964722
256 -1991.8999503792622
259 -1991.8999531861834
264 -1991.8999563013454
265 -1991.8999603881948
290 -1991.8999999647513
371 -1991.8999999893706
375 -1991.8999999906682
419 -1991.899999998034
434 -1991.899999998269
444 -1991.8999999989276
449 -1991.899999999239
451 -1991.899999999876
459 -1991.8999999999662
472 -1991.8999999999776
