100 401.82608851143044
101 401.80018167017425
103 400.2384733261689
104 398.7677182454092
105 398.5654481304082
106 397.5316437696757
111 397.38716969209946
129 397.0894617532538
133 396.9966226035356
138 396.8691220306152
139 396.2154595713242
141 395.99377205701563
142 395.5673233290734
148 395.48580563207827
149 395.2125614670232
151 395.11717807609443
153 394.8746244067164
171 394.85611995877156
180 394.602837930965
182 394.60139040874753
183 394.6009133240899
184 394.59953577518854
210 394.58396473670376
298 394.5839170504705
300 394.5828563015975
302 394.58285513240986
304 394.58285051123426
308 394.5828498348314
309 394.5828458567535
315 394.5828458046951
317 394.5828456483584
324 394.58284559687024
344 394.58284557771645
382 394.58284557214574
389 394.5828455640063
396 394.5828455632624
397 394.5828455610319
420 394.5828446477929
433 394.5828446465425
435 394.58284464280564
436 394.5828446317227
437 394.5828445996113
438 394.58284451299795
439 394.5828443139175
440 394.5828432709644
446 394.58284289260916
447 394.58284188325587
460 394.58284078819116
462 394.58284069342096
468 394.582840687363
474 394.58284068210327
475 394.5828406734884
476 394.58284064674626
483 394.5828406404934
484 394.5828406223249
490 394.5828406143978
491 394.5828405944867
525 394.5828405940507
539 394.58284059358414
562 394.5828405907722
564 394.5828405901837
580 394.58284059012783
