206 816.24284382388
207 816.2406519651289
210 816.2386666114688
211 816.2365437348116
214 816.2351249443672
215 816.2323826324621
241 816.2314599517035
243 816.2314595819103
269 816.2314548503457
271 816.2314426098458
272 816.231421293523
278 816.2314212761848
279 816.2314125959726
286 816.2314125821638
287 816.2314065280372
293 816.2314065103851
294 816.2314041530949
295 816.2313976891578
337 816.231397631547
339 816.2313974610256
340 816.2313969721341
341 816.2313957516878
342 816.23139393946
349 816.2313938499657
355 816.2313937109693
413 816.231385825589
415 816.2313858193851
416 816.2313858091319
419 816.2313857559059
422 816.2313857280845
424 816.2313857110807
425 816.2313856657215
426 816.2313855861263
427 816.2313852164339
472 816.2313846805948
474 816.231384678716
475 816.231384674667
476 816.2313846673743
533 816.2313846642804
535 816.2313846630359
553 816.2313846617114
562 816.2313846616318
571 816.2313846616214
593 816.2313846616069
