139 2125.949869997938
145 2125.94459543935
146 2125.84416282653
149 2125.795680879395
152 2125.7291270328724
159 2125.691608399866
160 2125.6640683875653
163 2125.647953835136
167 2125.628204614319
171 2125.6237741780374
176 2125.6150538310176
188 2125.612851478877
225 2125.6110305902457
226 2125.6077281835546
232 2125.606964474063
260 2125.606539701579
261 2125.605215654426
282 2125.605087817047
294 2125.6042222490337
295 2125.6006345122087
329 2125.600491527719
347 2125.600344556303
348 2125.6002614378413
371 2125.600237834845
378 2125.6001816393505
379 2125.6001571874726
381 2125.6001155356817
404 2125.600114460709
437 2125.6000360781495
441 2125.600001132472
459 2125.6000011082137
501 2125.600000937979
522 2125.6000000448003
533 2125.600000014178
540 2125.600000006031
557 2125.600000000494
594 2125.600000000043
614 2125.600000000007
