76 1276.5419665872314
77 1258.8351581783384
78 1241.4028742491614
82 1233.29256163391
85 1097.8357599084377
94 782.5834364876335
111 775.2278575856009
119 773.1752273003417
121 761.0272390279903
144 760.1657820668341
145 754.0936793019667
176 752.4157489027227
177 749.0368820749998
182 748.2853108097005
190 748.0476052687428
202 747.9466747238378
204 747.7364661846767
206 747.6843883486389
209 747.5904620474408
210 747.4438237231391
243 747.42179421647
244 747.3464361143141
312 747.333388115001
371 747.3333384516856
409 747.3333317047759
439 747.3333295426919
448 747.3333256847087
450 747.3333014592439
500 747.3333008783148
502 747.333300869424
519 747.3333008691689
530 747.3333008589719
532 747.3333008333003
601 747.3333008316158
614 747.3333008276517
645 747.3333008275424
655 747.3333008275075
