383 3868.602358455333
396 3815.7581099385843
398 3815.533505527832
425 3815.0021293658883
427 3813.1895631502252
453 3807.6444308299037
486 3790.7130778956684
488 3535.72818347742
503 3534.0442413700107
549 3479.289761514986
577 3412.363361643467
595 3217.421072386901
628 3183.344897363754
644 3111.4953242416072
699 3110.3171975660603
709 3107.8004858800336
729 2885.607953876371
809 2883.114390898603
813 2838.2953726696023
817 2816.9808687492537
819 2795.8040700287274
825 2790.5432003597703
868 2789.7256665723366
876 2757.2294379413524
898 2741.7981063006237
911 2740.6609156521704
914 2699.7690145423935
915 2630.9074787202194
948 2629.2187491205505
971 2614.8302405213262
980 1995.6879444293977
1033 1951.3739838239871
1051 1945.371229217098
1062 1939.1269396094926
1118 1932.5984103869655
1127 1884.887007419409
1144 1884.5021502098562
1156 1867.7765293315642
1189 1843.3049400001132
1202 1828.6562054884862
1210 1740.3996112139182
1234 1736.8133813938273
1246 1733.5192228467295
1254 1687.549435154358
1256 1540.5615364470939
1297 1538.206405101454
1332 1522.0335913122426
1339 1469.6998655757272
1419 1442.35716268832
1442 1438.180124543604
1450 1413.503346533912
1458 1409.8686566473807
1459 1340.347610402463
1514 1331.1859225019498
1532 1329.7945903886427
1558 1295.603540357572
1571 1289.884254012476
1573 1280.9881472057184
1613 1280.4306636049835
1616 1274.0101520755209
1619 1261.2727581811348
1648 1252.0406182606337
1649 1220.8436102520766
1689 1207.5578369050586
1698 1188.5318002911665
1706 1175.094712902517
1724 1096.203617116466
1747 1090.366945086665
1792 1090.2830578358596
1806 1076.4733028989324
1823 1075.7058504092777
1852 1056.49093053311
1886 877.2191542354711
1935 874.9309474277986
1947 873.0409581819537
1999 864.272032638029
2019 859.2295829218872
2079 832.8533402647407
2121 815.3466410288715
2139 813.8076126760634
2141 809.9993977961125
2145 804.0176939319275
2163 794.8538100737289
2179 793.6042200253715
2196 787.1208986215094
2233 785.9051293729102
2235 783.5972035061532
2259 773.7175296536589
2275 764.9176730737928
2291 764.7402448296031
2319 764.3655072222735
2320 749.2444956351816
2333 745.9961105780467
2336 737.3468804586313
2340 737.3441413498778
2364 737.3353626502463
2366 737.3073052782353
2420 724.4219615806305
2436 697.3547475808998
2526 697.2713855328541
2591 681.1856264150047
2638 679.707533238015
2639 667.8364683431229
2659 664.9677042366463
2661 663.2194412862029
2665 660.900912854588
2671 660.2318531404536
2673 659.9011224267887
2679 659.6830581943761
2684 659.240567231372
2689 658.3451076762427
2692 657.1906212352158
2694 655.627110197742
2696 654.4300294741389
2698 652.8977802417851
2700 651.3465552284497
2718 650.5671776178058
2722 649.8334680753895
2728 649.2204586187282
2732 648.1870964317411
2734 648.0173950400084
2738 647.150270260098
2740 646.9051135098086
2742 645.9781781926439
2744 645.1353407927216
2746 644.1970983828522
2750 644.0690623632462
2756 644.0356438968852
2758 643.7098365210269
2764 643.4226090665638
2770 643.1033871852657
2772 642.4510845227068
2774 642.3873810235984
2778 641.8413870642121
2782 641.2125856686489
2794 641.0095550455457
2795 638.2382844564381
2817 638.2014479970237
2819 637.8956935401454
2823 637.7477492728488
2828 637.3269092317865
2837 637.309264325821
2838 635.476650628221
2845 635.4119931074086
2847 634.932435840031
2848 632.4681564060168
2865 632.4506783123439
2866 630.2141368534304
2873 630.0734454759064
2875 629.821305142816
2877 629.2463108949258
2881 628.8954443379689
2882 626.3331657935471
2893 624.7338347153881
2900 623.6708609184612
2911 619.2280883560657
2939 618.2387736914137
2945 617.8472247922397
2978 614.5118977208456
3012 612.2939428681766
3045 612.2829916094414
3060 611.1217383992016
3113 609.1904946453296
3131 608.2553708354357
3167 607.7098874414926
3172 605.8716379661257
3187 595.453540283201
3223 586.8707521478198
3287 586.4877192299845
3294 586.0671830039711
3347 585.5143792376091
3357 583.4012451089537
3379 581.0138323452164
3381 580.9839196492163
3427 579.5030522985631
3428 576.0652654356485
3446 569.2836323399854
3463 557.0823997159295
3501 552.9113083362193
3550 551.2360941785095
3570 551.0858281304878
3581 551.0858227253589
3583 548.1883027566112
3586 545.673393098168
3657 543.7849250286735
3662 542.2992098551698
3673 540.9558587584944
3675 539.9689585478834
3676 532.0508867411907
3707 531.7574888983623
3708 525.5904467937951
3722 525.2746619579071
3724 524.9885181901203
3726 524.4413466795534
3728 523.4068860079736
3730 522.3891615378094
3734 521.4861317289145
3736 520.6265076061967
3738 520.1298185419622
3740 519.7717062959044
3793 519.7178106841102
3848 518.8497051440403
3850 518.3986423539809
3854 517.9718949668785
3855 514.9557461956466
3894 514.8886826288467
3896 514.5808666729403
3897 512.3945678860886
3923 512.0567137719237
3931 510.6564500576387
3932 506.9610430398999
3989 506.3196888642715
4006 500.46494586125175
4015 499.83790149025555
4047 498.15880032264977
4066 497.9465295109188
4099 495.813481174509
4113 495.81018156570224
4133 495.1027044954778
4135 494.11906897835723
4164 493.5546677249485
4165 485.327395876316
4197 484.0838784373232
4200 483.13931502223494
4235 482.0780304683018
4276 480.4342342156848
4335 480.4018130008629
4338 480.3042588640791
4353 469.26877139763303
4374 467.4066226637104
4430 466.5075893032295
4432 464.29005336700635
4434 462.91321914841114
4436 461.1224950165886
4445 460.8964745875433
4448 457.9535715065333
4450 457.5591415660935
4452 455.2663778866186
4456 454.3577586887426
4458 453.8292714401264
4468 453.2044289359288
4513 452.8857293558391
4545 452.44255437447106
4547 451.8279772930885
4551 451.1653537610437
4557 449.8603118369354
4562 449.4433288896168
4564 448.6948369323081
4585 447.7245932195102
4589 447.6414493012519
4592 447.0532637912821
4596 446.6184770747115
4598 446.3124999632615
4599 443.0130102229901
4624 442.930342633493
4703 441.03369574278327
4741 440.7091401069077
4774 440.4465929250927
4796 440.1127965960219
4798 440.0492300154162
4800 439.9567705905088
4806 439.8557428486378
4815 439.67047831443057
4824 439.5950320333207
4826 439.55762321327734
4827 438.7059756359877
4833 438.7038740024942
4835 438.46877840201336
4836 437.2696348521324
4865 437.22637225027506
4870 437.16445420643026
4872 437.1280718973214
4874 436.96286200651707
4875 436.1026369742325
4938 435.9819165750434
4942 435.84353972270964
4954 435.81038584798495
4957 435.7352061976852
4965 435.72368864923226
4968 435.71309454837024
4970 435.63619937134655
4972 435.59809230747084
4974 435.57158314849596
4976 435.5112100269671
4980 435.42053905859973
4992 435.4012924004693
4996 435.3570433077379
5017 435.33961636012674
5019 435.3376102531658
5044 435.308165365865
5058 434.82160197525724
5107 434.6954709874538
5116 434.4490290289268
5149 434.3719656041643
5152 434.14402870410413
5175 434.09492439260515
5188 433.92772889251813
5207 433.910961869874
5224 433.88152803561763
5227 433.76838234624876
5231 433.69645105449456
5232 432.78082015361724
5264 431.8300276738884
5312 430.91705838591247
5359 430.8416110185165
5361 430.6685311859583
5363 430.57909183119585
5364 429.65114306494416
5388 429.53688450225275
5391 429.44475522318635
5392 428.6799404893917
5403 428.5455846151949
5405 428.42416278559494
5409 428.3318196512651
5411 428.32421672323096
5413 428.31391444389646
5415 428.1769409612263
5417 428.0695793962311
5419 427.96238926057396
5421 427.853573751196
5427 427.71477621764814
5432 427.62610798235323
5461 425.85846812463564
5470 422.66891890158695
5501 419.5481796576435
5510 419.3664884367992
5532 419.2870304112461
5570 418.8928141993315
5572 418.07810761825164
5574 417.1735322049888
5576 416.25949731786386
5581 415.70173123693513
5597 415.53690334600515
5601 414.95618890111837
5603 414.62098941826594
5605 414.3299808571469
5611 414.0598642788778
5636 411.667512944875
5725 411.6625603255285
5744 411.64989893887685
5755 411.41666061162823
5763 411.3171101183243
5765 411.19966378263035
5771 410.9133436873327
5772 409.07487159705033
5803 408.8474651904255
5825 408.7265031153215
5843 408.66623826016206
5864 408.0656479616859
5884 408.06052460989105
5910 407.3695091409915
5913 406.9742413830455
5916 406.5392715618049
5959 406.4988082737633
5991 406.0632212719212
6009 406.06028240433074
6056 405.98897558142215
6080 405.98840586105007
6109 405.97971810015184
6111 405.9433479494118
6112 405.80670083288953
6113 405.40904393328964
6122 405.2731390464907
6177 405.2475633997845
6179 405.07638075617297
6226 405.06950440165383
6232 404.96526957911493
6240 404.8413100131463
6243 404.8376367548125
6270 404.7775439534755
6295 404.7547205787018
6296 404.6849167300165
6306 404.5692309377943
6307 404.2318204776768
6371 404.2186908483125
6376 404.1802080214718
6406 404.1395537771688
6416 404.0811427106295
6427 404.0684979071541
6429 403.85440228088726
6458 403.81429736625137
6496 403.81295321426916
6503 403.7717219363693
6517 403.35738585391385
6571 403.3411657255301
6579 403.31495184368174
6580 403.2353050690905
6587 403.18854065170746
6622 403.17563267935094
6623 403.13514410043587
6624 402.9989611743991
6639 402.99823462370773
6647 402.90431742754527
6663 402.76958663133445
6683 402.6980726058773
6710 402.67806659509114
6711 402.4198468789641
6728 402.00498894322084
6729 400.7731651875059
6764 400.6590029698394
6770 400.0835011566968
6784 400.0691478501749
6844 400.0003938828649
6846 399.50931373920065
6849 399.30527442272535
6852 399.2104072335567
6860 398.92438148883343
6893 398.71237088473595
6908 398.56508567571416
6954 398.1603420935045
7004 398.1540634336814
7029 398.0855465658999
7034 398.06350857317574
7036 398.0157442881768
7038 397.9651574429378
7084 397.947256596125
7138 397.92662299925615
7141 397.920675344272
7168 397.9125832387627
7176 397.90005592233507
7184 397.8545294430085
7193 397.802968673519
7214 397.79686288108127
7218 397.54046016489633
7255 397.3725237854266
7291 397.30514930665396
7358 397.22947075257287
7372 397.20902898250444
7389 397.20868098432686
7391 397.1734009733545
7431 397.1591778465954
7432 397.1165243839288
7451 397.0348007549409
7462 397.03306245460266
7463 397.0280063786234
7471 396.9741414358667
7524 396.9472421151124
7536 396.94402078261584
7538 396.8660615784724
7547 396.84079435513587
7549 396.78560538154983
7572 396.77263896996914
7574 396.7575164431494
7577 396.61541532385644
7632 396.54321222167965
7638 396.5277799861934
7640 396.5089128417653
7649 396.4895950511926
7650 396.2982923250753
7684 396.2952247175451
7685 396.13366086627894
7713 396.11072302003976
7715 396.0909480882492
7719 396.0849790188725
7734 396.0739924029524
7736 396.07245353132976
7742 396.0549666574962
7743 395.96221922124465
7750 395.9621361060922
7751 395.84890302840387
7762 395.8197070700968
7766 395.7674199372756
7776 395.76666619504266
7809 395.60796469843586
7816 395.5760098391465
7846 395.5750538908733
7847 395.5721821705149
7849 395.50779330802936
7865 395.496159816245
7877 395.4623787472042
7879 395.4291274533058
7880 395.38250928204457
7905 395.21124411926826
7906 394.8536655682984
7935 394.8479929993724
7936 394.83145488310754
7945 394.75294839220624
7972 394.5725775321257
7975 394.4080784877812
7990 394.17798701823256
8035 394.1674977992024
8039 394.1187666408067
8085 394.1061537115359
8132 394.07642545407606
8142 394.05555162631293
8155 393.9996663352506
8177 393.9971882910086
8179 393.994765670099
8180 393.87035152862904
8187 393.72305709755494
8220 393.67534074460934
8228 393.64254484088667
8239 393.5192867489037
8252 393.4460522047822
8297 393.39379945752745
8311 393.3184538419573
8338 393.2317244571882
8341 393.2305893527304
8374 393.11123575043354
8428 393.05523260320984
8437 393.0441647186674
8443 393.03175106123905
8449 393.0152856600174
8453 393.00233901420734
8459 392.9940472086217
8461 392.96362416246274
8485 392.8834195680524
8497 392.73264981041325
8505 392.29122042684963
8514 392.1812925912813
8574 392.14249067566743
8583 392.08321875353244
8605 392.0736968464895
8611 392.04140882715217
8650 392.04037449496616
8688 392.0227677263393
8703 391.98902354571106
8704 391.88745858738747
8726 391.320234930058
8743 391.31462176586246
8770 391.2652724582312
8781 391.2293273039811
8800 391.1840724691576
8836 391.07056648814375
8847 391.0703071907561
8856 391.04201312585246
8875 391.02128783719763
8887 390.7657541373461
8938 390.7627402989512
8942 390.72435510787244
8950 390.72176768336533
8954 390.7184028392403
8961 390.6971719334353
8963 390.6901930231483
8964 390.55168254667853
8984 390.4044475540964
8991 390.0646565554328
9042 390.0602412787143
9044 390.01698708037924
9045 389.6720221261335
9069 389.6624416354453
9080 389.3568188047193
9081 388.42268002506853
9088 387.9133053484529
9093 387.7470129591948
9126 387.3357964548177
9155 387.21484767273836
9168 387.1315745999993
9211 387.0140346641051
9212 386.6620614218796
9214 386.60015499538963
9247 386.5641163256969
9248 386.4568923182816
9249 386.1547309376052
9288 386.09475954050197
9309 386.0941285938325
9320 385.8683930885554
9331 385.5903542856721
9371 385.492174822144
9380 385.37680466440185
9389 385.19921292822994
9420 385.1716033630855
9421 384.7064752023435
9492 384.6915595934238
9520 384.6828787767397
9567 384.6791602168937
9578 384.6191906246389
9579 384.4391810499441
9593 384.4325724506729
9597 384.43233728081805
9641 384.42279913671695
9643 384.38999816659344
9646 384.36205046292787
9651 384.34544735474367
9693 384.31672467015835
9709 384.3161586193489
9715 384.23448978304737
9719 384.2157515762631
9750 384.20945731451303
9789 384.04885442404634
9790 383.56707815064965
9807 383.4766288235312
9828 383.4744994416576
9859 383.41677265530905
9879 383.40053489705116
9906 383.3510255685183
9931 383.3488357536141
9959 383.2312187036801
9996 383.2300396271457
9998 383.2171705866929
9999 383.14644666304076
10010 383.1378080636519
10011 383.058769896463
10019 383.0499111395885
10021 383.04236135391756
10023 383.0286224335682
10025 383.0093762552499
10030 382.99696080273276
10032 382.9833925983381
10033 382.88949337664553
10047 382.8871967871176
10082 382.83455829136517
10086 382.8072518577559
10113 382.78876241699027
10116 382.7806785628667
10117 382.69510629879073
10162 382.69454056349093
10181 382.5681342833991
10195 382.52169096797303
10225 382.51903392873953
10226 382.51112522514103
10306 382.4965418512851
10307 382.4528156877399
10337 382.44943327642574
10338 382.43964974366713
10377 382.4330413912681
10423 382.43303947427904
10450 382.4253535929558
10451 382.40759380440636
10471 382.406829713487
10472 382.40454399595353
10503 382.4022646037122
10504 382.39542304153025
10510 382.338258602881
10545 382.27893187288953
10569 382.2777746395136
10570 382.2743047792338
10593 382.2734271019628
10608 382.27277242183163
10656 382.2714933095412
10658 382.26984320969103
10672 382.2678079303021
10699 382.2406317593658
10710 382.2343546751973
10711 382.21560388750237
10727 382.1845188881561
10758 382.1171065531935
10762 382.11357322075924
10801 382.06655052031255
10833 382.0479809337296
10856 381.9886191673328
10860 381.8621199100613
10871 381.7893057806311
10879 381.7475162969002
10940 381.74582750300027
10947 381.74121843681183
10948 381.72740806650677
10967 381.7238197909745
10970 381.7158392578011
11022 381.7137972587264
11079 381.7078902905557
11090 381.7054910853821
11091 381.69829778600285
11113 381.6979762657987
11114 381.6970117967213
11115 381.69411921358125
11116 381.6854488884463
11117 381.65950493984616
11127 381.6537675456384
11143 381.64660293176183
11151 381.6430324495077
11185 381.6374616972243
11189 381.6365169788168
11196 381.6355154986137
11202 381.59541142538586
11232 381.592742618601
11233 381.58477949790995
11265 381.58233735427325
11266 381.5750142934394
11294 381.57325487841047
11297 381.57286281930766
11308 381.5650290233081
11331 381.56438241919835
11332 381.5624387234559
11405 381.56134854086054
11411 381.5548801531974
11434 381.55485268557476
11435 381.5547703053315
11464 381.5516226069766
11520 381.55114038311837
11561 381.5510883484804
11562 381.55093160042526
11566 381.55079787778385
11567 381.55037891973615
11568 381.54893822653787
11572 381.54845595134316
11573 381.54700059674246
11574 381.5425508920876
11579 381.53846810272177
11592 381.5266861951484
11594 381.49138028849853
11607 381.47911568549773
11623 381.47869809376596
11678 381.4772685392007
11712 381.46865575776434
11717 381.4663451438817
11719 381.46228838521546
11722 381.4535947653336
11726 381.4498608702287
11740 381.4496986112448
11741 381.44926412014473
11744 381.43512394594416
11752 381.4338597535409
11755 381.4290192927785
11759 381.42246774623686
11826 381.4224396455158
11827 381.42235725690745
11829 381.41723052953216
11888 381.409416183936
11904 381.4034725556823
11906 381.40238182291296
11914 381.3963979282993
11945 381.37384102622195
11952 381.36889530948037
12013 381.36701939152414
12014 381.3614758818131
12034 381.34582163563175
12053 381.3316197683416
12109 381.3315247818685
12118 381.33142206226614
12125 381.32634798493893
12147 381.3255272400802
12149 381.3189865443913
12183 381.3174459804186
12198 381.3138853153728
12209 381.3074619380639
12215 381.30473827649814
12220 381.3042525784053
12221 381.3024456746375
12259 381.30095921578067
12261 381.3001436511007
12262 381.286747525178
12269 381.2825839419726
12280 381.2812920700679
12297 381.2803108166261
12299 381.280244153426
12303 381.27722390056164
12343 381.27698882959754
12355 381.2632849272019
12363 381.26299326349266
12369 381.2308807499588
12420 381.23063392264726
12442 381.23024860546127
12473 381.2297728058302
12475 381.20965529290004
12481 381.20354521081117
12516 381.2006512964387
12521 381.20050155710567
12535 381.16917040264315
12540 381.15651395835084
12583 381.1525560258281
12604 381.15217396205
12610 381.13986166884376
12619 381.11990997249586
12633 381.1181019474017
12674 381.11114252872136
12694 381.1086630819461
12696 381.1056143748446
12705 381.10197393246096
12734 381.0984239299951
12738 381.095917759012
12744 381.09086486684356
12745 381.06141607939173
12787 381.04912863386915
12833 381.0454547966966
12864 381.0454449771424
12907 381.04429773513317
12921 381.0400625455829
12944 381.0391649931292
12949 381.0367069808769
12959 381.03066379976224
12968 381.0165444114966
12980 381.01636341678676
12981 381.0157151098838
13036 381.0156550893451
13040 381.01338115171535
13042 381.0114867193327
13063 381.0112085553065
13064 381.0103627017309
13067 381.00801147315235
13068 381.0007905772388
13074 380.9941442842635
13106 380.9933907764723
13116 380.9351316166805
13162 380.9233612824411
13170 380.92202476820506
13188 380.9188171754084
13197 380.9172353300228
13217 380.9069591920074
13218 380.87612875019335
13268 380.8754945944165
13269 380.8735923756578
13298 380.8721827011778
13308 380.8566468062852
13349 380.85102506663543
13350 380.83415821549556
13354 380.83343635474705
13359 380.8327526425177
13388 380.83187279763956
13393 380.8249657448709
13404 380.81735885192563
13444 380.8152505710501
13445 380.8088684949706
13486 380.8081519019874
13513 380.80170808923504
13522 380.8015756009094
13523 380.8011440774769
13525 380.80044012885037
13528 380.7977605813136
13566 380.79681968811
13589 380.7948413466384
13609 380.7931799891168
13641 380.78933182392376
13662 380.7888923469791
13663 380.7875736204174
13698 380.7858712625681
13730 380.7850626991182
13774 380.78442485856976
13776 380.7843385966284
13777 380.78171070546375
13781 380.7811934912089
13782 380.77964195767487
13808 380.77714011266124
13809 380.7731630474774
13825 380.772215243792
13830 380.7687710822
13839 380.7570334679297
13862 380.7567353068765
13873 380.7484031843688
13888 380.74742846503557
13898 380.74247091804824
13909 380.73841899071164
13974 380.73765935597277
14025 380.7353777095011
14026 380.7318310769302
14032 380.7278890018831
14033 380.7160659557247
14041 380.7090065503071
14051 380.70713771970605
14064 380.70594929682505
14065 380.70238437312196
14084 380.7008589270719
14098 380.6939414305037
14102 380.6778346056042
14132 380.6733606055056
14156 380.6725307106924
14158 380.67003199063424
14186 380.66370173099875
14189 380.66188000441275
14192 380.66001929839706
14231 380.65765979948634
14237 380.6531591829896
14275 380.65197552295984
14286 380.6513760861202
14293 380.6493548985624
14295 380.6482846302236
14297 380.6472698256401
14299 380.64557053781976
14319 380.64465875366795
14330 380.6445646042942
14332 380.6439762945841
14338 380.64282240303265
14348 380.6423105171657
14350 380.6413784435245
14352 380.6405673540703
14360 380.6399602548467
14366 380.6395430396322
14368 380.6387663549357
14373 380.6382569831265
14376 380.63819746062694
14407 380.6379676623656
14408 380.6340934620542
14430 380.634021820812
14431 380.63058955872697
14447 380.6303353550657
14454 380.6303065079985
14456 380.6300261417169
14472 380.62989986858406
14478 380.6295538000144
14479 380.62851436308097
14480 380.6253848985488
14544 380.6223593732
14545 380.61318128532344
14584 380.6121884113662
14596 380.61205380839925
14618 380.611865624285
14626 380.6117747478739
14630 380.6088529463142
14635 380.60833517674934
14652 380.6080707929045
14739 380.6077273617173
14749 380.6075615695356
14772 380.6074660681771
14792 380.60729266088185
14797 380.6071127170351
14817 380.6011363622996
14823 380.59979018628195
14858 380.599693024293
14867 380.59862353018724
14911 380.59861105623713
14934 380.59860628882427
14942 380.5969575715461
14984 380.59680404820335
14992 380.59661141915683
14998 380.59641234886715
15004 380.5963623262063
15006 380.59630459211905
15008 380.5961006503671
15009 380.59478783250375
15015 380.59477479067124
15017 380.59439599611954
15031 380.5942552250416
15033 380.59410311897193
15037 380.59397794360433
15039 380.59374995578514
15041 380.5935436879603
15048 380.5935259697502
15051 380.5933610482241
15144 380.5932688157192
15167 380.5929230809286
15174 380.59282607039125
15184 380.5927424726446
15198 380.59247371327257
15213 380.5922023338222
15243 380.5921913943644
15252 380.59172419637633
15253 380.590321852677
15257 380.58985133307124
15265 380.5891235957896
15319 380.5883877537238
15360 380.58816330628497
15391 380.5881613349297
15392 380.58815542213574
15393 380.58813769519884
15397 380.588126057952
15398 380.5880909411874
15419 380.5880717200869
15425 380.58796870986924
15432 380.5878940800456
15467 380.5878694482045
15469 380.5878482283143
15482 380.58627983238443
15489 380.5861565250455
15511 380.5860477987876
15543 380.5859999943525
15567 380.5859957856229
15577 380.58591237325453
15609 380.5857646826827
15611 380.5855007689821
15621 380.5850470637903
15669 380.58498931160574
15691 380.58495392908526
15735 380.5847192017412
15737 380.5846625508033
15742 380.58441470601815
15747 380.5839877003238
15777 380.583944964851
15779 380.58385539235246
15784 380.58383801932206
15802 380.5838350147442
15803 380.58382599913864
15804 380.58379893548243
15805 380.58371759311814
15841 380.5836332824553
15843 380.5836077421542
15881 380.58358168975883
15883 380.5835569975534
15895 380.5835440081755
15896 380.5832153927975
15908 380.582675888056
15949 380.58254653135276
15950 380.5821594792612
15953 380.5815450208689
15968 380.5799408196497
15977 380.5798297502903
15988 380.5768331478938
