36 2717.3451836248064
58 2693.369271368554
95 2690.705839826809
97 2668.047855632845
130 2667.8779159567157
152 2630.858624060598
160 2623.622273320243
165 2595.992970268181
231 2569.892119838905
286 2569.481396424503
346 2569.3467858309073
376 2567.830788257484
393 2566.0242942945642
420 2560.8856929197623
423 2552.7007461901603
424 2550.061967212505
439 2548.9583703267854
449 2545.8405703267854
489 2542.935579605203
540 2537.2589195772257
543 2532.696821601507
544 2531.704646099793
547 2526.7475484251227
550 2524.1472027694663
566 2519.3622027694664
611 2499.740375337188
618 2474.347423025481
688 2470.951142607435
689 2466.0063013532995
696 2458.433678029803
726 2456.629884516642
778 2451.875733292073
784 2451.8593200252303
785 2446.065532204553
807 2436.06826315114
812 2422.6195782979503
832 2413.9268864083706
863 2411.4662053435077
868 2411.3596651602807
872 2409.6316487820563
874 2406.4911914519435
875 2398.1251255749894
887 2397.844599050854
897 2395.029109271734
940 2389.800305267825
941 2387.7852662894584
944 2386.2588551732965
946 2382.3632344733996
1000 2378.902505376113
1001 2375.7734948729903
1054 2374.032691478964
1062 2371.742015566455
1078 2369.4616728894916
1104 2365.9625537745333
1147 2362.343559343298
1173 2361.8116251064953
1176 2359.4937986522946
1229 2357.066090017357
1230 2353.0731726083895
1256 2351.665234070283
1300 2351.625164236698
1304 2348.74874723654
1333 2347.443362028016
1334 2346.4644303908885
1393 2346.0608742652857
1424 2344.662944890423
1438 2344.0752022902834
1444 2341.9687799421304
1507 2340.1008379735736
1522 2339.2055096435884
1574 2339.156004465043
1576 2337.906729029063
1577 2337.0072323177924
1657 2336.522259565774
1661 2336.0278843562032
1663 2335.9845037754844
1664 2333.6948381862207
1697 2333.546168460684
1698 2332.4863844989113
1706 2332.3348788138146
1708 2332.2371342235733
1709 2330.7737673523275
1724 2330.6968228943797
1727 2330.559630335654
1728 2329.3283104159864
1732 2329.1923408816815
1737 2328.8145052630075
1738 2327.0059564423173
1747 2326.8356119552236
1748 2325.0333168912352
1757 2324.736626053669
1758 2322.865979887103
1765 2322.6539857776897
1766 2320.4555417480474
1776 2320.4330568224723
1777 2318.6658647650684
1787 2317.606676843888
1788 2315.8047630963265
1801 2315.253429935885
1802 2313.7892157649994
1816 2313.620191926968
1817 2313.0255947719456
1818 2312.741338963602
1826 2312.3282845247263
1835 2311.916428822712
1837 2311.6984541412894
1838 2310.389059944835
1872 2310.3869054288807
1873 2309.486303676456
1916 2309.4612911386116
1917 2309.356431079892
1918 2309.2006912158126
1919 2309.015702261445
1920 2308.703554953732
1922 2308.636100362408
1923 2307.7675303991446
1927 2307.7503656880795
1935 2307.7000726387796
1936 2307.3722461849893
1937 2307.204523016856
1938 2306.0332105981315
1944 2305.7349179751577
1951 2305.590062193305
1952 2305.2001784228887
1953 2304.8138620320824
1954 2303.53515323773
1963 2303.4187418698066
1964 2302.2681550076404
1971 2302.03481821859
1975 2301.9451683087755
1976 2301.378288265985
1980 2301.2566748956483
1981 2300.6526253284683
1988 2300.4530949129476
1991 2299.848926361632
1992 2299.4567356882008
2000 2299.3529933061072
2004 2298.736859206452
2005 2298.559093669708
2012 2298.124871936272
2013 2297.622023782365
2019 2297.134274221089
2036 2296.913356654033
2101 2296.7544729928845
2102 2295.7072898934466
2149 2295.654693060006
2185 2295.627517526837
2214 2295.5865824726434
2217 2295.172378874052
2220 2293.898306503841
2253 2293.5435912830517
2305 2293.274137126373
2365 2292.982616434145
2372 2292.811622779378
2373 2292.1250363357285
2424 2292.0159464129747
2427 2291.9031064231094
2432 2291.7767178201084
2438 2291.20285967743
2459 2288.400379054574
2563 2288.2376183979754
2566 2288.0188885273856
2578 2287.792772684051
2580 2287.385201006795
2599 2287.0522384636224
2637 2286.9598794332996
2665 2286.8441312354003
2794 2286.81448903531
2796 2286.7298598784123
2797 2286.511103762414
2798 2286.2073916361023
2800 2284.8749523379174
2816 2284.2360874395167
2832 2283.9553747031455
2834 2283.335081432131
2836 2282.7662598528805
2856 2281.1007064298346
2917 2281.0249970423174
2944 2280.9496400797643
3001 2280.5729874607696
3008 2280.557533309152
3023 2280.473371368757
3025 2280.4733660097468
3028 2280.397705897246
3029 2280.0704410236685
3030 2280.0581481933805
3039 2280.0210098757275
3042 2279.9133216875043
3043 2279.398796689961
3050 2279.063417522755
3100 2278.9679643497607
3270 2278.9671402166755
3469 2278.9656251038873
3470 2278.9625452395107
3471 2278.953385883222
3472 2278.926781818689
3473 2278.8550983996975
3474 2278.713651629973
3478 2278.6724218517315
3479 2278.5998090330313
3484 2278.0995625290816
3505 2277.573757029503
3616 2277.56769844251
3617 2277.5496210381357
3630 2277.5280069491278
3631 2277.4755756277336
3632 2277.4290152013864
3657 2277.307986772246
3700 2277.248694351408
3790 2277.2464438434463
3791 2277.2397071856913
3859 2277.2384086285388
3887 2277.2341693256635
3889 2277.221671809726
3890 2277.1859891404747
3891 2277.0956601999274
3892 2276.9712526800135
3896 2276.919510044799
3897 2276.813491810666
3900 2276.7180610590144
3901 2276.503226066662
3902 2276.2945833388676
3924 2276.0723457354534
4060 2276.0266849888653
4107 2276.021074383245
4137 2276.018092681553
4161 2276.016885793058
4211 2276.0166942236624
4212 2276.0161198563424
4213 2276.0143998221874
4214 2276.009267329948
4215 2275.994095751238
4216 2275.9474377163065
4217 2275.8261994689315
4218 2275.6429093848446
4272 2275.631472477466
4278 2275.582463768505
4344 2275.5570590546727
4380 2275.4909153268054
4381 2275.2021246788518
4382 2274.72851916835
4393 2274.4158538224797
4467 2274.321115200464
4501 2274.170931366377
4507 2274.0461662498956
4515 2273.9077210769715
4648 2273.906886654076
4649 2273.9044198598867
4650 2273.8978894592174
4651 2273.8790862020664
4652 2273.849759893834
4670 2273.715585938866
4801 2273.7109314650397
4804 2273.7089556670844
4806 2273.7047171354416
4809 2273.6992251084794
4812 2273.697473819323
4814 2273.6922978532402
4815 2273.6774468630992
4816 2273.6409298522635
4843 2273.601790823437
4898 2273.584412763531
4937 2273.5621757572976
5022 2273.5611052302766
5023 2273.5579323404995
5024 2273.5493150282327
5025 2273.527813668295
5026 2273.4751196340685
5041 2273.331398747819
5083 2273.2665490168874
5100 2273.252226866108
5143 2273.2275057888965
5146 2273.2161356501374
5147 2273.069868821236
5261 2273.0535726618195
5272 2273.0526048979523
5367 2273.0522237259283
5385 2273.0521892685247
5386 2273.052086095959
5387 2273.0517397147537
5388 2273.0507034765965
5389 2273.047770840894
5390 2273.042249254127
5391 2273.0342289734754
5442 2273.0010715893723
5456 2272.9537608624855
5508 2272.9472879016994
5577 2272.9415165183714
5578 2272.9284021680696
5579 2272.928328610331
5592 2272.875454438751
5593 2272.7933605955022
5599 2272.397724258087
5656 2272.3976235734935
5657 2272.14797766193
5691 2272.091344075032
5723 2271.964047981753
5726 2271.866169083389
5791 2271.8484220464243
5792 2271.79786311157
5809 2271.7633555996035
5812 2271.7021863203727
5823 2271.61547851278
5824 2271.3598497096273
5825 2270.909403234171
5872 2270.8505382886788
5913 2270.7987083635708
5948 2270.709921313542
5949 2269.986458596204
5997 2269.7988070553697
6005 2269.722648179578
6038 2269.5636913516732
6131 2269.5259016593736
6242 2269.5246413929144
6243 2269.520818411625
6244 2269.5093876322226
6245 2269.4758381607026
6246 2269.385126079824
6247 2269.1753925481444
6248 2269.114975751362
6255 2268.899462514014
6338 2268.808730296532
6341 2268.6885875091857
6343 2268.643132415302
6409 2268.5734975632136
6428 2268.5734506838753
6436 2268.502172019616
6444 2268.485815708782
6446 2268.3951289169354
6468 2268.193668515303
6552 2268.1933093520474
6553 2268.192396246049
6554 2268.188119299959
6593 2268.159494202865
6623 2268.135325998218
6627 2268.096291308197
6657 2267.9819191785987
6696 2267.975942871968
6697 2267.9726106011462
6751 2267.957148598321
6752 2267.931915442778
6770 2267.893330283968
6771 2267.7773068021224
6801 2267.7516393878723
6846 2267.7368627516953
6912 2267.7318028656664
6920 2267.729367337801
6927 2267.726712867086
7084 2267.7266874031975
7085 2267.7266119027804
7145 2267.726493361575
7172 2267.7258219073383
7207 2267.7238290186724
7209 2267.718045076691
7210 2267.7024323204914
7211 2267.6712317164133
7216 2267.646803854771
7229 2267.641740270006
7266 2267.638144183342
7274 2267.637682067787
7275 2267.636305347948
7276 2267.632261829832
7277 2267.622501268589
7278 2267.596365248764
7470 2267.5962667298027
7525 2267.596222063105
7545 2267.5960855905987
7546 2267.594985802097
7621 2267.5947234348823
7675 2267.594573128791
7679 2267.5944464155605
7696 2267.5944124085036
7788 2267.5944015328478
7790 2267.5943824814867
7796 2267.594378885333
7800 2267.5943546476256
7819 2267.5942820211226
7820 2267.594064921195
7821 2267.5934206376596
7822 2267.59155093328
7823 2267.5865107932236
7824 2267.576492331639
7833 2267.533520456557
7838 2267.529355009864
7839 2267.519876668482
7889 2267.503494258535
7922 2267.500234554334
7923 2267.4905317627004
7924 2267.4627185713307
7925 2267.388383155771
7926 2267.2178101239188
7954 2267.1889896431862
7968 2266.9933648709402
7971 2266.9066413193154
7972 2266.690441064785
8016 2266.5777538062453
8031 2266.5602160380627
8120 2266.5412949417628
8126 2266.5368297591267
8138 2266.5359110515556
8140 2266.45208369435
8148 2266.3899900736797
8210 2266.388794699592
8352 2266.3881673485703
8564 2266.3881654115953
8567 2266.388165111316
8568 2266.388164210479
8569 2266.3881615079717
8570 2266.3881534005027
8571 2266.388129078563
8589 2266.3881273339575
8698 2266.3881253640984
8708 2266.3881194546775
8709 2266.3881017278154
8710 2266.3880485598197
8711 2266.387889169164
8712 2266.387412017168
8713 2266.385989740939
8714 2266.381805530048
8715 2266.369996457571
8716 2266.3412289337134
8717 2266.315202817545
8738 2266.31425270873
8739 2266.3114408245883
8740 2266.3021199613786
8741 2266.273137759176
8742 2266.2127112228086
8743 2266.195053505272
8879 2266.1901620177946
8940 2266.1821508826997
8946 2266.159077678425
8947 2266.0978941798185
8948 2265.9997852004544
8956 2265.9933969914837
9026 2265.9927746621565
9027 2265.9909493556042
9070 2265.9829335301265
9097 2265.981366309974
9099 2265.9775569483454
9100 2265.9734948055047
9164 2265.9653970840914
9205 2265.963663762445
9207 2265.963466637997
9251 2265.962529341463
9252 2265.9599493372207
9253 2265.9528460230595
9262 2265.8905842673885
9319 2265.8835278579227
9320 2265.8654197283786
9321 2265.8155687784956
9322 2265.7583345865914
9575 2265.7582900906245
9619 2265.758279132544
9620 2265.758246369518
9621 2265.758149081385
9622 2265.757866575154
9623 2265.757110697681
9624 2265.7555804314234
9642 2265.753137673298
9695 2265.745884199331
9892 2265.7458761911016
9893 2265.745852180191
9894 2265.745780271452
9895 2265.7455656611887
9896 2265.74493187397
9897 2265.743120231255
9898 2265.7384957716904
9899 2265.731946452075
9906 2265.7258093447813
10045 2265.725759333281
10068 2265.7256504200586
10101 2265.725618705561
10126 2265.725558840693
10142 2265.7253806257313
10143 2265.7248576381644
10144 2265.723402531519
10145 2265.720106932643
10146 2265.719376836994
10160 2265.7113192629113
10191 2265.694549975861
10252 2265.69195148109
10344 2265.6919450124406
10396 2265.691307675495
10397 2265.6896887342127
10443 2265.6895755603637
10474 2265.689423935837
10534 2265.6894139807214
10535 2265.6893841471738
10536 2265.6892949327453
10537 2265.689029865368
10538 2265.688257846423
10539 2265.6861573629044
10540 2265.6816981403467
10546 2265.6807372094754
10547 2265.677859271537
10552 2265.6747745869243
10681 2265.6736123247897
10703 2265.6713724859787
10712 2265.671113600537
10713 2265.6703596888156
10714 2265.668129833287
10715 2265.6618385463016
10825 2265.6617243935125
10826 2265.661382398493
10852 2265.6613271097094
10854 2265.6611789223916
10855 2265.6608843485633
10953 2265.66047101228
10986 2265.6602746325725
11027 2265.6597780495504
11041 2265.6583189109137
11042 2265.654300113466
11043 2265.644551980283
11044 2265.6364423943887
11052 2265.612584478026
11065 2265.610503974526
11128 2265.6021339566632
11156 2265.590420889391
11229 2265.588373194378
11240 2265.5866170384074
11242 2265.583356935894
11262 2265.5772851786924
11311 2265.576311737877
11319 2265.573481686543
11347 2265.571657691379
11348 2265.553394850246
11349 2265.5021432936196
11404 2265.502059257314
11461 2265.5001927305743
11462 2265.4946031821573
11463 2265.477972226741
11465 2265.4651597729744
11466 2265.4169610446434
11467 2265.3298227823216
11477 2265.3001656032047
11478 2265.2984519547767
11539 2265.269513468388
11681 2265.2689555382312
11716 2265.2688012623967
11717 2265.26833927148
11718 2265.266959110258
11719 2265.2630180228043
11720 2265.252428542697
11721 2265.2324335942985
11760 2265.228848710246
11761 2265.2184359690186
11762 2265.1896172136526
11788 2265.1320982245506
11804 2265.1217461298993
11805 2265.116945519764
11836 2265.046094398699
11876 2265.013868475886
11877 2264.9261750547103
11994 2264.9250978504274
12029 2264.9240062998592
12030 2264.9207388227405
12064 2264.919416958973
12071 2264.9192428476035
12072 2264.918746714022
12073 2264.9165496049886
12162 2264.9156276522617
12163 2264.9133353746365
12164 2264.910773186667
12261 2264.9090516280403
12313 2264.9047284870157
12314 2264.8993287194944
12368 2264.8910920705225
12436 2264.8895451725775
12457 2264.8892504658106
12458 2264.8891533754577
12470 2264.888870495347
12497 2264.8880733800756
12498 2264.88614007744
12499 2264.8825338338956
12548 2264.8688425023856
12549 2264.827798510377
12563 2264.819955079126
12564 2264.8184272371964
12582 2264.759580566306
12600 2264.7190918474075
12627 2264.610212570633
12680 2264.583750904224
12681 2264.509936308355
12682 2264.3499235155186
12708 2264.3133098597696
12710 2264.1771386516584
12776 2264.145606861325
12816 2264.105190352354
12856 2264.094738647245
12863 2264.0537349635138
12864 2263.933190179507
12873 2263.9287537620753
12875 2263.9178382375376
12876 2263.8104548936835
12889 2263.8016921098733
12890 2263.738466315133
12894 2263.7200490544706
12898 2263.71487131001
12899 2263.608528375801
12908 2263.592511396104
12909 2263.515242604312
12916 2263.4718865770847
12917 2263.3429562279434
12928 2263.3422033262623
12929 2263.2465426945346
12941 2263.2378241094234
12942 2263.1895948824167
12945 2263.1276465840538
12946 2262.9660082599917
12960 2262.930363303961
12961 2262.801858503585
12969 2262.7982089987327
12970 2262.698169608576
12976 2262.691497683739
12977 2262.5722423397583
13018 2262.529688512734
13131 2262.526203081805
13182 2262.5259982734265
13184 2262.5255618740225
13193 2262.5231107645905
13253 2262.522266168525
13314 2262.5217711850446
13325 2262.521733733602
13326 2262.5216214822153
13327 2262.5212856545318
13328 2262.520282372856
13329 2262.5173454145543
13330 2262.5092069200255
13331 2262.4904940488223
13332 2262.488357268261
13347 2262.437473667303
13402 2262.433369203918
13403 2262.42351036114
13404 2262.4139869919213
13415 2262.372876422464
13469 2262.3707161444245
13470 2262.364483195027
13471 2262.348015309314
13528 2262.3376048946398
13589 2262.3302309489427
13625 2262.329691502133
13712 2262.329655921812
13713 2262.329549483256
13714 2262.3292328892658
13715 2262.3283076024063
13716 2262.3257521978176
13717 2262.320053907537
13721 2262.314349453454
13722 2262.3002537988755
13774 2262.298229736885
13803 2262.2966696145995
13818 2262.2965877247343
13819 2262.29639478857
13820 2262.2960959773195
13884 2262.294871691338
13973 2262.294817288805
14109 2262.294816975222
14181 2262.294815650741
14225 2262.2948149034887
14226 2262.294812661758
14227 2262.294805936804
14267 2262.2948043164606
14268 2262.2947994591646
14269 2262.294784920903
14270 2262.294741608734
14271 2262.294614395798
14272 2262.294257269107
14273 2262.293403282927
14274 2262.2928264460184
14287 2262.2862251172087
14311 2262.2773310538687
14348 2262.2771617383382
14349 2262.2766540747525
14389 2262.2763814229256
14402 2262.27576386477
14404 2262.27351752088
14406 2262.26847841794
14419 2262.267167135408
14470 2262.2638807079693
14504 2262.263742300689
14614 2262.2637302446064
14646 2262.263724293837
14686 2262.2637229321226
14886 2262.263722892007
14909 2262.2637228698154
14910 2262.263722803241
15006 2262.2637228031094
15007 2262.263722802716
15008 2262.263722801535
15045 2262.2637227746263
15187 2262.2637227734417
15199 2262.263722773059
15223 2262.263722732296
15225 2262.263722695675
15242 2262.2637226950433
15328 2262.26372269504
15329 2262.2637226950296
15330 2262.2637226949983
15331 2262.263722694906
15332 2262.263722694627
15333 2262.2637226937904
15334 2262.263722691282
15335 2262.2637226837596
15336 2262.2637226612005
15337 2262.2637225936246
15338 2262.263722391799
15339 2262.2637217944557
15340 2262.263720075599
15341 2262.2637155776138
15342 2262.2637080108907
15346 2262.263480195765
15353 2262.2634733084687
15354 2262.2634526469114
15355 2262.2633906652327
15356 2262.263204747123
15359 2262.263045543712
15384 2262.2630402158766
15386 2262.2630250099364
15388 2262.2629863902066
15510 2262.2629470489874
15582 2262.262931670527
15679 2262.262931504463
15689 2262.262931293881
15718 2262.2629311341343
15720 2262.262930657596
15765 2262.262930462074
15813 2262.2629298757033
15814 2262.2629281183517
15815 2262.262922862141
15816 2262.262907236108
15817 2262.262861641403
15818 2262.262736407822
15819 2262.262465615022
15823 2262.2613246323745
15903 2262.261285223272
