471 5088.142348486339
473 5080.462649534938
475 5074.692898272795
515 5070.697428097079
528 5043.239598882357
570 5015.707236010001
588 5001.708920431557
625 4991.123361020271
644 4987.947131067784
697 4984.297164650979
699 4976.963039040359
703 4975.609517838321
705 4968.777730452318
737 4964.668444322368
755 4955.846984198508
759 4937.963576661461
777 4930.6444369866995
799 4925.922563978556
874 4925.720419186879
889 4911.24354258469
902 4900.829469473486
917 4892.026308141652
964 4871.367864874366
997 4870.892376417986
1007 4866.53253554726
1026 4860.160650501983
1073 4856.650905261051
1076 4854.073649228802
1079 4847.572219911046
1102 4845.849427188705
1121 4841.183151573922
1138 4837.550285944265
1151 4831.880488314419
1154 4827.4224654941545
1158 4824.623610075779
1159 4812.201101184913
1160 4808.914740110814
1224 4805.876546916466
1232 4792.198236152806
1317 4791.128314724536
1323 4790.413150143942
1325 4790.059661253914
1338 4787.629216405223
1362 4782.796286166651
1389 4782.513286143406
1391 4780.93845536356
1401 4779.984674702688
1405 4779.65690103489
1433 4779.065787755666
1447 4778.060372296151
1449 4776.975800533304
1450 4771.146792419453
1467 4771.142603662071
1498 4770.8368518708485
1539 4767.2086760694665
1579 4765.467921292261
1629 4765.375439355222
1633 4764.500822506735
1641 4764.220792126178
1654 4764.087070387294
1657 4762.988983070529
1692 4761.615575719567
1726 4761.491607712987
1728 4761.45559632239
1729 4759.041702004066
1774 4758.715844733694
1776 4758.460955227417
1779 4757.423892507297
1830 4757.297359369299
1834 4757.238878409532
1844 4757.09266087705
1850 4756.903551338106
1851 4755.093609111699
1859 4755.084577595993
1867 4754.955121939803
1869 4754.901218668678
1871 4754.787993016555
1873 4754.733932096509
1875 4754.491999411828
1877 4754.175662844043
1878 4752.238750658356
1893 4752.102270346158
1894 4750.021283339972
1922 4749.94218896551
1924 4749.887886479943
1926 4749.605474490308
1928 4749.554198197122
1930 4749.340444105586
1934 4749.009601185897
1936 4748.942901230511
1947 4748.822175672238
1951 4748.8123048197795
1953 4748.6623567920315
1962 4746.606540208802
2032 4746.4476343448505
2050 4746.426416001334
2092 4746.241070340447
2150 4746.050430593133
2152 4745.923658906964
2154 4745.881734701704
2157 4745.811710232348
2158 4745.038483767701
2207 4744.979150383652
2209 4744.909668313503
2213 4744.848530393811
2215 4744.799531565475
2227 4744.772669109697
2233 4744.735645392985
2234 4744.379984926522
2254 4743.5052784580985
2283 4742.716974003818
2311 4741.9818555600605
2334 4741.837018182821
2336 4741.821261605597
2340 4741.660402612721
2342 4741.538835903445
2350 4741.4977323392695
2351 4740.6306918020855
2380 4740.494855018774
2397 4740.429888231679
2416 4740.188212257134
2429 4740.01136442222
2456 4739.920021622935
2460 4739.8260852881085
2464 4739.800620851559
2468 4739.70655397568
2476 4739.689313703801
2478 4739.646070617279
2486 4739.527911377585
2488 4739.466307472465
2490 4739.437833070762
2492 4739.418377943076
2494 4739.367106363362
2498 4739.292659549679
2519 4739.279171408012
2521 4739.2404203629185
2529 4739.173698184373
2531 4739.163500054243
2532 4738.864870044901
2556 4738.85059571511
2557 4738.599045349832
2563 4738.587561088271
2565 4738.545861783473
2567 4738.537140714805
2576 4738.528064070804
2577 4738.298673899346
2613 4737.919548907268
2614 4737.035676995818
2615 4734.556450011047
2626 4732.638866364971
2638 4732.524508093077
2674 4730.188340322704
2723 4725.764455158684
2736 4724.271744314141
2795 4724.0971106425795
2811 4722.375188494606
2829 4719.977584638022
2839 4719.648727103107
2868 4719.108081289388
2873 4718.776758346781
2904 4718.128803106179
2909 4717.169813444903
2946 4716.752691289483
2948 4716.3655456033775
2952 4715.769306938327
2954 4715.490801975255
2956 4715.118027001615
2958 4714.4375693374495
2960 4713.878814304181
2975 4712.3243621143665
2979 4710.05276972931
3011 4709.948362615577
3026 4708.889289070413
3042 4708.7764052812445
3112 4708.472957180652
3120 4708.102335527259
3158 4704.034651169484
3163 4703.251185797004
3251 4702.965748822322
3274 4702.406454873938
3309 4702.087424279263
3348 4701.857068010324
3363 4701.6127610854755
3382 4700.360542139618
3389 4699.253145436168
3425 4699.222381053964
3466 4698.998297193616
3488 4698.978221506208
3492 4698.915049114349
3498 4698.687136885675
3508 4698.306378464566
3518 4697.203396905947
3580 4697.157504659933
3582 4696.9810129957195
3584 4696.855048280936
3586 4696.755539405977
3588 4696.558660098118
3590 4696.335523616261
3594 4696.181616940484
3596 4696.053404644473
3598 4695.822496237182
3599 4694.395525139732
3662 4694.351012039484
3705 4692.828350723573
3710 4692.30053201588
3747 4692.181543686407
3769 4692.0482525009365
3770 4691.6483789445265
3777 4691.596647342362
3793 4691.349145561352
3796 4691.133656835356
3800 4690.689823779889
3856 4690.519266389288
3861 4690.4037815820775
3863 4690.055521847899
3902 4689.940774407316
3904 4689.9101244679905
3905 4688.4532626765895
3936 4688.131808520153
3962 4687.863814634888
3965 4687.828974805469
3968 4687.665481634442
3972 4687.353604722374
3973 4685.767481220947
4007 4685.019940827138
4025 4683.478875461229
4041 4682.310157914091
4086 4682.23375822149
4123 4682.123024514218
4134 4681.854201971563
4155 4681.381700258428
4188 4681.164109479015
4212 4680.944865774534
4225 4680.812379483324
4296 4680.804650237453
4325 4680.544096561372
4328 4680.481518434752
4371 4680.4712314407825
4398 4680.410408252418
4445 4680.3282848671615
4475 4680.287229393033
4507 4680.259210716139
4521 4680.255938248037
4522 4680.114835924691
4542 4680.062432841852
4546 4680.05764158275
4563 4679.952207231152
4573 4679.944684651793
4574 4679.921475370462
4615 4679.760090523888
4628 4679.439718665
4675 4679.393979401997
4678 4679.329395904341
4696 4678.959198294335
4727 4678.842352287126
4740 4678.822451738093
4756 4678.786803263545
4810 4678.622269844862
4822 4678.616278224398
4862 4678.595851163716
4867 4678.543794150903
4877 4678.3436171391095
4894 4678.33545446208
4895 4678.1114754334485
4920 4678.072334578303
4963 4677.746585761344
5055 4677.74267542003
5058 4677.727300495339
5063 4677.691183034346
5117 4677.67541595616
5134 4677.648492320558
5150 4677.608060205355
5161 4677.569524198119
5163 4677.559660305455
5228 4677.533085026244
5231 4677.316250157139
5266 4677.264081443052
5309 4677.257598658618
5338 4677.251826198325
5348 4677.247621536533
5349 4677.235007551159
5350 4677.197170141608
5360 4677.192007141474
5379 4677.149001387838
5386 4677.131722556736
5421 4677.121278178062
5425 4677.1125858428995
5439 4677.088516999862
5447 4677.056295465569
5496 4677.022305844826
5514 4676.956740226975
5559 4676.9545690962905
5595 4676.952261741591
5622 4676.944285236046
5626 4676.937597205318
5630 4676.927995322797
5633 4676.915915171875
5637 4676.90451113414
5683 4676.883830031114
5724 4676.848727728687
5746 4676.802897661957
5767 4676.801040404411
5769 4676.7972239352675
5771 4676.792824441348
5773 4676.785705392567
5775 4676.777544130192
5776 4676.725271559373
5817 4676.719564836477
5822 4676.672726127301
5829 4676.634818900406
5832 4676.600069975144
5849 4676.586623270717
5863 4676.500724863921
5885 4676.456775776862
5937 4676.442102373855
5940 4676.437932829441
5968 4676.412874166441
5997 4676.409743064122
6000 4676.4079878982275
6001 4676.3434032115665
6065 4676.333667477057
6080 4676.282013626037
6108 4676.271916486146
6118 4676.267620186872
6137 4676.236068295971
6163 4676.224807716085
6169 4676.201149252104
6170 4676.097753181929
6185 4676.088511437576
6195 4676.055410322593
6217 4676.044457485445
6226 4676.03781374981
6227 4676.017882542908
6231 4675.994981272259
6235 4675.961520251095
6256 4675.947622594978
6267 4675.828833450677
6277 4675.655674680906
6295 4675.603496618131
6380 4675.583898953949
6424 4675.582085983143
6434 4675.575169302969
6435 4675.554450934147
6454 4675.539759482042
6455 4675.495685125726
6468 4675.452929582335
6507 4675.406792256538
6516 4675.402525710588
6520 4675.401129923811
6552 4675.399135686884
6581 4675.339466254781
6586 4675.318274028789
6606 4675.315103249576
6607 4675.305590911938
6642 4675.295669484448
6647 4675.295198104349
6708 4675.29184255252
6719 4675.2913322069135
6742 4675.290870979471
6748 4675.287964402725
6757 4675.279976607198
6761 4675.274179895484
6781 4675.273634993631
6835 4675.266737696178
6858 4675.249534799654
6881 4675.24571908096
6882 4675.234271924884
6890 4675.231284527961
6923 4675.219415669306
6933 4675.21485662088
6934 4675.201179475605
6950 4675.18154117175
6973 4675.174541902972
7021 4675.164734433322
7023 4675.1609451301065
7066 4675.15818036125
7084 4675.152541504493
7095 4675.151377125848
7100 4675.129048498637
7124 4675.127254645548
7217 4675.12542608416
7235 4675.125058937295
7243 4675.118554766237
7253 4675.117785894817
7261 4675.111064049139
7266 4675.109324324927
7267 4675.104105152293
7290 4675.094038729178
7296 4675.09365632614
7297 4675.092509117029
7323 4675.0888047993085
7330 4675.0837560719
7343 4675.083437334638
7360 4675.066399581832
7390 4675.05865829516
7398 4675.055114697559
7446 4675.054144241614
7447 4675.051232873782
7467 4675.04739174526
7473 4675.045022352364
7491 4675.044405371877
7507 4675.043718781048
7566 4675.043432247278
7567 4675.042572645972
7569 4675.040109149796
7572 4675.038494573468
7575 4675.037926954013
7578 4675.037344125371
7579 4675.028146311763
7617 4675.022955365372
7638 4675.016415165287
7668 4675.011280024875
7696 4675.011148766669
7704 4675.009828904503
7740 4675.00981192835
7741 4675.009760999889
7757 4675.00828047801
7772 4675.006649771108
7802 4675.0061792740435
7822 4675.0057607762255
7833 4675.003850477982
7837 4675.002051717837
7844 4675.001804021559
7860 4675.001696251137
7897 4675.000255920193
7915 4675.0001311990245
7916 4674.999757035522
7918 4674.998620622938
7924 4674.996321465807
7940 4674.994622499202
7975 4674.99449244943
7976 4674.994102300116
8020 4674.993575841587
8028 4674.992797437294
8040 4674.992782477958
8045 4674.9914657909685
8050 4674.990739343072
8088 4674.989021463067
8101 4674.988673873611
8107 4674.988448697783
8108 4674.987773170293
8128 4674.985927494146
8133 4674.984842327361
8165 4674.98426433264
8167 4674.984241404401
8196 4674.983392727361
8206 4674.982823790472
8219 4674.981474529019
8253 4674.981366456715
8254 4674.981042239799
8281 4674.98067723517
8300 4674.979207393051
8319 4674.973966509604
8327 4674.973070986906
8330 4674.972452187826
8385 4674.97197550827
8407 4674.969244204878
8415 4674.9687798765035
8425 4674.968678851176
8427 4674.9680154428215
8429 4674.9660252177555
8430 4674.960054542561
8449 4674.9585828880545
8483 4674.95838073772
8500 4674.954904727058
8516 4674.954095158633
8540 4674.949957556164
8568 4674.949826650531
8569 4674.941727366916
8578 4674.941256150822
8579 4674.9398425025365
8588 4674.932535001207
8597 4674.923450100644
8626 4674.915115061104
8656 4674.91191185523
8671 4674.910306355831
8675 4674.907932321168
8679 4674.906270780388
8688 4674.905177940207
8710 4674.904094302042
8729 4674.903323123679
8751 4674.902547808471
8764 4674.901658929071
8788 4674.899645880265
8798 4674.89503287493
8854 4674.894365352967
8864 4674.894073200263
8865 4674.893196742152
8881 4674.891104098184
8895 4674.890899526565
8899 4674.890699492326
8900 4674.890099389611
8940 4674.889001109422
8952 4674.888904617573
9016 4674.888752215463
9017 4674.888295009131
9036 4674.886924163302
9042 4674.88647852735
9052 4674.886162179766
9053 4674.885213137015
9060 4674.884356905621
9079 4674.883815098265
9133 4674.883658924899
9134 4674.883190404799
9136 4674.883118652016
9164 4674.8826964594655
9165 4674.880306982862
9166 4674.873138553055
9167 4674.851626272307
9168 4674.787092327068
9169 4674.593463879582
9185 4674.592680700858
9193 4674.55722376616
9209 4674.530260527462
9244 4674.499717361421
9282 4674.494029588315
9284 4674.390136850336
9285 4674.191740676433
9289 4674.075964625847
9295 4674.0293280155565
9311 4673.9417358045475
9397 4673.9411779751645
9398 4673.939500004704
9404 4673.89527320042
9405 4673.76258809516
9439 4673.759012135666
9449 4673.724450065175
9507 4673.71924666456
9524 4673.712776385071
9547 4673.6841494595255
9586 4673.6825491165455
9602 4673.674303376758
9603 4673.649566157399
9608 4673.640574232853
9618 4673.621543425332
9647 4673.52608695891
9658 4673.518894037818
9673 4673.512421099473
9711 4673.500035613574
9728 4673.499794430487
9729 4673.499070881226
9730 4673.496900233442
9766 4673.4912491038
9773 4673.441123095425
9779 4673.428924096801
9785 4673.425066593822
9801 4673.406415548483
9808 4673.396933256237
9809 4673.368458917627
9812 4673.304214451868
9816 4673.120277073101
9833 4673.051332199549
9852 4672.983461088942
9872 4672.961296977423
9910 4672.913799720585
9944 4672.897830467407
9953 4672.887751274493
9961 4672.8689015665595
9988 4672.85312644915
10023 4672.845694749363
10041 4672.823660720813
10043 4672.817297693195
10045 4672.81072714
10047 4672.798772554892
10049 4672.781790960723
10051 4672.7621364769
10094 4672.754752210821
10098 4672.741394063024
10109 4672.740955375069
10111 4672.731482927706
10113 4672.729849321077
10115 4672.720645274887
10117 4672.71048833876
10119 4672.703065317527
10121 4672.697025298876
10123 4672.691500407799
10132 4672.689940200958
10136 4672.685676382647
10143 4672.680157054894
10163 4672.63219484492
10200 4672.629180946874
10201 4672.585124941415
10230 4672.581680048163
10268 4672.580472066247
10269 4672.576881918618
10327 4672.574036349432
10329 4672.566703792728
10332 4672.562960393622
10333 4672.525343029138
10354 4672.496192820162
10393 4672.44438965528
10402 4672.436119186956
10435 4672.409950673368
10448 4672.408495552785
10464 4672.370393140152
10485 4672.322088234813
10557 4672.317172251003
10559 4672.311673938336
10563 4672.307779204088
10565 4672.298346519985
10567 4672.2888166971425
10568 4672.2289829135125
10593 4672.228934330011
10597 4672.221238405741
10599 4672.217034039243
10600 4672.164499532363
10614 4672.161563563999
10616 4672.153095509931
10618 4672.148573133634
10620 4672.141791710569
10634 4672.141611450688
10636 4672.140041695468
10640 4672.134699640549
10641 4672.092610303724
10651 4672.055817071971
10695 4671.967187104602
10747 4671.966961476643
10749 4671.964366422223
10750 4671.907238540541
10759 4671.8983738876195
10760 4671.871779928855
10763 4671.856342656825
10764 4671.744404743064
10781 4671.675531848569
10810 4671.6500124043605
10860 4671.645189682396
10862 4671.618651078387
10883 4671.6000660240015
10885 4671.569819361216
10903 4671.536402872693
10946 4671.481941464932
10954 4671.281968567572
10993 4671.266777749869
11008 4671.18366941607
11021 4671.120515661741
11059 4671.093397995488
11077 4671.091641925567
11118 4671.0808618219235
11120 4671.0655446493765
11127 4671.05260804428
11129 4671.030213052642
11131 4671.007675459387
11135 4670.98743670337
11188 4670.9829835661385
11190 4670.970070948037
11196 4670.941526748329
11210 4670.9127128905675
11220 4670.870470462483
11226 4670.750342251064
11263 4670.729763561251
11287 4670.6978197196995
11294 4670.692721785726
11300 4670.686826958082
11304 4670.684627282006
11308 4670.679371660225
11341 4670.672546565082
11342 4670.600974274699
11362 4670.597498441579
11367 4670.588913950367
11369 4670.5774931643
11371 4670.568902897973
11375 4670.567226592074
11376 4670.504471105151
11387 4670.499807741354
11388 4670.43274790236
11400 4670.431661469592
11401 4670.3588729723515
11410 4670.3480325256
11411 4670.26272906604
11424 4670.261989614914
11426 4670.246723159646
11430 4670.243340964404
11432 4670.238631519957
11433 4670.156330389842
11438 4669.909389909052
11467 4669.830984357779
11470 4669.698987138341
11486 4669.683115464061
11487 4669.63550044122
11488 4669.492655372698
11500 4669.481451252949
11535 4669.400233542659
11544 4669.391675261496
11563 4669.380298149441
11592 4669.34227329077
11631 4669.335144546944
11637 4669.32789452357
11645 4669.306037140588
11651 4669.283990136553
11668 4669.269483101547
11673 4669.258162624517
11674 4669.162930097896
11702 4669.120348909915
11772 4669.096805254992
11788 4669.071121053872
11827 4669.064948342048
11838 4669.054909555133
11849 4669.039065189799
11926 4669.03198152465
11936 4669.031975165289
11948 4669.029784032508
11949 4669.009115521825
11970 4669.0087245751
11971 4669.007551734926
11973 4668.997442336638
11987 4668.993643573077
11991 4668.9928553385025
12029 4668.988631717306
12043 4668.976724815815
12066 4668.975673064835
12106 4668.974299442374
12108 4668.972722273414
12112 4668.971536104391
12128 4668.970704735555
12130 4668.968906152361
12132 4668.96821086793
12134 4668.966639474358
12136 4668.96520211581
12138 4668.963453725935
12140 4668.961615920213
12169 4668.960960930364
12172 4668.960495225027
12191 4668.954808881606
12192 4668.937749851342
12255 4668.937620400828
12269 4668.934324652052
12311 4668.930525946827
12318 4668.929205475694
12372 4668.924690319721
12397 4668.92406327354
12399 4668.923725598856
12400 4668.918739010062
12425 4668.918088762038
12430 4668.9180234370815
12432 4668.917829479489
12434 4668.91715392435
12438 4668.916826967004
12440 4668.916294228134
12442 4668.915813081648
12443 4668.911822421179
12456 4668.911312528695
12457 4668.907467934338
12465 4668.907315544628
12467 4668.906691359734
12468 4668.901623556101
12483 4668.900444402401
12484 4668.894685672854
12504 4668.894604288631
12506 4668.894167819355
12508 4668.893215705254
12510 4668.892899315246
12511 4668.88740285309
12525 4668.886749909753
12527 4668.886095195886
12529 4668.885752190382
12531 4668.885359341999
12532 4668.879662394424
12539 4668.879630784232
12542 4668.8791262685045
12544 4668.878164491697
12545 4668.871682606936
12552 4668.871392174695
12553 4668.8633868354955
12565 4668.861797867586
12567 4668.860046186111
12573 4668.859145262032
12577 4668.858378291145
12581 4668.857450491821
12583 4668.856639756764
12613 4668.856318736027
12628 4668.855399325501
12629 4668.852641093924
12646 4668.852236296136
12652 4668.851983806263
12654 4668.851411828431
12656 4668.849695894936
12658 4668.849212614359
12707 4668.845911035544
12760 4668.845065542083
12761 4668.8425290617015
12775 4668.841895794331
12787 4668.840051627751
12805 4668.83519703491
12842 4668.834226086373
12884 4668.833042664538
12893 4668.826891769461
12907 4668.825880052802
12929 4668.825729225925
12942 4668.8251605556015
12957 4668.824978387809
12996 4668.824019292112
13050 4668.823402770464
13051 4668.82155320552
13061 4668.821127508253
13102 4668.819993510328
13133 4668.819749782965
13146 4668.819438873919
13151 4668.8165401329625
13191 4668.8129670599865
13205 4668.811278372633
13218 4668.808469782622
13223 4668.803775543927
13257 4668.803727666786
13258 4668.80358403536
13294 4668.800033909883
13295 4668.789383533454
13327 4668.785547447056
13337 4668.7762626545145
13348 4668.773944072819
13427 4668.7733126063595
13440 4668.770451047001
13442 4668.768727206733
13457 4668.766582583199
13463 4668.765945716925
13465 4668.762937540454
13547 4668.7623620694185
13556 4668.760673036958
13560 4668.757601011572
13580 4668.757542235393
13584 4668.75634049722
13586 4668.755332891017
13590 4668.754740684448
13591 4668.748162774598
13614 4668.74736435526
13621 4668.745516226889
13651 4668.745322310384
13652 4668.744740560867
13670 4668.744479449964
13671 4668.74369611726
13672 4668.741346119146
13692 4668.740622033098
13693 4668.738449774954
13703 4668.732424945707
13718 4668.732204873961
13734 4668.732133727695
13761 4668.730471446982
13796 4668.729651203175
13798 4668.727954193716
13850 4668.726006678684
13851 4668.7213050995915
13862 4668.72080002409
13894 4668.720414826131
13904 4668.720274447072
13905 4668.719853309892
13927 4668.7195428875075
13933 4668.717975989467
13968 4668.717370172805
14008 4668.717077398091
14031 4668.716830677371
14047 4668.716643714998
14076 4668.716635286665
14094 4668.716623442815
14098 4668.716593803682
14100 4668.716450817036
14103 4668.716386339401
14167 4668.716333907266
14169 4668.716226215096
14170 4668.715512997785
14179 4668.715149092998
14192 4668.7150983650845
14244 4668.714333220883
14245 4668.713153534383
14277 4668.713073747272
14278 4668.712061438361
14289 4668.711951918872
14290 4668.7108234040825
14300 4668.710785271808
14301 4668.709669987008
14307 4668.709559675882
14308 4668.708052602762
14318 4668.707919032436
14320 4668.707644260154
14345 4668.707244310949
14350 4668.7066859027
14371 4668.706138348638
14401 4668.706043059226
14402 4668.7045100977675
14453 4668.704480166047
14455 4668.704348898678
14457 4668.704186022212
14459 4668.703993494883
14461 4668.703891687112
14463 4668.703701245484
14474 4668.703660464706
14476 4668.703562928309
14482 4668.703485283999
14491 4668.703450156526
14493 4668.703358895324
14499 4668.703292615229
14501 4668.703185508677
14509 4668.703122310489
14511 4668.703110873611
14512 4668.702616451265
14530 4668.702601737326
14531 4668.702124304033
14541 4668.702097347205
14543 4668.702001830891
14545 4668.7019529811205
14557 4668.701950601175
14559 4668.701924281977
14561 4668.701858586174
14565 4668.701783420775
14567 4668.701703739035
14571 4668.701633429092
14572 4668.701141918006
14584 4668.699667384749
14599 4668.699556584128
14607 4668.699498772854
14622 4668.699283608774
14623 4668.698638116535
14638 4668.697275058762
14658 4668.697191543809
14691 4668.695911875726
14752 4668.695415702315
14754 4668.695368416967
14770 4668.694957021087
14784 4668.694824754473
14828 4668.694019910334
14842 4668.693779291854
14879 4668.693771990991
14892 4668.693691488632
14907 4668.693500021253
14916 4668.693275509943
14918 4668.693243276085
14934 4668.693187214229
14953 4668.693086462074
14955 4668.692960116454
14958 4668.69279306087
15003 4668.69271716177
15024 4668.692678949271
15026 4668.692584521955
15029 4668.692502056294
15032 4668.692482639006
15055 4668.691313483875
15127 4668.691223272918
15129 4668.691111532817
15134 4668.691058018289
15136 4668.690994159802
15137 4668.690382546055
15154 4668.690335591757
15158 4668.690260328574
15160 4668.690239881922
15161 4668.689659091414
15173 4668.689572694505
15174 4668.688941900297
15182 4668.688865375458
15183 4668.688106790158
15198 4668.688060977136
15200 4668.687920616263
15201 4668.687051378687
15217 4668.6869848243905
15219 4668.686854558175
15220 4668.686019262812
15230 4668.685953887126
15231 4668.684995604103
15242 4668.68484738838
15243 4668.683714847926
15255 4668.68356885535
15256 4668.682343651619
15263 4668.682319280721
15264 4668.680804549138
15273 4668.680747445129
15274 4668.679057743663
15282 4668.67890944277
15283 4668.676913972899
15291 4668.676722456441
15292 4668.674265992227
15301 4668.67410243057
15302 4668.671366255123
15310 4668.67106866199
15312 4668.670670295589
15313 4668.667274295637
15322 4668.6669667080805
15323 4668.6630876597665
15334 4668.662855878203
15335 4668.658564151076
15343 4668.658167796949
15345 4668.657788131672
15346 4668.6527400119385
15354 4668.652328912802
15355 4668.646282512405
15364 4668.6457003876085
15365 4668.638862618476
15373 4668.6382092067215
15374 4668.630085152379
15382 4668.629479081834
15383 4668.619729962389
15392 4668.618404758832
15393 4668.6070513247505
15401 4668.606600817126
15402 4668.5933717415255
15410 4668.593292281306
15411 4668.578261004483
15419 4668.5769747479
15420 4668.559271339296
15428 4668.55800856394
15429 4668.537107925609
15438 4668.533635278219
15439 4668.5091359972475
15449 4668.508448846157
15450 4668.48109983698
15458 4668.480085524451
15459 4668.448084886076
15467 4668.44673250662
15468 4668.409974653454
15478 4668.409315970522
15480 4668.403193557819
15482 4668.398596106186
15484 4668.394416667387
15491 4668.393831291768
15505 4668.393812451594
15522 4668.393483572839
15528 4668.39280785445
15529 4668.3907806992875
15530 4668.384699233799
15531 4668.366454837332
15535 4668.3505467793
15556 4668.350239484547
15576 4668.344936734182
15588 4668.335673003513
15608 4668.318632950049
15658 4668.30703587237
15670 4668.302760534674
15677 4668.290321925652
15691 4668.287072604596
15719 4668.283643052981
15723 4668.281188419176
15751 4668.264942388271
15769 4668.2571441375385
15793 4668.256881244416
15795 4668.25515347859
15796 4668.2394509081605
15811 4668.2328712658355
15812 4668.213132338855
15850 4668.1815537664825
15877 4668.171322079208
15908 4668.170161312339
15915 4668.16590289208
15922 4668.155925593588
15929 4668.149842878854
15935 4668.147723293419
15946 4668.147255718402
15947 4668.14585299335
