502 -3002.688625684991
504 -3005.3597285019964
537 -3012.1720915893957
547 -3014.8360179903625
552 -3016.2114100984018
572 -3016.475280567354
573 -3023.9897753692408
582 -3024.005260331635
583 -3034.3236059356977
605 -3035.6897710655485
607 -3037.0452455063187
609 -3038.5809169734157
611 -3038.7233714163867
613 -3039.3489051193355
617 -3040.7381583256674
619 -3041.6348029314827
626 -3042.4117649728396
628 -3043.40303438971
630 -3044.6936485983642
634 -3045.940273440942
635 -3054.047586236761
677 -3054.2205832999744
685 -3055.3053966167445
686 -3055.822450763053
689 -3056.2373385331625
719 -3056.9222362663586
748 -3057.8807029313457
749 -3064.6096547169755
799 -3065.781559052416
800 -3068.9972720587375
813 -3075.9257869173134
844 -3076.7298299644644
845 -3079.13853568834
888 -3080.996888593517
902 -3086.8763270761947
908 -3091.901572542529
927 -3098.75997004533
969 -3100.441869317834
979 -3102.6721433227754
984 -3105.992514727567
1018 -3106.4979486651323
1022 -3108.6782731767057
1062 -3114.4020597148005
1080 -3117.084371054312
1093 -3117.430324234942
1095 -3118.4333161773657
1101 -3118.964499280677
1103 -3120.169622787631
1111 -3120.4672314698787
1140 -3121.4811527156853
1145 -3121.5620998807185
1146 -3127.0767644766324
1202 -3127.2941694673627
1203 -3130.1424515595236
1237 -3132.8585189194905
1279 -3133.815416421393
1309 -3133.830092641355
1336 -3134.513855140248
1365 -3134.9423314722217
1368 -3136.5696517823767
1401 -3139.5902635994617
1458 -3140.3209061554485
1503 -3140.7255323224163
1504 -3142.8350534819283
1511 -3143.11820291562
1524 -3143.2925190794012
1526 -3143.9144421668993
1538 -3144.3430032731453
1539 -3146.5449050968336
1557 -3147.0209551351636
1560 -3147.253717778559
1561 -3148.97654605957
1572 -3149.049954170461
1573 -3151.4625555544853
1583 -3151.794285191727
1585 -3151.89039487051
1587 -3152.6675712712004
1588 -3155.2205507046265
1605 -3155.6268544037866
1606 -3157.956989343851
1613 -3158.495520888253
1615 -3158.589288073058
1616 -3162.1681855962006
1633 -3162.4572615110924
1635 -3162.7383617703526
1637 -3163.27309662963
1638 -3166.8717406736014
1653 -3167.4643441940907
1659 -3168.262825996005
1680 -3168.309439316471
1682 -3169.4702629430326
1699 -3180.876698525799
1790 -3185.2907082642646
1806 -3191.9612705063355
1827 -3195.747177455335
1857 -3198.9327378123676
1894 -3201.982083887632
1896 -3204.4604719200784
1900 -3206.884668250848
1918 -3208.0475787001105
1920 -3210.416099446714
1925 -3210.4919936960528
1938 -3211.031183606949
1939 -3218.367638037123
1974 -3221.554909748886
2003 -3222.094906953421
2007 -3229.688422508715
2041 -3233.0024869425333
2058 -3233.086447864879
2102 -3233.7720306092288
2116 -3237.2018273072044
2174 -3239.1427603530556
2213 -3241.6244200688598
2278 -3241.8389947028854
2292 -3243.413070347755
2304 -3243.922970147745
2310 -3248.319791154485
2328 -3254.5095874830595
2336 -3258.5584851272283
2378 -3261.1256614830463
2407 -3264.4297699271688
2410 -3272.2116100579124
2434 -3274.1985503249202
2499 -3275.9976799218393
2521 -3276.337549986496
2530 -3277.8178564050822
2532 -3278.206035773551
2536 -3279.718953938069
2538 -3280.370121029278
2540 -3282.052829958045
2546 -3283.0115420752713
2586 -3283.6316034637885
2599 -3284.0798768610607
2603 -3284.387811474387
2607 -3284.8842579428183
2609 -3285.123879317229
2611 -3285.239423186813
2613 -3285.5065008778092
2615 -3285.991601612287
2617 -3286.281335576442
2627 -3286.29459145307
2628 -3288.480624066873
2669 -3288.6218778415673
2702 -3288.6499349428695
2706 -3288.7022516852667
2708 -3288.888433434553
2710 -3289.183374067894
2711 -3290.5839185269415
2739 -3290.643053887553
2740 -3291.768916914671
2748 -3291.8422454248316
2757 -3291.9253883232223
2758 -3292.9589655368854
2767 -3293.2026490997705
2769 -3293.3622794257594
2773 -3293.535445476207
2774 -3294.9916565578396
2790 -3295.11788986217
2791 -3296.480775088826
2805 -3296.665595906501
2806 -3298.0749000507203
2814 -3298.2161718089565
2815 -3299.834573634321
2823 -3299.9983199752514
2824 -3301.921395858918
2832 -3301.952142210402
2834 -3302.1909347028873
2836 -3302.5010869663665
2837 -3304.698692337619
2844 -3304.764501115947
2845 -3307.4117598330026
2854 -3307.55273036359
2855 -3310.436495575848
2863 -3311.0291085392246
2864 -3314.6025845007994
2873 -3315.0114010409216
2875 -3315.420549244734
2877 -3316.060083043655
2879 -3316.6720405994197
2882 -3316.8130871380868
2884 -3317.092134134302
2886 -3317.553923416463
2888 -3318.0650867401173
2894 -3318.617587227999
2909 -3318.660863307275
2910 -3321.15289314646
2916 -3321.2479529298753
2927 -3321.3927652468747
2940 -3321.5688157317145
2949 -3323.236883474814
2984 -3323.656095623901
2985 -3324.9078081493617
2989 -3325.0352523184356
3117 -3325.0501650163596
3134 -3325.092637777999
3147 -3325.104818424644
3159 -3325.107786395522
3160 -3325.1166565232616
3161 -3325.144956155599
3162 -3325.2318392034394
3179 -3325.8138753578646
3217 -3325.9358408109983
3233 -3326.164671815775
3248 -3327.1298300471267
3252 -3328.2057542457937
3267 -3329.025626954374
3309 -3329.324533794882
3345 -3329.644382308684
3368 -3330.468517510959
3376 -3330.900510585124
3418 -3331.8258473744163
3434 -3332.348938395917
3452 -3332.6227625814677
3460 -3332.6511269755392
3487 -3333.1568649764313
3495 -3333.299630915425
3502 -3333.3479531837565
3506 -3333.5744263254155
3542 -3334.2561314799686
3573 -3334.3990437252432
3610 -3334.4010345687684
3611 -3335.1591598805226
3636 -3335.2050657312857
3646 -3336.3956272487144
3666 -3336.838233243994
3677 -3337.0511832536786
3713 -3337.524447019865
3734 -3337.7169269006163
3777 -3337.855271303537
3797 -3338.119095770475
3826 -3338.477606455922
3854 -3338.738002780925
3876 -3338.866192388409
3880 -3339.2595461511846
3893 -3339.377252141616
3949 -3339.4824142166544
3979 -3339.5112776490923
3988 -3339.582219326484
4017 -3339.791597251499
4084 -3339.7962787406177
4099 -3339.8028998318364
4128 -3339.8264544000813
4130 -3339.8526580011294
4132 -3339.872631926538
4133 -3340.0444432120876
4175 -3340.0509115084037
4179 -3340.0759578823136
4183 -3340.076387983779
4184 -3340.1934968385717
4199 -3340.1967513026966
4200 -3340.3109546183614
4211 -3340.3119319082507
4213 -3340.3256545521517
4214 -3340.437319597726
4238 -3340.453518601231
4240 -3340.4864704834904
4244 -3340.4931141721854
4281 -3340.497462585858
4292 -3340.545295427456
4321 -3340.567981280995
4351 -3340.5720128028197
4352 -3340.678989445524
4369 -3340.69090093895
4371 -3340.7090008998794
4377 -3340.731425839156
4383 -3340.7321640313876
4385 -3340.737243500015
4386 -3340.821633320413
4397 -3340.831617965825
4398 -3340.926305564959
4411 -3340.932697969888
4413 -3340.945721654259
4414 -3341.0524892551166
4422 -3341.056358376646
4423 -3341.181170852222
4431 -3341.1851116793796
4432 -3341.330912899202
4441 -3341.353685192321
4443 -3341.3792699660253
4445 -3341.3923425894573
4446 -3341.5693471550403
4455 -3341.591367578115
4457 -3341.5988205940776
4458 -3341.7912759089886
4466 -3341.828111265491
4468 -3341.8521814566866
4469 -3342.0994865220227
4484 -3342.1221842289387
4485 -3342.3547014409287
4492 -3342.375082352069
4493 -3342.665164747549
4502 -3342.6941226627087
4503 -3343.018933137898
4516 -3343.0650633829578
4527 -3343.22184683429
4545 -3343.3377053209956
4577 -3343.4155367842604
4591 -3343.5225517677627
4598 -3343.693518193518
4601 -3344.086951136106
4626 -3344.1589546747227
4673 -3344.316379303757
4679 -3344.4873954768377
4701 -3344.5508879117433
4724 -3344.702230923068
4772 -3344.7491121655776
4774 -3344.7968616720564
4791 -3344.8522987110755
4827 -3344.9633623963373
4851 -3344.964872054353
4855 -3345.0027534966334
4881 -3345.148146647909
4916 -3345.2069786551674
4934 -3345.2396894193826
4983 -3345.258899064151
5029 -3345.2604588416034
5031 -3345.282086358726
5037 -3345.3047177926474
5069 -3345.308213940543
5075 -3345.3180734369435
5079 -3345.326023411797
5081 -3345.3338123510907
5103 -3345.335093790337
5105 -3345.340555243993
5107 -3345.348598571817
5109 -3345.3499711433706
5111 -3345.3551088475297
5112 -3345.403124400441
5127 -3345.4052458920137
5129 -3345.4116613752612
5134 -3345.415230794933
5138 -3345.421821042453
5139 -3345.467340599207
5155 -3345.4674180015954
5157 -3345.4743708635265
5163 -3345.4799424084927
5164 -3345.523842534709
5188 -3345.524828950711
5189 -3345.5599254933604
5200 -3345.5602632236632
5202 -3345.564200114769
5203 -3345.6039590348573
5216 -3345.6054133126645
5217 -3345.6488844803885
5226 -3345.6530592612194
5228 -3345.6615237093292
5229 -3345.7122192776797
5236 -3345.713950758789
5238 -3345.7208879841164
5240 -3345.724982414013
5241 -3345.7863206365055
5252 -3345.7954846712473
5253 -3345.86857544958
5263 -3345.8821611129943
5264 -3345.966028061776
5272 -3345.969047508486
5273 -3346.0669610310515
5282 -3346.078750175824
5283 -3346.19307264266
5296 -3346.194743843057
5298 -3346.2090040801613
5300 -3346.2123563718383
5301 -3346.3254800211407
5308 -3346.3390082284595
5309 -3346.4839456093296
5325 -3346.5043004473937
5336 -3346.55306765492
5383 -3346.567365951573
5397 -3346.6177256518504
5410 -3346.6399662412678
5423 -3346.6466572553372
5480 -3346.6592086050005
5496 -3346.663688873634
5498 -3346.672257130661
5506 -3346.6831329854585
5513 -3346.683421618872
5515 -3346.692904238039
5521 -3346.70216697083
5523 -3346.7087293355235
5528 -3346.7106218095273
5530 -3346.71937314562
5549 -3346.720026821836
5551 -3346.7260146686117
5552 -3346.7616793558354
5578 -3346.792875492274
5612 -3346.8163725694167
5649 -3346.8194232442283
5685 -3346.819522131909
5771 -3346.8203042155837
5775 -3346.8224280939507
5778 -3346.8262116420688
5862 -3346.8270923427185
5877 -3346.827363119246
5890 -3346.8329477320594
5911 -3346.8334863962086
5921 -3346.833547740503
5923 -3346.834878045077
5951 -3346.8349555611667
5954 -3346.835822247459
5957 -3346.8365410826977
5958 -3346.84184815495
5976 -3346.84452028128
5994 -3346.845662604487
6026 -3346.8462888426825
6027 -3346.848167334784
6033 -3346.854007751561
6053 -3346.8549785431883
6071 -3346.8657065661478
6107 -3346.866055626946
6115 -3346.8667115397448
6128 -3346.871064132253
6143 -3346.8738636576636
6144 -3346.882261850353
6145 -3346.9074194497534
6154 -3346.9105270135037
6155 -3346.919845888494
6179 -3346.925236944439
6206 -3346.9477620153843
6213 -3346.957033000418
6224 -3346.957777623911
6237 -3346.9725588531446
6247 -3347.0703430626154
6311 -3347.0733844083975
6312 -3347.082508189509
6316 -3347.092482269326
6339 -3347.1072332882813
6366 -3347.1511306351867
6369 -3347.1769474533894
6370 -3347.3051764974525
6401 -3347.3358373932224
6407 -3347.3535644149715
6424 -3347.3538360679713
6450 -3347.3955036113457
6453 -3347.422112909674
6454 -3347.5875712400625
6455 -3348.0818530629995
6493 -3348.1139588887672
6508 -3348.1240235881087
6537 -3348.2151396937625
6540 -3348.2979037181735
6544 -3348.3957335307678
6546 -3348.689509541031
6595 -3348.8471092575573
6626 -3348.911689130983
6645 -3348.9437837141254
6657 -3349.04111441466
6660 -3349.0743784600345
6701 -3349.1411306685336
6715 -3349.2106498377693
6717 -3349.2892579781533
6760 -3349.402128149838
6790 -3349.434219186518
6796 -3349.453982629617
6797 -3349.755307055497
6821 -3349.7826526217405
6823 -3349.8125500321908
6824 -3350.0860480299298
6838 -3350.1193401516553
6839 -3350.444245981191
6873 -3350.834776988484
6883 -3350.87506082499
6917 -3350.9557829525975
6949 -3351.1846436838664
6950 -3351.6803293799967
6979 -3351.785626260975
6999 -3351.7928681192375
7000 -3351.814468178226
7016 -3352.034583579083
7026 -3352.207261750578
7039 -3352.299010422801
7042 -3352.334845391751
7043 -3353.0278640923543
7044 -3355.0819176903688
7108 -3355.588118935967
7168 -3355.6145826326065
7169 -3356.460417166645
7200 -3356.5363911838153
7201 -3356.763736720168
7227 -3356.996934301974
7235 -3357.09383107963
7236 -3357.833681227799
7289 -3358.002385286578
7311 -3358.0415245300146
7312 -3358.158812785123
7348 -3358.173713505149
7351 -3358.3517479492257
7352 -3359.3034219554647
7356 -3359.5567668787044
7359 -3359.6361619933396
7360 -3359.8672497439065
7381 -3360.5305260667205
7457 -3360.7045073533704
7458 -3361.2258460422795
7488 -3361.636268034947
7493 -3362.4618357184418
7502 -3362.5669596795724
7507 -3362.6572282236566
7514 -3362.733115022784
7534 -3362.862594154144
7578 -3363.034644260149
7603 -3363.083336855632
7640 -3363.212745494888
7690 -3363.2728571820194
7732 -3363.3540269869786
7735 -3363.41123148251
7737 -3363.5803601784414
7747 -3363.680495059937
7767 -3363.84195773305
7783 -3363.9869894408025
7790 -3364.056441581388
7853 -3364.1180006053
7906 -3364.200733507259
7943 -3364.2076288663948
7947 -3364.2291677043568
7949 -3364.248526341713
7957 -3364.2582879105607
7961 -3364.2586139273794
7962 -3364.359217515119
8019 -3364.363579319513
8040 -3364.372729290563
8045 -3364.4362781025616
8057 -3364.452028360995
8127 -3364.453443861028
8131 -3364.484335002507
8149 -3364.4884157885285
8153 -3364.496210679168
8155 -3364.49981014718
8173 -3364.5033841562126
8181 -3364.505329187657
8187 -3364.5098681015174
8189 -3364.514090304097
8193 -3364.516126533651
8195 -3364.5209207870803
8197 -3364.521689179628
8199 -3364.525943585655
8200 -3364.5561526723723
8224 -3364.5588598479308
8268 -3364.5825651643017
8307 -3364.591858037883
8335 -3364.599971251814
8337 -3364.6242520186183
8350 -3364.6347229266034
8376 -3364.6362299116245
8379 -3364.6370949072884
8409 -3364.6475286384803
8426 -3364.6584497385593
8440 -3364.7163814253186
8499 -3364.727282023609
8527 -3364.742806096035
8549 -3364.7440023557333
8551 -3364.7467115441095
8553 -3364.754064765206
8563 -3364.7604857616916
8587 -3364.7739935594223
8630 -3364.78841218493
8650 -3364.8006503142683
8659 -3364.806733044349
8720 -3364.810289673803
8728 -3364.8182315180256
8774 -3364.818579308204
8778 -3364.8205423466597
8795 -3364.821840806223
8796 -3364.8314796267305
8804 -3364.832158715144
8805 -3364.844868731351
8820 -3364.8453524731603
8821 -3364.8579321410994
8829 -3364.858427555906
8830 -3364.8726221773086
8840 -3364.873384118574
8841 -3364.89012369504
8850 -3364.892294853426
8851 -3364.9113536239106
8859 -3364.9137082619513
8861 -3364.9169970589664
8862 -3364.9413636629915
8874 -3364.944679865127
8876 -3364.9484110682306
8877 -3364.9767599226875
8892 -3364.978261402537
8893 -3365.005080058462
8902 -3365.0076437759794
8903 -3365.040766276881
8917 -3365.0408884435
8918 -3365.0751211542647
8926 -3365.075550763887
8927 -3365.1134464217557
8934 -3365.1158468733593
8935 -3365.163219013541
8944 -3365.16591324146
8946 -3365.1734943371794
8947 -3365.227704948319
8955 -3365.2344269773703
8956 -3365.2998276661046
8965 -3365.309405748023
8967 -3365.3197902923976
8969 -3365.329648035723
8979 -3365.332347058499
8981 -3365.3416403705805
8987 -3365.344451864198
9002 -3365.348900106609
9019 -3365.3497314625693
9021 -3365.3635860932077
9029 -3365.4456121663266
9060 -3365.475414356598
9074 -3365.4881159696133
9122 -3365.4897008258085
9124 -3365.511656649728
9184 -3365.517060520695
9195 -3365.5177522966105
9205 -3365.5243089755268
9214 -3365.5273024290686
9216 -3365.5298184201674
9219 -3365.5300942499916
9253 -3365.5309091119625
9254 -3365.5333543756124
9282 -3365.5377831420446
9311 -3365.5390654943412
9318 -3365.563754282921
9359 -3365.5642674768305
9397 -3365.56455823287
9405 -3365.5669414091903
9417 -3365.5704518370453
9418 -3365.580982474785
9436 -3365.5850353796036
9468 -3365.585490028159
9534 -3365.5890889305165
9541 -3365.590397384967
9542 -3365.594322589104
9560 -3365.5979759870775
9562 -3365.598447958895
9563 -3365.6108713948706
9584 -3365.6152569263295
9594 -3365.617401323309
9631 -3365.61826366528
9633 -3365.6226912780767
9637 -3365.625143544387
9638 -3365.642161614058
9640 -3365.6931704924023
9674 -3365.6979665118297
9678 -3365.704627531343
9717 -3365.709268144624
9736 -3365.7182699689088
9738 -3365.719353552567
9742 -3365.7282911336197
9814 -3365.753221578445
9824 -3365.7569782359415
9825 -3365.7682440314647
9850 -3365.7936495733984
9858 -3365.8073563680964
9897 -3365.809328753525
9899 -3365.838095275536
9900 -3365.89296863886
9906 -3365.9001941911424
9928 -3365.9025745637337
9941 -3365.9358636220177
9976 -3365.9367211004133
9977 -3365.939272393893
9980 -3365.9704591106834
9981 -3366.0908698234857
9982 -3366.4500950791553
10000 -3366.465096521365
10065 -3366.509477899568
10067 -3366.5708419337852
10068 -3366.9044579134143
10076 -3367.0112951540605
10082 -3367.0136901604023
10085 -3367.029738869739
10086 -3367.3531307287744
10127 -3367.4415652250846
10156 -3367.4948006718496
10158 -3367.549128745417
10162 -3367.5592465733835
10166 -3367.7359371247867
10196 -3367.756807040621
10200 -3367.8562301664283
10203 -3367.9173436685574
10204 -3367.962302744432
10215 -3368.415465930211
10296 -3368.575765152255
10301 -3368.6381077987976
10302 -3369.150552630906
10335 -3369.1638584799007
10337 -3369.2427461669195
10339 -3369.295252802054
10340 -3369.701782291276
10387 -3369.718731576656
10398 -3369.7833381676546
10417 -3369.7985263366895
10429 -3369.8797658729163
10453 -3369.897824221398
10454 -3369.9518792477606
10456 -3370.0373960808965
10463 -3370.1153103771267
10500 -3370.3316279313804
10510 -3370.3820905913904
10530 -3370.4802135092455
10532 -3370.611399280696
10551 -3370.792436844721
10595 -3370.95260339679
10606 -3371.1450667648382
10651 -3371.2023711268757
10661 -3371.2775509114176
10662 -3371.500078642779
10737 -3371.5485448880336
10740 -3371.6935211408186
10754 -3371.7883686157347
10757 -3371.8376804413924
10803 -3371.8550577730384
10808 -3371.903862812035
10844 -3371.9794422791297
10861 -3372.0226917894743
10881 -3372.149752835516
10908 -3372.1890520305487
10912 -3372.263377290579
10940 -3372.2700972311573
10946 -3372.31213778843
10947 -3372.488764674017
10962 -3372.566608953191
10973 -3372.588288232014
10990 -3372.6588263189137
11004 -3372.694845717697
11069 -3372.836089968536
11109 -3373.018008313409
11134 -3373.0567001048903
11185 -3373.0864617386787
11242 -3373.0905530527098
11244 -3373.1074601491136
11255 -3373.124269532459
11328 -3373.1259241046528
11330 -3373.1301211928812
11332 -3373.132866021633
11336 -3373.137578881583
11339 -3373.144228777218
11343 -3373.151152186023
11346 -3373.1589050737184
11349 -3373.1666345238705
11351 -3373.1897617764853
11386 -3373.2121882726588
11426 -3373.235620837388
11463 -3373.235775410859
11494 -3373.2367535984945
11506 -3373.240071554438
11515 -3373.2438099397004
11537 -3373.25269312994
11554 -3373.2531555172177
11562 -3373.266975560287
11610 -3373.2764071014853
11654 -3373.2778973583886
11656 -3373.2792983184063
11662 -3373.2841717081383
11664 -3373.286860342434
11681 -3373.2868657537356
11683 -3373.2881787628053
11685 -3373.289842212048
11689 -3373.291844379469
11700 -3373.2923658407053
11702 -3373.2933452885686
11704 -3373.295030802708
11706 -3373.296787156739
11708 -3373.298664703154
11710 -3373.298900817076
11712 -3373.300092477985
11713 -3373.3114448985384
11783 -3373.3126325102457
11785 -3373.3128500888893
11788 -3373.313534673132
11789 -3373.3219005212754
11819 -3373.323486540002
11836 -3373.328224758535
11841 -3373.3369563999904
11849 -3373.337252423417
11850 -3373.338139342284
11851 -3373.3407861288506
11887 -3373.3552706000874
11926 -3373.3755454192715
11938 -3373.387161524443
11994 -3373.3938648707544
12005 -3373.397787067272
12007 -3373.398429264118
12008 -3373.4205157028264
12056 -3373.4221091378026
12083 -3373.423773517825
12112 -3373.4292580274064
12115 -3373.4310626185675
12144 -3373.4351780354314
12164 -3373.4409774681076
12194 -3373.457070826629
12211 -3373.462120341179
12243 -3373.4627849475883
12262 -3373.4637798629938
12295 -3373.4659454103594
12307 -3373.4686893604357
12324 -3373.4690214694647
12325 -3373.4700177243485
12345 -3373.4728486891295
12390 -3373.4730313005657
12396 -3373.4734232518804
12398 -3373.48301335594
12443 -3373.486499793542
12451 -3373.4884159240573
12516 -3373.488510328443
12518 -3373.490379270188
12541 -3373.4908638599295
12545 -3373.4919413029966
12549 -3373.4920271090346
12551 -3373.4925118708184
12553 -3373.493367558056
12557 -3373.4936876148195
12563 -3373.4943581932203
12593 -3373.494512176296
12595 -3373.4948978837983
12597 -3373.4952670739776
12599 -3373.495742853962
12605 -3373.495993011039
12607 -3373.4962322496717
12673 -3373.496463644828
12675 -3373.4966152856764
12676 -3373.4981626696504
12685 -3373.4982320155896
12699 -3373.498316593578
12703 -3373.498605286374
12704 -3373.4999824896804
12719 -3373.5000687251922
12722 -3373.5001840288414
12723 -3373.5014563097025
12738 -3373.501497968424
12741 -3373.5016634844915
12743 -3373.501880723113
12745 -3373.502050891586
12747 -3373.5021163094525
12750 -3373.502250954907
12751 -3373.5035441555056
12757 -3373.5037642252346
12763 -3373.5038437719195
12764 -3373.50528977045
12783 -3373.5054174409324
12786 -3373.5056237847334
12788 -3373.50572571567
12790 -3373.5059395628373
12792 -3373.506087373616
12797 -3373.506155516609
12799 -3373.5063147692235
12800 -3373.50765371887
12825 -3373.5077103189715
12826 -3373.508867241526
12835 -3373.5089410576493
12841 -3373.5089521641903
12842 -3373.51002893653
12848 -3373.5100669005947
12850 -3373.5103419698135
12851 -3373.5118879971415
12864 -3373.512028991386
12865 -3373.5136098266134
12875 -3373.5138563701134
12878 -3373.513903942913
12879 -3373.515533893602
12886 -3373.515854522583
12888 -3373.5160871424996
12901 -3373.516224117647
12902 -3373.5178048616335
12908 -3373.5225469138272
12964 -3373.5228870804576
12967 -3373.523138781513
12987 -3373.523764602635
13001 -3373.5247825076294
13020 -3373.5258617746244
13061 -3373.525951384502
13062 -3373.526220201013
13066 -3373.527696603448
13072 -3373.528783693986
13083 -3373.533401391994
13092 -3373.534644392955
13111 -3373.5361748754904
13182 -3373.5362548490784
13183 -3373.5364947506887
13198 -3373.537649713926
13203 -3373.5379860172998
13210 -3373.5381852522823
13225 -3373.538188911857
13237 -3373.5395754307856
13271 -3373.539836552041
13275 -3373.5408347703806
13276 -3373.5438293767425
13309 -3373.543871341601
13310 -3373.543997236081
13311 -3373.5443749186556
13327 -3373.54491943625
13329 -3373.545686396582
13330 -3373.5497044028193
13344 -3373.5501694614272
13435 -3373.5515784248137
13436 -3373.554524200764
13443 -3373.5633605759595
13450 -3373.5641642611017
13485 -3373.564486148053
13487 -3373.565144484359
13489 -3373.5671188497986
13504 -3373.5679550087616
13531 -3373.5710201903594
13551 -3373.5711815104323
13553 -3373.5718258532315
13581 -3373.575359569815
13583 -3373.5859583711454
13584 -3373.6177217286613
13698 -3373.6177471810843
13712 -3373.6182024844816
13733 -3373.6185800002545
13744 -3373.6191938360435
13745 -3373.621035310946
13746 -3373.62655944346
13751 -3373.6477363448184
13758 -3373.6503053045444
13767 -3373.658446012708
13787 -3373.6685150013454
13827 -3373.674108885682
13832 -3373.705807675561
13902 -3373.707408133605
13916 -3373.708408414043
13921 -3373.710067885537
13925 -3373.7118363728123
13938 -3373.7126088575696
13975 -3373.712872082715
13980 -3373.713579547835
14011 -3373.714309692487
14030 -3373.714893678344
14046 -3373.7157843899886
14078 -3373.7160857219797
14079 -3373.7169896163327
14094 -3373.7170592859284
14113 -3373.7174000264504
14115 -3373.7178598320866
14118 -3373.7179653009803
14119 -3373.7206619483395
14201 -3373.720719263449
14211 -3373.720722657442
14212 -3373.7207328280274
14214 -3373.7211139074097
14216 -3373.7222568497828
14237 -3373.725703013761
14248 -3373.731605619257
14342 -3373.732315703337
14379 -3373.7323406962923
14396 -3373.732824778894
14397 -3373.7342770131477
14405 -3373.7350358011327
14410 -3373.7352848696637
14426 -3373.7357158704563
14427 -3373.7370088557145
14436 -3373.7370532812743
14437 -3373.737186555531
14461 -3373.7375962557735
14488 -3373.737745791931
14499 -3373.7379642711176
14538 -3373.7389404832
14576 -3373.738982667136
14599 -3373.739142551948
14600 -3373.7396221937183
14626 -3373.739646845921
14643 -3373.740070088249
14645 -3373.7401048722477
14648 -3373.740130051767
14651 -3373.7402048242125
14652 -3373.7410529055346
14661 -3373.741561413148
14691 -3373.7424892710305
14704 -3373.7426139562535
14744 -3373.742731123391
14748 -3373.7428604672887
14750 -3373.743046008004
14754 -3373.743066958251
14755 -3373.744109562479
14781 -3373.7442229295125
14783 -3373.744374357052
14791 -3373.7444255906657
14793 -3373.744529229526
14799 -3373.744558233585
14802 -3373.7446635703564
14804 -3373.7449795710754
14892 -3373.7450673184994
14900 -3373.7451274114746
14941 -3373.7451281600624
14943 -3373.7456285716894
14980 -3373.7456622917675
14986 -3373.745679872511
14991 -3373.7457065425506
15090 -3373.745713314125
15124 -3373.7457169561494
15126 -3373.745725839098
15127 -3373.7457752697865
15157 -3373.745783555185
15165 -3373.7457892090692
15168 -3373.7458020580043
15191 -3373.7458150273937
15202 -3373.745826590143
15204 -3373.7458360354085
15207 -3373.745845185612
15210 -3373.7458555252906
15218 -3373.7458609166692
15219 -3373.7458770908006
15273 -3373.745892533887
15285 -3373.745896274622
15330 -3373.745905938333
15334 -3373.7459063256074
15343 -3373.745908921288
15355 -3373.7459112519136
15377 -3373.745915597541
15411 -3373.745927496571
15433 -3373.745929954953
15472 -3373.7459314816224
15474 -3373.7459332012827
15477 -3373.745934917879
15496 -3373.745935764443
15514 -3373.745940437957
15516 -3373.7459440039515
15543 -3373.7459454575696
15544 -3373.7459603875845
15551 -3373.7459752329614
15639 -3373.7459755632817
15659 -3373.7459765538
15730 -3373.7459767201444
15731 -3373.745977219175
15746 -3373.745978861899
15758 -3373.7459789458726
15804 -3373.7459793939256
15836 -3373.7459797330644
15837 -3373.7459807504797
15862 -3373.7459814881404
15891 -3373.7459815133607
15893 -3373.745981711949
15896 -3373.745982049932
15902 -3373.745982331004
15903 -3373.745983174221
15954 -3373.74598366378
15957 -3373.745984159782
15960 -3373.74598426177
