159 -797.66762312553
232 -798.158601665312
279 -807.7909343526954
284 -836.7890765433873
286 -858.4949825734543
318 -863.4490598195395
328 -873.3841672255454
369 -881.1539415856905
423 -882.3951348109706
444 -894.0735002920205
473 -894.9592454862932
474 -896.0823532851371
479 -905.4434627334534
488 -912.830297096014
518 -913.2004125788553
552 -929.1655491983067
563 -935.4206124509369
615 -945.5698615111645
630 -948.0561595136008
689 -949.1169441302931
698 -949.6199306473447
709 -957.9611982235407
713 -966.5902171958069
759 -967.5191485261812
782 -972.5726175298445
821 -974.3715628416953
862 -975.2570291471623
903 -976.6890299801751
909 -978.2018194232229
914 -979.6813158586889
947 -981.5657681095679
1030 -981.7251155824489
1031 -984.2317519848173
1042 -984.8036825958565
1043 -987.5378698235289
1051 -987.8691364907353
1057 -988.122795015071
1058 -990.396603162809
1063 -991.4612957389933
1064 -995.1428020674805
1087 -996.651772017789
1138 -998.2181464554509
1147 -998.5464405409551
1149 -999.1931471990824
1152 -1000.327779531242
1153 -1003.0445863381884
1200 -1004.406368279794
1259 -1004.7602023224227
1273 -1005.6384987692909
1277 -1006.0642826376857
1278 -1007.6495632028924
1292 -1008.3105818879079
1341 -1008.5113677686076
1369 -1009.6412969152975
1390 -1010.1091581565368
1398 -1010.192861573154
1425 -1011.2820880439147
1426 -1012.2855915252205
1459 -1014.199693260234
1531 -1014.5007610047769
1539 -1014.7543449544603
1569 -1014.9808369754898
1570 -1016.0563009461465
1590 -1017.8708084005683
1609 -1019.2064439486195
1673 -1019.3799777652993
1674 -1020.400301712704
1682 -1020.4399121450632
1685 -1020.868345860152
1689 -1020.9986261336835
1690 -1021.998729126959
1694 -1022.1362149470831
1695 -1023.8768063508558
1701 -1024.0087060623898
1707 -1024.0462868576456
1709 -1024.2968954942132
1718 -1024.5808672983892
1719 -1024.7910733074832
1720 -1024.8954480806894
1721 -1025.2923448514207
1722 -1025.5769643748235
1723 -1026.9688882999496
1738 -1027.7488597295949
1771 -1028.8925470043812
1784 -1029.2107932311128
1822 -1031.8110807321013
1906 -1032.2177646317436
1916 -1032.3410668543393
1917 -1035.1613486485644
2030 -1035.2001137605334
2040 -1035.3427010408686
2045 -1035.7925618056188
2073 -1036.0631904305224
2075 -1036.143626462641
2076 -1037.5098422786796
2095 -1037.6814514003102
2096 -1038.662783788342
2101 -1038.7453024561628
2106 -1039.0274845129147
2107 -1040.3229652109612
2118 -1040.4295536789032
2119 -1041.7992452526032
2127 -1044.8499743838106
2153 -1046.775024977433
2187 -1051.4858737113896
2387 -1051.5380708679406
2465 -1051.552595527738
2498 -1051.5564644200706
2559 -1051.5571339802314
2569 -1051.5584433631311
2584 -1051.562360582503
2585 -1051.5740138766723
2586 -1051.6080401966367
2587 -1051.7021328712528
2588 -1051.912938520416
2591 -1052.1836690344644
2592 -1052.9838988378083
2599 -1053.5826397211645
2617 -1053.7813485165057
2647 -1053.8198916159533
2683 -1053.8669587274003
2684 -1054.0080490401217
2742 -1054.042911167286
2748 -1054.0508099010528
2764 -1054.054172734171
2785 -1054.093122838611
2807 -1054.0981379685632
2844 -1054.1332857998323
2876 -1054.1458020167395
2894 -1054.1470551466452
2895 -1054.1507823862876
2896 -1054.1616814462254
2897 -1054.1917681516359
2898 -1054.256665437821
2913 -1054.7188700695042
2943 -1054.7411647832614
2944 -1054.7605110396253
2959 -1054.800317531424
2981 -1054.9199855729298
3078 -1054.937031890005
3079 -1054.987999132716
3080 -1055.139352949972
3120 -1055.1747168003017
3155 -1055.2234653487399
3179 -1055.2416700382737
3252 -1055.2421997894096
3253 -1055.2437836933018
3254 -1055.2484872593313
3267 -1055.2506453985582
3303 -1055.260194066438
3309 -1055.2642551342074
3356 -1055.2670483046315
3381 -1055.271150531247
3387 -1055.2872867681886
3403 -1055.3045796744184
3416 -1055.321081663502
3417 -1055.371065841256
3453 -1055.4156040205514
3460 -1055.4288228473242
3461 -1055.4679073230675
3462 -1055.5761722843608
3463 -1055.8315165576792
3479 -1055.8508838439716
3518 -1056.7531434418897
3573 -1056.9586725391691
3581 -1057.0161416090646
3625 -1057.2043701358757
3642 -1057.2522626539305
3681 -1057.2822704801636
3686 -1057.3004729323168
3690 -1057.4110571631284
3730 -1057.4322535247125
3733 -1057.433820576786
3739 -1057.578396550646
3774 -1057.5927079065334
3804 -1057.6211124293645
3805 -1057.7499040636735
3806 -1058.0014568953975
3817 -1058.0068382507482
3828 -1058.2742470973071
3829 -1059.186135715674
3970 -1059.1871764012124
3990 -1059.2018978661945
3999 -1059.2018980479913
4057 -1059.209180606908
4099 -1059.2188257786734
4100 -1059.2447186150566
4114 -1059.2466860558175
4150 -1059.2852556484722
4185 -1059.2966841758796
4256 -1059.3012824967327
4267 -1059.304491932422
4268 -1059.3141104037918
4269 -1059.34278915024
4376 -1059.3432904204471
4387 -1059.343490061481
4388 -1059.3440888826628
4420 -1059.3442092087564
4463 -1059.3448126671246
4538 -1059.3448626947813
4581 -1059.3448729487054
4612 -1059.344890591261
4650 -1059.3449225052846
4651 -1059.3450182417546
4652 -1059.3453054007548
4695 -1059.3453198475543
4752 -1059.3453324446746
4754 -1059.3453551119667
4755 -1059.3456497264222
4769 -1059.3456680401052
4778 -1059.3457637765337
4804 -1059.3458405958474
4807 -1059.3458875669498
4809 -1059.346028469648
4810 -1059.3464510822569
4811 -1059.3477180607113
4812 -1059.3515112617208
4813 -1059.3628241652905
4814 -1059.3961576947365
4815 -1059.49034413945
4816 -1059.7220049467207
4817 -1059.9632465212937
4828 -1059.9986405065126
4844 -1060.0785886455292
4850 -1060.8475135486165
4872 -1060.9908556937448
4916 -1061.030384185403
4922 -1061.6612303229235
4959 -1061.8064520445548
4998 -1061.8389301985665
5000 -1061.9954993015742
5002 -1062.1291625497934
5017 -1062.1805625728855
5019 -1062.2704940999674
5030 -1062.4122358332434
5031 -1063.0697909197054
5035 -1063.5822134803925
5123 -1064.1399731953363
5134 -1064.1484525031367
5158 -1064.2339428910416
5159 -1064.6951575352282
5177 -1064.7357497852827
5182 -1064.88206675177
5232 -1064.8974892970766
5273 -1065.070037875804
5296 -1065.1646074851524
5338 -1065.169019596086
5340 -1065.176919679358
5342 -1065.2237342752737
5343 -1065.3913889225876
5420 -1065.4822286065219
5466 -1065.4845783852609
5485 -1065.4885408099092
5517 -1065.4905136419588
5573 -1065.4955013518456
5574 -1065.5423120241244
5588 -1065.6799407028986
5649 -1065.680300301748
5650 -1065.6813373653436
5651 -1065.6841046682134
5652 -1065.6889130731417
5661 -1065.6899670204116
5663 -1065.7441056835012
5664 -1065.844845295228
5665 -1066.091844507706
5666 -1066.2499096522502
5696 -1066.2550008520598
5697 -1066.2821936854375
5698 -1066.4546194378033
5722 -1066.724305024601
5754 -1067.6485552407912
5812 -1067.9764835858557
5819 -1067.9875738165588
5842 -1068.2232046206193
5899 -1068.5212999403489
5911 -1068.6418755942238
5915 -1068.6822242050284
5917 -1068.8315332412612
5919 -1068.9192484252599
5925 -1069.0462984352835
5926 -1069.5998553858108
5944 -1069.8525014443755
5953 -1069.9654127678311
5962 -1070.0514976490758
5963 -1070.4200449443451
5977 -1070.702420604371
6080 -1070.7619040388063
6085 -1070.7863288109997
6087 -1070.808695018475
6093 -1070.8515754032378
6097 -1070.9357319672904
6098 -1071.4054248720486
6165 -1071.5530088789376
6169 -1071.838602936233
6277 -1071.9202751501277
6295 -1072.0365125155881
6361 -1072.0542589785807
6370 -1072.0743854961606
6417 -1072.1233037468492
6496 -1072.1311003829235
6504 -1072.1366396570404
6505 -1072.1529706761623
6506 -1072.1973161931437
6507 -1072.3089385122098
6508 -1072.4453123145286
6551 -1072.44612687642
6568 -1072.4475332233455
6569 -1072.4510719586758
6595 -1072.4511164866265
6600 -1072.667935372761
6656 -1072.7942882337225
6684 -1072.9379202086113
6722 -1072.980642499644
6743 -1073.0130086222557
6783 -1073.0268083941646
6798 -1073.0535999171204
6906 -1073.0542821089562
6980 -1073.05654770666
6987 -1073.0604703045078
6997 -1073.0647917354624
7064 -1073.0648664228452
7068 -1073.0649782986786
7108 -1073.0651747632778
7121 -1073.0652335751186
7152 -1073.065336774056
7153 -1073.0656462777245
7164 -1073.0660813451107
7231 -1073.066256826019
7261 -1073.0664477165028
7281 -1073.0665369556773
7285 -1073.066652641902
7296 -1073.066660980359
7297 -1073.0673622677364
7298 -1073.069463869249
7299 -1073.0757483282039
7300 -1073.0944185948424
7301 -1073.1487758515689
7302 -1073.2970018159372
7303 -1073.6081911355493
7310 -1073.6338078672834
7321 -1073.6358800787295
7323 -1073.6531460638664
7329 -1073.6762558894945
7342 -1073.7344256466745
7428 -1073.7372320141776
7477 -1073.7420045338442
7487 -1073.742843649887
7526 -1073.7447746321047
7561 -1073.7457403236194
7568 -1073.7461372277335
7644 -1073.7463420376293
7646 -1073.7465455011247
7663 -1073.7466020640481
7667 -1073.7470167259542
7671 -1073.747344779916
7702 -1073.7474805828042
7708 -1073.7474875615978
7712 -1073.7475082501455
7713 -1073.7475680852904
7715 -1073.7477342317632
7718 -1073.7478704098185
7720 -1073.748278284768
7851 -1073.7484859960068
7853 -1073.748571215663
7855 -1073.748826427382
7856 -1073.7495880372894
7857 -1073.7518366080528
7858 -1073.7582558342247
7859 -1073.774596605407
7860 -1073.798096220309
7888 -1073.801830778866
7889 -1073.8129878277937
7899 -1073.829273874173
7912 -1073.8411994670662
7964 -1073.841735729594
8006 -1073.84313447189
8010 -1073.8471947248868
8022 -1073.8480739483707
8033 -1073.8484165914215
8049 -1073.8490790018595
8051 -1073.8501333587892
8079 -1073.8507281359946
8084 -1073.85117642521
8086 -1073.8525147425094
8087 -1073.8564637542577
8088 -1073.8681445093862
8089 -1073.9008293622965
8090 -1073.9797253400284
8103 -1073.9923306292171
8190 -1073.9979166578246
8222 -1073.9987927592383
8227 -1074.0001526316466
8236 -1074.0095189642361
8240 -1074.0183100198406
8243 -1074.024453491535
8323 -1074.0246184054367
8325 -1074.0305321582694
8326 -1074.0495188387727
8327 -1074.1061843715083
8331 -1074.1192157543112
8371 -1074.1377708236191
8441 -1074.1388910484907
8442 -1074.1422504119444
8443 -1074.152316701856
8459 -1074.1581687526573
8460 -1074.1757154664945
8462 -1074.1953516292479
8463 -1074.279925777523
8476 -1074.3048106700116
8489 -1074.3085657345514
8546 -1074.3312254956484
8553 -1074.3342278835873
8555 -1074.3497991290592
8556 -1074.447235100764
8574 -1074.4549526068042
8576 -1074.4721446233855
8577 -1074.5692152765632
8603 -1074.5710664341816
8604 -1074.6451595506883
8614 -1074.6493281472374
8615 -1074.7425608844414
8628 -1075.0059531674847
8629 -1075.653611330288
8630 -1076.312331694115
8647 -1076.3974847638858
8679 -1076.4003275650064
8716 -1076.4789276279841
8727 -1076.6125733396595
8728 -1076.9952716927314
8782 -1077.061500354972
8865 -1077.0642713437783
8879 -1077.083890941588
8913 -1077.120251035561
8954 -1077.1557174519296
8976 -1077.159167877362
8982 -1077.1596492752828
8990 -1077.203926902138
9059 -1077.2112030408425
9061 -1077.2195731887973
9063 -1077.2270096607917
9097 -1077.228566787878
9160 -1077.2319069943449
9173 -1077.2326985726731
9177 -1077.2351162484777
9179 -1077.2378888277367
9181 -1077.2387520817988
9186 -1077.2401422099501
9188 -1077.2426786933904
9195 -1077.242914107799
9212 -1077.2442971102384
9220 -1077.2451772528275
9221 -1077.2534561612974
9228 -1077.2546445594103
9230 -1077.256398658801
9231 -1077.268132317692
9260 -1077.26920839018
9262 -1077.2694468092839
9264 -1077.270808873075
9265 -1077.280362245131
9280 -1077.2810710805825
9281 -1077.2910815338942
9322 -1077.2923329804125
9324 -1077.2960135272942
9325 -1077.3066066119811
9326 -1077.3344140578886
9327 -1077.382376447284
9394 -1077.4416104836318
9398 -1077.535093582619
9400 -1077.5457622031595
9430 -1077.5730998661156
9432 -1077.6098372060874
9445 -1077.6322259671974
9447 -1077.642756936183
9449 -1077.6552736752308
9451 -1077.6928471704603
9455 -1077.7357879415345
9459 -1077.7686789851355
9461 -1077.7916122896847
9469 -1077.809727289522
9506 -1077.8146572777468
9510 -1077.8176333561346
9523 -1077.8210821206026
9524 -1077.9136095531321
9538 -1077.9200317084378
9540 -1077.9364637042286
9542 -1077.9369770149465
9544 -1077.9616710309176
9603 -1077.965733800824
9605 -1077.969567577863
9609 -1077.9834024423897
9611 -1077.994502590514
9612 -1078.07895633677
9652 -1078.1065026196866
9668 -1078.137171358658
9772 -1078.1436312243497
9786 -1078.1455777334763
9797 -1078.1478237663935
9813 -1078.1519731790047
9872 -1078.1525319768612
9927 -1078.1531901331086
10008 -1078.1535654303652
10019 -1078.1540019479353
10036 -1078.1540164169687
10038 -1078.1542226621339
10065 -1078.154804033802
10066 -1078.1562118743661
10067 -1078.1574089744504
10150 -1078.1582786853066
10156 -1078.15937743602
10162 -1078.1598138408103
10168 -1078.1611404303019
10189 -1078.1612722530763
10193 -1078.163102172304
10195 -1078.1643819869869
10208 -1078.1661566089465
10213 -1078.166366979833
10215 -1078.167510351958
10217 -1078.1689670888454
10219 -1078.170380100322
10253 -1078.1708127104803
10257 -1078.1710238444002
10265 -1078.171500225183
10267 -1078.1717880834867
10269 -1078.1724873993242
10275 -1078.1725400545033
10286 -1078.1726810919536
10289 -1078.1728591716073
10292 -1078.1733078314126
10295 -1078.1738689373549
10298 -1078.1742297758346
10340 -1078.1743579973918
10352 -1078.174468796195
10355 -1078.1745990520822
10357 -1078.1749095950286
10358 -1078.1765992800779
10370 -1078.1767126128082
10376 -1078.1767742129111
10378 -1078.1770734938636
10380 -1078.1773089741127
10382 -1078.177435933736
10384 -1078.1776997285488
10386 -1078.1779392960923
10390 -1078.1782193792046
10391 -1078.1801216566405
10405 -1078.180236960239
10406 -1078.1820930404124
10417 -1078.182135156517
10418 -1078.1839328813485
10424 -1078.1841125196268
10425 -1078.186556481622
10434 -1078.1865591019753
10436 -1078.186851271673
10437 -1078.1893954596162
10443 -1078.1894454601122
10444 -1078.192703982759
10459 -1078.1933395115102
10460 -1078.1967387761986
10517 -1078.1972157966563
10527 -1078.1984211719302
10542 -1078.2020440848485
10554 -1078.2024068836838
10586 -1078.2027286375383
10587 -1078.2066777523814
10593 -1078.2067854447248
10595 -1078.2072787334475
10599 -1078.2079745247868
10603 -1078.208101636822
10618 -1078.2082628481708
10620 -1078.208877472245
10621 -1078.2123045059163
10628 -1078.2123929033992
10638 -1078.2127580924182
10640 -1078.2131421423921
10641 -1078.2164219851052
10685 -1078.2177206547387
10717 -1078.2179776159196
10723 -1078.2201296478897
10738 -1078.2206279834877
10820 -1078.2206420909433
10834 -1078.2207895314368
10894 -1078.2208147618169
10930 -1078.2208192102655
10932 -1078.2209399833696
10952 -1078.220975568274
10990 -1078.2210169617888
10996 -1078.2210273960886
10997 -1078.221058697483
11059 -1078.2210719362677
11060 -1078.2211116525739
11062 -1078.2211247891078
11064 -1078.221164165057
11065 -1078.221281990029
11066 -1078.221632739071
11067 -1078.22266045333
11068 -1078.2255228002984
11069 -1078.232125601211
11070 -1078.234045057966
11072 -1078.3916712148152
11077 -1078.4161995240615
11083 -1078.5158246658384
11096 -1078.5162472069085
11130 -1078.5723006159583
11190 -1078.5863908879571
11207 -1078.6090430756074
11310 -1078.6129133107675
11333 -1078.613366598189
11341 -1078.615006118085
11342 -1078.6199198026504
11437 -1078.620042537169
11474 -1078.6201851814694
11493 -1078.6214042473719
11526 -1078.6228597495542
11567 -1078.6230417737643
11580 -1078.6230450858445
11654 -1078.6230688392345
11656 -1078.6231781992767
11660 -1078.6232554044675
11668 -1078.6234697798304
11694 -1078.623689366966
11723 -1078.6238226133762
11731 -1078.623895419457
11791 -1078.6239569898216
11801 -1078.6240089118814
11808 -1078.6240298761015
11809 -1078.6240927662068
11839 -1078.6240935403027
11866 -1078.6242249786173
11908 -1078.6243248473986
11928 -1078.6243287783689
11929 -1078.6243405707219
11930 -1078.6243759427616
11949 -1078.6244126034353
12039 -1078.624419906284
12049 -1078.6244258280913
12089 -1078.6244267775908
12093 -1078.624429397479
12182 -1078.624438051283
12213 -1078.62444284638
12225 -1078.6244430954846
12261 -1078.624444316824
12263 -1078.6244479808354
12264 -1078.624458972818
12265 -1078.6244919482979
12293 -1078.6244952680865
12313 -1078.6244962276794
12319 -1078.6244984672885
12353 -1078.6244987151063
12362 -1078.6244992369561
12369 -1078.6244996756093
12400 -1078.624502289726
12417 -1078.6245023335418
12433 -1078.6245030524813
12495 -1078.6245031156657
12501 -1078.6245031496376
12505 -1078.624503408223
12532 -1078.6245034670835
12533 -1078.6245036436658
12552 -1078.624504539574
12594 -1078.6245045505202
12595 -1078.6245045833589
12608 -1078.6245048348912
12660 -1078.6245050085765
12678 -1078.6245056853782
12722 -1078.6245057338333
12761 -1078.6245058294437
12791 -1078.6245059099383
12822 -1078.6245059365779
12897 -1078.624505994183
12993 -1078.624505994868
12994 -1078.6245059969228
13076 -1078.6245060014598
13077 -1078.6245060150718
13078 -1078.6245060559072
13119 -1078.6245060600945
13163 -1078.6245060618173
13208 -1078.6245060631886
13212 -1078.6245060656179
13214 -1078.6245060669696
13217 -1078.6245060800209
13218 -1078.6245061081634
13231 -1078.6245061138657
13296 -1078.624506117281
13297 -1078.624506127527
13335 -1078.6245061449977
13339 -1078.6245061472137
13355 -1078.624506152225
13403 -1078.6245061943023
13404 -1078.6245061994368
13424 -1078.6245062231487
13428 -1078.6245062271619
13484 -1078.6245062323333
13485 -1078.6245062478479
13506 -1078.6245062480127
13560 -1078.6245062517623
13582 -1078.6245062523194
13583 -1078.6245062539897
13668 -1078.6245062554528
13708 -1078.6245062562737
13725 -1078.6245062564085
13726 -1078.6245062568132
13766 -1078.6245062568205
13831 -1078.6245062568646
13906 -1078.6245062569346
13933 -1078.624506256951
13970 -1078.6245062569567
13987 -1078.6245062569724
14014 -1078.624506256982
14079 -1078.6245062569926
14122 -1078.6245062569938
14127 -1078.624506257002
14134 -1078.624506257008
14196 -1078.6245062570085
