250 2067.921432139527
255 1972.1823463113976
270 1754.341443630981
279 1277.724381452685
369 1150.9882571931373
422 1086.6888092195572
461 1072.13871622995
473 1055.128931653216
518 1046.7835308325357
531 962.1448715994837
607 826.2485850924787
609 679.1226866998742
637 621.6948212035967
693 577.5077875164666
698 515.1838056564185
731 478.9016014444936
740 449.6052334171967
785 445.5006450671608
787 426.9840522965029
869 415.00800935360576
885 407.33259817616226
893 397.69578945798605
909 396.9329645741111
916 353.56698238574927
985 353.4607755729848
986 353.45827240914616
993 339.95092114770057
1005 321.8192543661045
1047 314.322773345062
1060 307.56168638338323
1112 298.1120473224229
1117 295.8297390949162
1119 291.7660482713768
1151 288.61368666382873
1162 284.86489886574986
1186 270.90855030289185
1265 265.47571201552466
1271 259.8275069281155
1354 258.81330184661573
1362 257.56489834473683
1363 245.0465917236637
1394 244.4080720300748
1396 242.97206852741945
1398 241.7209622956028
1400 240.5598559673937
1402 239.72455664838066
1406 236.59303069635584
1428 236.53736409433554
1433 236.17820387195377
1436 235.43713318142701
1439 234.93656420571853
1485 231.36690805050787
1569 231.35105650714735
1602 226.84682003573488
1643 225.90168050222687
1658 225.12764554301012
1682 223.2635502904555
1718 222.86423949737969
1757 221.3514750147227
1815 219.41111918762797
1832 219.09464010813832
1848 217.12169457691724
1886 216.63173468727018
1888 216.0085609538322
1890 215.67054683582523
1894 215.25390873622644
1906 215.22369339444467
1908 214.69966769608243
1910 214.65287627432235
1912 214.23224618233067
1932 214.21126895233863
1934 213.97751281395486
1936 213.93729365905506
1938 213.47266575108884
1942 213.4247851659321
1946 213.0149285100998
1956 212.94396051465287
1958 212.80394448302232
1961 212.61011761829562
1967 212.33437046076097
1969 212.12459111115336
1975 212.0157515645931
1977 211.79510273946045
1984 211.75188304495853
1996 211.55084639413562
1999 211.49719406366805
2005 211.40553442770317
2007 211.2358576790385
2009 211.14931724365107
2010 210.18713067716428
2054 209.10856541692507
2064 209.00618680374538
2067 208.87350480967638
2068 208.2828390296436
2103 208.17907422296238
2106 208.08264899743943
2110 206.97377804159512
2131 206.47169869529844
2179 205.62628187024728
2183 205.25342459816454
2226 202.85381380903283
2334 202.41814227123388
2351 202.02683381227027
2385 201.66444788087128
2460 201.6244381898428
2476 201.5459498979837
2490 201.2863530645526
2525 201.17974789411383
2546 200.840085447573
2559 200.65767989044843
2590 200.46331524295027
2609 200.29004429424177
2624 200.21925079550294
2638 200.144398565559
2639 199.499734868189
2668 199.41053244324507
2701 199.26896515270704
2706 199.25699746479543
2707 198.72474362131302
2726 198.6631846489819
2734 198.53223026748907
2735 197.99117933169072
2744 197.93186215224353
2745 197.2504576287059
2754 197.20966821146337
2794 196.9369901109822
2811 196.82932542218194
2819 196.203911872023
2823 195.01078687208616
2866 194.98377815953316
2902 194.53180881916938
2903 193.37162083799765
2920 192.55296045930024
2933 192.507763311839
2976 191.95490471986705
2980 191.08324641735078
2998 191.02430478634662
3043 190.97388066502845
3045 190.19517904952997
3047 187.68210815597956
3048 179.78364802969594
3052 178.04454877701002
3062 172.09251261959923
3092 170.9059276031788
3101 168.90671571358752
3138 168.1790179593921
3166 163.6454692046517
3170 160.27274745862002
3183 159.99682090035532
3225 159.99647795823407
3233 158.828366232667
3252 157.93248625892787
3254 157.252039140816
3261 154.66138963515084
3301 153.5008125444732
3332 150.84156727042605
3372 146.12844458523278
3386 143.07750718176814
3429 142.74996619429194
3467 142.00101766169962
3495 140.81403259911357
3501 139.94322504588382
3523 137.35737185932337
3551 136.8999013997267
3555 136.152833254721
3560 135.901158622283
3562 135.54508068831672
3563 130.48581774247117
3642 130.2512376644997
3653 129.90689209630804
3657 129.42494094887286
3658 126.77399969964252
3698 125.64085930608924
3728 123.83827831674974
3758 122.74894253055768
3768 121.28212274150255
3792 120.8478056851812
3849 119.28043693351297
3861 118.16970119258012
3882 118.0762355006186
3891 116.92786472427021
3935 116.80887174328501
3962 116.40174134332652
3965 116.11456979946534
3981 115.28377774300222
4038 114.97735930036177
4039 114.04959793888166
4042 113.55833972549767
4066 113.39368285222724
4096 112.29258806871172
4157 111.89988927548615
4187 111.80271500692251
4202 111.7795069941672
4204 111.18673914690761
4234 111.07979257733359
4285 110.99028921070959
4287 110.08885038104538
4348 110.03267203839891
4373 109.9006521241106
4375 109.80066408073898
4379 109.60760036561749
4383 109.40036760496226
4393 109.26796052202612
4394 108.2760553512702
4423 108.24540448804983
4428 108.23691995147546
4430 108.07117710001987
4440 108.06779897449371
4441 107.44867852554886
4453 107.44200163260182
4455 107.35012204402274
4471 107.32914069055427
4473 107.31194866794004
4477 107.26016118272774
4481 107.19668294139144
4485 107.15324156632906
4487 107.08103724917825
4489 106.99649407388124
4495 106.98233487957572
4497 106.9598393356727
4499 106.84984736681527
4515 106.8410552482435
4518 106.81805999489147
4549 106.77030404430938
4553 106.74063408845429
4583 106.69894656839891
4586 106.64457676211978
4589 106.61766729207466
4590 106.29328401908333
4623 106.24225151690487
4686 106.1044857168553
4724 106.06296832205007
4730 106.0566631180117
4741 106.05214273631069
4743 106.00579403070508
4745 105.96424754874211
4747 105.9291136561238
4767 105.92647948468328
4776 105.90453045311973
4780 105.88068519399204
4794 105.87260230027792
4796 105.85584845780397
4799 105.84908057296616
4865 105.78542715575239
4891 105.78409685871665
4942 105.75082319060732
4985 105.67517090739472
4999 105.66029543069071
5041 105.6519655483761
5042 105.62699929814309
5043 105.55233704198344
5072 105.54943157954101
5073 105.3859898569636
5085 105.38239644362147
5115 105.30380164464228
5133 105.24068749713099
5140 105.22047458859969
5161 105.14847722782281
5197 105.13700309145383
5210 105.09258243342934
5252 105.00884572679827
5262 104.88717070019179
5287 104.86199806062969
5291 104.82802349586345
5325 104.82523388111764
5331 104.82013178972161
5337 104.78271973741248
5341 104.78162545165337
5345 104.75723318600667
5347 104.7299546937582
5349 104.71253297582452
5351 104.68215434325612
5355 104.65568693915448
5357 104.65069730453199
5358 104.47250506751242
5391 104.45938471548351
5393 104.45084084534635
5396 104.43058122134359
5400 104.40772422248972
5410 104.39999029491995
5470 104.38196859903115
5478 104.37520079829639
5481 104.35902435658268
5485 104.35305513771873
5504 104.33531896997923
5531 104.32927312814665
5560 104.32212757466498
5570 104.31266383642657
5580 104.30576194691794
5614 104.29951498331022
5618 104.29937273427979
5620 104.2905854559356
5626 104.2868555754316
5634 104.28154440149511
5635 104.22155844000254
5700 104.22031709227302
5707 104.21928857664854
5710 104.21228883759035
5714 104.20549898589547
5716 104.20066185819203
5718 104.19190475934641
5720 104.18142529159076
5722 104.17922568362465
5726 104.16956415482146
5730 104.1605000742099
5731 104.1002458707333
5746 104.08953198113545
5747 104.02494548126776
5793 104.02326453964707
5797 104.01446895729296
5809 104.01063426893433
5811 104.00753482326374
5813 104.00213527091702
5815 103.9976678544549
5819 103.99201818493162
5877 103.98925768612317
5878 103.9624373226037
5903 103.96152820704235
5907 103.961216623746
5911 103.95895453597988
5915 103.9562967901551
5917 103.95517072508768
5923 103.95232890415986
5925 103.94946965281653
5927 103.94874029277456
5931 103.94833951322276
5933 103.94644269352291
5935 103.94618539051085
5941 103.94513675795172
5950 103.94411168901601
5951 103.93147329523778
5962 103.9287894279911
5978 103.92454922330936
6015 103.92102515013686
6048 103.9206659892367
6053 103.91984444407501
6070 103.91837809248666
6072 103.91813033218058
6074 103.91631993794213
6076 103.91421956039433
6089 103.91404152429473
6128 103.90486264284314
6191 103.90472929477289
6193 103.89914708389344
6238 103.89876931880443
6286 103.89736809786235
6300 103.89687725541032
6302 103.89330375056186
6336 103.88904862403078
6351 103.88850715014547
6361 103.8851323744245
6399 103.88493693895617
6410 103.8841430090906
6441 103.88175802323754
6472 103.88075143535497
6479 103.87935899941786
6482 103.87276524610334
6494 103.87274708646957
6498 103.87188954888123
6521 103.86404736616348
6554 103.86376036031001
6555 103.86289942016838
6556 103.86031729363742
6558 103.86014593468892
6586 103.85885816965943
6589 103.85730656292641
6590 103.84698649445755
6674 103.84555384869945
6712 103.84552097822082
6725 103.84514296369096
6731 103.84463596397089
6744 103.84435242278516
6745 103.84350181507637
6747 103.8413301567349
6750 103.83944407638207
6751 103.82902889352654
6757 103.82657477125716
6789 103.82580176892183
6805 103.82476050690914
6825 103.82324511139831
6828 103.82131250983386
6854 103.81768601603783
6855 103.80379726101928
6863 103.80153529102064
6901 103.80092538606866
6909 103.79969897391786
6936 103.79788910476962
6939 103.79582631754779
6954 103.7949804526643
6956 103.78833506108246
6959 103.78553842718382
6963 103.78391348775709
6964 103.76527081501877
7046 103.76429175841639
7087 103.76396351841701
7094 103.76384912633871
7105 103.76383202349345
7114 103.76227388145965
7119 103.75982461944781
7129 103.7585126933514
7141 103.7581306615886
7150 103.75807818095168
7169 103.75769325487306
7221 103.75015234490644
7223 103.74987589814788
7225 103.7497133311819
7252 103.74739867391827
7286 103.74567002853685
7293 103.74556645971622
7312 103.74446095615257
7348 103.74379344983645
7358 103.74218262278266
7374 103.74193307008751
7412 103.74136559300482
7445 103.74066766673508
7461 103.74004471083076
7484 103.7394629191716
7498 103.73921309136486
7541 103.73883828425672
7543 103.73824274907763
7570 103.73734085198174
7598 103.73716490486066
7643 103.73653061683494
7651 103.73628233406008
7661 103.73625627871641
7663 103.73606611221147
7668 103.73581596932445
7670 103.735489144133
7672 103.73519642987152
7674 103.73481129575298
7680 103.73468819226352
7681 103.73261329974335
7747 103.73221169025739
7768 103.73177055718286
7789 103.7315631093063
7826 103.7309456698689
7830 103.73088350572827
7834 103.73069231355846
7836 103.73031751990209
7844 103.73019153578433
7862 103.73013634868474
7866 103.73012916956738
7870 103.7300365457148
7876 103.72995959749166
7890 103.72994664675193
7892 103.72982729976727
7896 103.7297363312727
7902 103.72964882223263
7914 103.72962657856796
7930 103.72960182251741
7934 103.72953993225522
7936 103.72946805071591
7940 103.72938240477185
7947 103.72937354181866
7948 103.72899214476762
7980 103.72898272402453
7987 103.7289436594372
7989 103.7289126504257
7991 103.72887476453339
7993 103.72886850698706
7997 103.72882896207
7999 103.72878390795987
8007 103.72874889033935
8008 103.72849129018691
8068 103.72830026404428
8130 103.72823462066825
8141 103.72819487322997
8189 103.72814232259402
8192 103.72813192655202
8283 103.72812378187511
8295 103.72812090117326
8301 103.72810769792427
8324 103.72806826271817
8376 103.72805188098836
8383 103.72804853264849
8385 103.7280420847184
8402 103.72796417437107
8471 103.72795260526182
8480 103.72795092071782
8486 103.72794962645771
8494 103.72794537601246
8496 103.72794481305343
8504 103.72793931529097
8506 103.72793187460375
8508 103.72792694358867
8516 103.7279260688684
8533 103.72792066259036
8568 103.72791986314472
8570 103.72791606506854
8571 103.72789201043544
8610 103.72789006272903
8612 103.72788660474542
8637 103.72788532545138
8650 103.72788409365673
8651 103.72787513369832
8658 103.72787341509593
8659 103.72786129237434
8688 103.72785597938059
8696 103.72784968380347
8700 103.72784940227905
8729 103.7278434376862
8735 103.72783960448713
8750 103.72782579452942
8756 103.7278187065424
8766 103.7278147930322
8805 103.72781270319167
8806 103.72779435365574
8817 103.72777206247613
8833 103.72776259453491
8860 103.72773849516147
8864 103.72773436316868
8865 103.7277219671905
8880 103.72770170969808
8892 103.72769931872607
8921 103.72769169777584
8942 103.7276779856895
8954 103.72767560528055
8998 103.72767307222097
9003 103.72766788907282
9043 103.72766733809952
9044 103.72766568517925
9061 103.72766476314303
9069 103.72766225918353
9084 103.72765975662986
9116 103.72765839503069
9129 103.72765490514227
9166 103.72765414296097
9184 103.72765367160066
9196 103.7276536447261
9207 103.72765339855373
9240 103.72765227241506
9254 103.72764875565925
9267 103.72764730302164
9286 103.72764584617336
9298 103.72764558559304
9299 103.72764480385118
9355 103.72764413210439
9374 103.72764403123563
9380 103.72764336433143
9385 103.72764307000762
9393 103.72764183273434
9409 103.72763986464557
9427 103.72763869940742
9466 103.7276348060698
9478 103.72763234891195
9526 103.72763200402252
9552 103.72763135475478
9569 103.72763070074976
9587 103.72763052581728
9610 103.72763037177516
9666 103.72762793718596
9683 103.72762589576385
9701 103.72762439799247
9734 103.72762423548417
9823 103.72762403059744
9829 103.72762327983736
9841 103.72762292913445
9847 103.72762243300724
9882 103.72762242355432
9883 103.72762239519624
9906 103.72762236038173
9913 103.72762161341117
9946 103.7276209377328
9964 103.7276206529967
9965 103.72761979878894
9970 103.72761973475505
9984 103.72761872803727
10005 103.7276182398345
10032 103.7276181161346
10045 103.72761810711908
10046 103.7276180800729
10047 103.72761799893401
10109 103.72761753588347
10127 103.72761746344035
10149 103.72761734543928
10162 103.72761733699272
10163 103.7276173116539
10173 103.72761710805895
10193 103.72761708116995
10229 103.72761674342941
10244 103.72761646610498
10273 103.72761611216355
10301 103.72761608471578
10302 103.72761600237236
10304 103.72761599428925
10307 103.72761597717474
10310 103.7276158496387
10334 103.72761584949832
10335 103.72761584907748
10336 103.72761584781487
10370 103.72761582327352
10393 103.72761581272977
10396 103.72761552507322
10436 103.72761517908052
10473 103.7276151443742
10506 103.72761506230592
10517 103.72761495406505
10562 103.72761495039542
10563 103.72761493938646
10564 103.72761490635953
10566 103.7276147436116
10618 103.7276146562517
10685 103.72761465196592
10699 103.72761450939313
10706 103.72761436089807
10724 103.72761429818999
10755 103.72761428182739
10761 103.72761421818021
10766 103.72761406256788
10808 103.72761402144573
10880 103.7276140168522
10906 103.72761401275935
10907 103.72761400048137
10912 103.72761392224905
10933 103.72761386972307
10968 103.72761384201046
10982 103.72761370110186
10992 103.72761366727728
11034 103.72761361631402
11051 103.72761344094663
11064 103.72761335246472
11103 103.72761328943132
11109 103.72761315447589
11193 103.72761315121676
11224 103.727613097486
11240 103.7276130966665
11241 103.72761309420761
11253 103.72761308232198
11266 103.72761307643634
11267 103.72761305877992
11271 103.72761305850771
11280 103.72761305222924
11281 103.72761303339304
11298 103.72761301434791
11335 103.7276130125553
11350 103.72761299073763
11373 103.72761296917542
11389 103.72761288468806
11427 103.72761284186923
11479 103.7276128397375
11502 103.72761276657212
11503 103.72761254707616
11512 103.72761244552495
11579 103.72761232306318
11590 103.72761222239804
11672 103.72761211465115
11687 103.72761205358603
11715 103.72761187988597
11758 103.72761187773023
11800 103.72761179617765
11801 103.72761155151998
11845 103.72761149182206
11869 103.72761148940377
11870 103.72761148214863
11906 103.72761141418866
11933 103.7276114124497
11944 103.7276114116443
12008 103.7276113735461
12053 103.72761137127958
12069 103.72761136619548
12070 103.72761135094333
12075 103.72761134708344
12076 103.7276113355035
12083 103.72761132411495
12098 103.72761129129819
12160 103.7276112911825
12171 103.7276112777553
12179 103.7276112531778
12188 103.72761124921473
12200 103.72761124569598
12227 103.7276112254359
12238 103.72761118376137
12256 103.72761117175082
12269 103.72761115627993
12308 103.7276111365909
12318 103.72761112172253
12320 103.72761111706205
12350 103.72761111642376
12371 103.72761111604217
12372 103.72761111489716
12384 103.7276111127848
12404 103.72761110962583
12408 103.72761109985493
12439 103.72761106282252
12670 103.72761104516647
12692 103.72761104251549
12713 103.72761103622531
12731 103.72761103201984
12738 103.72761102377987
12770 103.72761102236477
12809 103.72761101925033
12814 103.72761100001732
12822 103.72761098691822
12841 103.72761097067021
12853 103.72761093274053
13093 103.7276109236886
13161 103.72761092337797
13178 103.72761091530542
13215 103.72761090978727
13233 103.72761090870637
13270 103.72761090625998
13286 103.7276109046053
13302 103.72761089902318
13335 103.72761088742223
13348 103.72761088539981
13351 103.72761088447825
13358 103.72761087859028
13381 103.72761085284553
13392 103.72761085032327
13436 103.72761084947841
13437 103.72761084694321
13470 103.72761084388925
13484 103.72761083648417
13494 103.7276108362151
13495 103.72761083540831
13509 103.72761082894206
13513 103.72761082878552
13532 103.72761082710612
13554 103.72761082667587
13590 103.72761081725413
13610 103.72761081644983
13629 103.72761081070281
13634 103.72761080265632
13648 103.72761079888458
13739 103.72761079581798
13775 103.72761079554455
13782 103.72761079458434
13792 103.72761079425136
13793 103.72761079325221
13805 103.72761078956654
13827 103.72761078921452
13867 103.7276107890187
13877 103.72761078890774
13898 103.72761078832154
13931 103.72761078815103
13932 103.7276107876394
13951 103.72761078346001
13973 103.72761078227903
13977 103.72761077971963
14034 103.7276107796718
14045 103.72761077822963
14059 103.72761077166719
14067 103.72761076865069
14076 103.72761076632024
14095 103.72761076573066
14111 103.72761076549294
14132 103.72761076461312
14155 103.72761076169591
14160 103.72761076088051
14195 103.727610760868
14207 103.72761076056297
14218 103.72761075991536
14261 103.72761075932048
14271 103.7276107590418
14333 103.72761075895227
14355 103.72761075826276
14376 103.72761075739486
14420 103.72761075717827
14438 103.72761075452544
14475 103.72761075297458
14485 103.72761075295617
14493 103.72761075251918
14501 103.72761075220535
14532 103.72761075088087
14553 103.72761074941687
14568 103.72761074786496
14582 103.7276107466639
14589 103.72761074645368
14617 103.72761074525285
14620 103.72761074517571
14637 103.72761074455298
14641 103.72761074354368
14661 103.7276107431688
14678 103.72761074264645
14708 103.72761074146531
14760 103.72761074128208
14769 103.72761074118556
14775 103.72761074024666
14817 103.7276107399927
14820 103.7276107388816
14837 103.7276107387873
14864 103.72761073816308
14872 103.72761073749156
14886 103.72761073552687
14903 103.7276107353105
14909 103.72761073514225
14915 103.72761073460185
14938 103.72761073306579
14975 103.72761073251546
14982 103.72761073180423
15017 103.72761073177733
15018 103.72761073169637
15048 103.72761073163078
15061 103.72761073154138
15067 103.72761073091975
15078 103.72761073072054
15092 103.72761072916596
15098 103.72761072875535
15102 103.72761072823722
15117 103.72761072816566
15146 103.72761072718369
15161 103.72761072661238
15204 103.72761072625353
15226 103.72761072622858
15236 103.72761072601143
15266 103.72761072574151
15282 103.72761072507409
15341 103.7276107250717
15343 103.72761072493678
15353 103.7276107249311
15379 103.7276107248094
15382 103.72761072465723
15403 103.72761072446815
15418 103.72761072399403
15470 103.72761072354108
15486 103.72761072297206
15493 103.72761072253067
15507 103.72761072192668
15539 103.72761072192483
15567 103.72761072187872
15600 103.72761072181055
15601 103.727610721606
15609 103.72761072157974
15627 103.72761072140916
15646 103.72761072124774
15675 103.72761072119626
15690 103.72761072114261
15696 103.72761072111905
15717 103.72761072104939
15718 103.72761072084045
15726 103.72761072073205
15735 103.72761072069358
15748 103.72761072064628
15758 103.7276107206011
15773 103.7276107203986
15807 103.72761072034513
15821 103.72761072018999
15839 103.72761072013778
15848 103.72761071986031
15879 103.72761071981411
15898 103.72761071974725
15927 103.7276107196396
15943 103.7276107195058
15957 103.7276107193239
15978 103.72761071925609
15995 103.72761071897239
