194 14396.741060901915
214 14327.22178128416
230 14284.408457296968
255 14266.395861551096
284 14261.543471549656
312 14207.377735617165
367 14171.613592160098
426 14165.415192533137
437 14140.697739795869
496 14139.131612783145
498 14132.542219887637
504 14124.114876062562
508 14116.62222568816
509 14070.944959728049
557 14068.707198204851
592 14063.802386745001
612 14062.932308795465
615 14054.949626040809
616 14046.62457389337
651 14031.299913446986
725 14029.264431550495
735 14028.96949628507
764 14023.718311074106
766 14020.869124797322
769 14016.558429728511
776 14014.351127850674
818 14008.086811679583
858 14007.046108840786
859 14003.924000324405
880 13999.26081410468
897 13991.999732967999
915 13987.197858508398
978 13985.362168544558
980 13985.00169777516
982 13984.010021675564
988 13981.193175527887
992 13980.408573375089
1026 13978.8200814872
1036 13970.075669488015
1057 13968.728339723017
1058 13961.910994297088
1075 13932.491870770613
1107 13921.483256014964
1160 13919.183667139008
1170 13915.82962434019
1185 13907.074358369866
1226 13903.60983837315
1264 13894.684077475704
1306 13882.492626764453
1347 13874.28718960244
1439 13871.480479067877
1443 13870.217004190034
1447 13866.744801908473
1468 13866.428797845823
1470 13863.373291852407
1474 13861.505678401907
1507 13861.177937630044
1509 13859.825898660974
1510 13847.360774905876
1589 13846.987440286699
1602 13845.740109660526
1610 13844.525780494912
1617 13844.337269597252
1619 13843.619250776297
1634 13843.51675082634
1638 13842.764195164233
1652 13842.715348825128
1654 13842.464556093602
1656 13841.80208860399
1658 13841.210387753748
1666 13841.14044769118
1676 13841.136548781453
1683 13841.011835448851
1699 13840.8028932044
1701 13840.711561238522
1703 13840.418065194699
1707 13840.32933298231
1711 13840.027185299632
1712 13838.261518402927
1721 13838.17000913463
1739 13838.044345716033
1741 13837.932220086648
1742 13836.616530361902
1801 13835.338952744805
1854 13835.29759504595
1855 13834.210080952216
1916 13833.567796734469
1957 13833.160371404774
1967 13832.119328044191
2021 13831.56504160124
2052 13831.482992541232
2076 13831.197742180902
2108 13830.593052060003
2192 13830.587915562752
2201 13830.5701425874
2202 13830.516749658489
2206 13830.288150265042
2247 13830.284360209622
2248 13830.272988107048
2249 13830.238869526038
2267 13830.093024750582
2332 13829.922096037733
2347 13829.794935419342
2412 13829.758983296242
2420 13829.728259058254
2455 13829.708149728434
2472 13829.530058900331
2495 13829.515929036428
2571 13829.498136159427
2575 13829.479948667095
2589 13829.476157349942
2591 13829.460776786364
2600 13829.45818697031
2606 13829.448789811708
2608 13829.439771836136
2610 13829.425577652382
2627 13829.41449812333
2651 13829.3533617109
2670 13829.306263953731
2770 13829.296913281898
2782 13829.295315771782
2815 13829.278771223326
2818 13829.277524922782
2872 13829.209084930953
2888 13829.1936330743
2923 13829.186099997078
2982 13829.175664550987
2990 13829.168755073079
2992 13829.144354614853
2993 13829.063660637381
3016 13829.054403201208
3017 13828.984781717945
3022 13828.9847213526
3024 13828.967410908801
3025 13828.863311911242
3036 13828.860559060606
3037 13828.750337932102
3046 13828.74352542391
3048 13828.735268187935
3050 13828.713189637881
3052 13828.701107349472
3054 13828.685054587244
3056 13828.663462923469
3058 13828.645758854289
3062 13828.643922928262
3067 13828.632952804883
3071 13828.632855771784
3073 13828.626150857937
3086 13828.62228125221
3088 13828.61376116999
3100 13828.607764142685
3119 13828.568255987666
3133 13828.567476321714
3148 13828.550836282784
3161 13828.547924215523
3162 13828.50868442849
3205 13828.50406652231
3207 13828.50233726306
3211 13828.500337122867
3213 13828.49779896952
3214 13828.471318644966
3228 13828.471196782984
3232 13828.467047215197
3236 13828.464394776856
3237 13828.437905042312
3245 13828.420004107447
3313 13828.41997457127
3317 13828.419337773594
3319 13828.415703853309
3321 13828.412162637102
3325 13828.409345569225
3329 13828.404888578532
3330 13828.375182260806
3361 13828.373796507187
3362 13828.35073587266
3370 13828.350307502897
3377 13828.348068601992
3379 13828.343839101608
3380 13828.319575501031
3386 13828.318027262128
3388 13828.316098860283
3389 13828.28418844476
3399 13828.28179154007
3400 13828.246935675133
3407 13828.246863567598
3408 13828.205948234841
3419 13828.200750081016
3421 13828.19397486963
3423 13828.187089427
3425 13828.181956513166
3427 13828.175551581517
3433 13828.174299427028
3435 13828.170584569234
3437 13828.166556813721
3439 13828.160172730559
3441 13828.153213175447
3443 13828.150598871074
3445 13828.144623695625
3449 13828.138370195358
3471 13828.130006384583
3494 13828.12712390491
3498 13828.110514588827
3518 13828.03805624276
3535 13828.037373686237
3550 13827.975072315876
3585 13827.945585012403
3609 13827.883842570674
3619 13827.872695420529
3662 13827.871817342677
3678 13827.866978389893
3728 13827.864121087603
3740 13827.86280314999
3754 13827.84111980136
3758 13827.832793551108
3761 13827.826291926403
3763 13827.821692853948
3765 13827.820750728537
3767 13827.81372572619
3786 13827.757549743963
3941 13827.756768471516
3942 13827.756713573413
3962 13827.753207563972
3974 13827.749782444891
3988 13827.749560389757
3989 13827.74889422435
4039 13827.74772680004
4098 13827.747546655999
4115 13827.747542264937
4134 13827.74746602092
4135 13827.747237288859
4136 13827.746551092678
4162 13827.746145662339
4163 13827.744651639894
4164 13827.740169572562
4168 13827.732369037765
4180 13827.732049799743
4194 13827.73169250383
4210 13827.729882021395
4230 13827.72983264429
4231 13827.729684512986
4233 13827.727697511767
4235 13827.721721679509
4275 13827.718923004195
4298 13827.717725408544
4299 13827.714132621584
4333 13827.7130086949
4345 13827.712401088553
4354 13827.71179731231
4381 13827.710371364885
4384 13827.70973485422
4448 13827.709543738842
4478 13827.709475321237
4479 13827.709270068426
4480 13827.708654309987
4482 13827.708450196753
4497 13827.708120452617
4498 13827.707131220212
4519 13827.705852081664
4571 13827.702672193365
4576 13827.694394367296
4615 13827.693571239706
4680 13827.693363417238
4693 13827.692620856436
4694 13827.690393174038
4748 13827.690246704686
4759 13827.690147916015
4770 13827.690023390966
4771 13827.689649815811
4776 13827.689616798161
4781 13827.688353488571
4823 13827.687459169498
4840 13827.687309727151
4851 13827.687295034648
4878 13827.685909720989
4890 13827.685803030308
4894 13827.685277835835
4905 13827.685203927042
4906 13827.684982200662
4907 13827.684317021518
4937 13827.684269862186
4958 13827.682954025879
4994 13827.682929587732
4999 13827.682859828037
5018 13827.682835313899
5083 13827.682700705698
5093 13827.682608244184
5095 13827.682033381014
5098 13827.681790235205
5115 13827.681342183463
5156 13827.681201609159
5157 13827.68077988625
5192 13827.680699844783
5234 13827.680460944153
5269 13827.680455194795
5284 13827.680433684105
5330 13827.680378740379
5331 13827.68021390921
5336 13827.680205882552
5385 13827.68020318716
5386 13827.680195100986
5404 13827.680178222527
5408 13827.6800822267
5422 13827.680026360373
5437 13827.679933289943
5492 13827.6799010974
5498 13827.67988285964
5499 13827.679828146365
5522 13827.679781307128
5532 13827.679764267905
5547 13827.679603438934
5576 13827.679540706453
5592 13827.67954064953
5593 13827.679540478759
5594 13827.67953996645
5596 13827.679471878087
5597 13827.679194636945
5604 13827.679027192882
5620 13827.678888170956
5656 13827.678870631564
5657 13827.678818013392
5678 13827.678753168824
5738 13827.678726612507
5740 13827.678717569768
5796 13827.678682022697
5811 13827.678633534124
5824 13827.67863119403
5830 13827.67862395606
5845 13827.678578215966
5877 13827.67851045872
5934 13827.678496043176
5935 13827.67845279655
5957 13827.678438932106
5958 13827.678397338772
5961 13827.678395022263
5962 13827.678388072723
5964 13827.678386263133
5967 13827.678365560227
5968 13827.678237756121
6022 13827.678219087922
6030 13827.678210805192
6033 13827.678195661438
6035 13827.67816921571
6060 13827.678140996484
6076 13827.67812688051
6077 13827.67808453259
6119 13827.678067229503
6148 13827.678054135822
6164 13827.678021991629
6179 13827.678001917457
6202 13827.67798173447
6229 13827.677948621247
6325 13827.677947940687
6326 13827.67794589901
6396 13827.677945800046
6397 13827.677945503156
6420 13827.677932678735
6454 13827.677929866784
6508 13827.677928300072
6527 13827.677927872981
6535 13827.677925910168
6545 13827.67791917263
6562 13827.677917002464
6584 13827.677915581291
6643 13827.677915193408
6652 13827.677914820733
6659 13827.677914172287
6661 13827.677913808475
6724 13827.677913723219
6725 13827.677913467453
6726 13827.677912700156
6779 13827.677912372501
6840 13827.677912346151
6848 13827.677911020488
6885 13827.677910910805
6886 13827.677910581751
6913 13827.677910359867
6966 13827.67791030855
6990 13827.677910306656
6991 13827.677910300972
7011 13827.677910225239
7012 13827.677909998038
7073 13827.677909982647
7075 13827.677909954276
7078 13827.677909933236
7080 13827.677909870112
7081 13827.677909680737
7082 13827.677909112615
7083 13827.677907408244
7084 13827.677902295134
7085 13827.677886955804
7132 13827.67788497853
7206 13827.677883714936
7214 13827.677883516859
7219 13827.67788076273
7241 13827.677880602496
7242 13827.677880121806
7244 13827.677878413328
7249 13827.677878397672
7288 13827.677874650482
7348 13827.677872999906
7358 13827.677871604537
7373 13827.677869145502
7392 13827.67786880169
7394 13827.677867768163
7446 13827.677866457723
7449 13827.677865842008
7451 13827.677863994864
7539 13827.677863538102
7567 13827.67786289742
7571 13827.677861981614
7586 13827.677861133254
7594 13827.677859892789
7606 13827.677857964849
7618 13827.677857819743
7619 13827.677857384426
7635 13827.677853526822
7660 13827.677852180905
7727 13827.677851715143
7733 13827.677851020471
7735 13827.677850512824
7753 13827.677849309213
7843 13827.67784828979
7857 13827.677848114363
7879 13827.677848071384
7907 13827.677847934701
7909 13827.677847817544
7931 13827.677847672285
7960 13827.677847455783
7969 13827.677846806288
8017 13827.67784666428
8105 13827.677846638086
8116 13827.67784659798
8119 13827.677846531973
8155 13827.677846409457
8182 13827.677846350407
8202 13827.677846324681
8247 13827.677846176355
8252 13827.67784608838
8263 13827.677845983482
8317 13827.67784592763
8321 13827.677845898885
8322 13827.677845812635
8334 13827.677845764923
8335 13827.67784562178
8422 13827.677845502674
8433 13827.677845487933
8504 13827.677845418655
8505 13827.677845210816
8506 13827.677844587299
8510 13827.677844531581
8546 13827.677844259826
8584 13827.677844235564
8619 13827.677844196387
8629 13827.677844195092
8646 13827.677844193804
8668 13827.677844191066
8692 13827.67784388954
8721 13827.67784388646
8857 13827.677843879566
8863 13827.677843833324
8866 13827.677843826401
8885 13827.67784379099
8886 13827.677843771608
8908 13827.67784371346
8917 13827.677843706439
8936 13827.677843703397
8984 13827.677843698104
8985 13827.677843682228
9028 13827.677843682011
9052 13827.677843679652
9107 13827.677843675474
9148 13827.677843667247
9177 13827.677843662193
9191 13827.677843657793
9192 13827.677843644598
9232 13827.677843643702
9253 13827.677843615556
9272 13827.677843612597
9279 13827.67784361236
9300 13827.677843610634
9301 13827.677843605456
9322 13827.677843601787
9395 13827.677843601541
9396 13827.677843600804
9437 13827.677843592268
9471 13827.677843592255
9479 13827.67784359221
9510 13827.677843591566
9566 13827.677843590976
9597 13827.677843589945
9600 13827.677843589769
9601 13827.677843589236
9646 13827.677843587962
9654 13827.677843586423
9677 13827.677843586396
9691 13827.677843584894
9733 13827.677843583511
9734 13827.677843579364
9763 13827.677843579168
9764 13827.677843578576
9772 13827.677843578567
9791 13827.677843577512
9825 13827.677843577467
9826 13827.677843577327
9869 13827.677843576814
9890 13827.67784357653
9899 13827.67784357646
9900 13827.677843576254
9915 13827.677843576024
9916 13827.677843575339
9946 13827.677843573005
9973 13827.677843571924
10019 13827.677843568645
10058 13827.67784356522
10086 13827.677843565129
10131 13827.677843565092
10135 13827.677843564978
10136 13827.67784356463
10137 13827.677843563582
10138 13827.677843560446
10139 13827.677843551037
10140 13827.677843522815
10214 13827.677843521607
10215 13827.677843517991
10216 13827.677843507132
10245 13827.67784350629
10277 13827.677843506046
10292 13827.677843480396
10330 13827.67784348039
10367 13827.677843480138
10371 13827.67784347734
10384 13827.67784347444
10424 13827.677843469413
10430 13827.677843469402
10440 13827.677843467052
10455 13827.6778434663
10470 13827.677843466015
10484 13827.677843464538
10538 13827.677843462992
10549 13827.677843462377
10551 13827.677843456862
10552 13827.67784344496
10575 13827.677843439971
10606 13827.67784343872
10614 13827.677843436792
10620 13827.677843434292
10681 13827.677843433768
10685 13827.677843433701
10756 13827.67784343111
10802 13827.677843430978
10821 13827.67784343057
10839 13827.677843428603
10850 13827.677843428242
10895 13827.677843426593
11008 13827.677843426502
11009 13827.677843426227
11047 13827.677843426096
11080 13827.6778434259
11091 13827.677843425308
11148 13827.677843425245
11199 13827.677843424543
11206 13827.677843424499
11207 13827.677843424368
11237 13827.677843424352
11238 13827.677843424306
11267 13827.677843424237
11268 13827.67784342403
11331 13827.677843424024
11360 13827.67784342398
11361 13827.677843423848
11395 13827.67784342375
11437 13827.677843423697
11438 13827.677843423538
11472 13827.677843423508
11479 13827.677843423477
11480 13827.677843423386
11500 13827.677843423247
11517 13827.67784342324
11537 13827.67784342318
11727 13827.677843423107
11728 13827.677843422895
11810 13827.677843422834
11838 13827.677843422773
11839 13827.677843422589
11846 13827.67784342257
11847 13827.67784342252
11909 13827.677843422513
11929 13827.677843422489
11950 13827.677843422422
12014 13827.67784342239
12055 13827.677843422378
12103 13827.677843422367
12123 13827.677843422316
12173 13827.677843104339
12186 13827.677843097352
12187 13827.677843076388
12190 13827.677843070998
12239 13827.677843062407
12249 13827.677843055637
12267 13827.677843054735
12273 13827.67784302886
12280 13827.677843013276
12333 13827.677842986386
12343 13827.67784298173
12344 13827.677842967758
12347 13827.677842950206
12348 13827.677842897549
12386 13827.677842892872
12429 13827.67784285369
12484 13827.677842842959
12489 13827.677842837049
12500 13827.677842827052
12506 13827.677842786006
12547 13827.677842784764
12548 13827.677842781046
12558 13827.677842779378
12576 13827.677842770954
12700 13827.67784277062
12701 13827.677842769612
12710 13827.677842767536
12711 13827.67784276131
12718 13827.677842761048
12735 13827.677842760275
12742 13827.677842760244
12797 13827.677842757048
12871 13827.677842753792
12922 13827.67784275196
12937 13827.677842751615
12947 13827.677842750263
12948 13827.677842746212
12958 13827.677842745907
12975 13827.677842745637
12986 13827.677842744222
13003 13827.67784274292
13019 13827.677842741265
13022 13827.677842737317
13038 13827.677842736794
13039 13827.677842735222
13106 13827.677842734978
13115 13827.67784273392
13132 13827.677842733308
13133 13827.677842731468
13136 13827.67784273108
13166 13827.67784273069
13175 13827.67784273028
13182 13827.677842727644
13203 13827.677842719322
13224 13827.677842719226
13231 13827.677842718647
13257 13827.677842718334
13258 13827.677842717394
13284 13827.677842714676
13285 13827.677842706533
13315 13827.677842706438
13316 13827.677842706154
13317 13827.677842705307
13318 13827.67784270276
13331 13827.677842702244
13344 13827.677842702078
13345 13827.677842701578
13357 13827.677842700961
13358 13827.677842699119
13387 13827.677842699013
13388 13827.677842698706
13389 13827.677842697778
13390 13827.677842694997
13402 13827.677842689536
13437 13827.677842688678
13476 13827.677842688045
13477 13827.677842686153
13493 13827.677842684932
13555 13827.677842684927
13567 13827.677842684032
13579 13827.677842683373
13586 13827.67784268335
13587 13827.677842683268
13588 13827.677842683022
13601 13827.677842682733
13602 13827.677842681867
13603 13827.677842679268
13629 13827.677842678779
13630 13827.677842677309
13650 13827.677842667094
13651 13827.67784265742
13668 13827.677842655772
13706 13827.677842614863
13724 13827.677842607609
13745 13827.677842585483
13758 13827.677842579014
13783 13827.67784254736
13801 13827.677842542977
13805 13827.6778425294
13823 13827.677842529021
13874 13827.677842526806
13879 13827.677842521418
13880 13827.677842505254
13885 13827.677842491496
13890 13827.67784248834
13891 13827.67784247887
13939 13827.677842477584
13947 13827.677842458339
13981 13827.677842457477
14003 13827.67784245627
14011 13827.677842455694
14025 13827.677842455192
14060 13827.677842454312
14061 13827.677842451676
14093 13827.67784244546
14101 13827.677842442681
14126 13827.67784243955
14149 13827.677842432891
14157 13827.677842428468
14177 13827.67784239941
14181 13827.677842394318
14219 13827.677842391906
14248 13827.677842389912
14252 13827.677842389448
14253 13827.677842388048
14266 13827.677842384943
14298 13827.677842384597
14316 13827.677842383
14317 13827.677842378213
14318 13827.677842363844
14334 13827.677842363792
14355 13827.677842363764
14356 13827.677842363686
14357 13827.67784236345
14358 13827.67784236274
14372 13827.677842362027
14377 13827.677842360854
14382 13827.677842350122
14385 13827.677842346184
14429 13827.677842343528
14430 13827.67784233556
14435 13827.677842332272
14444 13827.677842330417
14448 13827.677842329806
14449 13827.677842327974
14463 13827.67784232732
14464 13827.677842325367
14500 13827.677842323668
14528 13827.677842319608
14533 13827.677842312572
14611 13827.677842312542
14628 13827.677842311881
14639 13827.677842307314
14673 13827.677842306923
14688 13827.677842306246
14705 13827.67784230143
14721 13827.677842301342
14777 13827.677842301282
14818 13827.677842300056
14819 13827.677842296383
14834 13827.677842296172
14841 13827.677842291872
14869 13827.677842290803
14874 13827.67784228883
14882 13827.677842288656
14889 13827.67784228778
14902 13827.677842287681
14903 13827.67784228738
14916 13827.677842286465
14924 13827.677842285542
14931 13827.677842283947
14964 13827.677842281271
14976 13827.67784227987
14988 13827.67784227978
14989 13827.677842279507
15015 13827.67784227533
15024 13827.677842275294
15032 13827.677842274188
15051 13827.677842273786
15072 13827.677842269895
15082 13827.67784226934
15093 13827.677842269335
15094 13827.67784226933
15121 13827.677842269077
15127 13827.67784226895
15134 13827.677842268848
15135 13827.677842268546
15140 13827.677842267194
15146 13827.67784226586
15180 13827.677842265435
15196 13827.677842265248
15197 13827.677842264691
15200 13827.677842263332
15201 13827.677842259263
15202 13827.677842247052
15203 13827.677842210423
15204 13827.677842100531
15205 13827.67784177086
15206 13827.677840781846
15207 13827.677837814805
15208 13827.677828913675
15209 13827.677802210288
15210 13827.677722100127
15211 13827.677481769644
15212 13827.676760778197
15213 13827.674597803856
15214 13827.668108880836
15231 13827.6678692241
15232 13827.667150253894
15233 13827.664993343269
15237 13827.662423084035
15238 13827.654712306323
15248 13827.654342578307
15249 13827.653233394258
15261 13827.652876227658
15267 13827.65257771206
15271 13827.6498774781
15272 13827.64076571674
15343 13827.640634213849
15359 13827.63997541499
15363 13827.63922472991
15367 13827.639185877222
15368 13827.637347242111
15403 13827.637218501499
15453 13827.636841296302
15467 13827.636776517204
15468 13827.636582179903
15479 13827.635190163583
15480 13827.631014114622
15534 13827.630764993235
15549 13827.630746742943
15559 13827.630578738695
15589 13827.628667017025
15590 13827.625260990262
15591 13827.615042909974
15599 13827.614563803741
15600 13827.613126485045
15622 13827.613018605954
15659 13827.612714946921
15674 13827.612698784005
15677 13827.608697503769
15682 13827.606508351955
15684 13827.59994089651
15725 13827.599938170988
15726 13827.59992999441
15755 13827.598513800203
15769 13827.598265291763
15770 13827.597519766445
15832 13827.597453710387
15833 13827.597255542216
15834 13827.5966610377
15842 13827.596298041815
15855 13827.595755201446
15860 13827.590546146588
15894 13827.590415519808
15895 13827.59002363946
15927 13827.589651668328
15949 13827.589233415756
15992 13827.589164377941
