541 1461.950976548486
552 1449.847984253542
570 1442.8350374773222
580 1423.4668035620875
590 1422.684249918084
607 1415.089407762
698 1396.5049528117484
700 1394.283968267499
703 1387.6168493600435
705 1382.6820139555196
747 1382.137508292064
748 1365.5178365266602
767 1360.8056815638474
804 1360.280079135031
806 1359.8088121307528
810 1356.990527154786
812 1353.9110672180743
821 1349.7261792705965
823 1349.4295783170019
849 1342.0095078296947
884 1340.2593090602618
905 1328.8808299598472
927 1315.996287870723
978 1302.2606358790224
1020 1299.9299356412284
1125 1297.8231972137341
1162 1295.8694727124562
1195 1294.9311832384715
1197 1294.2910910445198
1226 1289.3059929049364
1284 1288.6702392205184
1294 1288.644572358436
1296 1288.0058537936773
1300 1287.5914610020584
1301 1281.2214593669057
1328 1280.4167590209229
1330 1279.8995376731134
1332 1279.327205323834
1334 1278.4795366369594
1354 1278.3866130637691
1358 1277.8390284417596
1390 1277.658176159075
1392 1277.191210813472
1394 1276.7499081841074
1399 1276.7211458162528
1403 1276.561720094368
1405 1276.3333298065515
1419 1276.154861202077
1420 1274.3553345737498
1428 1274.2133821802247
1431 1274.059327351338
1433 1273.9286357944784
1437 1273.712433823681
1438 1271.7123161568227
1450 1271.6913335917438
1451 1269.5807713569363
1464 1269.514867081879
1466 1269.1843041015059
1467 1266.831044964803
1476 1266.6676161923147
1478 1266.329457589136
1480 1266.0763228681476
1481 1263.4591605166684
1497 1263.2217648544201
1499 1262.8341023404905
1501 1262.590618012699
1502 1259.960007323661
1521 1259.6837953644508
1523 1259.2275552516212
1524 1256.483078693542
1539 1256.4766326392178
1540 1254.1145214098276
1546 1253.9819481080408
1547 1250.9524150315156
1556 1250.9115487430527
1558 1250.3499383669914
1564 1249.822930995883
1565 1246.539157606444
1583 1244.7751645304882
1621 1243.1443459379022
1640 1243.0931196624274
1644 1242.7727069001287
1645 1240.3204042913644
1696 1239.0193291426647
1709 1238.7452649714182
1741 1238.3188211297697
1743 1238.2715042533714
1745 1237.7810486218848
1747 1237.548323550076
1764 1237.1858293922155
1766 1236.7932639644494
1775 1236.7757953656062
1777 1236.610522393706
1781 1236.5258574559662
1783 1236.255082377779
1785 1235.9594981478779
1824 1235.9138625206042
1872 1235.7650112708372
1899 1235.7310598924116
1923 1235.495260727122
1926 1235.3410320455546
2009 1235.2985393552103
2015 1234.483317488332
2040 1234.2356521449085
2049 1233.460927841491
2072 1232.5515395391606
2108 1232.5036051820505
2117 1232.1822177836407
2120 1232.100012873258
2141 1232.0962072321613
2163 1231.8146985153417
2192 1231.4192825308228
2193 1229.8968592776137
2232 1229.6921422939636
2237 1229.6849017979293
2248 1227.9068619114494
2261 1227.4626346653213
2265 1226.505636717727
2272 1226.0475505077502
2281 1224.4122164639182
2372 1224.2931829820586
2373 1223.9369868345707
2385 1223.5422914830658
2397 1223.073133541028
2418 1222.6196413290975
2430 1222.6025719784982
2445 1222.5447388747045
2447 1222.4916037693379
2503 1222.3848461087266
2505 1222.2446190302026
2539 1222.125447742707
2568 1222.117810139223
2581 1222.0407890297924
2591 1221.9334121751936
2598 1221.6413974725797
2602 1221.4588698604916
2625 1220.966446163573
2710 1220.9503899572433
2711 1220.4342738653747
2723 1220.2880339400829
2761 1220.0680531917121
2777 1219.991472209109
2809 1219.9189769652503
2822 1219.8478178906676
2837 1219.7921952071742
2883 1219.7086897145646
2903 1219.555854838252
2904 1219.1012666189524
2918 1218.834457974594
2919 1218.2300645223197
2925 1217.1848619676202
2937 1216.479465714651
2952 1216.4613286363444
2963 1215.35729562396
2998 1214.9746119214954
3033 1214.8512761619559
3039 1213.4798858981069
3049 1213.1115902110137
3091 1213.0096366802834
3092 1212.7109858550396
3094 1211.9117185598461
3112 1209.2661437886793
3129 1207.6635697953598
3176 1203.1452475405372
3181 1201.8613461683706
3229 1201.5261477960316
3248 1198.242103669613
3267 1196.8337186343967
3286 1188.322380487076
3300 1187.7999129974955
3301 1186.256515328754
3339 1185.9125381002614
3341 1183.8819178938481
3345 1183.6384244672672
3354 1182.9882572814263
3358 1181.6376675927127
3359 1174.4771224319604
3400 1173.9680814065996
3464 1173.0506092485462
3483 1170.484523675873
3520 1166.7014029033708
3544 1165.9869638316366
3605 1165.5386761931356
3612 1165.3128924203122
3614 1165.170720698485
3616 1164.7642104549468
3618 1164.1289121908076
3620 1163.9010705074518
3632 1162.0828950910616
3671 1161.4169595850537
3686 1161.1302925814437
3687 1159.0113804255489
3693 1158.5098283051807
3695 1158.0560459765777
3704 1157.8956344909013
3709 1157.1290420510966
3710 1155.4948111176404
3753 1154.162923362874
3769 1152.646607798648
3792 1146.049927119341
3830 1143.1313865782001
3881 1142.401089632722
3883 1141.3572774658628
3887 1140.7311321050497
3917 1137.7131362901691
3960 1137.696875829467
3964 1137.229825652431
3967 1136.9359778421028
3999 1133.6204282021326
4057 1133.5588734582561
4068 1133.5039184619695
4074 1133.377631094837
4076 1133.1443263286972
4085 1133.0044906867874
4087 1132.728428872208
4090 1132.423246635756
4092 1132.3217753483104
4093 1130.7464211021534
4144 1125.408604864836
4166 1124.377033091304
4250 1124.267870303928
4254 1124.2358518503218
4256 1123.8087047896583
4267 1123.5297583507354
4272 1123.3748589253446
4294 1119.7300866572082
4362 1119.5084527238569
4370 1119.256201120239
4372 1119.025464242981
4376 1118.7277557598136
4393 1118.5302404559295
4397 1118.218199795433
4410 1118.0976523658333
4423 1118.055489353375
4431 1117.9747431603275
4448 1117.9182752517495
4456 1117.8400646848795
4458 1117.7686251519553
4467 1117.699406938614
4469 1117.6199848852445
4476 1117.5700740715706
4480 1117.5021568585225
4485 1117.4971352517903
4487 1117.4740836249655
4489 1117.4358128381227
4490 1117.0477318968547
4518 1115.3804190438998
4527 1114.962780018479
4540 1113.6576228344334
4560 1111.2278564514875
4594 1110.6142142491306
4608 1104.8839310706433
4640 1099.7704944389961
4694 1098.6514995445032
4711 1097.707015225013
4735 1097.6593910292518
4766 1097.5449758884888
4787 1097.4203994594695
4810 1096.493123052965
4884 1095.0647814688934
4901 1094.5053430946277
4961 1094.313289139981
4992 1094.2983352610656
4993 1094.2548703328796
5007 1094.0033296317038
5019 1093.8842326779577
5027 1093.4370414013645
5086 1093.4284937502816
5103 1093.2758981564366
5109 1093.1925043100732
5207 1093.1769489844996
5209 1093.1257760137728
5212 1093.0517547832142
5215 1093.0222421866563
5272 1092.6852594091722
5308 1092.6612466673716
5342 1092.652301459623
5344 1092.6169527180691
5352 1092.5998957689003
5354 1092.56300195874
5358 1092.5273787994452
5362 1092.5228357240217
5364 1092.4866988684423
5366 1092.4532712906143
5391 1092.4459649614532
5393 1092.441876621227
5398 1092.435797520204
5399 1092.3046769571658
5404 1092.1483150473655
5446 1091.7342631871543
5452 1091.71524777575
5453 1091.6572351663667
5513 1091.6487695291648
5515 1091.5468925103805
5516 1091.1246077974388
5519 1090.5885125493614
5535 1090.5313053534169
5558 1090.5226788291798
5569 1089.7399254161885
5578 1089.0724673542197
5585 1087.7048687531565
5600 1087.588836155613
5645 1087.1246624184644
5699 1087.1211914219934
5745 1087.0250413806602
5759 1086.7936226879149
5790 1086.6724881186665
5801 1086.5036229555908
5811 1086.0473753107774
5850 1085.6263894407784
5851 1084.3703972613816
5865 1084.315688017869
5878 1084.0200529148522
5899 1083.4655508640772
5910 1082.1608964399377
5950 1081.7276215921631
5951 1080.4324025798394
6072 1079.8317349120016
6082 1079.806094936772
6086 1079.436212903164
6103 1078.4952545270528
6167 1077.2351653662702
6204 1077.1089181880907
6224 1076.9489827200405
6287 1076.8826155323202
6296 1076.8183528604013
6317 1076.7686402419022
6328 1076.732406656702
6339 1076.6600379935726
6361 1076.5464509227947
6368 1076.4780661286068
6376 1076.2636852565415
6395 1076.246882592312
6444 1076.1229608114238
6495 1076.1216597688351
6508 1076.043465413359
6509 1075.8090290286657
6525 1075.7429312672832
6532 1075.6730832167
6567 1075.6152582039897
6578 1075.5062747577006
6602 1075.4273660851863
6631 1075.3430657027093
6643 1075.2847649347123
6647 1075.2830264092347
6668 1075.1704464664167
6676 1074.775199311556
6736 1074.723850485902
6752 1074.6369092655045
6820 1074.6332698773194
6826 1074.5642868723837
6843 1074.5541551927547
6844 1074.4195638578572
6865 1074.4067231220588
6866 1074.2846040620066
6873 1074.282730498015
6875 1074.2566747419514
6876 1074.099381889058
6885 1074.094810735553
6886 1073.9220808653247
6897 1073.89019499997
6899 1073.8707060356503
6907 1073.8532515031961
6909 1073.831630864849
6913 1073.8188517563756
6915 1073.7968766048996
6921 1073.7856408849643
6934 1073.7684316969924
6936 1073.750672303227
6938 1073.7379198854353
6939 1073.6134930569494
6965 1073.595764755145
6978 1073.5944484972151
6998 1073.5125931098685
7022 1073.462626207639
7038 1073.3900781680834
7056 1073.3596730881166
7126 1073.3403620525585
7132 1073.3150570224564
7156 1073.3019301635384
7160 1073.2797473094527
7164 1073.269468236239
7188 1073.1650571627426
7198 1073.0583330338243
7247 1073.0040988203473
7268 1072.988137738829
7302 1072.9753981552185
7367 1072.9697276567622
7375 1072.906463029522
7410 1072.881828896367
7411 1072.8080495146503
7466 1072.7990965817457
7470 1072.795740867044
7474 1072.7779616938826
7478 1072.774309817378
7479 1072.6562391383068
7525 1072.6314478089841
7557 1072.6093768894748
7567 1072.5082023467926
7595 1072.4724999283976
7600 1072.415262855154
7609 1072.316884415873
7613 1072.1957716461109
7635 1072.0654900478135
7668 1072.0137108002382
7672 1071.9631537433906
7674 1071.8964355697526
7675 1071.5283250276618
7724 1071.489837327781
7740 1071.3794891913278
7742 1071.313896206477
7743 1070.9387982349635
7763 1070.9334143007015
7796 1070.8054612971887
7817 1070.6868468565913
7833 1070.581855157683
7836 1070.547117815306
7840 1070.5356264455247
7841 1070.1481610354817
7902 1069.8469873082252
7921 1069.7876670661076
7922 1069.609838513276
7929 1069.4507150855957
7970 1069.4059939354465
7982 1069.3349580385461
8006 1069.2555183617337
8013 1069.2508849981145
8063 1069.1881686216186
8092 1069.069830810392
8093 1068.8000498358272
8097 1068.7524341881942
8114 1068.7509029144894
8115 1068.746439027836
8127 1068.6954338652718
8174 1068.6794480664523
8175 1068.6315431030812
8179 1068.5321761880175
8195 1068.463646327098
8222 1068.1855198782512
8228 1068.1618418623084
8233 1067.983963660186
8271 1067.951987822974
8281 1067.8878419020957
8323 1067.831241058186
8381 1067.8311476452884
8399 1067.8287716412467
8400 1067.8216484481575
8410 1067.8023548437172
8414 1067.799015309331
8423 1067.797716058201
8466 1067.785981686071
8468 1067.7803989778308
8482 1067.7633476330518
8518 1067.689140039747
8519 1067.466561398694
8544 1067.4506194274677
8554 1067.4053487524425
8616 1067.4020452718355
8665 1067.400274230497
8666 1067.394965930639
8670 1067.3893221460858
8681 1067.3890535624191
8684 1067.3878619485
8706 1067.3754769980849
8734 1067.3679242257076
8750 1067.3638531899337
8766 1067.3551998251676
8787 1067.3173568064747
8791 1067.2864406335184
8808 1067.2588988746215
8831 1067.2279694593974
8889 1067.2235735327313
8910 1067.222448674102
8938 1067.2188283505147
8939 1067.190908523369
8943 1067.1591459058059
8973 1067.1534017503088
8982 1067.115564840014
9026 1067.1070471936494
9065 1067.103016075008
9113 1067.086600956736
9128 1067.0829530871124
9143 1067.0774249995125
9162 1067.0739060071473
9180 1067.0699774697505
9181 1067.0582351153735
9194 1067.0473255568663
9251 1067.0363165046635
9259 1067.0308227591638
9277 1067.023722651111
9292 1067.022495780359
9313 1067.0203700237325
9314 1067.0139934224924
9379 1067.0126811225034
9423 1067.0116878267072
9424 1067.0087079530754
9474 1067.0074235987252
9490 1067.0071565778285
9503 1067.0069912402746
9504 1067.0064952476016
9510 1067.0064652255917
9511 1067.006375929291
9513 1067.0034683757706
9554 1067.0029826162922
9568 1067.0028556559712
9588 1067.0010359542584
9605 1066.998218514539
9613 1066.9966673800898
9641 1066.9947036256574
9662 1066.988812427534
9670 1066.9879442336946
9680 1066.9877459152458
9681 1066.9871532432826
9694 1066.9800199859428
9724 1066.968319806059
9746 1066.9670221311324
9757 1066.9668231708447
9783 1066.9638947529027
9791 1066.958515126792
9792 1066.942378781364
9809 1066.938635765073
9838 1066.9386228163617
9868 1066.9315453486838
9877 1066.9303270909675
9896 1066.9267599091697
9898 1066.923069205848
9902 1066.9189052147503
9939 1066.9099571063657
9978 1066.9099516297474
9980 1066.9085042482084
9982 1066.9072804002778
9986 1066.9070136063456
9988 1066.9049947440599
9992 1066.902768886248
10004 1066.9021109756443
10008 1066.9016050440027
10010 1066.8999695508285
10012 1066.8981294226642
10016 1066.897042336771
10017 1066.886122035513
10054 1066.885968689674
10056 1066.8849063519067
10060 1066.88461003527
10061 1066.8769330295388
10077 1066.876350172632
10083 1066.8761810046894
10085 1066.875471908715
10089 1066.8750895304684
10091 1066.8747211061977
10093 1066.873835605119
10094 1066.8673386026044
10101 1066.867124698805
10105 1066.866898089038
10106 1066.8597731847926
10121 1066.8590735207813
10122 1066.8509166516449
10138 1066.850587005654
10139 1066.8423205845909
10147 1066.8416721480858
10149 1066.8407085131375
10151 1066.8395466999705
10154 1066.839519224177
10156 1066.838122315115
10157 1066.8290881861187
10163 1066.8289308221858
10168 1066.8283198129639
10170 1066.827467969974
10172 1066.826592924223
10173 1066.8167606454815
10202 1066.8126281657746
10213 1066.8061159679748
10229 1066.7973155769082
10282 1066.7963497980295
10284 1066.795289952905
10285 1066.7805366087332
10317 1066.779871748947
10318 1066.7699959528593
10326 1066.7403840545117
10333 1066.7395993237064
10338 1066.7239459569148
10347 1066.7077793726423
10359 1066.7020780465512
10450 1066.6997197534554
10481 1066.6995142136498
10491 1066.6974803588587
10499 1066.6959123152267
10503 1066.6947443150266
10518 1066.692732083403
10542 1066.6898178565325
10572 1066.6896895596797
10573 1066.6893049594491
10590 1066.689204128309
10593 1066.6879811442273
10606 1066.687684059762
10607 1066.6867935761225
10650 1066.6862942293546
10663 1066.6825895567808
10678 1066.6813045888175
10754 1066.6803931386848
10755 1066.6776670620566
10782 1066.6759072323866
10787 1066.6740224596601
10809 1066.6724280581839
10833 1066.6670501802741
10891 1066.6664168302384
10892 1066.6645170556772
10897 1066.66117277986
10936 1066.6603373947291
10937 1066.6578313204677
10949 1066.6574053134173
10950 1066.6561273230147
10970 1066.6507333478953
10977 1066.6496535844053
11080 1066.648708849803
11095 1066.6482171417508
11146 1066.6450395883614
11151 1066.6432699625825
11157 1066.6395481003328
11167 1066.6389487911424
11188 1066.6384330921298
11202 1066.6381975166585
11203 1066.637490795893
11206 1066.636161799404
11261 1066.6350399453668
11269 1066.6348277423879
11271 1066.6334984324062
11288 1066.6325556783258
11302 1066.6322540534456
11333 1066.6320931796113
11375 1066.631934655276
11376 1066.6314590855543
11377 1066.6300324059384
11390 1066.6297620034948
11411 1066.627407544804
11434 1066.6248907703102
11439 1066.6230141089777
11455 1066.6221147533493
11472 1066.6214556156567
11526 1066.6210041763252
11530 1066.6204403437796
11564 1066.62037471015
11578 1066.6203549172947
11595 1066.6200621898192
11599 1066.6195520544763
11619 1066.619544580534
11620 1066.61952215874
11621 1066.6194548936473
11650 1066.61928586031
11667 1066.6188746746705
11671 1066.6175664344544
11687 1066.6175322573692
11688 1066.6174297295165
11689 1066.6171221765849
11728 1066.6171188428464
11751 1066.61687845207
11762 1066.615895915547
11793 1066.6157598127393
11804 1066.6155169709941
11831 1066.6151946440348
11849 1066.6149137746665
11871 1066.614811239265
11899 1066.6147521314938
11901 1066.6143581696372
11915 1066.6141710021852
11917 1066.613922216427
11918 1066.6124441118964
11931 1066.6121322065646
11940 1066.611430030637
12006 1066.6110740992126
12007 1066.6091542868699
12008 1066.6033949513792
12009 1066.58611785875
12025 1066.5827590807635
12037 1066.582413728384
12038 1066.581377709038
12060 1066.5813182246798
12062 1066.5756067328316
12066 1066.5720218033593
12068 1066.5612674229283
12069 1066.5290107700569
12070 1066.432250636754
12089 1066.383696325459
12162 1066.370499048937
12195 1066.3651885377683
12233 1066.3646569898851
12240 1066.3608076265964
12278 1066.3156654720456
12328 1066.314859328701
12329 1066.2982388642147
12339 1066.2969136656513
12341 1066.296159316223
12342 1066.2778493627657
12350 1066.2744670744248
12352 1066.2720160192587
12354 1066.269700934474
12355 1066.2457353756768
12367 1066.2442122973603
12371 1066.2417519768087
12373 1066.2388792372976
12375 1066.2372191458048
12376 1066.212549037893
12387 1066.2114133685125
12388 1066.1858396050345
12398 1066.1816639666993
12399 1066.1503945584745
12408 1066.1495103264199
12410 1066.14524929386
12411 1066.1108076635253
12451 1066.1094453314463
12455 1066.108457814627
12467 1066.1074335560938
12471 1066.093629265174
12478 1066.0896431372933
12484 1066.077940695766
12496 1066.0777442958988
12505 1066.0536892864598
12555 1066.0505044030556
12567 1066.0485719083656
12573 1066.0441729954655
12590 1066.0067422909312
12600 1065.9650238481308
12615 1065.963744068255
12616 1065.9599064781034
12666 1065.9546535104823
12667 1065.9016650334456
12671 1065.831995988939
12680 1065.7980586753379
12691 1065.7934083076238
12692 1065.7794594678865
12756 1065.7742947142494
12758 1065.7625266265586
12769 1065.739731525719
12804 1065.7374349393651
12825 1065.737025408528
12849 1065.7326704359907
12876 1065.7287289091696
12879 1065.7281798490746
12883 1065.7262090950119
12913 1065.726044814818
12917 1065.7245820339494
12921 1065.7219678036827
12946 1065.7107108313235
12966 1065.6972003233604
13069 1065.6953580098025
13073 1065.6928782048494
13075 1065.6917077446676
13079 1065.6912381328436
13081 1065.6910005471564
13083 1065.6893367949638
13089 1065.6884963384045
13093 1065.6879519372794
13094 1065.676575636462
13130 1065.6517661766197
13137 1065.6383809618196
13173 1065.6354550334365
13193 1065.6298989533557
13224 1065.6272800939582
13233 1065.625251647284
13248 1065.6210327253425
13250 1065.6159893801569
13259 1065.611176241784
13265 1065.5941565066018
13306 1065.5897752158637
13321 1065.5891923853555
13340 1065.5889246802244
13372 1065.586624723434
13375 1065.5836168854817
13377 1065.5802049912872
13383 1065.5753517163441
13387 1065.5711482201696
13498 1065.5711027821292
13528 1065.5698720712778
13534 1065.5691667511896
13566 1065.5672272115999
13620 1065.566644381815
13635 1065.5662551513797
13641 1065.5647137237265
13642 1065.5600906487155
13645 1065.5523764378938
13662 1065.5509017691418
13676 1065.5507009017742
13692 1065.550379993526
13700 1065.5499988482268
13709 1065.5374860749632
13727 1065.5370928078914
13784 1065.5356033161902
13824 1065.5350626199224
13838 1065.534899609876
13839 1065.5344106066009
13845 1065.5317500834603
13864 1065.5287486172278
13884 1065.521728969645
13889 1065.5189916680242
13897 1065.5148922701094
13915 1065.5140612787009
13942 1065.5130491018367
13947 1065.5093576598606
13991 1065.5011552738904
14004 1065.4976158814611
14017 1065.4974976856752
14018 1065.4971431140632
14030 1065.4916336177805
14037 1065.4866003529185
14071 1065.4851004399898
14088 1065.48347548335
14126 1065.4830876075353
14127 1065.4819239821823
14163 1065.4815412622177
14194 1065.4814627669693
14236 1065.4809125228635
14252 1065.4808575209654
14258 1065.4803934665176
14262 1065.480289006628
14299 1065.479506880239
14308 1065.4794103360973
14324 1065.4793043372229
14325 1065.4789863407946
14340 1065.4789790780687
14392 1065.478924495349
14395 1065.4788128147948
14407 1065.4787591412519
14409 1065.4784431390417
14441 1065.4784282973178
14489 1065.4783566174137
14522 1065.4783233498933
14536 1065.4783139046206
14548 1065.478306462846
14600 1065.4783006394637
14613 1065.4782303773322
14620 1065.4781200590571
14640 1065.478076837577
14643 1065.4780385536285
14650 1065.4780200498303
14651 1065.4779645387644
14652 1065.4777980085257
14664 1065.4775694251882
14670 1065.4774157445238
14725 1065.4774135889693
14726 1065.477407122507
14736 1065.476765905339
14750 1065.4761511291958
14751 1065.474306804953
14764 1065.474231870828
14832 1065.4742090573977
14833 1065.4741406171397
14855 1065.4741181759607
14876 1065.4737990500942
14884 1065.4737379928326
14890 1065.4736690324858
14914 1065.4736637874541
14999 1065.473654771482
15013 1065.473654305206
15028 1065.4736432980048
15043 1065.47363748969
15044 1065.4736200647505
15048 1065.4735542232825
15076 1065.4735476867577
15081 1065.4735420392958
15092 1065.4735286584662
15123 1065.4735248470126
15134 1065.4735138094306
15139 1065.47351319579
15149 1065.4735052933365
15206 1065.473503241068
15217 1065.4734967523173
15235 1065.4734918338363
15247 1065.4734906333954
15248 1065.4734870320738
15266 1065.4734840397196
15267 1065.473475062662
15268 1065.4734481315381
15269 1065.4733673386118
15270 1065.4731249638448
15271 1065.472397875633
15274 1065.4718140070302
15277 1065.4708165089994
15282 1065.4705322848474
15287 1065.4675476082862
15308 1065.467504739613
15309 1065.4673761370977
15311 1065.465894219144
15312 1065.462427512524
15313 1065.4520284628186
15316 1065.4443762767912
15348 1065.4411304774815
15356 1065.437084982858
15363 1065.4327005446153
15383 1065.4291563902466
15393 1065.4265076420745
15406 1065.4245249845585
15413 1065.4237670608654
15430 1065.419876622153
15457 1065.4182290020312
15461 1065.4161631219458
15490 1065.4153239868722
15500 1065.4149146253917
15537 1065.4142874244337
15564 1065.4136109985293
15576 1065.41342214186
15584 1065.411788104776
15597 1065.41098510459
15611 1065.4108025465102
15651 1065.4105560638172
15670 1065.4103916539993
15671 1065.4098984275802
15673 1065.4094653605252
15693 1065.4094498159593
15695 1065.4082472822734
15696 1065.404988863926
15731 1065.4043339374289
15742 1065.404170414119
15768 1065.402580092118
15771 1065.4018061378597
15785 1065.401763037235
15822 1065.401383225782
15862 1065.4010217494165
15864 1065.4009689910629
15867 1065.4006027202868
15880 1065.4002817488713
15897 1065.3990433044441
15942 1065.3984701506333
15946 1065.3977383770152
15955 1065.396556171155
15968 1065.3956842252805
15973 1065.3949018760782
15976 1065.3935814301733
15984 1065.3893323238592
