202 9744.223520239959
232 9737.624998693773
245 9441.61286101481
326 9271.277572092962
342 9245.158886804937
448 9092.58392565879
474 9087.010062006944
615 9084.246236458815
646 9055.564920996467
653 9055.416760589167
670 9036.931726448796
713 9027.095417154416
724 9022.872233184795
725 8990.237078645774
738 8987.849068647452
753 8873.787362975534
791 8838.047924947618
883 8825.635961632524
885 8802.388994648787
892 8798.35147433236
905 8792.944352305954
907 8780.499518646518
960 8780.138747949053
1008 8772.669635468417
1047 8770.332994488677
1049 8765.013574874285
1086 8764.665919688834
1088 8737.762619753448
1142 8726.222022767208
1145 8724.778192683236
1190 8719.466931344685
1192 8714.401146466165
1196 8708.936084673831
1198 8704.348436380491
1200 8702.37641904347
1219 8700.51243507951
1221 8697.886680457648
1226 8696.959618968283
1229 8691.707390604646
1231 8689.214089190453
1234 8683.573178569957
1237 8678.59828291326
1239 8678.588538107999
1246 8677.555829017578
1248 8676.401195558055
1250 8674.290040955902
1252 8673.197443535244
1253 8659.727044583658
1272 8636.295430391647
1331 8634.441580445005
1332 8630.072190301273
1334 8614.23207247878
1366 8599.750097101158
1397 8593.95376192673
1412 8582.282414136513
1419 8571.760921362262
1466 8568.934308340018
1482 8551.73522870388
1518 8549.543924294936
1566 8548.464842538875
1575 8518.569410157306
1610 8507.033252563568
1707 8505.349217818979
1711 8501.735417791884
1712 8480.166574477751
1802 8478.33544328208
1842 8478.078022821062
1876 8476.593335848775
1925 8475.388394938474
1956 8475.249885416813
1958 8474.730740969553
1998 8474.464076385324
2018 8474.451214098855
2020 8473.987748070496
2096 8473.95616124863
2097 8472.311591736143
2168 8472.153984800536
2174 8472.148448691816
2188 8472.116365064856
2190 8471.952374472077
2191 8470.87367994267
2203 8470.848490835177
2204 8469.581065040229
2217 8469.428767266754
2219 8469.23609651977
2220 8467.845076400406
2235 8467.78199853813
2237 8467.525271389244
2238 8466.095070038355
2246 8465.977781943171
2247 8464.364749865546
2256 8464.30072204598
2257 8462.613973568255
2265 8462.533025025752
2266 8460.69085559179
2273 8460.638243035883
2274 8458.571181845733
2285 8458.460689041576
2286 8456.387046792077
2293 8456.32649443246
2295 8456.235956058481
2296 8454.0947348565
2304 8454.084021581462
2305 8452.012226244959
2311 8451.992510377864
2312 8449.64620150283
2321 8449.546064978551
2322 8447.410492833855
2331 8447.380430698271
2333 8447.050973640442
2335 8446.729503645065
2337 8446.620691064134
2341 8446.150900494164
2357 8444.771057667134
2368 8444.422101343378
2383 8444.132006215448
2425 8442.806637974858
2444 8442.755667830135
2508 8442.379635102903
2530 8441.69385739958
2552 8441.39197382617
2597 8441.163809496215
2619 8441.067602466757
2620 8440.77978355188
2631 8440.175351468748
2679 8440.064329661831
2692 8439.875927784406
2721 8439.480010312198
2795 8439.45768222234
2830 8439.392698316267
2850 8439.35891628205
2851 8439.257608501614
2871 8439.238543007257
2873 8439.090171287919
2874 8438.550480994967
2875 8436.941838962717
2876 8432.201471703254
2901 8432.201405740707
2938 8431.960979223173
2941 8431.166685113087
2943 8428.83228136073
3008 8428.606929457657
3010 8428.593594936248
3017 8427.691654368067
3056 8426.744622796106
3067 8426.611021129234
3102 8426.07903427136
3111 8426.03654124065
3141 8425.364225243527
3157 8424.257320319603
3226 8423.943437026164
3232 8423.915451783041
3234 8423.898102490824
3235 8422.848345687064
3293 8422.47638393874
3302 8422.208499820135
3303 8421.405780857114
3306 8421.374527244825
3318 8419.636648055559
3337 8419.411870126825
3410 8418.790389733787
3464 8418.515185137563
3485 8418.257305687835
3492 8418.183571704541
3553 8418.144334981505
3556 8417.79696218763
3587 8417.693686085351
3619 8417.653320040508
3635 8417.627741586473
3646 8417.443538755664
3662 8417.41532852303
3674 8417.230932372153
3677 8417.200475902031
3679 8417.198657504665
3687 8417.13912740549
3688 8416.810270741133
3698 8416.775743601873
3699 8416.379105036103
3710 8416.305697461186
3711 8415.862897064453
3720 8415.823991475585
3722 8415.735737874164
3723 8415.20787546551
3731 8415.19673566244
3732 8414.582402638192
3741 8414.536480924235
3742 8413.845456591533
3750 8413.810860328866
3751 8413.030060004747
3759 8412.924246280618
3760 8411.967257291259
3769 8411.862882992406
3771 8411.750605756086
3772 8410.667795105104
3783 8410.456523929446
3784 8409.182506084244
3793 8409.114745198065
3794 8407.721379872
3805 8407.640676423378
3806 8406.128920741608
3813 8406.105591252028
3814 8404.30205990791
3822 8404.268144059171
3823 8402.209666218665
3831 8402.17070480545
3833 8401.870652246653
3835 8401.63598635862
3837 8401.38303019023
3841 8401.363505990594
3843 8401.048012946942
3854 8400.955896680663
3867 8400.939935181912
3869 8400.8816758994
3926 8400.865246510259
3933 8400.77271029265
3934 8400.501395548783
3943 8392.749123683256
3972 8392.232350086277
3980 8392.101760248694
3988 8389.981404232602
4001 8389.558866087504
4037 8389.416885141114
4039 8389.224142071876
4043 8388.749823609523
4046 8388.708652873913
4052 8388.321923760392
4056 8387.877508410906
4059 8387.686178423779
4061 8387.206326608866
4063 8386.61624041893
4065 8386.18589718916
4067 8385.787808914523
4071 8385.408856352698
4099 8385.19234783502
4115 8383.531988542796
4168 8383.200822127528
4171 8383.01838328821
4189 8382.887550075764
4221 8382.803236204962
4229 8382.643966284744
4230 8381.334930823645
4292 8380.204189827919
4346 8379.929322123333
4350 8379.75284285895
4351 8378.43378038588
4380 8378.2472695874
4411 8378.189761530422
4423 8377.95161856896
4471 8377.861536001225
4473 8377.770740649152
4488 8377.718357483722
4491 8377.714044899592
4511 8377.553891692769
4577 8377.5451681762
4579 8377.510803050802
4581 8377.448280817876
4583 8377.388759462745
4585 8377.351234703752
4587 8377.28564377304
4589 8377.279384301708
4591 8377.217343305138
4610 8377.188962605858
4614 8377.16382976188
4616 8377.121453486292
4617 8376.866922507888
4627 8376.846559683501
4628 8376.556369185635
4641 8376.554953286055
4643 8376.491460550344
4644 8376.129201117712
4657 8376.07563316751
4659 8376.03843808979
4663 8376.03470684188
4664 8375.685426065822
4671 8375.64860886763
4672 8375.20182694012
4686 8375.193744560785
4688 8375.150690214212
4690 8375.10686773416
4695 8375.040535028284
4697 8374.985805864477
4699 8374.934174541266
4700 8374.489699417481
4764 8374.481835438391
4811 8374.462620624347
4817 8374.439821732536
4825 8374.41921597949
4827 8374.391012540711
4831 8374.369214491539
4833 8374.345222163322
4835 8374.311292116818
4837 8374.272364970824
4838 8374.019748747347
4873 8373.983364210817
4874 8373.766683145652
4897 8373.74699174075
4899 8373.710862923665
4905 8373.71035528014
4907 8373.690233965492
4909 8373.677254604043
4910 8373.5053178804
4926 8373.483253926563
4936 8373.461447437958
4937 8373.312097120543
4944 8373.294032760943
4947 8373.278914589166
4949 8373.255745196335
4950 8373.070895663974
4959 8373.037342066878
4960 8372.814308086181
4978 8372.777493641262
5017 8372.660407529587
5024 8372.621321895136
5041 8372.58062630572
5053 8372.545849346494
5105 8372.471924296355
5119 8372.423999456503
5139 8372.41273572781
5155 8372.401026929536
5205 8372.392001263053
5207 8372.38606726035
5236 8372.36484145984
5311 8372.347608828815
5323 8372.34624662603
5324 8372.273821802724
5352 8372.223248767194
5360 8372.104237700676
5400 8372.093742959794
5417 8372.05907819119
5465 8372.030569561704
5477 8372.028312287044
5487 8372.022072233922
5489 8372.011943192965
5518 8372.006877944099
5558 8371.997900638216
5587 8371.996651722982
5597 8371.994980326159
5599 8371.966931553523
5602 8371.964578872903
5617 8371.95603322283
5653 8371.94310888078
5686 8371.934503821483
5728 8371.931300412774
5749 8371.92618011276
5761 8371.891199543297
5848 8371.888730074883
5850 8371.88583535656
5852 8371.882963007389
5856 8371.881438475992
5858 8371.87792957319
5860 8371.875158026265
5870 8371.87469948534
5874 8371.873433869072
5878 8371.8732453814
5880 8371.870879691101
5883 8371.867789938498
5911 8371.866952333969
5914 8371.864186818537
5967 8371.862139164645
5968 8371.847610052377
5997 8371.847431698783
5999 8371.845657216321
6001 8371.844770029837
6002 8371.833262388449
6015 8371.833214857646
6016 8371.821721488806
6026 8371.819974169139
6030 8371.817295846724
6032 8371.816233037092
6043 8371.814727453637
6045 8371.812589612475
6070 8371.811121269118
6071 8371.806717007757
6144 8371.806707263568
6180 8371.8064946872
6192 8371.804870803804
6224 8371.803992399606
6259 8371.80382332607
6292 8371.803661991713
6303 8371.803537424395
6372 8371.803521927217
6376 8371.80340085289
6384 8371.803037631995
6385 8371.80194798801
6399 8371.801190650742
6425 8371.80107767056
6428 8371.80065859817
6466 8371.79851538436
6520 8371.798251499722
6572 8371.798163428562
6573 8371.797899215142
6575 8371.795825766894
6585 8371.795617283873
6605 8371.795474968116
6636 8371.795422514557
6654 8371.79430399046
6661 8371.794094603094
6695 8371.794059688435
6712 8371.793942856651
6754 8371.793270517759
6794 8371.793151230144
6799 8371.793146240076
6810 8371.79287611011
6818 8371.792646257813
6829 8371.791978329064
6882 8371.791936428735
6883 8371.791810727771
6888 8371.791719743816
6912 8371.79169101388
6922 8371.79155196071
6924 8371.791425086185
6972 8371.791339359537
6982 8371.79098847237
6994 8371.790890385233
6995 8371.790596123948
7048 8371.790591781157
7049 8371.7905787528
7053 8371.79050767913
7062 8371.790384339769
7067 8371.790108146373
7080 8371.78998921128
7098 8371.789985599686
7145 8371.789968453319
7166 8371.789963847214
7168 8371.789904879486
7173 8371.789843420836
7220 8371.789839456771
7221 8371.78982756458
7244 8371.78981245567
7249 8371.78960978052
7252 8371.789515923276
7280 8371.789471947624
7283 8371.789390424454
7339 8371.789365853812
7361 8371.78934631672
7363 8371.789269998972
7388 8371.789244238353
7390 8371.789196086544
7391 8371.78887440157
7428 8371.78886566728
7468 8371.788856431362
7475 8371.788844334855
7505 8371.78884211899
7530 8371.788800060807
7543 8371.788754131006
7563 8371.788720553846
7612 8371.78870527847
7619 8371.788699584607
7648 8371.788608255787
7712 8371.788605250204
7713 8371.788596233451
7753 8371.788592438443
7760 8371.788582503863
7772 8371.788575423747
7774 8371.788535608226
7832 8371.788533462779
7838 8371.788511151397
7855 8371.788507792971
7859 8371.788502468473
7864 8371.788494503455
7885 8371.788491199633
7926 8371.788490373636
7941 8371.788484834582
7999 8371.788480349222
8000 8371.788466893151
8020 8371.788463669869
8024 8371.788462172264
8065 8371.78845851442
8098 8371.788457677692
8103 8371.788455946435
8105 8371.788453189158
8122 8371.78845213831
8144 8371.788448479017
8194 8371.788444240303
8239 8371.788443627596
8241 8371.788441130275
8287 8371.78844040083
8317 8371.788439591992
8345 8371.788439491911
8354 8371.788439087039
8363 8371.78843902783
8367 8371.788438745662
8391 8371.788438299793
8398 8371.78843557743
8411 8371.788434132433
8494 8371.788434059332
8528 8371.788432875946
8529 8371.788429325776
8585 8371.788428609128
8597 8371.788428522954
8615 8371.788428485523
8621 8371.788428296533
8663 8371.788428188202
8667 8371.78842811494
8683 8371.78842797035
8739 8371.788427696216
8747 8371.788427635334
8754 8371.788427550962
8765 8371.788427487863
8778 8371.788427459596
8787 8371.788427447776
8799 8371.788427365918
8828 8371.788427214437
8836 8371.788427201802
8837 8371.788427163894
8847 8371.788427110181
8881 8371.788427094334
8888 8371.788427084888
8902 8371.788427058545
8906 8371.78842700036
8926 8371.788426990983
8928 8371.788426939103
8956 8371.78842693363
8963 8371.788426690506
9004 8371.78842647732
9039 8371.788426462057
9040 8371.788426150633
9070 8371.788426107933
9078 8371.788426085035
9080 8371.788426055793
9084 8371.788426037303
9086 8371.78842602608
9087 8371.788425800458
9104 8371.788425778626
9105 8371.788425551567
9121 8371.788425550654
9127 8371.788425490637
9129 8371.788425310577
9152 8371.788425220508
9221 8371.78842512099
9298 8371.788425104442
9299 8371.788425054787
9301 8371.788424909742
9336 8371.788424897108
9364 8371.78842482888
9372 8371.788424782482
9388 8371.788424634991
9396 8371.788424622036
9407 8371.788424550801
9440 8371.788424489778
9441 8371.788424169836
9456 8371.788424154262
9457 8371.788423840144
9466 8371.788423690217
9473 8371.788423688693
9476 8371.788423286927
9495 8371.788423165988
9503 8371.788422918262
9547 8371.788422817406
9549 8371.788422727599
9556 8371.78842261383
9559 8371.788422593174
9564 8371.788422405036
9566 8371.788421840625
9567 8371.788420147384
9568 8371.788415067671
9569 8371.788399828532
9570 8371.788354111108
9571 8371.788216958883
9572 8371.787805502505
9573 8371.78657113611
9661 8371.786536621681
9667 8371.786528291495
9672 8371.786521169794
9691 8371.78652105114
9705 8371.78648308413
9706 8371.786369183137
9723 8371.786364896641
9742 8371.786308129302
9762 8371.786304280069
9763 8371.78629273238
9794 8371.78625300157
9816 8371.786243295985
9818 8371.786226786782
9819 8371.786064306549
9831 8371.786043911256
9848 8371.785988742924
9876 8371.78594253594
9895 8371.78594216595
9925 8371.785919080343
9932 8371.785915342087
9945 8371.785892044027
9961 8371.785874976471
9970 8371.785865813821
9983 8371.785861542128
9985 8371.785848408243
10002 8371.785821755662
10021 8371.785808012273
10068 8371.785800329995
10096 8371.785782356646
10132 8371.785782292276
10190 8371.78578127983
10221 8371.785776634877
10234 8371.785773801184
10266 8371.785769968465
10284 8371.78576896169
10289 8371.785767695774
10312 8371.785767026728
10314 8371.785765747554
10337 8371.785763883649
10368 8371.785763020116
10370 8371.785762213718
10376 8371.785761561212
10409 8371.785761108471
10452 8371.785759369524
10470 8371.785759345936
10472 8371.78575897109
10525 8371.785758664217
10529 8371.785758562515
10533 8371.785758358285
10535 8371.78575824161
10536 8371.785756011242
10563 8371.785755888903
10567 8371.785755748439
10575 8371.785755530935
10577 8371.785755524483
10579 8371.785755322384
10581 8371.785755089135
10585 8371.78575489834
10589 8371.785754543545
10603 8371.785754426299
10605 8371.785754248967
10609 8371.785754240165
10613 8371.785754142735
10614 8371.785753033317
10630 8371.785752952286
10632 8371.785752909502
10634 8371.785752736556
10636 8371.785752529007
10638 8371.785752343178
10639 8371.785751088812
10649 8371.785751040046
10651 8371.785750960335
10653 8371.785750733809
10654 8371.785749422019
10663 8371.78574933854
10664 8371.785747743303
10673 8371.7857477255
10674 8371.78574594911
10687 8371.785745809899
10690 8371.78574553974
10722 8371.785745272437
10723 8371.785743887172
10724 8371.78573973138
10793 8371.78573970136
10807 8371.785739529225
10848 8371.78573936387
10868 8371.785738985436
10872 8371.78573861816
10881 8371.785738534885
10912 8371.78573845731
10927 8371.78573835997
10964 8371.785738228422
10970 8371.78573812722
10989 8371.785738039447
10993 8371.785737985248
10995 8371.785737893599
11003 8371.785737870883
11007 8371.785737798617
11010 8371.785737741033
11012 8371.785737670216
11014 8371.785737650202
11021 8371.785737576167
11023 8371.785737565428
11027 8371.78573755149
11029 8371.785737478742
11033 8371.78573740971
11042 8371.78573739614
11044 8371.785737352759
11048 8371.785737341432
11052 8371.7857373001
11060 8371.785737290556
11062 8371.785737267233
11064 8371.78573721994
11066 8371.785737189557
11068 8371.785737147933
11072 8371.785737081498
11092 8371.785737070915
11094 8371.78573705462
11100 8371.78573702993
11104 8371.785736992797
11106 8371.785736966225
11114 8371.785736957769
11118 8371.785736936754
11121 8371.785736930757
11125 8371.78573690242
11129 8371.785736882606
11162 8371.785736874615
11166 8371.78573686256
11168 8371.785736850296
11170 8371.785736830067
11172 8371.7857368237
11176 8371.785736799831
11177 8371.785736674883
11192 8371.7857366746
11194 8371.785736653943
11196 8371.785736634527
11208 8371.785736626853
11210 8371.785736613087
11212 8371.785736593978
11214 8371.785736580283
11217 8371.785736571548
11221 8371.785736562459
11222 8371.785736464339
11233 8371.78573644844
11234 8371.785736335374
11248 8371.78573632925
11250 8371.785736321393
11251 8371.785736203736
11286 8371.78573617551
11339 8371.785736109508
11394 8371.78573605848
11406 8371.78573601878
11521 8371.78573598733
11522 8371.785735820282
11624 8371.785735816813
11662 8371.785735814407
11672 8371.785735812058
11706 8371.78573581027
11717 8371.78573580911
11718 8371.785735805632
11721 8371.785735798248
11739 8371.78573578838
11779 8371.78573578603
11797 8371.78573578587
11824 8371.785735777486
11825 8371.785735760544
11837 8371.785735754178
11869 8371.785735751953
11934 8371.785735744159
11938 8371.78573572801
11966 8371.785735726091
11967 8371.785735720328
11968 8371.785735703052
11986 8371.785735692472
12003 8371.785735685087
12062 8371.785735678357
12070 8371.78573567227
12083 8371.785735672074
12112 8371.785735633286
12113 8371.785735595928
12139 8371.785735580163
12189 8371.785735579808
12229 8371.785735578505
12307 8371.785735567904
12317 8371.785735566411
12320 8371.78573556425
12324 8371.785735563415
12345 8371.785735563282
12355 8371.785735561158
12356 8371.785735554795
12373 8371.785735554122
12427 8371.78573555268
12450 8371.785735552445
12530 8371.785735551903
12540 8371.785735551814
12546 8371.785735551623
12578 8371.785735551448
12579 8371.785735550926
12587 8371.785735550837
12594 8371.785735550358
12606 8371.785735549922
12616 8371.785735549725
12632 8371.785735549702
12633 8371.785735549642
12650 8371.785735548963
12692 8371.785735548654
12726 8371.785735548297
12744 8371.785735548265
12786 8371.785735547757
12800 8371.785735547619
12826 8371.78573554753
12846 8371.785735547355
12856 8371.785735547166
12874 8371.785735547164
12904 8371.785735547068
12908 8371.785735546702
12933 8371.785735546558
12939 8371.785735546518
12948 8371.785735546448
12954 8371.785735546415
12966 8371.785735546124
12994 8371.78573554597
12999 8371.785735545938
13009 8371.785735545867
13017 8371.785735545809
13037 8371.785735545698
13042 8371.785735545694
13062 8371.785735545685
13070 8371.785735545674
13079 8371.785735545654
13086 8371.785735545638
13162 8371.785735545584
