565 2822.040515460752
620 2813.467887301658
626 2803.8699153070593
669 2788.4301301865767
690 2756.858462298498
753 2750.7964287106083
754 2734.144862253297
783 2719.1313845204604
794 2717.783290636659
796 2711.488735037637
798 2708.1634235233455
804 2702.936637344345
810 2700.082878534519
816 2697.426327340616
836 2694.902624782328
864 2679.392278275079
867 2673.8565916745774
871 2670.5627523647204
875 2656.6177057299014
997 2651.19578656803
1016 2647.8509047895877
1040 2619.826691843785
1099 2605.412567174231
1114 2600.4947174426875
1126 2593.3153890037684
1136 2573.8458571338556
1137 2514.6112747237407
1177 2505.6743992344796
1206 2500.7712279289763
1218 2489.309668412724
1232 2486.9995317511743
1249 2468.858432739813
1275 2456.749174206025
1293 2434.8030974559247
1310 2430.7834495049137
1331 2426.4865750731515
1345 2399.9943269383216
1363 2379.754820035391
1444 2372.1590728176648
1446 2360.924532796277
1448 2353.875621128613
1484 2351.477363020974
1528 2344.8678699492925
1546 2338.671784955249
1570 2334.038522357749
1600 2333.186965018622
1662 2330.5113198750955
1663 2321.1738928026452
1701 2319.1122275394987
1703 2316.0025595124134
1707 2307.2676366183564
1725 2301.2604365021957
1766 2288.598312831014
1781 2273.720815197947
1800 2258.528564802946
1858 2257.2395672040266
1882 2255.3455451402597
1883 2236.086831171914
1895 2230.4236204549597
1906 2226.8875859566174
1938 2221.9228173655933
1972 2220.3462395829033
2010 2217.3161043708806
2013 2213.0259745325393
2017 2209.367976342626
2021 2208.8933170357204
2037 2204.9351098627935
2047 2201.9605959205687
2069 2188.9972114222774
2165 2187.6700539948442
2178 2182.7753354851766
2210 2176.3515142965803
2234 2176.278554735987
2249 2152.473928706998
2272 2150.01529985867
2281 2143.964283573749
2293 2132.5134671786755
2303 2111.8337453611334
2313 2097.859840115868
2393 2094.07158144349
2394 2048.339814269551
2421 2028.1438227839794
2463 2025.3438399289892
2479 2014.3296389893146
2531 2005.944944340313
2539 1999.9683689467565
2600 1997.7367798098867
2648 1996.9704359367588
2665 1982.6531263057564
2676 1974.1840945864399
2741 1972.3333047171818
2743 1969.6027436983516
2752 1965.9325903181777
2770 1957.7366803428167
2814 1956.6909354156398
2817 1956.2630322072782
2819 1953.6823871350934
2821 1953.455378222889
2827 1952.2861655469608
2828 1939.9417587930893
2853 1939.843254944183
2867 1934.8791575554237
2900 1895.4764096367562
2913 1884.3700672478196
2936 1879.0203632964415
2979 1875.5519567494136
3011 1866.50777010981
3022 1864.8427366496478
3032 1860.6244026308827
3044 1857.904322777566
3049 1857.8202382075128
3066 1842.9886911355238
3092 1840.2413077921071
3112 1839.4179575714727
3116 1836.6201067401332
3117 1822.2635874291198
3127 1822.2626954119248
3132 1818.8688257527926
3144 1816.6028592292344
3149 1816.2137691246176
3168 1810.061070397803
3170 1808.140267743081
3178 1806.5731461644043
3181 1806.239933094281
3194 1797.1454699730066
3231 1783.7886484821465
3268 1775.0890257271026
3279 1759.4919404149828
3298 1731.3016728826658
3326 1729.4523617705233
3401 1728.219270922149
3405 1725.7283330726666
3427 1723.9039188117815
3429 1719.41068283541
3430 1706.5575000837748
3462 1686.2152610707165
3475 1676.7579388691156
3533 1676.661762202445
3560 1674.7386684443716
3563 1671.235227628277
3569 1656.1236259553702
3599 1640.9585435554025
3610 1634.6670376868904
3646 1625.905827416786
3733 1621.203849226562
3749 1619.5761624117151
3804 1619.453571152674
3806 1618.3818700729196
3813 1617.638623571228
3837 1615.3098290569544
3853 1614.5875231125071
3874 1609.03214393854
3903 1602.8014074911173
3910 1600.6712348112178
3945 1597.3808915851096
3979 1595.3374751709152
3988 1593.6804478341003
3989 1590.9573198224962
3990 1584.601405608355
4048 1584.4021469243592
4056 1583.2553225898027
4058 1582.3078832098474
4059 1572.3627705307524
4098 1567.4906686685722
4130 1566.9727701975394
4135 1547.4989404061344
4162 1536.657123348967
4218 1524.6702866481608
4294 1522.5318499811494
4300 1521.380573090366
4316 1512.9693957259115
4319 1512.0181653137145
4334 1509.0032405865275
4348 1502.8723491620635
4390 1495.1695197877004
4422 1483.52529772217
4431 1474.1324048935405
4471 1465.4758639518034
4490 1450.8473754410106
4527 1443.775137551612
4580 1439.5382326361728
4598 1437.3480177864
4640 1429.508013981657
4661 1428.0660479226137
4663 1425.5021741099024
4669 1422.5435462141234
4671 1420.4966779853169
4677 1419.7210018929884
4679 1419.4679715646562
4687 1416.741997911775
4697 1415.0728541103952
4706 1413.8139733625103
4712 1413.5304996590355
4716 1412.8862227860225
4718 1412.8431473912513
4773 1411.432220189314
4775 1408.3889517702894
4817 1407.896934451386
4824 1407.379369951313
4828 1407.1011995635545
4838 1406.5102844303094
4842 1406.407040027771
4844 1406.0719718245584
4852 1405.1937858203773
4853 1401.4566990184326
4881 1401.1591302191093
4913 1401.0448372142848
4917 1400.4468036437204
4919 1399.847092044073
4929 1399.3311695394968
4930 1396.2895452682003
4957 1395.9760359207435
4958 1393.365546944693
4976 1388.5450403841814
5035 1382.2548718754672
5043 1380.8483989203378
5057 1375.2035970343443
5112 1368.6222175780397
5128 1366.1978621760256
5146 1366.1788926586746
5177 1360.8280915794446
5202 1360.60250328738
5236 1359.1832950272435
5256 1356.932618789692
5313 1356.0643460270173
5335 1355.6166520523623
5369 1355.2278337521354
5375 1355.024026155797
5377 1354.9766927140793
5380 1354.5317270570674
5389 1353.8641084123403
5401 1353.6702593003738
5403 1353.4532083781792
5409 1353.2266470215454
5411 1352.7461383552763
5418 1352.6538405824747
5420 1352.4465348352296
5425 1352.0921865736987
5427 1351.699331846431
5430 1351.5651110908782
5436 1351.4072282222617
5438 1351.1488518620388
5440 1350.8795141648116
5448 1350.7007013561872
5452 1350.5334941246203
5453 1349.0408867038561
5469 1348.852613851035
5470 1347.210817719192
5483 1346.9594642211557
5491 1346.0960833652948
5520 1345.8183875471066
5534 1340.204262249836
5595 1339.5681312334757
5620 1338.9792329665995
5624 1338.7728625018888
5628 1338.0749646374709
5630 1337.8935130905738
5632 1337.602997611542
5682 1336.809036847339
5705 1335.518734079954
5739 1334.142934944131
5763 1333.8803854780074
5769 1333.8541506261986
5770 1332.3692434569487
5801 1332.1427971636635
5807 1331.8213208718366
5808 1330.438225129885
5846 1329.9431789013329
5848 1329.8638220468024
5849 1328.2175216625876
5894 1319.0687490324094
5902 1318.5175665016939
5941 1312.9381317699113
5960 1309.4920541808535
5976 1307.4355690540606
6011 1301.2061030036562
6054 1301.0733848753348
6124 1301.02509902047
6132 1295.2617008860975
6151 1289.8096431055005
6230 1289.3603325308757
6244 1287.329745467445
6254 1287.1947679821187
6256 1286.9324075937614
6277 1286.2274694917824
6286 1284.6125297635895
6341 1284.3349140926766
6349 1280.5856538407618
6379 1280.334380254713
6394 1279.3518266300803
6416 1275.9994366804472
6425 1273.0100107339
6440 1272.0059129098952
6480 1271.5486909001106
6481 1270.0984534254326
6495 1263.5757866392653
6518 1262.1023437725753
6526 1260.146668965897
6565 1258.1137501940518
6589 1256.650809202837
6616 1250.1543858684652
6687 1248.5499053763726
6691 1245.8501202225395
6700 1242.2771357035501
6714 1240.229436179133
6757 1240.1872643061554
6762 1239.972695055449
6776 1238.6892692231754
6777 1235.732693905698
6813 1235.4852896320963
6817 1234.769441559215
6864 1233.4387765923427
6869 1231.139417132104
6877 1230.2220961890848
6915 1227.2866015635286
6917 1224.307529631701
6921 1222.4827343864454
6923 1222.4168480932128
6932 1221.0186161449608
6933 1211.5196368391664
6947 1209.5328415096983
6968 1207.937256953532
6978 1207.165537786564
6987 1203.3644344719803
6998 1200.8736391201176
7028 1200.2833278357502
7032 1198.412974566516
7034 1195.9236962641216
7039 1193.717188069676
7042 1191.7564670683196
7044 1191.2391902706856
7046 1189.255658423311
7052 1189.1710707224697
7058 1187.570002034227
7060 1186.7179726938145
7062 1185.122506158589
7097 1183.1109789218958
7124 1182.4045552220578
7156 1180.4374582582732
7189 1179.8149134129399
7191 1179.1553535225005
7208 1178.1259880755
7214 1177.6392909476594
7254 1176.2317457331062
7262 1175.736376893833
7270 1174.5399696381403
7312 1173.8818735599782
7330 1172.7588364432536
7333 1172.437401263572
7380 1172.1990671827543
7382 1170.9275312902143
7406 1169.5972833130882
7460 1168.8633302220494
7496 1168.7649316119557
7498 1166.6766797644768
7504 1165.9996600890165
7505 1162.0577836829395
7523 1161.6986440487624
7525 1161.0210831372478
7527 1159.9373716880705
7529 1159.7177394895834
7532 1158.6088207347843
7538 1157.7902484719302
7544 1157.5612853682635
7547 1156.7545450194768
7557 1156.546118333885
7559 1156.440825872125
7561 1155.363276729109
7563 1155.1928484009443
7569 1155.0698711882173
7570 1151.9134636744059
7589 1151.5379512172767
7607 1151.164577747687
7615 1148.1892774838793
7618 1147.4664725198504
7622 1147.459787003115
7650 1147.4325335471337
7692 1146.8784886432363
7696 1145.7752530937466
7700 1145.4076336103321
7713 1142.702012861944
7717 1137.969725794552
7729 1137.65814515702
7779 1137.630071128114
7812 1136.4329659373889
7847 1132.097995288254
7889 1131.7021399147702
7918 1131.2476809665175
7920 1131.2466254551364
7924 1130.7444335073926
7930 1129.8635874145932
7932 1129.7245163719338
7943 1129.5038328539297
7951 1129.0706082946076
7956 1128.673366068077
7960 1128.0952539641705
7962 1127.916023253362
7969 1127.672720916365
7973 1127.5823723248059
7974 1125.7693665846223
7999 1125.6994764277656
8003 1125.4313965767149
8004 1123.755120324728
8051 1122.6628487138053
8059 1120.9407391515592
8109 1120.3629396801464
8138 1119.6737533318187
8164 1119.285401796264
8173 1118.0550350476574
8206 1117.3472190707337
8226 1116.3520842572213
8242 1115.8502207866845
8270 1115.7176219105047
8273 1115.0677469805344
8314 1113.5099756434754
8341 1112.0804766466977
8360 1110.3969167054033
8365 1110.139377314173
8428 1110.1370264623492
8430 1109.4447187727155
8432 1109.0154957415796
8434 1108.930793039579
8436 1108.0097019148598
8438 1107.580467556787
8439 1103.2770104489784
8468 1103.0495685261042
8515 1100.1371886137329
8555 1100.002361375452
8568 1099.3369714997277
8581 1099.2473528234623
8589 1099.1035051514611
8630 1098.482719951609
8648 1097.5995901551944
8656 1097.5180921257418
8666 1097.0446409111332
8668 1096.8348027400264
8671 1096.7718220323104
8737 1096.5307058445007
8779 1096.4773593170564
8791 1095.7375952588363
8795 1094.8858383827978
8815 1094.757019219209
8823 1094.0651998728817
8847 1093.4936543323608
8891 1093.2495772535333
8904 1093.0536471871715
8939 1092.991470144427
8941 1092.7031589925327
8964 1092.126308083263
8986 1092.0447151002643
9004 1091.762663607806
9044 1091.5305566165875
9046 1091.5007415214914
9052 1091.456827113431
9054 1091.4173274803459
9056 1091.3227617412163
9079 1091.1666197545867
9086 1091.142444090902
9087 1090.7942817511457
9094 1090.773857048695
9104 1090.6354904900566
9106 1090.6021680757628
9107 1090.2244653939883
9129 1090.1963883241979
9130 1089.8498181692771
9152 1089.7530974999004
9153 1089.4249670117044
9207 1089.288691278623
9212 1089.0948355672765
9215 1088.9875087085852
9223 1088.8388388408175
9243 1088.5416406247498
9264 1088.015872012458
9295 1087.8081673957456
9302 1087.403843084052
9319 1087.207249624548
9357 1087.1260842702318
9371 1087.0934825399167
9383 1086.9763272823254
9385 1086.7924543675051
9389 1086.5604100218613
9393 1086.5493267982874
9394 1085.3995717589567
9439 1084.5970337631197
9449 1083.5802565210133
9461 1083.2960401058863
9485 1083.177255726278
9547 1083.0054233833664
9577 1080.9887664457146
9602 1080.1737296959564
9625 1079.6829099264503
9632 1079.6580649204045
9649 1079.4450629777486
9654 1078.463809427437
9705 1077.655727092003
9707 1076.8943272231666
9714 1076.1834684835196
9730 1076.1609491431607
9758 1076.1034813109802
9788 1075.6631027516976
9811 1075.549817226965
9824 1075.2761349323393
9825 1074.4743412512255
9846 1074.2943572817778
9902 1074.0399629686785
9905 1073.808989628132
9917 1073.5714775637878
9948 1073.5076834525241
9949 1071.6375636022929
10006 1071.5904217911734
10026 1070.6315099430578
10034 1070.509965482926
10069 1070.5084096551154
10075 1069.6971609026882
10083 1069.3446776165827
10092 1068.69575941841
10100 1068.3810599093545
10105 1067.911589000561
10110 1067.3922243798136
10138 1066.5229038311454
10197 1066.2706470996507
10199 1066.1978181889199
10201 1065.9184575656864
10240 1065.695912891774
10251 1065.6712965078925
10255 1065.5964621201945
10259 1065.5034872644055
10266 1065.4459996992052
10272 1065.3829060101723
10274 1065.3022830344626
10284 1065.3000193701116
10287 1065.270552093931
10291 1065.2099767448526
10295 1065.1202710283242
10304 1065.0986333615235
10308 1065.0333683514643
10313 1065.0183055563018
10315 1064.9721652292408
10316 1064.5838785067597
10349 1064.5484691539425
10351 1064.5410888287518
10353 1064.501891669127
10388 1064.196875065904
10434 1064.1257184353651
10435 1063.8736174065223
10448 1063.1548778535941
10454 1063.0997345008216
10463 1062.8793435352193
10504 1062.786393571061
10511 1062.7522830373123
10539 1062.735879504182
10540 1061.8707390071863
10541 1059.1313263458337
10573 1059.105969791037
10574 1059.016966903628
10589 1058.9330577617955
10615 1058.8930347526384
10618 1058.2605026535625
10621 1057.8444172660231
10641 1057.5372201732964
10663 1057.52746502749
10666 1056.5048627797717
10670 1056.419871622319
10674 1056.218712576191
10732 1055.6060058689145
10746 1054.1607781099328
10803 1053.4589005097903
10813 1053.3933957504278
10847 1053.1290207289649
10866 1052.9979412355922
10868 1052.5086030262044
10871 1052.4725018476383
10883 1052.2151375178794
10943 1051.8690561883416
10947 1051.4808750207344
10968 1050.8853535146432
11005 1050.8836150805303
11015 1050.8480529059477
11027 1050.6119656703786
11068 1050.553996535565
11083 1050.5354948298514
11087 1050.445733559129
11088 1050.0116248677116
11103 1049.9763608430346
11122 1049.9089230638233
11130 1049.6137404403892
11166 1049.5038884398089
11202 1049.3263805373138
11214 1048.905018653731
11226 1048.7021275888924
11253 1048.3917738362
11286 1048.364188188141
11307 1048.288661904632
11315 1048.1486529924862
11316 1047.4253252012618
11393 1047.3678341201546
11397 1047.3287856180164
11401 1047.2712910317157
11411 1047.2028072776177
11428 1047.1685478734043
11488 1047.0271809833605
11512 1046.9977682622134
11516 1046.8695214417414
11533 1046.319828713089
11542 1046.196028430356
11546 1045.9306248505245
11567 1045.9041930481067
11573 1045.3848242301015
11612 1045.301733681225
11618 1045.2308726846177
11619 1044.2653748722028
11624 1044.239645466123
11626 1044.118856319109
11634 1044.076903045551
11640 1044.0635206541192
11664 1043.7300304448163
11671 1043.5478497481054
11675 1043.3808617172585
11726 1043.0947969595259
11742 1042.995353026699
11746 1042.702746655148
11759 1042.5992595876246
11763 1042.2038183894376
11785 1041.1915391032526
11845 1040.809236339207
11886 1040.5808471030598
11914 1040.445768448329
11915 1039.1833221628413
11926 1039.122314058377
11940 1038.8583565668994
11968 1038.7318001700767
11972 1038.7149515929032
11990 1038.6251118356463
12022 1038.3430926904452
12026 1038.2337934033096
12041 1037.6025923869865
12099 1037.455708658996
12107 1037.3511981929
12108 1037.103615908052
12128 1037.0269992529734
12143 1036.4184509049503
12152 1036.2391813815198
12189 1036.1459204279558
12210 1036.1192244564877
12225 1036.0504355929372
12228 1035.722785056699
12261 1035.4647567467737
12270 1035.4281629571117
12296 1035.419312210669
12297 1035.0569216052197
12307 1034.991815113967
12309 1034.9229501713933
12310 1034.5001006757325
12323 1034.439623384615
12327 1034.3557336407403
12328 1033.9568386029778
12355 1033.8651182684578
12363 1033.7341568034406
12410 1033.417738498222
12418 1032.1924247120048
12433 1032.1621160060834
12445 1031.5586098775984
12454 1031.0704846194199
12496 1030.8936017965625
12518 1030.714297127113
12559 1030.3992282974054
12621 1030.3456518826342
12624 1029.941574155325
12634 1029.785875091002
12657 1029.7110570269322
12659 1029.6620964929666
12663 1029.6470094716594
12667 1029.5181461137533
12717 1029.3370950244791
12720 1029.3054121320697
12721 1028.6223964546064
12777 1028.5502170170994
12785 1028.407759774259
12786 1027.984574268511
12798 1027.9561561967244
12800 1027.9287604855824
12817 1026.7572184569442
12881 1026.5158327117567
12894 1026.366285545636
12955 1026.2462316981737
12956 1025.2604285384152
12978 1025.050755518954
12979 1024.4171207149263
12998 1024.3422936432692
13035 1024.1376882998456
13039 1024.037116523414
13084 1023.9181604426914
13096 1023.8894083733818
13166 1023.8797686813435
13169 1023.8206804829641
13208 1023.8174760796763
13217 1023.7782597212982
13242 1023.7755571003987
13251 1023.726975222554
13264 1023.6895746997044
13279 1023.6872392655519
13285 1023.6802570392332
13296 1023.6729402693825
13299 1023.6660593566822
13301 1023.6489663766906
13307 1023.6459079340347
13309 1023.6349633875432
13310 1023.5634718869346
13321 1023.405461858378
13324 1023.0272914607257
13377 1023.0213180106732
13379 1022.9612588279101
13410 1022.9594732835978
13434 1022.9265743571908
13436 1022.8983813118168
13448 1022.8922268165713
13462 1022.7872995656608
13480 1022.7638518637931
13515 1022.5117975258094
13520 1022.4296066079943
13561 1022.3727917672121
13572 1022.2647032100373
13579 1021.7713749653453
13612 1021.7165545669336
13636 1021.667486981543
13651 1021.646709665788
13659 1021.6269978624625
13683 1021.5340479877366
13694 1021.4151080078191
13695 1020.96297823032
13696 1019.6182751110431
13712 1019.1465793964808
13790 1018.9514588664515
13839 1018.0001152933012
13844 1017.0772087054082
13851 1016.3374604815325
13895 1016.2197711147992
13914 1015.9735572312463
13948 1015.9452621894006
13971 1015.8640178005006
13972 1015.5981145281803
13981 1015.1636044444211
13994 1014.9689246955362
14010 1014.3954298806689
14042 1013.9509126166923
14047 1013.5094902526658
14048 1012.1600105668698
14056 1010.087240321236
14107 1009.970049014067
14186 1009.9160025949005
14202 1009.8601955090993
14205 1009.773051118815
14208 1009.6392785596099
14213 1009.4046801608084
14228 1009.355458526083
14284 1009.2867702684742
14379 1009.2834766836204
14390 1009.2812810893441
14399 1009.247512044539
14406 1009.2089859730646
14422 1009.0716668952624
14423 1008.6715369547674
14429 1008.463953009583
14451 1007.5994293294513
14467 1007.4741194798604
14495 1007.145713944068
14503 1007.0416048604366
14531 1006.6807890275077
14545 1006.5874488720738
14548 1006.5079242432507
14566 1006.4894115953845
14567 1006.0277679783591
14577 1005.9159374413049
14587 1005.7908952342918
14640 1005.7434659385704
14646 1005.6173100980882
14648 1005.5834872929969
14652 1005.3693573104038
14655 1005.3592425701831
14660 1005.3015024964456
14670 1005.2336481535906
14672 1005.2095307309914
14692 1005.1822562801049
14693 1004.8905947816227
14723 1004.8560937028772
14739 1004.8243114365422
14740 1004.6486231725099
14748 1004.2871854685601
14761 1004.2837729803224
14783 1003.9226786552882
14791 1003.7410905749003
14829 1003.7221862796732
14831 1003.7044259855876
14841 1003.4939590462028
14848 1002.9995653870305
14925 1002.9923836419006
14970 1002.9839344955642
14973 1002.9573249829124
14981 1002.5058091176609
14993 1002.4660225373408
15005 1002.1729118713267
15028 1002.0612308968468
15029 1001.618226378166
15037 1001.4391304019845
15053 1001.3288256058053
15071 1001.2139669919327
15110 1000.849824838524
15155 1000.7114900557386
15179 1000.6317088366358
15218 1000.5388050085162
15219 1000.2635099777021
15220 999.4674489988911
15231 999.4394199115269
15251 999.434313081199
15264 999.4146753076266
15286 999.4059326695217
15317 999.3999054945846
15321 999.2932917964454
15326 999.2279999856025
15327 999.0238273531436
15364 998.8644569748467
15370 997.8775477700118
15414 997.8734228691353
15453 997.861001938874
15462 997.848796567434
15472 997.8048122743334
15495 997.3706901906135
15499 997.182046911296
15582 997.1513965386125
15584 997.0717129989131
15590 996.9311588496275
15604 996.9220413655662
15606 996.9099511087511
15614 996.8744430764629
15620 996.8400173787591
15624 996.7968980022524
15627 996.7868141707891
15628 996.5003912462695
15645 995.9695885315665
15666 995.7343348712775
15751 995.6895481485311
15758 995.63943372103
15761 995.6110017766827
15764 995.5925348868615
15775 995.5893173665077
15811 995.5891848439269
15814 995.5432165587492
15818 995.4790608664028
15847 995.4551895413881
15850 995.4033587559911
15916 995.3851432667664
15954 995.3573045717545
15956 995.3340893169199
15961 995.3190171940781
15965 995.2878647108389
15976 995.2804534242308
15995 995.2730201247547
15997 995.2551832551225
16000 995.2460091774026
