161 2524.805852590943
162 2524.639133734298
199 2501.4454889662275
222 2497.741502853226
252 2476.3058211402567
286 2466.348002264131
296 2451.8618777294355
302 2448.70702726731
343 2445.575290946543
346 2443.3747049887616
357 2443.2228784771028
373 2425.5368880275173
375 2352.4624001633306
391 2345.793538083416
406 2307.6337491935356
434 2288.086093514326
452 2215.8066618519733
455 2177.7400453928394
473 2160.0564990694133
510 2156.5828228651735
529 2118.704246156214
566 2097.79606335423
601 2086.5675495349083
634 2064.228229106989
636 2062.8566399458573
644 2032.4728771881637
651 2003.2959265190602
684 1992.4277425106184
689 1991.6739160007396
712 1971.887649193643
724 1969.3254249946006
781 1967.548592862148
790 1957.3561089868192
794 1939.981528190537
829 1935.9185897387092
838 1922.4892326481704
854 1886.7478010628422
939 1883.5814402302674
945 1880.926548842018
992 1879.0236961146516
1009 1873.9273229156202
1098 1871.7583927620244
1110 1859.2605159158807
1153 1858.9581558420145
1174 1858.509239024101
1211 1856.2380697732062
1231 1854.9816991380328
1269 1854.1727830980858
1270 1854.0352773080226
1279 1853.0450475808627
1280 1852.617560860342
1306 1850.9291923103294
1320 1850.371770539968
1386 1850.349004299187
1394 1849.7219315763843
1406 1849.0143195952446
1408 1848.5586971527134
1423 1848.4179206539839
1427 1848.4028340703528
1433 1848.0692934059366
1434 1847.2732466505781
1451 1846.6282022945386
1452 1846.093744392611
1480 1846.0481479558093
1484 1845.71583321623
1485 1844.9768462808618
1490 1844.8781068651688
1495 1844.5346489849303
1499 1843.9983702555119
1505 1843.7898813835905
1506 1842.7565435405559
1556 1842.5085668024674
1557 1842.0550402901888
1572 1841.9899725169078
1587 1841.5397987978843
1621 1840.4549669273429
1652 1840.0991055143222
1669 1838.7366233764506
1700 1838.6457038456929
1722 1838.4052163382282
1729 1838.288124270973
1735 1838.1732179073715
1743 1838.0096223747166
1744 1837.8944216553687
1758 1837.748889523682
1874 1837.5988824766137
1876 1837.5531126046035
1890 1837.5333737022113
1892 1837.4739757621662
1906 1837.402186580871
1911 1837.377944811094
1913 1837.2667789042505
1917 1837.162469077872
1933 1837.1362460886069
1946 1837.043599418394
1967 1837.0235399702703
1975 1837.004807251317
1976 1837.0024177745474
1978 1836.9536676324362
1979 1836.9103602767173
1995 1836.8328686915845
1996 1836.7601873060348
2038 1836.6657828457567
2058 1836.5586002999535
2068 1836.4748697259213
2107 1836.4310344308997
2108 1836.3217957386887
2113 1836.303336573895
2127 1836.1969374203127
2148 1836.171629310406
2160 1836.1461477712908
2163 1836.1141726375663
2200 1836.0228287756574
2223 1836.0076397125101
2255 1835.8120241058725
2277 1835.7779117765035
2342 1835.7703999166777
2343 1835.7526698662139
2344 1835.7429173263267
2353 1835.724054645941
2362 1835.7200275643083
2395 1835.6928170767062
2400 1835.6597954241356
2403 1835.5195089945514
2440 1835.380279063631
2447 1835.3726183169222
2464 1835.357908170532
2477 1835.309453817228
2483 1835.2166053444496
2506 1835.2087848439833
2535 1835.175190862762
2539 1835.136816963295
2582 1835.1278325723672
2610 1835.076599088335
2613 1835.0568295650187
2625 1834.7521800030374
2680 1834.7494740153309
2684 1834.6284633409955
2697 1834.3950011995328
2731 1834.3720160977018
2749 1834.366268057627
2778 1834.312660167546
2818 1834.306759315824
2823 1834.2555186112975
2876 1834.1499015221245
2877 1834.1145005279195
2885 1834.089036616949
2913 1834.0868274764912
2931 1833.9210414162949
2940 1833.887258199704
2981 1833.8513013422826
2988 1833.7956304202614
2989 1833.735227600577
2997 1833.693688560486
3002 1833.4070043844217
3050 1833.3136986648083
3086 1833.3005961134181
3117 1833.226007273861
3128 1833.2003283542683
3155 1833.0305819742448
3156 1832.860085692932
3161 1832.7990798865287
3162 1832.7716998550852
3192 1832.6223630167597
3195 1832.575845001801
3216 1832.502221719433
3232 1832.4592147741032
3263 1832.4070391613234
3279 1832.4041549816495
3289 1832.1573290440633
3325 1832.14486817406
3342 1832.0634534369688
3415 1832.0290852132055
3422 1831.9533985881212
3423 1831.951626819382
3483 1831.9471424623657
3485 1831.9057570299449
3497 1831.8472597710972
3560 1831.7878663664183
3564 1831.636895493648
3593 1831.5960184643427
3602 1831.5813150715285
3614 1831.5288806198264
3695 1831.520284122626
3716 1831.4703112071488
3720 1831.4683747803201
3761 1831.4624789416205
3764 1831.4589701065818
3765 1831.4335761993752
3773 1831.4101224434448
3774 1831.392231812022
3779 1831.3654096022988
3826 1831.3485474086167
3830 1831.332442949876
3879 1831.3277372219502
3893 1831.3225753238314
3940 1831.316349639922
3952 1831.277348069577
3991 1831.2759767521588
3992 1831.2745958535056
3997 1831.247716507116
4002 1831.24485964455
4004 1831.2277656895674
4013 1831.2118621151658
4014 1831.186484818236
4038 1831.1736411191412
4039 1831.1625958333402
4112 1831.1545901783468
4122 1831.1525458229191
4123 1831.1512250040419
4139 1831.1469164711173
4142 1831.133288567206
4143 1831.1260410334328
4183 1831.1108036607536
4192 1831.1100023590773
4226 1831.0944120846532
4237 1831.0700408723637
4241 1831.0643829355702
4252 1831.05021005016
4253 1831.0476702234741
4303 1831.0155149722846
4307 1830.8987518639324
4320 1830.8975515585746
4334 1830.8331735173645
4345 1830.823091297415
4354 1830.6908176222362
4373 1830.6696271329045
4405 1830.5972167677344
4409 1830.570624569115
4436 1830.5510985263293
4438 1830.5183734835352
4463 1830.5015096432076
4472 1830.4850606107912
4477 1830.4768525348475
4480 1830.4749202339312
4487 1830.4702886670023
4530 1830.4643898365139
4535 1830.4615377734556
4590 1830.437512088257
4606 1830.4349739613572
4633 1830.4034446223081
4634 1830.3889877599324
4641 1830.3835805408576
4667 1830.3800829386282
4668 1830.370239387753
4765 1830.368642357407
4766 1830.364284575178
4767 1830.355301674992
4772 1830.3499888985004
4796 1830.298171630246
4806 1830.2524647621976
4817 1830.238082203217
4860 1830.2298455974417
4879 1830.2228790360978
4893 1830.2091496484013
4894 1830.1838586313743
4897 1830.1796912925865
4898 1830.1156448228096
4911 1830.0817333317468
4921 1830.002113213061
4983 1829.9774129912337
4992 1829.9699843656654
5023 1829.9650502232075
5046 1829.94417921634
5058 1829.9241191795134
5143 1829.9152304521165
5158 1829.904499449732
5178 1829.9031862083596
5206 1829.902153478166
5207 1829.9001746557192
5220 1829.898192281679
5238 1829.8977261650023
5252 1829.8956594881292
5265 1829.8895848762672
5266 1829.8851223910017
5276 1829.8747273917897
5277 1829.8454162153764
5303 1829.833346161124
5312 1829.8100442604834
5325 1829.7792934879258
5365 1829.772709224201
5407 1829.7718572798153
5421 1829.7708060729285
5426 1829.7512165212006
5449 1829.7474480157375
5476 1829.7244614275764
5484 1829.7239636376282
5488 1829.71018799565
5492 1829.7086871560975
5574 1829.7064992746011
5594 1829.7017668709968
5608 1829.6913958767327
5609 1829.6689653076814
5616 1829.634834624656
5636 1829.6225138398952
5641 1829.574947722313
5651 1829.5576318703309
5654 1829.5461246547093
5655 1829.5309007368664
5713 1829.5263993863975
5714 1829.4873897477398
5717 1829.4857321685452
5745 1829.4844538730244
5773 1829.4689204253364
5857 1829.4601693793543
5866 1829.4587853408486
5877 1829.448264177179
5879 1829.4438417133751
5880 1829.4270976365142
5883 1829.4140957447066
5884 1829.3807191548651
5924 1829.3691157771289
5947 1829.364226500358
5965 1829.3617188701323
5967 1829.3244734862724
6090 1829.3240204257354
6102 1829.322863981837
6135 1829.315742069236
6136 1829.315548949884
6138 1829.3117761308245
6141 1829.301789751025
6164 1829.2896397819877
6200 1829.2816428365104
6231 1829.280933270756
6243 1829.2803363703676
6250 1829.2700109613677
6251 1829.254793165526
6291 1829.241294396076
6349 1829.2394685522993
6350 1829.2348915185137
6351 1829.2291732813644
6416 1829.2281281290689
6417 1829.225243501582
6433 1829.2234208512082
6467 1829.2220646855033
6490 1829.215588387303
6506 1829.2155637676676
6520 1829.2090385424178
6535 1829.2059806242903
6548 1829.2004968390468
6584 1829.195922646626
6591 1829.1950203383362
6625 1829.1927898990473
6630 1829.1911022078548
6631 1829.184294736784
6658 1829.1822844164542
6659 1829.1752775893247
6660 1829.1653983435751
6705 1829.1628694382414
6706 1829.1626314736175
6728 1829.1368154543231
6793 1829.1363691226638
6794 1829.136143677692
6816 1829.1298538933902
6859 1829.1297127633206
6881 1829.1183446326904
6883 1829.1183135351362
6887 1829.1141671034716
6889 1829.1023875162302
6890 1829.0730115955832
6990 1829.0711800534873
7000 1829.0710903461118
7002 1829.068146617253
7003 1829.0489431960011
7031 1829.041025883015
7059 1829.0320178024645
7117 1829.0305417283143
7126 1829.0280892508954
7127 1829.022983739787
7143 1829.0172372945708
7155 1829.0169762547155
7189 1829.016436074782
7218 1829.0145996123158
7224 1829.0139504555705
7225 1829.0123666985385
7230 1829.010695553926
7237 1829.0075489511892
7238 1829.005698270721
7268 1829.0006562507906
7271 1828.9995697391103
7272 1828.9886125613134
7273 1828.9676192854201
7322 1828.9541075779835
7375 1828.9521738638587
7438 1828.9514131327028
7441 1828.9409606439442
7443 1828.9387767592796
7493 1828.936689720349
7497 1828.9352400587304
7502 1828.925364734827
7512 1828.9174160521807
7547 1828.9138323176412
7550 1828.8943040646536
7563 1828.8932024219657
7564 1828.8920023250312
7585 1828.8872758044504
7589 1828.8806920509132
7675 1828.8782132500394
7677 1828.8540994487523
7678 1828.8329290643994
7685 1828.8317949735956
7686 1828.8294443556317
7699 1828.827331849759
7731 1828.8242921827457
7735 1828.7977844660436
7799 1828.7966286328747
7828 1828.7940587375613
7862 1828.7937868057988
7879 1828.7936054767056
7901 1828.7933103291343
7935 1828.7932803538745
7978 1828.7932694422884
7979 1828.7932410147132
7994 1828.7931619562926
8021 1828.7923932665685
8023 1828.7905934335115
8096 1828.7900847021656
8097 1828.7883313389323
8141 1828.7881129015582
8147 1828.7879118016026
8149 1828.7877175074823
8150 1828.7865638480707
8167 1828.7863659085513
8169 1828.786124816016
8171 1828.7860280592688
8172 1828.785054142638
8186 1828.7850467288233
8187 1828.7841718065124
8193 1828.7840858567208
8195 1828.783816896344
8196 1828.7825917760865
8207 1828.7825397548695
8208 1828.7814442610693
8217 1828.7812596795955
8219 1828.7812376122367
8220 1828.7803782755925
8225 1828.7803334552186
8226 1828.7791787729354
8236 1828.7790588406995
8237 1828.7780831689975
8247 1828.7778179190102
8248 1828.7768267989563
8257 1828.7766764397513
8258 1828.7755543831718
8267 1828.7754755062836
8268 1828.774075319261
8281 1828.7739570691037
8282 1828.7725113340173
8294 1828.7724233255465
8295 1828.771030186444
8302 1828.7708000028076
8305 1828.7705038333672
8306 1828.7687587644882
8317 1828.768675646661
8318 1828.7670754748951
8326 1828.7667234129892
8328 1828.7663405738247
8330 1828.76595590916
8332 1828.7657105401606
8335 1828.7655264458926
8339 1828.7654901318365
8344 1828.7650623921515
8346 1828.7647418505155
8348 1828.764601719864
8353 1828.76435848677
8355 1828.7641965007335
8357 1828.7641753843484
8359 1828.7638096800692
8360 1828.7620920501777
8381 1828.7620190746068
8382 1828.760665091518
8396 1828.760586836111
8401 1828.7605229271048
8402 1828.7593226251613
8411 1828.7590064648125
8414 1828.7589979059742
8418 1828.7588702549747
8419 1828.7575465565612
8461 1828.7573838469634
8475 1828.757291206819
8518 1828.7572892314713
8520 1828.756519027213
8523 1828.7564300505644
8524 1828.7553574904966
8525 1828.7527299546236
8593 1828.7511382141186
8607 1828.750970360773
8613 1828.7508041840454
8667 1828.7508016448915
8668 1828.7507954505454
8693 1828.7483304319512
8698 1828.7481786725716
8705 1828.7468440402229
8717 1828.7462189728324
8762 1828.7455908151314
8781 1828.7443816141647
8784 1828.7424002429823
8800 1828.7421076072242
8811 1828.7413771004346
8862 1828.740997819828
8865 1828.7405541768837
8866 1828.7376188785533
8872 1828.7374788138497
8874 1828.7367640334119
8875 1828.7326741856941
8890 1828.732178703167
8892 1828.7321696131596
8893 1828.7288614010151
8900 1828.7281172459025
8901 1828.7235427352005
8909 1828.7233394000764
8910 1828.7180857661656
8920 1828.7178285148834
8921 1828.7126580405645
8926 1828.7121427332224
8927 1828.7045453928517
8938 1828.7034786797583
8939 1828.6955695168895
8947 1828.6948556975983
8948 1828.686529346875
8956 1828.686476753791
8957 1828.678260001907
8964 1828.6764574272481
8965 1828.6656746703584
8973 1828.6644744998175
8974 1828.6522473919501
8983 1828.6514191105941
8984 1828.6393441617606
8991 1828.6383051999267
8992 1828.623892134944
9002 1828.621785722648
9003 1828.6085585606422
9012 1828.6054946987922
9013 1828.5917465549069
9025 1828.589117414905
9026 1828.582238614
9027 1828.5809698913838
9028 1828.564099230544
9044 1828.5623760409956
9050 1828.5619487560255
9051 1828.5589179358662
9055 1828.5557870246091
9056 1828.5491115786695
9069 1828.548979931068
9070 1828.5445823718167
9083 1828.5426600069704
9086 1828.5422033070113
9091 1828.5406053634788
9093 1828.5401255530778
9100 1828.5380981748872
9101 1828.532023446445
9109 1828.5317419852304
9110 1828.5249155837043
9130 1828.523372587054
9131 1828.518762118737
9143 1828.5184938321872
9144 1828.5168736682867
9145 1828.5161658474838
9146 1828.5123242679258
9152 1828.5110931004124
9153 1828.5076308621647
9158 1828.5058489255362
9159 1828.4978883661047
9169 1828.4965968550587
9173 1828.4960245902969
9174 1828.4894052766906
9185 1828.4853257379073
9186 1828.4786306536917
9192 1828.4757822806248
9193 1828.4653804815562
9205 1828.462519496809
9206 1828.4552487629765
9210 1828.45446635506
9211 1828.4431984083274
9226 1828.4405442434213
9228 1828.4398194527569
9230 1828.4392004587276
9243 1828.4367584462032
9247 1828.4362679528197
9252 1828.4361811274778
9289 1828.4340349870647
9318 1828.43173820291
9341 1828.431085824835
9343 1828.4306059716407
9344 1828.427138578293
9376 1828.4270766727175
9385 1828.4262085412954
9389 1828.4224262289374
9429 1828.4221598324275
9444 1828.4221214482745
9500 1828.4220851488012
9501 1828.421976405248
9502 1828.4216515696592
9530 1828.4214167163348
9531 1828.4207377312246
9532 1828.4189259305601
9533 1828.4155111509335
9536 1828.4150986048558
9537 1828.4111783014982
9560 1828.4107498835808
9562 1828.4094803300845
9563 1828.405820417176
9569 1828.395789488754
9604 1828.3950923264406
9645 1828.3945473611254
9701 1828.39398847692
9714 1828.393756005823
9726 1828.3931902439306
9733 1828.3924874114734
9761 1828.3921330671224
9796 1828.3910036284865
9834 1828.3887094052711
9841 1828.3886617769224
9842 1828.388630726754
9905 1828.3884774322403
9906 1828.3880251895528
9908 1828.3870103190445
9975 1828.3865342697577
9990 1828.38637961559
9992 1828.3854585679233
10015 1828.3846687399566
10051 1828.3844797558081
10074 1828.3842639335744
10138 1828.384067887599
10144 1828.3840472635707
10151 1828.3839921697645
10155 1828.3836759961528
10176 1828.3834836054275
10180 1828.3832443477777
10186 1828.3831225554916
10187 1828.3819923285605
10195 1828.381069983215
10196 1828.3784198402866
10224 1828.3774649065726
10266 1828.377435171381
10292 1828.3773809169759
10293 1828.3743082322846
10300 1828.3740566460733
10301 1828.3733254716215
10302 1828.3713416957892
10304 1828.3672959985086
10335 1828.3643594753598
10340 1828.3628695531959
10345 1828.3605345700134
10346 1828.3558824124036
10405 1828.3558152491769
10420 1828.355644099183
10433 1828.3555081173276
10434 1828.3552430618763
10437 1828.355009689481
10479 1828.3495202267356
10502 1828.3469017995162
10512 1828.3460896858137
10525 1828.3457562549718
10529 1828.3455041334137
10530 1828.3448218709452
10547 1828.3381419834236
10599 1828.336630550063
10602 1828.3363225724347
10633 1828.3355572992548
10636 1828.3346825345727
10662 1828.332341901287
10678 1828.3318858606592
10679 1828.3301372723088
10689 1828.3294798360253
10690 1828.32660286811
10708 1828.326075525843
10709 1828.3237327375693
10718 1828.3232543543236
10720 1828.3225353147216
10721 1828.3190115437083
10733 1828.3185139034413
10735 1828.3178758396239
10739 1828.317338558383
10740 1828.3143112428697
10754 1828.3143103820257
10755 1828.3126769642543
10756 1828.3124485542278
10757 1828.3083132054774
10768 1828.3078581511554
10776 1828.3075993434647
10777 1828.304309728618
10786 1828.3040543469751
10787 1828.3003126381714
10800 1828.2990075201844
10801 1828.2950502972647
10809 1828.2949425620168
10810 1828.2916238124471
10816 1828.2907807903491
10817 1828.2856321000545
10827 1828.2856304091606
10828 1828.281618811883
10844 1828.2803927473144
10847 1828.2800751154866
10848 1828.2764520849892
10863 1828.2759079992811
10864 1828.2730755030805
10868 1828.2718428204796
10876 1828.2710849808684
10877 1828.2677492922148
10883 1828.2676795308766
10885 1828.2662104462286
10893 1828.2657483009523
10894 1828.2614363286555
10912 1828.2612204886145
10913 1828.2572195233931
10926 1828.2556749286457
10927 1828.2510928652744
10938 1828.2474052964453
10959 1828.247353286183
10966 1828.2472015488559
11020 1828.2471311627257
11027 1828.2447946034324
11034 1828.242814061371
11035 1828.2417994215664
11038 1828.2416856477853
11151 1828.2413309376548
11190 1828.241317292223
11212 1828.2407621650136
11272 1828.2407067046852
11277 1828.240681003881
11279 1828.2406080161256
11295 1828.2402051346362
11297 1828.2397661819907
11323 1828.2392943603327
11334 1828.2392431621665
11336 1828.2391888294285
11339 1828.2391422617436
11340 1828.237969580199
11341 1828.2345100471548
11342 1828.2246524481614
11351 1828.2206609537795
11409 1828.2202605491286
11426 1828.220184466804
11427 1828.2200221816793
11439 1828.218018285667
11456 1828.2156801434003
11459 1828.2134285137654
11460 1828.2025045846822
11461 1828.1841294247097
11502 1828.1793416128644
11503 1828.1712993411095
11537 1828.1661468349525
11553 1828.1597582499753
11560 1828.1556067259348
11646 1828.1487522865625
11661 1828.1483062360608
11663 1828.1471989437318
11700 1828.147068691006
11761 1828.146490871891
11762 1828.145417373651
11777 1828.145050864289
11789 1828.1439128902225
11814 1828.138462933871
11876 1828.138287798169
11941 1828.1378267885245
11971 1828.1377956840793
11972 1828.1377049532575
11973 1828.1374560142524
11974 1828.1369207964865
12003 1828.134797525972
12004 1828.1328288812942
12021 1828.1322225623608
12024 1828.1311485390763
12102 1828.1309545182985
12110 1828.1309369098626
12111 1828.1308850176836
12117 1828.1306243004753
12118 1828.1298534069747
12155 1828.1297828915299
12266 1828.129780076573
12299 1828.1297728376196
12304 1828.1297681213093
12308 1828.1297610047513
12355 1828.1297579430727
12356 1828.1297487672095
12360 1828.1297465901894
12384 1828.1297410789837
12385 1828.1297245546039
12400 1828.129719903261
12401 1828.129705950212
12436 1828.1297051237561
12437 1828.1296738321614
12438 1828.1295807863007
12460 1828.1295669022343
12461 1828.129525614893
12493 1828.1295219803142
12524 1828.1295126108976
12543 1828.1295122289976
12544 1828.1295113219535
12545 1828.1295107495048
12547 1828.1294868238965
12548 1828.1293799603336
12549 1828.129089542502
12550 1828.1284915869446
12562 1828.1284824267466
12563 1828.1284561561915
12600 1828.1283095815927
12606 1828.1282974977644
12607 1828.1282640639286
12638 1828.1279159141186
12639 1828.1269971345928
12679 1828.1265644281336
12688 1828.1260483268131
12698 1828.1258338554462
12703 1828.125514219697
12734 1828.125234201033
12739 1828.1249412763605
12744 1828.1248625300857
12746 1828.124804447678
12747 1828.123831715725
12748 1828.122928625881
12764 1828.1219260417995
12803 1828.1184771061266
12809 1828.1169453277319
12830 1828.1149319233436
12874 1828.1135503238168
12897 1828.1128951772032
12938 1828.112759319973
12939 1828.1098860444608
12960 1828.1097782302666
12964 1828.1097578199237
12970 1828.1097145366623
12974 1828.109507892036
12976 1828.1091603846842
12982 1828.108981548568
12986 1828.1088981011073
12990 1828.1087949095574
12994 1828.1084660515162
12996 1828.1082652283344
13004 1828.1081979115545
13006 1828.107902071973
13007 1828.1062864372113
13023 1828.1060545139378
13025 1828.1056808750272
13027 1828.10550874033
13028 1828.1037901975462
13040 1828.1037326671972
13041 1828.1017459361642
13050 1828.1016653507934
13051 1828.0997761803565
13063 1828.0997111203058
13064 1828.0983054901872
13068 1828.097901164394
13069 1828.095336307843
13079 1828.0953196887006
13080 1828.0929443666125
13089 1828.092906699931
13090 1828.0911326292344
13097 1828.0908245815272
13098 1828.0890655351832
13103 1828.0890097499757
13104 1828.086622356026
13111 1828.0863845215385
13112 1828.0834798802648
13121 1828.083052903786
13122 1828.0795635472311
13134 1828.0790355465165
13135 1828.075342788543
13146 1828.0751495470574
13147 1828.071867474695
13164 1828.071277921078
13168 1828.0703048260652
13169 1828.0667668285403
13182 1828.0662399379896
13183 1828.0625477185467
13188 1828.05311276431
13208 1828.0513629949787
13264 1828.0507642028538
13265 1828.0490644714455
13321 1828.048612174159
13322 1828.0473630227875
13337 1828.0472887062633
13424 1828.0469283037628
13454 1828.0468282591382
13520 1828.0468022941982
13542 1828.0467962760054
13614 1828.0467957077185
13615 1828.0467940469223
13693 1828.0467939937719
13725 1828.0467935609092
13726 1828.0467922623623
13734 1828.0467862413104
13783 1828.0467844258985
13814 1828.0467837482458
13834 1828.0467831143828
13853 1828.0467815833963
13858 1828.0467813279638
13929 1828.0467799456542
13981 1828.046779596481
13982 1828.0467775209677
14064 1828.0467771666579
14096 1828.0467771101826
14098 1828.0467756787832
14115 1828.0467754925553
14165 1828.046775461391
14167 1828.0467751918657
14169 1828.046774383455
14170 1828.0467719597034
14171 1828.0467647017826
14172 1828.046743048005
14173 1828.046679166239
14174 1828.0464972284556
14175 1828.0460385275408
14176 1828.045437353545
14179 1828.045260274684
14180 1828.0447520110279
14185 1828.0445510410486
14211 1828.0440277033226
14247 1828.043913762938
14262 1828.0438057796498
14280 1828.0437839734323
14289 1828.0437042182093
14325 1828.0436335456122
14335 1828.0435727682122
14371 1828.0435406541167
14381 1828.0434519595542
14390 1828.0434310848761
14391 1828.043368719096
14392 1828.0431839475873
14429 1828.043168078493
14456 1828.0431102136515
14457 1828.0427985009208
14490 1828.0427962795077
14493 1828.042745899139
14528 1828.0427345165701
14588 1828.0427283067404
14594 1828.04272700187
14595 1828.0427231120675
14596 1828.0427116659848
14597 1828.0426793388328
14598 1828.0426004887483
14599 1828.0425279421831
14612 1828.0423822843445
14622 1828.0421970988793
14623 1828.04168812347
14644 1828.0413355497192
14703 1828.04116995108
14746 1828.041155786174
14748 1828.040312116628
14749 1828.0391488052483
14750 1828.036898670615
14766 1828.036701265129
14771 1828.0363812123608
14807 1828.0362913488457
14815 1828.034424980246
14844 1828.0336234773908
14900 1828.033576500084
14905 1828.0335494868243
14956 1828.0334901498184
14964 1828.0334157640812
14998 1828.0333928827845
15007 1828.0333291870925
15044 1828.0333143141017
15049 1828.0332508257238
15096 1828.0332364168473
15098 1828.033205645162
15106 1828.0331905190255
15110 1828.033173751054
15122 1828.0331537551292
15127 1828.0331470676624
15131 1828.0331400604093
15133 1828.0331380535883
15135 1828.0331206128108
15139 1828.033110932151
15140 1828.0330101494283
15162 1828.032998482333
15163 1828.032910442309
15171 1828.0329056548815
15172 1828.0327910698406
15183 1828.0327724912638
15185 1828.0327487580153
15186 1828.0326133595167
15196 1828.0325997255686
15197 1828.0324572580444
15204 1828.0324503013549
15205 1828.0322725360988
15217 1828.0322574901857
15218 1828.0320696087524
15226 1828.0320470161173
15227 1828.031821509747
15235 1828.0318168784881
15236 1828.0315572025409
15245 1828.0315233560896
15246 1828.031226982331
15254 1828.0312017264298
15255 1828.0308553726793
15264 1828.0308083692023
15265 1828.0304096069517
15273 1828.0304008120663
15274 1828.0299596163427
15282 1828.0299401829507
15283 1828.029443174206
15291 1828.0294163860985
15292 1828.0288643201852
15300 1828.0288013705444
15301 1828.0281622646096
15310 1828.0280931792863
15311 1828.0274119287117
15319 1828.027349458197
15320 1828.0265928865679
15329 1828.0264725639488
15330 1828.0256648847005
15338 1828.0256383243632
15339 1828.0247950217865
15348 1828.0247306689198
15349 1828.0239653998833
15357 1828.0238784298745
15358 1828.0231672972307
15366 1828.0231642577241
15367 1828.0226692277774
15375 1828.0225577802385
15376 1828.0222471072368
15418 1828.0221968902254
15419 1828.0220693532563
15433 1828.0220412348053
15434 1828.021941309509
15442 1828.0219163459506
15443 1828.0217804309864
15450 1828.0217659344935
15451 1828.0215759370017
15460 1828.0215646841114
15461 1828.0214175995159
15466 1828.021373759249
15467 1828.021100450427
15477 1828.0210441762829
15478 1828.0207378086673
15488 1828.0207353701876
15489 1828.020479102017
15494 1828.020460932627
15495 1828.020157723753
15501 1828.020097216071
15504 1828.0200617147077
15507 1828.0198575937068
15515 1828.0198085688276
15517 1828.0197771737498
15534 1828.019440637913
15592 1828.0194268727732
15597 1828.0193760208192
15598 1828.019223834535
15599 1828.018770606824
15602 1828.018436621906
15605 1828.0179649346526
15613 1828.01777158521
15623 1828.0177483715674
15624 1828.0176814664153
15637 1828.0173626427338
15638 1828.0164137873467
15657 1828.0162798668698
15658 1828.015884558582
15659 1828.014756844363
15665 1828.0136442941443
15753 1828.0135303826899
15754 1828.013199981575
15755 1828.0123110745426
15773 1828.012279718372
15812 1828.0121883591632
15851 1828.0120948867448
15863 1828.0120441532745
15865 1828.0117950466572
15867 1828.0117811769358
15904 1828.0116619876524
15937 1828.011504833277
15955 1828.0113582789297
15965 1828.0113109505696
15977 1828.0111219199093
