425 3846.453365137923
442 3827.2458101160355
506 3810.9792627698507
531 3768.2585742428355
560 3731.272806233782
562 3690.3774448419667
576 3688.9877656706462
608 3637.2861018911126
653 3592.7708162248136
666 3573.4550305651583
689 3553.5724872326705
712 3539.6080462418977
766 3508.040133899803
788 3505.0747604374246
818 3491.526851916251
824 3476.1596324878033
860 3472.953169184188
862 3472.6094912671583
863 3425.698044460544
906 3400.148623980046
913 3385.8260455260966
933 3374.0915453015277
951 3369.1183922332116
971 3323.3809406134797
1007 3321.3180823930065
1017 3307.9545501350904
1021 3294.9048180593245
1055 3289.244662318663
1059 3284.464279028433
1064 3270.622031019931
1130 3261.53170444042
1142 3251.456519003564
1150 3238.424136216417
1162 3234.6125023628633
1184 3208.6709001443364
1194 3203.52778869036
1234 3176.729125560429
1239 3175.8798963136064
1266 3168.026167893388
1274 3157.6759148870674
1280 3150.6368317993797
1317 3104.2206588144304
1408 3101.8288512841027
1415 3095.5851190921117
1433 3090.3190873260396
1452 3061.9994584548976
1490 3049.2352578125515
1503 3040.1272568846293
1547 3037.188003511512
1629 3036.7832543505783
1635 3034.9661886402955
1643 3032.5845011799347
1652 3031.8505695953004
1672 3030.6183599187966
1676 3019.7182073510476
1682 3008.828320589512
1692 2983.1676350259445
1725 2970.266893425362
1760 2964.449351533725
1774 2950.4460603540033
1791 2937.85455905883
1829 2926.4061411189327
1851 2904.3693487027017
1870 2888.0086801702105
1893 2878.3244531778882
1922 2873.228072441494
1998 2870.498754933138
2002 2839.9610273734456
2036 2831.104482624119
2096 2825.1487369012843
2104 2824.2752709519714
2106 2821.3287657661936
2108 2817.6554804878683
2130 2815.890485640174
2134 2812.613967819417
2139 2808.86870349757
2150 2805.5808376082364
2152 2804.817852044592
2153 2794.9998404747485
2168 2793.7045299747647
2169 2789.745784165321
2183 2786.0990829535313
2186 2782.0646325353905
2187 2770.9524012266684
2188 2745.8877471273067
2223 2723.4230482146413
2232 2719.8774486541915
2247 2716.0955269447877
2256 2713.838444923934
2271 2682.9249052809055
2336 2681.065826657321
2353 2640.8092131129074
2362 2628.7682377793194
2400 2619.9725149946057
2412 2609.438120102757
2442 2604.939352322892
2481 2599.759613340674
2490 2591.585983198309
2500 2584.662029373345
2554 2574.1509456903923
2568 2541.049295550903
2684 2540.267475258289
2685 2527.19179514534
2740 2524.6924591299367
2754 2522.7986171603065
2757 2516.3392793742896
2776 2512.236270452846
2789 2474.183151771759
2821 2457.322880881448
2864 2451.316088341903
2897 2430.303625607014
3005 2429.649299870615
3007 2427.9975822715164
3088 2426.2747467624986
3089 2421.459401635407
3104 2419.904133292065
3111 2414.9832490439794
3120 2406.4561414544114
3138 2403.9263001685676
3187 2400.748263533596
3217 2400.2216396001713
3218 2398.657142531304
3226 2396.287159997922
3243 2396.037200705875
3244 2391.682175307927
3253 2381.7607893593677
3273 2364.6078516261573
3300 2356.2122196039472
3382 2354.1833027211237
3401 2349.1850073895685
3410 2348.7467380123667
3439 2348.0689589796766
3442 2347.0208502071537
3486 2344.618242269087
3510 2344.0848317430186
3546 2344.0321713268095
3562 2343.1942595764467
3565 2342.095687117403
3572 2341.604009507653
3573 2340.127308400871
3603 2339.2426832036763
3621 2338.5803744012997
3622 2337.616710673084
3626 2335.856094111404
3660 2335.6899414383215
3714 2335.6027844680884
3718 2335.5070967493716
3719 2335.2204062774385
3724 2334.885700999655
3740 2334.8469737890186
3752 2334.7611844843423
3796 2334.6518652917653
3816 2334.420796826422
3824 2334.216965887878
3825 2333.639538552249
3848 2333.3793862399
3856 2332.7338526362
3880 2332.672926385029
3885 2332.0161909739495
3940 2331.4587092902752
3946 2331.448270309444
3964 2330.9554964464105
3965 2329.4721046480163
3981 2325.702965911916
4001 2325.328891563301
4033 2324.8518311992607
4035 2322.91181195595
4073 2322.817233689375
4075 2322.7840066970666
4145 2322.6300173434292
4147 2322.168441697839
4171 2321.7734521663747
4182 2321.2219455734967
4191 2320.9571299421978
4214 2320.782944038829
4232 2320.7173922051097
4255 2320.620095668451
4275 2320.610830985558
4285 2320.2447530197323
4286 2319.280589099524
4287 2316.0081765067002
4348 2315.840809094272
4349 2315.2289906574447
4371 2315.1574788094376
4373 2314.6159647115405
4376 2314.352835909897
4390 2314.1262251059616
4434 2312.479121016317
4447 2311.766442385339
4476 2311.453231364911
4477 2310.4111024122385
4496 2305.8637888923213
4509 2304.8248655165016
4531 2304.3816323360948
4532 2302.981066363628
4549 2301.5291429998233
4579 2300.5565363861456
4668 2300.3861887858507
4687 2300.3341573321177
4695 2300.0201863707293
4699 2299.7198815037536
4710 2299.2423265455386
4721 2298.2413040364313
4826 2297.887604635908
4827 2296.905208003882
4830 2296.0527170500104
4839 2294.81793422753
4843 2294.3603146719306
4873 2293.0834467935074
4933 2292.642436319541
4962 2292.5415075407905
4984 2292.4777600054117
4985 2292.2829450368004
4986 2291.670361256195
4993 2291.103951940044
5017 2290.866908484973
5028 2290.728632062571
5037 2290.2597295121664
5073 2289.7926341906577
5117 2289.4286386126064
5119 2289.3277677508636
5120 2287.6580528085506
5123 2286.8511584268817
5132 2286.5844177459376
5139 2286.1266480860013
5168 2285.7574474347753
5183 2285.3689043450813
5209 2284.4360999201576
5211 2284.135289261234
5245 2283.9164048772495
5251 2283.6182900255426
5274 2282.719210658911
5304 2282.6211316857093
5317 2282.3042175265646
5319 2282.196231709473
5335 2281.7395760260233
5340 2281.285034897265
5357 2280.9910766927937
5374 2280.6167432072657
5383 2280.5306371832253
5421 2279.7792281299126
5454 2279.7382559814114
5461 2279.731032709017
5463 2279.5611602522126
5468 2279.4784498637237
5469 2278.5995425379456
5486 2278.517208408641
5488 2278.474724007445
5490 2278.3999396600652
5492 2278.317852644446
5494 2278.150151808295
5498 2278.1112468287047
5500 2278.038036303718
5504 2277.8631935845624
5508 2277.7629014911718
5538 2277.7165176486787
5542 2277.681934834835
5543 2277.099325727573
5556 2277.0480505897435
5560 2277.020334580684
5563 2276.9248662271557
5565 2276.8998898360983
5567 2276.8384235952503
5569 2276.7352570268563
5570 2276.1568159941444
5589 2276.1393158294245
5590 2275.6322345868575
5596 2275.571075147483
5598 2275.5469387288185
5600 2275.5178141040574
5622 2275.460446579185
5624 2275.365600339715
5627 2275.255645713486
5628 2274.732937436624
5663 2274.4297087838377
5703 2274.1002843605615
5715 2274.0085889686748
5730 2274.0000878057026
5732 2273.876773562366
5734 2273.7529892098
5752 2273.382308140163
5765 2272.8275686785587
5788 2272.6393442324666
5789 2272.1125139838673
5846 2271.8844171315714
5853 2271.814530006644
5862 2271.494053984591
5890 2271.135478368223
5901 2270.998966092769
5902 2270.5910121203947
5904 2269.0110739310257
5906 2263.732329494239
5913 2263.6350618371166
5914 2263.3723819074507
5915 2262.6983930516594
6001 2262.5406082126847
6007 2262.433671482163
6015 2262.0773180621586
6028 2261.7700196195046
6032 2261.3773274688783
6040 2260.53001924683
6044 2260.324391389257
6051 2260.216025043012
6056 2259.9502727174404
6070 2258.6833129276283
6099 2257.477374361928
6120 2257.27812474267
6132 2254.9335795787183
6167 2254.2920220998376
6214 2254.0905031990274
6216 2254.0580502636876
6218 2253.8718200411263
6228 2253.5679707795066
6235 2253.4402612700283
6239 2253.1601253525037
6244 2252.940891547918
6246 2252.830538100005
6248 2252.7058263890776
6254 2252.6106877660263
6262 2252.432714689616
6263 2251.2145014791276
6288 2251.1420422653446
6290 2251.0786761358795
6292 2250.984659401254
6294 2250.8573478746935
6296 2250.7477604413043
6302 2250.5169770538687
6304 2250.343270613603
6306 2250.207701397357
6310 2250.0988286681213
6332 2250.0763718114895
6334 2249.96255127052
6336 2249.860936917689
6344 2249.7672914685363
6346 2249.677232932832
6348 2249.612439249609
6357 2249.5316639046328
6358 2248.915006541536
6447 2248.8827868499898
6453 2248.8554928977137
6455 2248.8030212992758
6472 2248.794891493854
6475 2248.758106715474
6478 2248.7139929429904
6481 2248.6721604440377
6543 2248.6621642705045
6545 2248.6548723086253
6559 2248.526831055375
6603 2248.4051425069274
6633 2248.3894109406438
6639 2248.371834934416
6640 2248.238247726788
6661 2248.2290871022665
6663 2248.2076937270526
6665 2248.1926759925627
6681 2248.1901085818545
6682 2248.105204103456
6723 2248.0339876856665
6766 2248.0238893330506
6767 2247.9454123883074
6788 2247.940994418857
6790 2247.935717700685
6791 2247.8597696038223
6801 2247.8571676705255
6802 2247.7664790262165
6819 2247.7531691092463
6820 2247.662111531048
6830 2247.641231737163
6832 2247.6291616685726
6834 2247.625328460335
6836 2247.623351287038
6837 2247.531148397761
6899 2247.4936577349304
6910 2247.470959271197
6917 2247.304091028975
6989 2247.2150648852407
6997 2247.196191180684
7075 2247.175976263266
7079 2247.1595999386363
7091 2247.15329389997
7098 2247.141989367038
7107 2247.141795909971
7109 2247.1318514694917
7113 2247.1295682457558
7117 2247.1178711909174
7130 2247.1151114599115
7132 2247.1137060048777
7148 2247.1129818775594
7152 2247.10545659188
7157 2247.1020985101204
7164 2247.0773025673566
7215 2247.076360231319
7221 2247.0726873932413
7238 2247.0333610616876
7251 2247.0203248231946
7283 2246.9911916777883
7284 2246.9040864130648
7314 2246.8809854360247
7330 2246.8799448050468
7331 2246.878329859975
7333 2246.8641137573295
7398 2246.8535018463845
7400 2246.8524411598146
7403 2246.8492951367525
7404 2246.811843091422
7457 2246.8115703520075
7489 2246.805723405552
7507 2246.79808077617
7511 2246.7974091682927
7515 2246.794469848489
7520 2246.7917079290255
7554 2246.771566557851
7570 2246.7699188630904
7614 2246.7499798128592
7645 2246.749850688755
7655 2246.7318064743527
7666 2246.7279531714394
7686 2246.7238359941043
7698 2246.7180902261825
7729 2246.7151441773926
7730 2246.706306273648
7767 2246.696883138765
7774 2246.68532421224
7781 2246.6745302143045
7801 2246.656910467115
7819 2246.6482703571132
7826 2246.6391228951925
7877 2246.6344757820125
7878 2246.60063759004
7894 2246.6005549814686
7895 2246.5665935385214
7906 2246.5618719064382
7907 2246.5214260148236
7916 2246.519065834219
7923 2246.5141910466964
7930 2246.5124797910703
7932 2246.5082920431355
7936 2246.504164966436
7940 2246.50265128142
7946 2246.5020126798577
7948 2246.5002643974626
7950 2246.496133933711
7954 2246.492999865682
7955 2246.4644994639802
7975 2246.4639885920865
7982 2246.403273189176
8048 2246.402112623166
8058 2246.3971751670183
8094 2246.395619078846
8101 2246.3897432708573
8143 2246.387172589234
8172 2246.3804938775083
8191 2246.378535729776
8192 2246.3726843823492
8212 2246.362120275458
8229 2246.3594502368323
8245 2246.3521064054135
8261 2246.3518397715034
8262 2246.351043694044
8263 2246.3486899408854
8265 2246.344728713188
8266 2246.3222779509374
8344 2246.3216793683
8346 2246.320997347565
8349 2246.319600064201
8366 2246.3145565224427
8376 2246.3122929516962
8392 2246.3101500941016
8409 2246.308502312629
8417 2246.3058611385763
8455 2246.305096702433
8495 2246.300652023521
8555 2246.2998993577576
8557 2246.2993064896013
8559 2246.298900646899
8561 2246.2977903264295
8565 2246.2966444167496
8584 2246.296487080045
8588 2246.295809660529
8600 2246.2956880031943
8604 2246.295202741007
8606 2246.294785579722
8612 2246.2945077638224
8613 2246.2915615410516
8637 2246.2912097906465
8672 2246.2892615949445
8673 2246.283417074398
8685 2246.282180016322
8703 2246.2777746100646
8709 2246.2776838606464
8739 2246.2771615937913
8741 2246.277003126256
8753 2246.2730754133945
8754 2246.2612920942906
8761 2246.2593950573932
8804 2246.257749060324
8806 2246.2558216659354
8808 2246.250289339268
8809 2246.23592048777
8832 2246.19810476628
8835 2246.1631512211316
8863 2246.131765540817
8876 2246.1207714878074
8886 2246.0956071889373
8899 2246.0847035790384
8909 2246.017290960162
8915 2245.9788219058237
8935 2245.9726798010374
8975 2245.9655127634205
8985 2245.951824721905
8986 2245.9114828112283
8991 2245.887167705057
8992 2245.8222295012124
9051 2245.773948200667
9054 2245.7586127380564
9076 2245.7286138926324
9083 2245.700293395195
9122 2245.684727275967
9181 2245.6834878431864
9195 2245.6701189907103
9197 2245.665043876545
9212 2245.661349203787
9222 2245.660620691815
9230 2245.657570254479
9231 2245.634577541715
9245 2245.6341516589896
9249 2245.632171881143
9274 2245.6321276654708
9278 2245.6316748587565
9280 2245.6293759098266
9284 2245.627633699535
9288 2245.6251234970173
9292 2245.622435315576
9294 2245.622040385103
9300 2245.62151002942
9350 2245.617970688944
9357 2245.6038048176397
9367 2245.5922964261754
9405 2245.5874632885707
9411 2245.5797125465247
9438 2245.562769772606
9455 2245.518062166322
9463 2245.5082868172162
9470 2245.4905929634647
9471 2245.4378988674334
9484 2245.414123527824
9535 2245.379749256559
9536 2245.3152134914453
9537 2245.1631600747655
9538 2244.8285259463173
9549 2244.6959610402014
9562 2244.6124169801587
9633 2244.5824766786263
9646 2244.531165998267
9651 2244.433425775236
9658 2244.371308426153
9660 2244.1756019915756
9661 2242.7728648740162
9666 2242.683591972704
9708 2242.581562301431
9710 2241.5834158079306
9712 2238.785160358563
9713 2234.413178040467
9720 2223.221097376904
9727 2219.2513510798526
9772 2217.211340447564
9786 2215.967099390156
9787 2212.2491720204994
9812 2209.869222999962
9823 2207.954245461544
9828 2202.651059086251
9846 2200.1072150884943
9856 2198.688790580839
9934 2198.483155616636
9935 2197.566307697871
9948 2197.07421675398
9975 2195.9647109817893
10040 2195.589880191714
10052 2195.16371004794
10064 2195.088032275972
10079 2194.9469834159604
10115 2194.3184888399232
10120 2192.884309636796
10138 2191.4893198069976
10221 2191.483616608502
10238 2191.3662669060404
10273 2191.2042105916817
10274 2190.7070978321644
10275 2189.112949237052
10279 2187.692826915622
10310 2187.641567245626
10314 2187.6222137838604
10359 2187.6197564744534
10360 2187.612129665441
10378 2187.6116996373917
10389 2187.413250833753
10399 2186.681679915976
10440 2185.4542814253714
10454 2185.354151652756
10471 2185.2453887970555
10473 2185.0269791440373
10482 2183.958580630149
10497 2183.5007262309996
10515 2183.399974826234
10516 2183.0881657298437
10523 2183.038135387995
10580 2182.8355378745155
10622 2182.632832466822
10637 2182.161873331768
10649 2181.661706511728
10659 2181.5764602806275
10680 2181.3281479838
10720 2181.3241563938614
10722 2181.279298576475
10725 2181.188778487645
10728 2181.0828622702725
10752 2180.5696071538514
10784 2180.5629576343786
10800 2179.9513900302236
10823 2179.887816534236
10845 2179.7673247941584
10846 2179.352653187506
10891 2178.8601177691844
10941 2178.577195111632
10945 2178.2821875932923
10998 2178.1377385865635
10999 2177.7519425877053
11002 2177.593441626012
11017 2176.524682615754
11029 2176.266585800803
11047 2176.1594189127986
11054 2176.139463025734
11055 2175.260064954238
11060 2175.14741412621
11061 2173.798895243113
11071 2173.7447179401133
11073 2173.484135950735
11075 2173.3217742442093
11077 2173.0238821099415
11081 2172.735140465758
11083 2172.6440942217755
11085 2172.530551490045
11087 2172.398235225719
11089 2172.2875610713327
11090 2170.747127646858
11118 2170.735699717508
11119 2169.5006579656947
11127 2169.4499054664707
11130 2169.228367494444
11132 2168.974644939503
11134 2168.9114492639164
11138 2168.7586502610206
11144 2168.758040843131
11149 2168.652977506981
11150 2167.554879568888
11188 2167.2977360011328
11195 2166.7761692519466
11206 2166.1822814918432
11209 2165.8950367269254
11228 2165.5107083262446
11266 2165.2723373636577
11272 2165.226638882816
11274 2165.219317783372
11277 2165.180123689078
11280 2164.9304383152453
11324 2164.744305959023
11353 2164.719629268131
11355 2164.684770978554
11357 2164.5883373092665
11358 2163.6926355708774
11380 2163.640663655248
11404 2163.1090621248372
11405 2161.5242636592125
11416 2160.85614012682
11456 2160.4536099137176
11523 2160.0744579376233
11525 2159.972215172207
11526 2158.003315819843
11534 2156.850460518527
11551 2156.5152455206467
11586 2156.47616784131
11590 2156.0435065279103
11653 2155.535708605615
11721 2155.4727037762395
11739 2155.431063966743
11740 2155.3057643788925
11749 2155.2282359119995
11750 2154.9972668766804
11762 2154.795241159406
11783 2154.3466868461555
11800 2154.326438465128
11841 2154.2710638315743
11885 2154.261701276112
11902 2154.2449788667714
11917 2154.111686410912
11925 2154.0350678096647
11936 2153.801286429705
11946 2153.280139782033
11960 2153.2009309493305
11961 2152.962937569589
11992 2152.7188459760077
12005 2152.221545510932
12011 2151.653810265211
12032 2151.6236067226723
12033 2151.529754336795
12034 2151.2195836377746
12035 2150.0490027856567
12044 2148.5505838277513
12059 2147.301782268488
12087 2145.242858687703
12099 2144.29894830864
12102 2144.0742888736645
12103 2138.558402606781
12126 2138.1584473289076
12143 2138.0706681947318
12208 2137.917076927992
12227 2137.6370255961715
12231 2137.457361348381
12253 2137.45289505191
12267 2135.6070424592617
12273 2134.579587690727
12369 2134.5672138086657
12370 2134.529996520666
12371 2134.4174832761196
12376 2134.122834203169
12414 2134.080710587839
12445 2134.080313137073
12447 2133.970445380876
12464 2133.7789545546166
12487 2133.7606401661797
12505 2133.5881787633202
12509 2133.4872738452236
12516 2133.1007272938714
12596 2133.0627755871355
12598 2133.011752150489
12600 2133.010198130375
12616 2132.943220183629
12653 2132.9092971825735
12655 2132.8829814959995
12667 2132.8757239598262
12669 2132.854662667107
12671 2132.828059066711
12673 2132.7999819827232
12687 2132.791868449416
12690 2132.7642243088308
12692 2132.7515470469457
12693 2132.6182351117905
12709 2132.6043967295423
12711 2132.5887601804952
12712 2132.4398404335298
12729 2132.434939883642
12731 2132.4133230355005
12733 2132.3924072873688
12735 2132.3772329354056
12736 2132.2290127856427
12762 2132.2251791967656
12764 2132.210246097381
12766 2132.1960177280816
12767 2132.072088343482
12891 2132.069225303311
12895 2132.063171490775
12899 2132.051743786645
12903 2132.0472640549187
12905 2132.0422825990877
12907 2132.0342701106406
12909 2132.0253789089843
12910 2131.9673555671466
12928 2131.9669016610446
12930 2131.9629778552085
12932 2131.9573400744075
12934 2131.949382824073
12936 2131.9420534517803
12938 2131.9274060244115
12943 2131.9256034564096
12947 2131.9247297169204
12949 2131.9211545541866
12950 2131.8729966684787
12971 2131.8129955855497
12984 2131.7588694516003
12991 2131.7508630860566
13000 2131.746904916725
13018 2131.7331813286132
13019 2131.6920720071976
13075 2131.680226006287
13082 2131.6569390603527
13090 2131.604334198047
13114 2131.6015262170954
13125 2131.5969076240212
13152 2131.5940156961983
13156 2131.589681953762
13161 2131.5822710037837
13165 2131.581673288396
13169 2131.574219326887
13170 2131.515586929519
13186 2131.51406891622
13187 2131.4509132542134
13238 2131.4457023080536
13240 2131.4383628671812
13242 2131.4337663444417
13243 2131.3778225013534
13272 2131.377566554721
13276 2131.3760820755224
13280 2131.37020321947
13282 2131.3641671148716
13284 2131.3611399275155
13288 2131.3585757426576
13289 2131.3186837684616
13296 2131.318469990541
13298 2131.317369084646
13299 2131.27196239265
13315 2131.267144528239
13323 2131.264478765633
13325 2131.262540297557
13331 2131.261676254078
13335 2131.2562296947144
13336 2131.2195856007515
13378 2131.18307741086
13412 2131.167898480957
13450 2131.160305202779
13458 2131.1557615700344
13464 2131.1441614082187
13465 2131.1093833268924
13483 2131.087193278876
13524 2131.081351933091
13560 2131.0747929903887
13596 2131.0703003432423
13598 2131.0610488757457
13601 2131.050885618648
13624 2131.0383163589163
13681 2131.03664878899
13711 2131.0333983967225
13719 2131.0304163144215
13747 2131.029044143869
13762 2131.024574974637
13770 2131.0239299678506
13778 2131.0210453279146
13829 2131.0199614054336
13830 2131.008890997584
13856 2131.0079924810616
13857 2130.9989639154396
13863 2130.9977837891493
13865 2130.997141620908
13867 2130.9949428011346
13870 2130.9944182426407
13873 2130.9938160031493
13875 2130.993111529533
13877 2130.99121805316
13879 2130.98972289884
13883 2130.9882882261427
13885 2130.986108528533
13889 2130.9849349473275
13897 2130.984257059589
13904 2130.9841486358296
13906 2130.982897904308
13924 2130.9826942051745
13925 2130.977127501935
13940 2130.976445349491
13942 2130.975625689109
13944 2130.975335715939
13945 2130.968846931165
13961 2130.9687812157335
13962 2130.962517527507
13978 2130.9617720083847
13979 2130.9554593082435
13989 2130.955229087176
14003 2130.9550559995223
14004 2130.950131776789
14012 2130.9498303034734
14014 2130.9487437596867
14018 2130.9477686141736
14028 2130.9475924389976
14029 2130.9429623757487
14035 2130.9419379881483
14040 2130.9415408445125
14042 2130.9410038794017
14044 2130.9409253562444
14046 2130.939947028314
14053 2130.9397600156753
14057 2130.939296441995
14058 2130.9345977935727
14080 2130.9305164674993
14102 2130.924134656704
14112 2130.919146563345
14132 2130.897049979232
14137 2130.893235505224
14138 2130.881802604008
14144 2130.85498333302
14233 2130.8545441882743
14244 2130.8522046611333
14245 2130.845191257513
14246 2130.8241971291404
14285 2130.8181124572698
14295 2130.8170387227074
14302 2130.816079079973
14303 2130.8132008911966
14347 2130.812439679137
14349 2130.793515541352
14363 2130.7928140441086
14376 2130.787347949585
14414 2130.7848630522967
14451 2130.7833317491236
14463 2130.781129679018
14492 2130.7787408629088
14503 2130.7737318897985
14514 2130.773638985071
14557 2130.7731572656094
14587 2130.772707306267
14610 2130.772373199003
14650 2130.772144814277
14651 2130.7714596446726
14726 2130.7702520894736
14727 2130.766629406963
14734 2130.766430376494
14749 2130.7663334264207
14751 2130.7653033103475
14754 2130.764716945354
14772 2130.76454086913
14804 2130.7640123894203
14815 2130.763912428923
14817 2130.7638681158087
14818 2130.7622193337984
14821 2130.756582186717
14831 2130.7549616942033
14839 2130.754066404375
14856 2130.7531525482677
14882 2130.7514197043174
14884 2130.746221112619
14894 2130.7422977035076
14905 2130.7386404933673
14906 2130.727662932766
14918 2130.72551499426
14919 2130.719070825581
14952 2130.7174299571157
14972 2130.7132204911104
15017 2130.708279332652
15023 2130.708061017016
15045 2130.706715280517
15048 2130.7050424127356
15105 2130.704747433545
15106 2130.703860976154
15110 2130.701303422255
15129 2130.700769674898
15192 2130.700256334227
15197 2130.6980009821077
15198 2130.69123437701
15201 2130.6887840845707
15206 2130.6882807437105
15219 2130.6877200223576
15224 2130.684265160333
15225 2130.673895663233
15234 2130.6626355697304
15273 2130.6594629244323
15312 2130.658717886839
15353 2130.658407016259
15354 2130.6574743975953
15362 2130.657226065284
15377 2130.6556937284167
15423 2130.655091440797
15434 2130.6549211351066
15442 2130.654771606326
15463 2130.6543401972417
15464 2130.653045894966
15476 2130.652051606348
15493 2130.649609682924
15510 2130.649301564139
15517 2130.6490517971474
15558 2130.6477083054438
15580 2130.6473080216483
15628 2130.6470177714423
15629 2130.64614694446
15648 2130.6456603400047
15655 2130.6454571410213
15671 2130.6445930390296
15675 2130.642458665252
15703 2130.6418534000854
15724 2130.6409659226174
15736 2130.639611044074
15746 2130.638984096193
15758 2130.6376023114353
15769 2130.6372755703696
15770 2130.63374376909
15818 2130.633443611064
15829 2130.632598430072
15837 2130.627908484401
15896 2130.6277568485784
15902 2130.627642887398
15931 2130.6275707280256
15972 2130.6271278751838
15974 2130.6268082070446
15978 2130.626288052343
15984 2130.625860630235
