23 1636.082193376624
24 1118.5403614627505
26 1106.5521003941694
27 1072.6503700436522
28 1010.2644496210871
32 710.7790780140824
33 338.8541186523955
35 251.29256378643342
51 232.37131035509526
303 230.4227451451278
321 229.8631163568008
472 229.85895498230133
518 229.84056350895764
521 229.8192027513246
569 229.79231258671226
571 229.79067838516875
580 229.79063456206634
674 229.7717710996055
758 229.7713976410608
877 229.76920240828358
1057 229.7690597495526
1115 229.768681689916
1118 229.76858029960897
1308 229.76852121456398
1362 229.76851216594332
1484 229.76850839623864
1731 229.76850832676408
1849 229.7685082903505
1854 229.7685082713438
1884 229.76850826797366
1922 229.7685082674323
1923 229.76850826580664
2024 229.76850826531404
2034 229.76850826524628
2035 229.76850826504298
2045 229.76850826502667
2174 229.76850826502417
2175 229.7685082650153
2179 229.7685082649975
2262 229.76850826499683
2263 229.76850826499455
2319 229.76850826499378
2320 229.76850826499165
2370 229.7685082649916
2385 229.76850826499137
