389 2100.0001669559906
391 2048.9177182577396
438 1991.1748608728358
455 1962.5712352101368
495 1942.412560941429
505 1912.4543691235049
554 1872.8775658698453
584 1864.202434132032
585 1859.4277568201069
586 1835.8964037312508
587 1826.1591875473373
597 1812.7303221259303
598 1808.4812779872857
607 1795.4406519892877
608 1776.7980702752702
612 1772.9949539761412
613 1758.475338475328
618 1750.7490601685606
624 1733.8136158849784
632 1716.8917433018726
642 1695.1396183829786
673 1689.9199562329027
677 1688.8706001859293
695 1686.902104107553
699 1679.1419713491166
709 1678.6152129875159
719 1671.4587520705486
740 1630.0472601006231
749 1564.495580356803
755 1564.3659424443167
791 1554.8071166564227
809 1541.9910589166363
810 1537.9000476893707
849 1517.4215270787245
887 1478.2158850084165
901 1469.029814427513
943 1446.7326766129331
965 1442.0323261997596
995 1440.5909901742798
1023 1431.9606215766958
1029 1424.2942377100678
1030 1422.8901536754547
1049 1420.3544231523806
1068 1415.698401407867
1072 1412.740687788505
1082 1411.1834016044672
1083 1408.516807980332
1090 1408.1468882926179
1093 1403.8386736620469
1126 1399.054422408019
1131 1398.6412536226062
1185 1390.2289334409188
1189 1386.1990124700428
1200 1383.581418361468
1237 1382.9292443867564
1242 1382.1333220910242
1244 1373.9770268942061
1245 1370.8856591752506
1271 1361.5430792207178
1289 1360.39240491731
1316 1360.2953873689326
1345 1359.5552892690068
1360 1359.3239888420949
1399 1351.6395170993069
1401 1349.621000841426
1450 1349.1176120275572
1451 1349.0411695358637
1452 1349.0064313303897
1453 1348.9037707787065
1454 1348.6094087617967
1455 1348.567766865876
1510 1348.237160613852
1522 1343.1990561022058
1528 1340.8959368278329
1546 1339.6179123197544
1600 1338.0818486439312
1604 1337.7684904340385
1607 1336.8552148801264
1655 1336.6091203565766
1674 1336.555191060013
1743 1336.4767496530328
1785 1336.4600762076411
1805 1336.2670212557596
1807 1336.16996786661
1841 1335.860696979019
1846 1331.267029430818
1847 1319.1783301021173
1891 1319.069454060521
1893 1317.4652649376128
1897 1317.0539428474217
1901 1316.8763019294602
1971 1314.6065038434551
1975 1309.0972328776093
1980 1305.0564520906755
2021 1304.9589306940088
2038 1304.7522392119681
2106 1303.4731946434374
2137 1302.6140765839314
2146 1302.5617203721526
2173 1302.2450728444494
2212 1302.1940248947442
2213 1302.0449002674036
2214 1301.6332610939673
2254 1301.4305656959364
2255 1301.0844809134835
2266 1300.9883465418357
2292 1300.9497666780487
2307 1300.4896840502965
2308 1300.389982659247
2362 1300.2254067902168
2441 1300.2086196680364
2447 1300.2081917700366
2448 1300.2069649263653
2449 1300.2037956446986
2483 1300.1885634758282
2587 1300.188267453388
2600 1300.1882146923208
2622 1300.1865713698146
2632 1300.1849083395819
2650 1300.1834932238353
2661 1300.1832376094835
2732 1300.182909402883
2733 1300.1807163595327
2754 1300.180631511585
2755 1300.1791848584576
2760 1300.1788847495395
2764 1300.1786771306774
2765 1300.176293616372
2775 1300.1762524464157
2777 1300.1758515155245
2778 1300.173289951827
2788 1300.1729704053428
2789 1300.1700265708712
2797 1300.1699445148017
2798 1300.166396713488
2808 1300.1660702140498
2809 1300.1623909018178
2815 1300.1622828504064
2816 1300.1575524720033
2826 1300.1567972618761
2827 1300.1515183748882
2835 1300.151196641753
2836 1300.1453082827538
2844 1300.1445388058335
2845 1300.1372967687405
2854 1300.1369527167333
2855 1300.1293985921632
2862 1300.1286377133915
2863 1300.1191011270578
2872 1300.1189191320668
2873 1300.1090505934571
2881 1300.1069505981382
2882 1300.0948330708634
2891 1300.0932574129438
2892 1300.079735223618
2900 1300.0795771408793
2901 1300.064843189386
2909 1300.0638121828842
2910 1300.047477288308
2918 1300.0465932267043
2919 1300.028633188624
2928 1300.0258298087522
2929 1300.0072858587248
2937 1300.0059847525672
2938 1299.9863456689354
2946 1299.9859649467192
2947 1299.9668690482822
2955 1299.9660253185743
2956 1299.948831464339
2964 1299.9477536519794
2965 1299.9340326966676
2974 1299.931554716623
2975 1299.9231258329219
3000 1299.9221240004385
3001 1299.9197764869423
3017 1299.9188294780647
3018 1299.9154978997562
3024 1299.9145571878114
3025 1299.9088396028333
3039 1299.908498151242
3040 1299.9057655649785
3041 1299.9054910356597
3042 1299.8988743627194
3050 1299.8973066516817
3051 1299.8877496153686
3062 1299.887529197539
3063 1299.8787684715494
3072 1299.8755910757461
3073 1299.8632979556328
3083 1299.8615452835634
3086 1299.859093296393
3092 1299.857681887529
3093 1299.8498889688376
3113 1299.8475291637874
3121 1299.8463499817672
3123 1299.8448026747872
3127 1299.844481691199
3135 1299.8407220821691
3148 1299.8390661425974
3155 1299.8328332966212
3156 1299.8143425692194
3157 1299.760666023318
3158 1299.6159953465803
3168 1299.6019753792775
3169 1299.565362269169
3170 1299.5031590167048
3183 1299.3059146047528
3185 1299.093354124268
3257 1299.04233368483
3261 1298.974927348222
3272 1298.9259480225674
3329 1298.8933511608968
3340 1298.8806843307498
3341 1298.8695755358856
3361 1298.8131209975893
3362 1298.6592907626675
3371 1298.5632376919448
3378 1298.4812394148644
3382 1298.4031426370268
3407 1298.1007522872433
3439 1298.074982154319
3451 1297.9376897601428
3509 1297.905790290464
3510 1296.796433631312
3549 1296.6296042705308
3563 1296.2999321808536
3588 1296.1505751597797
3599 1296.0493529735954
3605 1296.0338894519414
3628 1296.004689050992
3641 1295.91882484557
3645 1295.7042847413213
3653 1295.7040096406445
3675 1295.6764476836474
3677 1295.6382423113132
3681 1295.6177872386802
3692 1295.576802347349
3694 1295.5592543815574
3695 1295.3352788703762
3704 1294.9645633723503
3748 1294.7343480774816
3752 1294.6479509740043
3783 1294.6089988265958
3785 1294.607077183607
3786 1294.4565454763904
3790 1294.2584997990007
3797 1294.1110418910926
3836 1293.9616406006326
3851 1293.907695756185
3852 1293.8658914760356
3853 1293.806591725784
3863 1293.7024809189609
3871 1293.5873366079795
3917 1293.530357547998
4048 1293.5277387558335
4069 1293.5272346200459
4081 1293.5257897476235
4082 1293.521464793651
4083 1293.5171156013553
4105 1293.5150447821406
4106 1293.5088770723269
4149 1293.5070705136714
4190 1293.5065170569646
4199 1293.5062572102406
4206 1293.504213979997
4236 1293.5035532036381
4237 1293.4979932452297
4238 1293.4815351267416
4256 1293.4757440368712
4276 1293.4718563956635
4288 1293.4706057965623
4314 1293.467789093188
4315 1293.4506837842305
4316 1293.4046729214997
4317 1293.3149163161158
4339 1293.2265460589042
4343 1293.178943283313
4404 1293.1748043794687
4415 1293.155167974046
4427 1293.1505472116305
4428 1293.1367430058622
4440 1293.1361973477242
4459 1293.1356328386232
4480 1293.1250457471617
4489 1293.1121103029132
4528 1293.0996536972384
4529 1293.0647338915355
4601 1293.0639127865982
4602 1293.0615548658204
4631 1293.0604543720183
4639 1293.056289093709
4647 1293.0522406633527
4648 1293.0401028050983
4703 1293.0393179557045
4720 1293.0380451367716
4722 1293.0325146257837
4747 1293.0324072960366
4748 1293.032103995577
4761 1293.0293147247176
4762 1293.0251657800936
4781 1293.0230546830144
4782 1293.0168268083135
4817 1293.0092367701677
4818 1292.9866642976378
4832 1292.9847697949094
4853 1292.9787983526244
4865 1292.9713900070271
4880 1292.9705017314484
4927 1292.9696184766283
4928 1292.9669952537608
4977 1292.966782128393
4989 1292.9648456526247
4999 1292.9637971932937
5004 1292.9620211769684
5044 1292.9612441533015
5045 1292.9589361167818
5053 1292.9574278143464
5064 1292.955968341455
5081 1292.947391987398
5126 1292.946270694381
5138 1292.9462026874758
5190 1292.9454652117875
5191 1292.9408319874847
5194 1292.940581050599
5195 1292.9400752131169
5204 1292.939918914969
5205 1292.9394562456496
5210 1292.9316855357138
5215 1292.9226765245323
5230 1292.9102004790211
5247 1292.9080494476734
5258 1292.9035821884504
5313 1292.898979110065
5333 1292.8989473932456
5400 1292.8987361270465
5449 1292.8986444648842
5451 1292.8981492820128
5452 1292.8972108969424
5453 1292.8944902119804
5454 1292.887181324512
5478 1292.8861478963636
5505 1292.885335703744
5508 1292.8847891112287
5515 1292.8838836083514
5535 1292.8815088641186
5551 1292.8811162703805
5589 1292.8797777624873
5625 1292.8797734358807
5626 1292.8797604578892
5645 1292.8795044130516
5646 1292.878738112214
5675 1292.8781849624681
5695 1292.8780288814369
5712 1292.8779667628846
5713 1292.8777871136515
5740 1292.8776622161736
5741 1292.8763692136995
5742 1292.8725628817374
5743 1292.8617950739067
5753 1292.856832691142
5765 1292.8534155879254
5766 1292.846564155811
5800 1292.846078235284
5801 1292.8446256417158
5810 1292.8435078211942
5865 1292.842936323425
5898 1292.8425705107622
5931 1292.8423933372364
5972 1292.842365080063
5973 1292.8422803749788
6008 1292.842219915105
6054 1292.8422102624831
6127 1292.8421603454008
6141 1292.8421224427025
6142 1292.8420098810757
6143 1292.8416732560781
6144 1292.8406729016638
6145 1292.8377569290717
6146 1292.8297504364564
6147 1292.8109901245796
6148 1292.7522477839705
6149 1292.6517670304906
6154 1292.610128191634
6159 1292.5163796331185
6173 1292.5079452507998
6181 1292.4961093953982
6182 1292.4675014207623
6191 1292.448857087998
6198 1292.4195642543991
6215 1292.414481993717
6216 1292.397963648424
6282 1292.388868248314
6293 1292.3855058910408
6294 1292.3746972065392
6308 1292.3556353204037
6344 1292.3408666936382
6400 1292.337987312953
6410 1292.3356548271147
6441 1292.334595237971
6449 1292.3345483347623
6470 1292.330965491857
6506 1292.330610964139
6565 1292.3305561076018
6573 1292.3304617862864
6589 1292.3303286334117
6590 1292.3299291936992
6623 1292.3297466077167
6644 1292.3295187843173
6668 1292.3294128105329
6669 1292.329293823849
6679 1292.3292660855482
6705 1292.3291145353164
6709 1292.3286298383932
6796 1292.3285563601894
6847 1292.3285357981763
6851 1292.328533524012
6853 1292.3285104928418
6854 1292.3283808764222
6918 1292.328377247328
6919 1292.3282838636437
6940 1292.328271553035
6941 1292.3281799590695
6948 1292.3281777990492
6949 1292.3280619293864
6958 1292.328061668166
6960 1292.3280526881372
6961 1292.3279278136129
6968 1292.3279254557342
6969 1292.3277733077578
6977 1292.3277684224934
6978 1292.327587731304
6987 1292.3275727493547
6988 1292.3273707513943
6995 1292.3273657083037
6996 1292.327116044704
7006 1292.3270725223847
7007 1292.3267933450416
7014 1292.3267932259619
7015 1292.326458878645
7024 1292.326422849505
7025 1292.3260412431216
7033 1292.3260101632313
7034 1292.325562016012
7042 1292.3255433235693
7043 1292.3250231184734
7052 1292.324962347223
7053 1292.3243821914089
7060 1292.3243567371123
7061 1292.3236462650607
7070 1292.323577640941
7071 1292.3227820478803
7079 1292.3226882150657
7080 1292.321738561186
7088 1292.3217318087945
7089 1292.3206575339918
7098 1292.3204942722732
7099 1292.319281981092
7107 1292.3190981279522
7108 1292.3176232609114
7117 1292.317486385784
7118 1292.3158492895539
7126 1292.315697342778
7127 1292.313786732977
7136 1292.3134637104845
7137 1292.311243193982
7145 1292.311214012339
7146 1292.3087402697633
7154 1292.3086214182085
7155 1292.3058216393651
7164 1292.3054069373625
7165 1292.3023079600734
7173 1292.3022027128313
7174 1292.298836171704
7185 1292.2983225097164
7187 1292.2981018809678
7188 1292.2947151227818
7222 1292.2946837191705
7223 1292.2924521663053
7238 1292.292414370856
7239 1292.292301126222
7240 1292.2919626662804
7242 1292.291856012098
7243 1292.2915393752105
7247 1292.2880730034103
7252 1292.2871027639542
7272 1292.286938896014
7275 1292.2868171145633
7276 1292.2864643159073
7277 1292.2855187669988
7305 1292.285339585871
7308 1292.2842000125315
7311 1292.2837919707267
7347 1292.2833425152176
7349 1292.2832097270293
7403 1292.2831187636875
7417 1292.282601294977
7418 1292.2812839997919
7480 1292.280933636901
7506 1292.2809210664282
7525 1292.2807485885455
7527 1292.2806753524037
7550 1292.2805400492775
7552 1292.2803773628602
7556 1292.2801865728097
7564 1292.2801477920655
7589 1292.2799342304147
7596 1292.2798512793538
7674 1292.2797817170472
7693 1292.279756833279
7730 1292.2797471425201
7732 1292.2797111023347
7734 1292.2796819894893
7760 1292.2796690755672
7761 1292.2795295865114
7803 1292.2795137907992
7810 1292.2794807701557
7863 1292.2794317087084
7916 1292.2794287360773
7925 1292.279428035254
7926 1292.2794259329237
7927 1292.2794196271825
7976 1292.279412955512
7996 1292.2794095501622
8051 1292.2794045714563
8125 1292.2794039726823
8194 1292.2794039261526
8195 1292.2794038880454
8240 1292.2794038339225
8261 1292.2794037930817
8263 1292.279403621315
8265 1292.2794031060198
8286 1292.2794020532865
8333 1292.2793927441057
8382 1292.2793923707218
8400 1292.2793917246804
8426 1292.279390964967
8427 1292.279385334332
8428 1292.279368446721
8429 1292.2793178227073
8430 1292.2791663052753
8431 1292.2787150860172
8432 1292.2773952995094
8433 1292.273848882038
8439 1292.2738365403154
8440 1292.273806455372
8454 1292.272503360627
8468 1292.2724446472735
8469 1292.272271769657
8470 1292.2717825023578
8476 1292.269969147278
8494 1292.2689393712255
8548 1292.2686979222044
8623 1292.2685275445615
8624 1292.2682265114383
8625 1292.2677062545097
8630 1292.2619496232005
8648 1292.2602797827908
8649 1292.255525376463
8661 1292.2555126559114
8725 1292.2549955389093
8742 1292.2525453948515
8779 1292.2523156292987
8840 1292.2521726103491
8842 1292.25194265678
8844 1292.2517532128954
8845 1292.2500738172198
8882 1292.2498031190355
8919 1292.2497933723917
8920 1292.2497642204291
8921 1292.2496775562395
8922 1292.249424689096
8923 1292.24873021964
8924 1292.2472240785316
8940 1292.241821648693
8950 1292.241626705013
8951 1292.2411467749816
8952 1292.2406520394452
8996 1292.2396558902183
9016 1292.2394984571213
9017 1292.239433622077
9022 1292.234304081095
9023 1292.220441268347
9055 1292.2173441821633
9065 1292.216460586706
9104 1292.2134469879306
9112 1292.2116887153375
9124 1292.209560704559
9125 1292.2032299762532
9202 1292.2023935976245
9205 1292.1994912625546
9275 1292.1989067909772
9283 1292.1987187982847
9285 1292.1985100067604
9287 1292.1979153555878
9288 1292.1963677364874
9293 1292.193735441128
9300 1292.1906750117273
9307 1292.1892024569183
9313 1292.1868577509695
9334 1292.1864731347318
9373 1292.1842749686862
9405 1292.1839008047777
9406 1292.1830939193592
9408 1292.1830439570026
9411 1292.1823463773853
9467 1292.181966673886
9494 1292.1811978349233
9507 1292.1811203938937
9511 1292.1802441453895
9554 1292.1785711335383
9580 1292.178369096174
9582 1292.178180098913
9583 1292.1767653882648
9587 1292.1767462163261
9588 1292.1746351435586
9688 1292.1745669618986
9690 1292.1741933290684
9692 1292.1740798329683
9693 1292.1728714606156
9722 1292.1728558095606
9723 1292.1719085275834
9733 1292.1718197708692
9734 1292.1708622112033
9744 1292.1706640410798
9745 1292.1694076943863
9755 1292.1692337051472
9756 1292.1679264321199
9763 1292.1678804108524
9764 1292.166379824284
9773 1292.1660562606814
9774 1292.164261407969
9783 1292.1641183617503
9784 1292.1622651739585
9792 1292.162137919017
9793 1292.160194213238
9802 1292.159866919941
9803 1292.1578419261846
9810 1292.1576641694344
9811 1292.155446141374
9821 1292.1551818318262
9822 1292.1533191587214
9828 1292.15330893823
9829 1292.1512216788597
9842 1292.1509504013818
9844 1292.150489722975
9846 1292.1503555907448
9850 1292.150311363118
9868 1292.1494788591058
9882 1292.1489710286323
9883 1292.1474573833548
9915 1292.1468237957981
9936 1292.1463586441969
9942 1292.1451998984758
9955 1292.1444389683859
9958 1292.14424046673
9966 1292.1426750484188
9996 1292.139546051195
10010 1292.1380271597002
10049 1292.1378861288208
10050 1292.1377249421937
10052 1292.1376966571988
10063 1292.1356034856797
10071 1292.1353470318627
10136 1292.1343944102223
10157 1292.1343876956814
10221 1292.1342549937144
10226 1292.1342443959736
10227 1292.1342126430682
10274 1292.1342046859018
10275 1292.1341808153893
10312 1292.1341015194014
10345 1292.1340476683617
10367 1292.1340193333458
10397 1292.133987285767
10404 1292.133984639774
10425 1292.1339749371657
10426 1292.1339458219559
10427 1292.133858409722
10435 1292.1338565465828
10436 1292.133850100458
10437 1292.1338230337
10438 1292.133671877903
10439 1292.132584687674
10446 1292.1302887429806
10478 1292.1301345692564
10505 1292.129969552717
10506 1292.1256765721216
10524 1292.123297872622
10525 1292.1161948250983
10569 1292.1151666698875
10634 1292.1149205780114
10663 1292.1144142838984
10672 1292.1140087690299
10791 1292.1140069606845
10792 1292.1140015356405
10793 1292.1139852604388
10794 1292.1139364342264
10824 1292.1139202895279
10825 1292.1138718656625
10826 1292.1137266861126
10827 1292.1135784918283
10831 1292.113561051338
10838 1292.1134018245339
10865 1292.1133372910845
10866 1292.113143711614
10905 1292.1131087407202
10911 1292.1131067999063
10913 1292.1130837395021
10914 1292.1128540398627
10949 1292.1126690562528
10992 1292.112637557621
10994 1292.1125933830813
10995 1292.112345147434
11014 1292.111862413824
11015 1292.1116499577279
11021 1292.1115099228796
11026 1292.111489725125
11027 1292.111489434887
11063 1292.1114746864596
11090 1292.1114330170883
11092 1292.111309454101
11093 1292.1109517399702
11106 1292.1108084017021
11107 1292.1103784631396
11222 1292.110160164309
11234 1292.1100438148994
11269 1292.1100355819472
11303 1292.1100343441112
11370 1292.1100327436438
11390 1292.1100316304967
11391 1292.1100282910595
11418 1292.110027826625
11420 1292.1100264338274
11421 1292.1100222599835
11422 1292.1100097794226
11423 1292.109972706594
11424 1292.1098648108791
11425 1292.10957111263
11426 1292.1089621910687
11430 1292.1084142909729
11442 1292.108407097317
11443 1292.108385543055
11447 1292.1083839102785
11466 1292.1059090370716
11469 1292.0964420537534
11476 1292.0930271035486
11491 1292.0917401396132
11536 1292.0912501458834
11537 1292.0897919571598
11563 1292.0812973468496
11584 1292.0812070544719
11585 1292.0809408884547
11591 1292.0792839412297
11605 1292.078269805606
11623 1292.0782213340397
11633 1292.0777373594542
11635 1292.0756452045669
11637 1292.0709295829602
11698 1292.0707697121964
11772 1292.069781979253
11775 1292.0692368301757
11777 1292.06761394961
11778 1292.0628617559823
11805 1292.062144763222
11811 1292.061812492533
11814 1292.0592146229505
11833 1292.0578176156357
11924 1292.0576184071278
11969 1292.057549618075
11975 1292.0572067599478
11977 1292.0569056091915
11980 1292.0560294587074
11986 1292.0556928715864
11994 1292.0556544509395
11995 1292.0540154753285
12022 1292.053940075407
12023 1292.0523701022585
12035 1292.052206980111
12036 1292.0505201486794
12045 1292.05044576952
12046 1292.0487569917418
12053 1292.0485106346575
12054 1292.0462724900603
12063 1292.046262679828
12064 1292.0440302126262
12071 1292.0438847250125
12072 1292.0411513040244
12081 1292.0411085987985
12082 1292.0384863030529
12089 1292.0384500541213
12090 1292.0357692913262
12097 1292.0355238234254
12098 1292.032351687609
12107 1292.0323194823777
12108 1292.0297329780863
12115 1292.026406747815
12122 1292.020758999489
12133 1292.0167146302754
12152 1292.016498699495
12153 1292.0158523380592
12163 1292.0038665469508
12209 1292.0034064200104
12214 1292.002847390903
12240 1292.0013510450435
12273 1292.0010376158518
12287 1292.0006391254935
12288 1291.9994473382167
12300 1291.999158538195
12328 1291.9985922142905
12343 1291.998136021092
12363 1291.9980097729479
12365 1291.9976875790503
12366 1291.995686887027
12384 1291.9943700272502
12390 1291.9925898898491
12396 1291.9916464820358
12435 1291.9911066135364
12498 1291.9909264188834
12533 1291.990567547327
12534 1291.9895557518907
12536 1291.9894090102453
12538 1291.9892389967129
12539 1291.9868842488575
12560 1291.9867023746815
12563 1291.9862359438207
12566 1291.9854828748971
12567 1291.9832977004933
12595 1291.9830775870314
12601 1291.9830340623894
12602 1291.9818597963206
12610 1291.9818151149548
12611 1291.9801616165705
12636 1291.9798437848283
12639 1291.9798208944012
12641 1291.9796373603856
12643 1291.9792001916903
12648 1291.9791140162279
12653 1291.9789745696778
12657 1291.978701277862
12659 1291.9786276216746
12660 1291.9776313650766
12677 1291.9773703363069
12683 1291.9772222370455
12685 1291.9771446717152
12686 1291.9762841626925
12690 1291.9762030990905
12691 1291.9748239561568
12730 1291.9745547719162
12732 1291.9745202240488
12735 1291.9744330281283
12737 1291.9741859564624
12738 1291.9740568825778
12822 1291.9739964816472
12868 1291.9739631495763
12895 1291.9739508980967
12906 1291.97387567825
12907 1291.9736505001765
13059 1291.9736342225087
13102 1291.9736330750254
13216 1291.9736330219762
13234 1291.9736329470902
13236 1291.9736328454667
13251 1291.97363283953
13252 1291.9736328217152
13253 1291.973632768275
13301 1291.9736327612059
13337 1291.973632708091
13338 1291.973632548741
13339 1291.9736320706954
13340 1291.9736306365542
13341 1291.9736305112729
13345 1291.9736304552976
13348 1291.9736302384972
13353 1291.9736290115225
13372 1291.9736287788203
13376 1291.973626755456
13410 1291.9736264199753
13411 1291.9736254135337
13446 1291.9736244232986
13466 1291.9736242676913
13501 1291.9736239405252
13540 1291.9736236293302
13546 1291.9736236206222
13589 1291.9736235821495
13590 1291.973623466734
13597 1291.97362332907
13646 1291.9736232762825
13732 1291.9736232755747
13738 1291.9736232695964
13774 1291.9736232664427
13796 1291.973623265308
13842 1291.9736232641515
13843 1291.9736232606829
13908 1291.9736232602645
13915 1291.973623259542
13927 1291.9736232594728
13928 1291.9736232592613
13946 1291.9736232591515
13947 1291.9736232588218
13948 1291.9736232578343
13949 1291.97362325487
13950 1291.973623245981
13961 1291.9736232402772
13975 1291.9736232383052
13976 1291.973623232388
