251 5478.552735732302
252 5454.3139190460515
273 5450.734625663627
279 5448.52140871001
281 5447.604080917301
331 5444.909546650164
369 5443.450255695761
371 5441.230166894856
375 5439.913806515151
377 5437.785285232696
379 5435.050485051273
412 5433.8689998187165
414 5433.120945191342
415 5425.648625997524
436 5424.2516095811025
439 5423.985937771785
441 5423.125063874244
443 5422.637390343034
444 5415.619117400503
449 5415.313702515551
462 5414.778708363446
466 5413.986947884678
468 5412.877261957256
472 5412.225592320865
481 5411.463534718949
483 5410.985635656218
484 5405.523864335859
514 5399.461336255055
530 5392.971523862958
572 5392.433606726141
574 5391.705697152333
575 5382.024238918692
592 5370.311217553631
636 5367.160034929974
643 5361.661273026444
666 5352.662196565184
727 5344.019613975543
734 5340.060809402893
765 5339.748282087198
769 5335.36066259084
773 5322.353564287097
814 5320.688761199775
829 5320.327562325647
840 5316.0589159605115
913 5311.624142693052
920 5301.439321848857
933 5276.765759741276
954 5267.5418474923135
998 5260.043767441666
1010 5256.759791743634
1048 5254.89453089983
1050 5251.76372277796
1063 5246.766219519691
1102 5243.539263066097
1104 5234.163749493649
1139 5222.3410246847
1155 5207.982847793747
1291 5202.655677306981
1311 5196.524897363704
1321 5195.791721158649
1362 5192.494592223376
1363 5180.823673999079
1427 5180.3929474485885
1433 5179.963201723209
1440 5179.71590952625
1450 5178.44171021019
1452 5178.176479267221
1454 5177.255546901925
1456 5175.665796595977
1461 5175.009946460925
1463 5174.440263749567
1464 5168.617353422007
1490 5167.810509462786
1491 5162.514675778502
1510 5162.302862914485
1522 5161.79668700524
1524 5161.3530362583415
1525 5157.179728377249
1537 5157.136318996644
1538 5152.9726398177845
1556 5152.559241694861
1557 5148.043197314204
1575 5147.508216539838
1577 5146.236753487623
1583 5145.868937608465
1585 5145.783058418947
1586 5141.445318152781
1611 5131.607353227562
1629 5125.585071307416
1645 5114.076852191944
1662 5111.52377017794
1679 5104.024155696003
1727 5093.011195433466
1742 5073.244607596469
1788 5065.963127232133
1794 5060.741300905762
1820 5058.827452168754
1821 5022.80462805761
1833 5017.58181863819
1863 5013.459238696297
1865 5009.708702350818
1867 5008.161722512263
1869 5000.3155420932635
1878 4998.369077567416
1880 4991.966012791784
1882 4990.103282633489
1887 4985.388832898582
1915 4973.337542700008
1958 4972.528571364908
1970 4969.44624703581
2016 4966.698237033462
2022 4966.414727443305
2037 4966.153459227328
2070 4962.576741037567
2072 4960.702852960996
2088 4959.692772252043
2102 4959.374841264893
2105 4958.979424069158
2107 4957.809010992381
2109 4956.888906989033
2113 4956.729461540523
2128 4956.446186928437
2132 4955.444400625198
2134 4954.960554955825
2171 4951.702672594626
2210 4951.068144644676
2219 4946.7206533761955
2300 4945.474158132141
2349 4945.341798799671
2350 4944.944720802258
2364 4944.246927426198
2380 4940.335193167887
2467 4940.008858509333
2469 4939.957649577049
2471 4939.607541631882
2476 4939.415776241257
2481 4939.216517945171
2482 4937.388599896227
2497 4937.250193935728
2499 4936.983395639479
2501 4936.815428490165
2503 4936.722486675816
2507 4936.600964912724
2512 4936.553013337548
2529 4935.439518207016
2580 4935.427227627887
2583 4935.187505198285
2591 4933.791946617393
2638 4931.057658990936
2684 4930.462245079796
2692 4930.420294861459
2719 4929.629278592258
2725 4929.44552311558
2726 4927.613240892381
2758 4927.609537087716
2794 4926.857774520943
2799 4926.031926915166
2819 4924.5424834809855
2826 4923.962557968147
2859 4923.761756422628
2871 4923.02834340496
2885 4922.034193170171
2916 4919.582705334571
2929 4918.0586800705105
3023 4917.847759676801
3027 4917.720889659011
3029 4917.340960341573
3031 4916.9843947096715
3038 4916.847983241183
3039 4914.743912761256
3104 4914.62695017081
3111 4914.598072179786
3112 4914.511438206717
3133 4913.087418200854
3134 4908.815358183267
3142 4906.231363404973
3172 4905.512630455354
3230 4905.420575431063
3247 4904.878152999179
3253 4903.8806865950855
3255 4903.417268891552
3262 4902.879541269157
3333 4902.729848004817
3354 4902.572550958651
3370 4901.896805089828
3407 4901.7304271655885
3415 4901.6850482530535
3452 4901.612700208365
3466 4901.391695760691
3485 4901.332127298821
3497 4901.145970253223
3519 4900.922309380745
3529 4900.817168774642
3560 4900.725588731144
3573 4900.533973799865
3583 4900.354553905177
3589 4900.163526168468
3612 4899.794784550347
3620 4899.3338035493725
3632 4899.221237632897
3643 4898.705409257989
3652 4898.672628950988
3690 4898.652260436541
3692 4898.491678368295
3696 4898.367255311514
3759 4898.361616909981
3835 4898.359489205721
3836 4898.1940816214155
3845 4897.924119528024
3851 4897.8946903781725
3852 4897.806402928619
3871 4897.774848071847
3872 4897.680183501535
3878 4897.498420514308
3894 4897.3081694156435
3905 4897.09719280054
3928 4896.875487977698
3937 4896.487010958312
3943 4895.031696513308
4022 4895.010330028616
4058 4894.799563389555
4064 4893.7534887610955
4101 4893.653917367173
4108 4893.29471179511
4151 4893.180144613054
4168 4893.075286586251
4172 4892.849832392781
4176 4892.811870607322
4180 4892.591387211939
4184 4892.388276566115
4231 4892.291245223336
4235 4892.11242238365
4242 4892.070771214126
4246 4892.020862054735
4248 4891.965683961726
4250 4891.898197171192
4260 4891.850700678195
4261 4891.385351788404
4283 4891.302695391852
4286 4891.1253235159675
4294 4890.660292645664
4304 4890.640356429416
4341 4890.426683133765
4342 4889.782572184541
4343 4887.851954270646
4393 4887.466671479141
4399 4887.236652984567
4416 4886.756125948421
4418 4886.717692479955
4427 4885.836010516756
4445 4884.719735775139
4494 4884.647813280725
4526 4884.091877929598
4537 4883.851329409038
4548 4883.759462090142
4573 4883.266846925332
4592 4883.112864892636
4654 4883.072743981234
4677 4883.035920367305
4689 4882.8725550954605
4754 4882.808112296321
4767 4882.765918176441
4771 4882.702886373185
4775 4882.575190137097
4783 4882.561883735713
4792 4882.522381413626
4793 4882.403874447363
4805 4882.358423680172
4842 4882.167153943425
4852 4882.109468035337
4891 4882.025774070169
4913 4882.005737195168
4915 4881.883240053206
4918 4881.848841250488
4922 4881.809138282707
4924 4881.6900293793615
4960 4881.659665422605
4963 4881.572384126801
4967 4881.531173032575
4995 4881.443475322339
4999 4881.354559101085
5001 4881.087810437323
5020 4881.082461686556
5027 4880.362801628879
5102 4880.356796522715
5114 4880.2415240182145
5127 4880.193308438839
5171 4880.137776800208
5172 4879.971140166834
5173 4879.471249601242
5205 4879.266558830901
5220 4879.144273867111
5238 4879.114365909549
5256 4879.033388813716
5311 4879.01659352666
5320 4878.996427512784
5321 4878.935929471155
5326 4878.905230654875
5342 4878.364111563808
5346 4877.666476385412
5380 4877.663524087336
5392 4877.45971148375
5393 4876.853020118026
5394 4875.034384429405
5405 4874.329315046901
5441 4873.198114352988
5459 4872.36197523703
5478 4872.04012267102
5526 4871.270223516239
5569 4870.7731930258415
5600 4870.599080021787
5624 4870.444922033147
5658 4870.4432978047935
5678 4870.195247645053
5720 4870.066668936321
5729 4869.622216473616
5842 4869.42243762346
5852 4869.394378543089
5859 4869.385189521908
5884 4869.314102121905
5899 4869.272688996444
5906 4869.120645890293
5966 4869.050742751045
5988 4868.9626903652315
5992 4868.946554553926
6008 4868.8569842040815
6082 4868.823536594584
6124 4868.8149260066675
6126 4868.802627420801
6128 4868.788953284213
6136 4868.777879644009
6137 4868.68107398709
6192 4868.680360857883
6206 4868.675386329814
6207 4868.660462745604
6241 4868.63596937998
6244 4868.631959496808
6247 4868.562444727526
6268 4868.510495849751
6272 4868.467550119321
6282 4868.438254035476
6286 4868.419198820087
6287 4868.362033173916
6298 4868.288966260445
6309 4868.242282068494
6318 4868.1720418278865
6340 4868.130210075837
6348 4867.792860971569
6355 4867.401368070851
6407 4867.384535800418
6410 4867.358958132456
6411 4867.282225128571
6450 4867.277074963817
6451 4867.261617639212
6462 4867.225003507562
6484 4867.151183580922
6512 4867.104818025608
6525 4866.935877549362
6529 4866.477267122695
6536 4866.252279092242
6542 4865.9402655786025
6558 4865.865576296014
6576 4865.625631116003
6631 4865.5666333007985
6676 4865.546618441268
6680 4865.430962348671
6747 4865.420380020201
6770 4865.398629807776
6788 4865.311800720074
6793 4865.290576297237
6801 4865.289423759002
6834 4865.270980221888
6841 4865.2593149044405
6843 4865.224315837566
6844 4865.121492028762
6868 4865.028491474585
6869 4864.749489812055
6886 4863.6700445756505
6896 4863.541038318996
6917 4863.495574221131
6934 4863.307011719224
6939 4863.212227861788
6955 4863.081383667076
7000 4863.013146960539
7032 4862.931083293392
7035 4862.7653936860315
7040 4862.4525233161185
7087 4862.0603913195855
7090 4861.967912764897
7124 4861.681237448106
7129 4861.41109955015
7145 4861.321137107465
7181 4861.301979850988
7182 4861.244483198456
7187 4861.150189040647
7219 4861.122779028907
7232 4860.9708735455215
7277 4860.9514968730955
7278 4860.8933668558175
7348 4860.890376133737
7356 4860.874671532318
7361 4860.853976893819
7397 4860.848912520911
7402 4860.846284815667
7417 4860.837345563513
7420 4860.8300181613395
7428 4860.781238050277
7444 4860.7084677297835
7460 4860.65213254289
7470 4860.630658874032
7484 4860.385994598271
7493 4860.314068711529
7514 4860.207878347614
7542 4860.064748401289
7559 4859.933488906235
7576 4859.899078204987
7622 4859.857946427485
7639 4859.797764974072
7676 4859.720350227193
7699 4859.650830947576
7798 4859.621065867266
7802 4859.584806683552
7819 4859.571983006232
7820 4859.53351197427
7823 4859.502285293169
7824 4859.354508912865
7832 4859.350975879046
7833 4859.340376777586
7896 4859.282279243105
7908 4859.274756948943
7929 4859.27211560594
7941 4859.256674847407
7962 4859.244920303482
7974 4859.24479875346
7981 4859.238477197343
7982 4859.219512528993
8017 4859.215218903377
8021 4859.172173756295
8031 4859.145622854386
8032 4859.06597738796
8034 4858.82498154395
8039 4858.813077942641
8093 4858.802765069826
8095 4858.772924240474
8147 4858.285474320457
8155 4858.13113126668
8175 4858.085366938916
8184 4858.05667929232
8208 4858.024066490312
8216 4857.942033040015
8261 4857.941041427859
8263 4857.776559049237
8267 4857.699273606323
8271 4857.623679378505
8330 4857.502423077214
8344 4857.497121752331
8379 4857.431332137832
8394 4857.416564873103
8398 4857.397419005634
8411 4857.3805187476655
8413 4857.354721822456
8414 4857.184031191044
8441 4857.169194980937
8443 4857.152570010801
8444 4857.0109142828915
8454 4856.996223794817
8455 4856.834036428552
8464 4856.812398497485
8466 4856.773076645921
8468 4856.741064791518
8493 4856.72128611896
8539 4856.516378757835
8546 4856.4419784488855
8552 4856.317819683491
8644 4856.2173974606685
8654 4856.212604297572
8662 4856.2022537479115
8673 4856.1897146450865
8677 4856.181272056991
8681 4856.179008882999
8685 4856.16521929307
8690 4856.155285378951
8693 4856.138036494196
8698 4856.126098057456
8715 4856.111070275737
8725 4856.040817933346
8770 4856.0144907336935
8783 4856.013463807719
8784 4856.010375291279
8794 4855.932970405914
8807 4855.894627172446
8826 4855.835338767034
8859 4855.719265911617
8865 4855.623356213002
8881 4855.585080017116
8885 4855.547591266981
8919 4855.516438187089
8936 4855.488800093894
8938 4855.466674386034
8976 4855.352049875347
8997 4855.3377630023015
9050 4855.328621787702
9069 4855.178431693047
9084 4855.096635911444
9088 4854.9250628995105
9100 4854.869413390803
9116 4854.82761977532
9139 4854.803627864001
9171 4854.780805566554
9184 4854.714746694547
9211 4854.696873842652
9252 4854.664430572643
9284 4854.646096658194
9300 4854.64399433155
9304 4854.634531172356
9306 4854.6183141342935
9307 4854.520989160609
9324 4854.439068244481
9340 4854.416853502982
9343 4854.270960926744
9378 4854.2706294687305
9405 4854.2160945451105
9409 4854.182367208319
9426 4854.162511977433
9447 4854.11071183875
9486 4854.0989091833835
9503 4854.086199822904
9505 4854.068130110419
9506 4853.96683937098
9532 4853.93155541677
9553 4853.881297209315
9593 4853.871846710842
9594 4853.771833046161
9603 4853.770919529047
9604 4853.649911838826
9627 4853.638553286914
9629 4853.622520339915
9631 4853.604331042811
9632 4853.487287602069
9652 4853.482787768614
9654 4853.465021982082
9655 4853.356781866024
9668 4853.3453902077135
9669 4853.231958739818
9679 4853.220960705328
9680 4853.085473535035
9689 4853.08238928007
9691 4853.063059133003
9693 4853.036112753083
9698 4853.013404947122
9700 4852.998709033112
9702 4852.988919239437
9704 4852.971885226713
9706 4852.946372157894
9710 4852.942231840615
9718 4852.938328520053
9724 4852.930021998121
9728 4852.921941185661
9729 4852.822239907773
9789 4852.819610854568
9810 4852.814381917748
9834 4852.799411538861
9838 4852.761889955501
9839 4852.649326212338
9854 4852.614604899504
9876 4852.563842871787
9909 4852.483454998393
9926 4852.364483066911
9968 4852.339013123776
9991 4852.29366795506
10000 4852.281538020129
10012 4852.276745681334
10047 4852.255286953013
10071 4852.210693131974
10121 4852.072414669002
10132 4851.952397344827
10150 4851.836623643052
10178 4851.821026990968
10201 4851.790886604998
10203 4851.753522096414
10205 4851.717709810195
10209 4851.680911580783
10220 4851.656495458706
10224 4851.6506489908215
10226 4851.6241596270775
10279 4851.592001007724
10310 4851.586320575167
10312 4851.56566718382
10334 4851.4861068547025
10347 4851.475999220069
10367 4851.4578813156695
10379 4851.408057097799
10394 4851.336542482731
10444 4851.321537200958
10448 4851.3171120071365
10454 4851.3033591993835
10460 4851.2945719101135
10462 4851.28589821186
10464 4851.26725675371
10468 4851.2477451866325
10473 4851.231267235611
10506 4851.222764590211
10512 4851.207671696103
10513 4851.110106995665
10543 4851.109986680693
10615 4851.109474365227
10616 4851.071838592263
10624 4851.070427377749
10640 4851.065763990045
10641 4851.033198715319
10654 4851.028835315844
10655 4850.988259633419
10671 4850.988110745464
10679 4850.985743257899
10681 4850.980390009796
10685 4850.974582085853
10686 4850.938552291704
10706 4850.9204869160985
10725 4850.915023101071
10732 4850.907736899942
10734 4850.905136594808
10735 4850.863683532612
10753 4850.836991894442
10758 4850.800162116104
10790 4850.762334975165
10806 4850.7344075382325
10870 4850.73275498832
10874 4850.725133817415
10897 4850.689969666565
10914 4850.681351841196
10932 4850.6052543773385
10944 4850.588676830329
10986 4850.587700856791
11004 4850.574714306383
11005 4850.535754655158
11015 4850.534519476181
11018 4850.496999380233
11100 4850.48733211396
11117 4850.472147564089
11119 4850.459837501818
11126 4850.457078025624
11142 4850.449179661909
11184 4850.43707751894
11254 4850.433997577048
11255 4850.424757751372
11260 4850.424590527103
11266 4850.419605290501
11269 4850.415147682956
11273 4850.405508062271
11302 4850.4006006095115
11305 4850.393631924669
11306 4850.347137037408
11369 4850.346374468067
11381 4850.343869146258
11399 4850.34307865488
11439 4850.3401194413045
11451 4850.339300395998
11483 4850.323546453726
11502 4850.319804886476
11508 4850.315226878345
11519 4850.314912210849
11532 4850.314738646481
11534 4850.312596997947
11558 4850.307136702643
11568 4850.2908650315585
11610 4850.287027049995
11630 4850.286250941835
11695 4850.285117828993
11696 4850.281718490466
11701 4850.281650082224
11715 4850.281371758661
11734 4850.2794505368065
11767 4850.278048940618
11775 4850.277769573831
11785 4850.277271521123
11786 4850.275777362997
11809 4850.273273640538
11837 4850.271579112302
11848 4850.271459971049
11849 4850.271102547291
11859 4850.271088746407
11896 4850.269496378989
11919 4850.267139289144
11929 4850.262734517685
11950 4850.259363646459
11963 4850.259351807473
11986 4850.2574658096355
12026 4850.256719215156
12028 4850.256096892237
12029 4850.247508518088
12030 4850.221743395639
12051 4850.212568554262
12071 4850.211613402258
12072 4850.208747946245
12089 4850.203717166941
12090 4850.18862482903
12095 4850.1692352108
12104 4850.1664117298005
12115 4850.120609954851
12121 4850.083344505439
12150 4850.057622585304
12151 4849.980456824896
12154 4849.8417776867445
12158 4849.776395830939
12200 4849.758591900944
12217 4849.744133638394
12251 4849.70109393433
12275 4849.696345551518
12298 4849.677989881782
12301 4849.558979004116
12320 4849.385749320956
12357 4849.330882704705
12380 4849.311168785419
12382 4849.278054230621
12384 4849.241018735265
12386 4849.215595523969
12451 4849.212809878308
12454 4849.18232645049
12458 4849.165515260689
12496 4849.150055679127
12561 4849.147859798182
12563 4849.114831662031
12565 4849.093660149089
12610 4849.08537571495
12617 4849.077985267003
12619 4849.07232241561
12623 4849.067695973285
12625 4849.058494550574
12645 4849.056416257529
12648 4849.054493907561
12650 4849.048716814833
12651 4849.031366826067
12673 4848.931864883411
12686 4848.8873750451885
12716 4848.872162204992
12721 4848.860166895287
12766 4848.8560004007595
12779 4848.84349174993
12792 4848.806297850048
12794 4848.7934466652205
12798 4848.769391951492
12800 4848.697255388492
12801 4848.480819006183
12892 4848.46906765956
12913 4848.447414237391
12938 4848.404589739505
12941 4848.350872291861
12960 4848.344338245462
13005 4848.313550491277
13047 4848.269325690059
13090 4848.267648783616
13091 4848.262612790987
13092 4848.24750339387
13098 4848.208259632631
13129 4848.204690388228
13146 4848.19790343502
13151 4848.177739512915
13157 4848.1631184366015
13164 4848.1463732679795
13174 4848.13740423957
13204 4848.133890175098
13226 4848.131263012009
13242 4848.11866929214
13244 4848.060398660475
13294 4848.0515036041
13315 4848.05130974869
13336 4848.044917874279
13337 4848.025742251045
13385 4848.023987698578
13398 4848.021364863087
13403 4848.01285360781
13412 4848.00405612366
13471 4848.003532269228
13488 4848.003164327896
13519 4848.0012761387925
13526 4847.991517862043
13563 4847.9891254563445
13581 4847.980368269989
13583 4847.979451150672
13586 4847.979337053704
13587 4847.966970818044
13600 4847.966482307754
13601 4847.95448799636
13606 4847.952405248915
13607 4847.934045145202
13620 4847.9335106234685
13621 4847.914441334408
13630 4847.913895290788
13631 4847.893598555658
13644 4847.8928425975955
13645 4847.8722373624005
13650 4847.810409044271
13667 4847.810236213523
13699 4847.802801655997
13745 4847.795409192605
13757 4847.793628230537
13791 4847.792834971191
13793 4847.783017592218
13799 4847.782384393867
13810 4847.7778278275
13829 4847.771168247788
13895 4847.771108703448
13897 4847.768420108349
13900 4847.76549697748
13918 4847.7575857165
13931 4847.756203020066
13937 4847.754610097484
13942 4847.750544001521
13955 4847.74245599706
13975 4847.741781599931
13976 4847.7396767141245
14004 4847.737426328275
14007 4847.734454402947
14075 4847.733833169375
14089 4847.733244981838
14091 4847.730651358098
14095 4847.728860879898
14110 4847.723916627711
14143 4847.715020569631
14151 4847.706712541005
14158 4847.705790494902
14183 4847.689712614443
14188 4847.668802817032
14212 4847.659631554705
14227 4847.651676044647
14256 4847.645380734562
14284 4847.639210077985
14291 4847.63720975235
14310 4847.637156869139
14320 4847.6363142983255
14326 4847.63629026205
14332 4847.634134490558
14338 4847.63354133818
14344 4847.632755910241
14346 4847.63074157149
14348 4847.6294996498955
14349 4847.615630638183
14355 4847.607907648234
14356 4847.584738678387
14364 4847.583986833605
14388 4847.539261233755
14399 4847.534029298417
14431 4847.522844337935
14461 4847.522161009076
14468 4847.519987014806
14490 4847.516656947236
14491 4847.506666744526
14495 4847.491824224144
14533 4847.488120115754
14540 4847.487190302956
14551 4847.477059609206
14574 4847.455113063728
14580 4847.442248512516
14612 4847.440012867568
14678 4847.434996452629
14686 4847.431843118359
14691 4847.430805532036
14697 4847.424606327747
14707 4847.423635339682
14750 4847.420081869854
14752 4847.41839925806
14755 4847.41624635339
14758 4847.413915354538
14765 4847.39909514038
14807 4847.395568998105
14870 4847.395313121357
14893 4847.39239371718
14894 4847.383635504651
14915 4847.380205905796
14919 4847.374800744596
14927 4847.3721204327785
14932 4847.365200991916
14967 4847.363985403098
14988 4847.361274992112
14990 4847.3587554415
14993 4847.355355550261
14996 4847.354262144481
15009 4847.3539691609285
15057 4847.351906440919
15061 4847.347826398508
15070 4847.346795816384
15088 4847.341485720011
15126 4847.334665114957
15127 4847.314203299789
15141 4847.310794660472
15147 4847.298860790111
15184 4847.2988386714605
15188 4847.298245820149
15207 4847.29474259487
15215 4847.293467090416
15243 4847.289424838488
15260 4847.287669643113
15283 4847.285670208878
15285 4847.285296257013
15289 4847.283584860751
15307 4847.2829142444025
15342 4847.282847563728
15346 4847.282026888007
15348 4847.281544528617
15350 4847.280278098978
15354 4847.27933414699
15356 4847.278221100958
15360 4847.27691860626
15375 4847.276762183385
15376 4847.271125812318
15399 4847.271085136418
15400 4847.266059102846
15442 4847.258090454259
15453 4847.254488904472
15524 4847.253764865598
15526 4847.252379320605
15528 4847.251084764491
15529 4847.242731121915
15549 4847.241879073089
15551 4847.241238681207
15552 4847.233526009069
15582 4847.233250682411
15622 4847.23236917545
15624 4847.231466987117
15627 4847.231033283009
15676 4847.228991666985
15683 4847.2262778764225
15723 4847.226016266969
15724 4847.22226139592
15732 4847.222062757336
15734 4847.221116320554
15736 4847.220400859831
15738 4847.219771321621
15739 4847.214140340928
15760 4847.208066642266
15779 4847.2080110885445
15805 4847.206679942396
15808 4847.206023311374
15809 4847.1988345371465
15848 4847.198223746419
15849 4847.196391374235
15869 4847.194656908688
15892 4847.193341699478
15894 4847.192270479607
15895 4847.18438999868
15910 4847.18322373927
15957 4847.170071998782
15964 4847.168263993108
15993 4847.167619386609
15995 4847.166003870937
15996 4847.152872938356
