268 1549.4247099334164
269 1510.6906183725146
283 1509.461651280166
287 1507.0186999289115
291 1502.6420512529135
294 1494.353741496426
296 1494.024865873498
298 1493.4322004073197
302 1486.424765444541
303 1460.0472445244018
321 1457.6926700969912
323 1456.7662295776697
324 1422.3954912366569
336 1421.692257301886
343 1421.567368814057
345 1417.0845132796178
346 1393.2716086245314
358 1391.8478986014186
360 1390.155051242995
361 1366.3120606411433
485 1364.4992094080874
490 1363.6915836158676
500 1358.9909079220145
515 1357.221725850133
539 1319.1761506204882
544 1312.5763099739986
562 1289.470884441492
580 1232.4050521796603
617 1176.0809088128008
642 1169.6021854158196
664 1165.6909399501126
680 1157.7256765425766
713 1145.283803723785
746 1111.680598021445
783 1100.1686500344128
841 1088.2013995900816
881 1025.492260036971
946 1021.8199934536541
997 1017.6893926692115
1008 1007.1505956545064
1038 999.175522355719
1039 986.9189522717894
1052 974.3587161071271
1075 962.530253923601
1086 942.1339110237575
1091 933.0654738761167
1114 921.3944867104382
1165 915.3239387085746
1168 905.3699105199289
1171 901.5882066908936
1174 897.0740894624448
1176 888.466219113577
1198 862.4705223458988
1199 830.6792856945843
1231 752.8318336316728
1275 723.2205618693216
1329 705.7929239097915
1339 701.029425893052
1352 700.0632716299317
1372 682.0007191242208
1401 671.7896412629844
1416 670.4636995766
1439 668.0029134046231
1445 665.0107324853851
1462 664.2064052214771
1463 644.2236441147348
1468 634.1577198325432
1507 628.8430250438984
1509 628.2561796110626
1511 622.6734817899696
1514 619.4329907188593
1516 612.086029156897
1527 612.0123428822689
1546 607.7438192545444
1551 606.3780005608099
1553 605.4101737492492
1555 603.1585844106942
1557 601.3220975887809
1571 601.1105613204597
1583 599.9901528817454
1585 599.6372780496106
1609 597.2591998887762
1618 572.4121180587646
1623 554.9685837682109
1664 550.9179759589138
1678 537.9617211245024
1717 531.910287438389
1739 531.4982193089751
1770 525.7449090227399
1840 525.6084849704894
1849 523.0371160105342
1851 516.7061171670854
1876 493.1685955793682
1894 491.46007577092615
1901 473.56473726054935
1930 473.3187558991663
1933 468.7758152038284
1938 465.9172130552853
1958 461.0505669424362
1974 460.86172972217867
1983 458.46075137521217
1994 457.80860742886364
1997 455.0397727233782
1998 438.36837935284035
2032 433.83444328978476
2048 426.1244370930655
2057 419.0807296542231
2076 389.4565901016032
2085 375.30785683667
2105 371.229367932924
2161 368.2118412302922
2171 357.102540043154
2199 357.02468102850764
2201 352.0638788471737
2205 347.19574840378
2207 344.619864775901
2209 342.1199164722757
2212 340.33823692306913
2217 339.50771023016637
2219 334.6321264021242
2222 328.9130762796951
2259 325.7536501958237
2293 321.82627940575605
2308 321.7544632690394
2312 321.29672883800254
2318 318.313020403424
2325 316.2255781472272
2327 314.7782676592646
2332 312.46418823257306
2357 312.06760601528356
2371 308.8185665461735
2430 308.1610794280555
2435 308.0503563698873
2445 307.72144206455505
2447 307.65192753338573
2448 303.8624860524296
2471 303.73764441827376
2473 303.73630889301467
2477 303.15902388599375
2478 299.3439439506548
2509 296.752491979251
2544 296.1877235661481
2567 295.04539684193685
2602 282.4484472463715
2611 281.5108915252355
2622 281.11496227508104
2670 279.3227977264791
2697 276.5293890578234
2740 274.4930288947779
2777 274.2166155769519
2779 273.44721469667485
2812 273.4105933830925
2848 273.23906412566384
2862 266.8825735353526
2905 266.01968246645805
2922 265.1672202177744
2966 262.891619582271
3006 262.77089237294547
3011 261.73136398935003
3012 255.297964210219
3112 254.60671581387498
3114 254.53238584146
3123 252.949069731023
3132 250.49337438726425
3250 249.72730969219117
3265 249.39030339406847
3294 248.49078903182198
3362 248.48018433730218
3383 248.33882190955097
3387 248.2357767689964
3408 248.23096092958443
3418 248.07456869022465
3422 248.00294323373802
3477 247.9967523605729
3481 247.9309969813155
3483 247.92116581070155
3497 247.65730218023495
3514 247.46323494868525
3573 247.44664774995852
3574 247.1678876896022
3593 247.15482707248276
3594 246.90079467403797
3599 246.89180137102335
3600 246.52220518030106
3614 246.4562393943083
3616 246.38479211849642
3617 245.9653013998351
3633 245.956681728341
3635 245.8949721459622
3641 245.83462738454767
3645 245.82387032676462
3650 245.7946624381376
3652 245.7274803912894
3663 245.52973092158993
3678 245.29932139854787
3689 245.24687600872917
3755 245.03851578450278
3769 244.98236776157484
3819 244.78798303007005
3820 244.20809650695642
3837 243.98747869028767
3885 243.91742488346063
3902 243.9118468745997
3903 243.8955139197835
3907 243.7329759952415
3929 243.28127117890432
3934 242.96132004387184
3943 242.8589913336394
3980 242.8560759997536
4029 242.85148203821103
4037 242.81530967755435
4051 242.79164711814565
4053 242.76461865602215
4056 242.6961251811201
4059 242.56449763861548
4062 242.43508672351993
4064 242.04376078879181
4112 242.03752802919635
4116 241.96784400372817
4123 241.8643520770063
4139 241.39651609401824
4148 240.6999367302947
4212 240.62521061297787
4244 240.62468131449387
4245 239.92053716526232
4271 239.5321729164866
4279 239.51698238287042
4293 239.44617463596734
4294 239.24474670981817
4308 237.65039663768175
4354 237.4197305114114
4396 237.40974881555985
4433 237.4096554296105
4434 237.40589993349715
4462 237.20348197936454
4476 237.1474928484739
4548 237.12077486366076
4564 237.0587537324866
4575 237.05030976695494
4595 237.02106914949326
4596 236.9336328538736
4619 236.8710222735172
4622 236.6713136114485
4627 236.62609109849404
4635 236.5143954588441
4675 236.42606871889802
4691 236.27514663266643
4700 236.26021186850892
4716 236.19149023710224
4726 236.05252882465464
4747 235.6344722775865
4787 235.52251939308738
4802 235.5093830189048
4816 235.41933333326392
4831 235.4015305486229
4853 235.14050580250998
4865 235.12036137953072
4894 235.07986558934917
4913 234.80438838899016
4949 234.45843287848948
4960 234.29172817573092
4961 233.82730657319698
4978 233.80458069294082
5015 233.65567668669686
5020 233.2164841642266
5032 232.86019456818835
5046 232.77307466539617
5060 232.5405446672275
5102 232.46094552033168
5105 232.32072043991457
5109 232.21628772758373
5113 232.13571828754363
5114 231.33264365482592
5135 230.59176728177974
5143 229.6548120323848
5160 229.6227082730319
5161 229.52930539186607
5197 229.47651806900154
5202 228.46718237771248
5211 227.61034728630213
5252 227.40978938244132
5253 226.6906477791096
5290 226.52814554448668
5302 226.41208135413655
5344 226.1659452991291
5349 226.0887021384964
5352 226.04415845504832
5356 226.00338942657984
5379 225.7329963359767
5413 225.47910993663706
5441 225.2196638161124
5445 224.81476257174623
5456 224.45247685155636
5487 224.31854359399324
5488 223.9175182190089
5498 223.87943412707253
5520 223.7632078695266
5521 223.4453019187375
5522 222.72288162077044
5526 222.48711963691116
5543 221.4549360421471
5581 221.39499552084288
5582 221.21490093628896
5587 221.04103305949272
5597 220.14918610257916
5621 220.03569619789968
5622 220.00388320163196
5625 219.93026186926446
5628 219.51305133439178
5632 218.76637461242657
5679 218.07072128410624
5722 218.0472585028755
5723 217.9824151067945
5727 217.59850650024086
5761 216.4234420745653
5769 216.2889350624777
5785 216.03683066450378
5799 216.02066258855305
5815 215.33504605947556
5841 214.82825272397093
5860 214.48923516727478
5872 214.3644071141489
5873 214.11718204937844
5896 213.61912532069303
5941 213.36235099261293
5957 213.2154394396668
5967 212.82194155511363
5979 212.47291730762385
6044 212.40446296510754
6046 212.21604499679424
6083 211.90693779291652
6125 211.88224282438014
6143 211.7835735482589
6170 211.5540206042566
6183 210.80610448168372
6223 210.7410814645392
6234 210.49155504103175
6268 210.1849696925357
6286 210.133732332679
6297 209.8363131834137
6307 209.8143409370563
6339 209.69551419797565
6364 209.6135022334449
6385 209.58276788453992
6389 209.4957354255735
6466 209.4867064702054
6468 209.46298492843664
6470 209.43786108589978
6493 209.43029650723474
6494 209.29339932289184
6509 209.27656569633322
6510 209.1245982587557
6524 209.10696934438016
6525 208.93607817221428
6536 208.93075528484306
6571 208.83364894576388
6580 208.78939420745186
6586 208.5850022732699
6593 208.57343325711713
6612 208.43744861247708
6618 208.35738010156325
6629 208.33947284871687
6640 208.33197077453423
6658 207.74228798068728
6664 207.38705084062076
6727 207.3309069785585
6730 207.28635826716143
6744 207.22789910365498
6745 206.89456916844154
6811 206.88911717923594
6815 206.8668352970166
6819 206.8345521954644
6820 206.62534580748397
6853 206.4120229894723
6861 206.2359050043725
6871 206.2140747056442
6877 206.03990556988444
6909 205.9115842802492
6926 205.8532165135295
6934 205.83318647243237
6936 205.7954238360638
6940 205.7744484936208
6961 205.72990793963
6970 205.65701621184385
7000 205.477141328583
7016 205.1903181958121
7119 205.04765448899315
7124 204.90238224438352
7192 204.83086236678508
7196 204.70243386566779
7200 204.57445524189708
7216 204.56311849566677
7229 204.4436890890718
7265 204.29699644127913
7299 204.05691250840914
7318 203.66276433552056
7333 203.55366189478823
7343 203.48432516697957
7383 203.4704045614907
7384 203.42684465337095
7399 203.13052412154906
7402 203.11480832463863
7453 202.95309556802954
7470 202.75513264969752
7505 202.5940316943435
7512 202.34180556350688
7530 202.1541571269212
7564 202.04221192529786
7569 201.9767473522299
7575 201.8975311698469
7580 201.87117599632813
7582 201.81104877990296
7584 201.77965562568056
7592 201.72906020153107
7614 201.69317423596712
7615 201.60220233633214
7630 201.51014271084983
7631 201.23077857090723
7632 200.34671245703802
7682 200.1920859133914
7683 199.93210731804203
7686 199.67055982149276
7687 198.90491245148297
7692 198.02784918056344
7709 197.9780310071994
7717 197.7202860559862
7739 197.51997273409404
7795 197.4378195027254
7796 197.1913749420474
7812 197.07531369458184
7816 196.8668325891165
7849 196.80132193907204
7852 196.62513250240542
7861 196.60512708595073
7881 195.94366084030236
7888 195.63909207213584
7928 195.60795665666737
7929 195.5255287075661
7930 195.38523220460087
7962 194.99070705698796
7967 194.92495351249062
7981 194.65127968623645
7986 194.17375113675087
8039 194.04344584164272
8048 193.35636759214
8057 193.02131101910092
8061 192.95327954552795
8084 192.9046206062445
8086 192.65956827902392
8115 192.5167275353402
8144 192.48158446359557
8148 192.3955365800394
8149 191.48256287695708
8197 191.18027424864252
8231 190.8267547699241
8253 190.72848542061064
8293 190.724853431671
8295 190.62624385723933
8324 190.51658823491044
8328 190.25274429465603
8329 189.58997008604405
8352 189.11110233475605
8387 189.08052856733457
8406 188.92833676076145
8419 188.34450721865196
8507 188.2360531198374
8524 188.05560515322674
8525 187.5188311245623
8540 187.47204591919996
8552 187.41696958209596
8555 187.28756751393655
8565 187.1634213059824
8580 186.89714371900686
8618 186.88351246116432
8638 186.72309770243936
8661 186.4162534684467
8675 186.1193601392079
8698 185.38084185650587
8713 185.37234533886541
8728 185.0738407796949
8766 185.05106506570195
8800 184.9736018187046
8801 183.99701236973092
8824 183.89214050239485
8827 183.8528626951174
8843 183.74976086116803
8876 183.6494140080145
8899 183.54518280495301
8911 183.4568618492057
8922 183.30884067454355
8962 183.2281683042136
8963 182.93254603325644
8984 182.78354401038283
9048 182.77646089304383
9059 182.76033716916456
9060 182.70296517634316
9063 182.49905227298615
9089 182.29174752962902
9124 182.1363461928816
9133 181.99429430380542
9144 181.63291934112405
9151 181.52430186669307
9240 181.4860931676792
9249 181.3961430309436
9257 181.32169324287392
9259 181.27078283335615
9267 181.27074458646558
9358 181.2482694096279
9365 181.24562244612835
9385 181.24506151361135
9387 181.24066001501328
9388 181.1660359842562
9412 181.1587173273366
9413 181.09755066408135
9423 181.0931587282968
9424 181.01445182486793
9436 181.00806714150224
9440 181.00652793155203
9441 180.92332844751147
9450 180.90911730285995
9453 180.89694928474898
9454 180.80368744273565
9463 180.79352530554576
9464 180.68096337231984
9472 180.67758789766694
9473 180.54095209120982
9484 180.53128369387653
9485 180.3714800917017
9496 180.3572376261518
9498 180.3557096644918
9499 180.1985809907001
9517 180.19834663726107
9518 180.066776818893
9553 180.06515380534236
9556 180.0484257761651
9560 180.0417417391551
9561 179.9299545592669
9597 179.84364283152647
9610 179.74441142114497
9621 179.71417934068265
9638 179.45525305791378
9650 179.1475837257376
9667 179.04173705301162
9678 178.15318719673226
9743 178.09188208916524
9759 177.776631531516
9792 177.01348902454205
9811 176.97380502384644
9894 176.95515642797073
9916 176.94533087916577
9924 176.93608553313274
9939 176.7790045883719
9944 176.68024311032008
9945 176.40693209807617
9963 175.90958576544915
9996 175.8956471331015
10046 175.88051802844205
10050 175.8434998955603
10062 175.82640197699996
10069 175.64955595194397
10112 175.64000966364728
10128 175.6313390340477
10129 175.46975112738224
10144 175.45158960886448
10145 175.25451627867614
10157 175.22994628489565
10158 175.01995195217452
10168 175.01048880799144
10172 174.9729540779187
10176 174.9599367151802
10178 174.9293544518745
10180 174.88896357182256
10182 174.86297587960405
10190 174.85740243757354
10200 174.83806148704355
10204 174.82220716139864
10209 174.80991888459224
10221 174.74960471168498
10222 174.58275234887998
10255 174.54426030793667
10262 174.51488419182405
10274 174.4210364090932
10304 174.33289744761916
10315 174.32982330892938
10330 174.3188668434557
10333 174.28726824160327
10357 174.19595336741125
10378 174.1409094935287
10398 173.93773729811767
10416 173.91778071475673
10426 173.8830700873981
10436 173.73302809829673
10476 173.7256221239416
10478 173.72122662064038
10480 173.70266045922747
10486 173.67073390831482
10501 173.5322700639078
10564 173.45277274217233
10579 173.2167946432367
10596 173.12626101810332
10604 172.78904063613314
10660 172.6107461571063
10680 172.42158860818685
10759 172.40374111589102
10766 172.30470424083373
10782 171.8648941473313
10797 171.81680325450284
10809 171.7493920824727
10841 171.738857025999
10843 171.71330564747493
10849 171.67094531281847
10855 171.60730047201469
10863 171.5827705350269
10865 171.5322756548299
10867 171.5157264300363
10869 171.47917497568852
10872 171.43803517821144
10891 171.4345563932438
10896 171.3499046043536
10925 171.34137663105702
10927 171.31650048206203
10928 171.05590254096538
10947 170.83400858873634
10959 170.72977149363956
10986 170.63624743296484
10995 170.54268351713367
11003 170.5207483056613
11007 170.4612511381
11011 170.42213603327966
11069 170.40949698797593
11107 170.38456540033982
11124 169.69189812024132
11140 169.50538588834993
11222 169.47014376333223
11237 169.267785218254
11244 169.18906855555645
11266 168.80336851318506
11304 168.77794511902286
11305 168.45757827139508
11326 168.31151440811857
11332 168.21355814029604
11364 168.1414859643774
11368 167.82661107377658
11378 167.28600526378187
11410 167.26251076542195
11412 167.1970033148849
11446 167.1695195283001
11449 167.03696610329357
11453 166.99652073140481
11455 166.83808333034946
11457 166.67422548361392
11461 166.22905159853622
11502 165.57392191795248
11598 165.2567053554795
11605 165.13397355396086
11616 165.0614750653604
11646 164.75013331435147
11691 164.70707892128698
11701 164.6647594948707
11712 164.65180003114318
11714 164.5017061279296
11735 163.98297528119494
11791 163.7209319367898
11797 163.58053872492525
11843 163.43709986816458
11872 162.77667020159433
11913 162.7697036041705
11935 162.6033539312436
11948 162.52880136239546
11963 162.4252997166286
12002 162.40897579035573
12003 162.3570255778839
12014 162.28471361722038
12015 162.07510756300138
12027 162.01586092513642
12038 161.86942317384052
12075 161.86841719002513
12081 161.83041604072557
12099 161.82291341370777
12102 161.77751569027862
12103 161.41083997300748
12125 161.3912405169439
12151 161.33874906829797
12155 161.32624444954544
12157 161.28813207086785
12159 161.19009152674192
12206 161.05458442784428
12220 160.94966076669257
12222 160.9071393740983
12260 160.4441012546406
12265 160.38592019927222
12278 160.08844284359552
12315 159.92082278133591
12325 159.84217862146696
12332 159.8254350876028
12338 159.7468023637253
12342 159.66602170851777
12352 159.5950990880825
12354 159.49661899863514
12356 159.4862736197262
12358 159.41919613392835
12366 159.39003260105798
12369 159.2893954329928
12387 159.09837045097296
12394 158.77092771077673
12408 158.670285350684
12419 158.57481263414076
12463 158.1396506432563
12488 158.09169657820544
12506 158.06048073401928
12508 157.9793738020751
12517 157.96882201821032
12525 157.90239599058324
12529 157.89251657711318
12531 157.85764935194365
12535 157.84883046122658
12536 157.57462410290609
12566 157.47422206654034
12583 157.3275245959616
12586 156.9855290490708
12591 156.534723844675
12615 156.5001082559663
12625 156.11426857454285
12631 155.90425128912207
12639 155.8910327023339
12674 155.71559956858073
12707 155.54047854873903
12709 155.5226296435611
12713 155.5003403753066
12751 155.47907882787987
12755 155.45411538246546
12759 155.41258978831465
12761 155.36983654320213
12763 155.34068037727116
12765 155.33120010791728
12767 155.29454539214444
12769 155.2467788011862
12782 155.23199899233077
12783 155.03930041848824
12797 155.03848330769503
12798 154.7989741659015
12819 154.79722142829544
12821 154.76706402868322
12823 154.7569971828343
12824 154.55171919154415
12870 154.52670484366718
12876 154.43708900498444
12912 154.41876439432147
12966 154.41534444268814
12967 154.40188359927555
12968 154.26198122090375
13002 154.24570277358671
13006 154.2211305409203
13036 154.14321240424576
13051 154.07906303597153
13066 154.07025380818416
13115 154.04552379143473
13116 153.971369540707
13123 153.9032750837516
13128 153.72769278075066
13137 153.64117218969105
13167 153.05771636631627
13186 152.9854457518563
13187 152.76842479792376
13195 150.89570746652902
13204 150.3495623338439
13223 150.2389842568411
13252 150.16358702097642
13268 150.1160727352683
13287 150.09739715592102
13314 148.28646029655968
13324 148.0790554121619
13356 148.02525745889128
13399 147.73201160044258
13403 147.71101882370849
13427 147.60904129562974
13429 146.7340098804277
13430 145.32045186537889
13436 144.94428182806365
13442 144.74871997296896
13466 144.5899239572836
13468 144.4228781986398
13469 142.63178726790758
13489 142.4859505389495
13509 142.00994867640472
13538 141.70804163351593
13549 141.44907401554732
13572 141.41106044974012
13623 140.26296036104466
13624 138.03027903289103
13685 138.0211648254859
13687 137.39000180174804
13725 137.36684373383414
13748 137.2375719767139
13757 137.16621248789696
13758 136.9619405800041
13794 136.69042776823065
13802 136.4532562496874
13811 135.96986596914044
13821 135.89597717903501
13837 135.81255215327235
13849 135.7732552634097
13881 135.71433979392228
13882 135.55841970477192
13885 135.46429918876123
13889 135.33825866562802
13919 135.10401542401527
13963 135.01848088476166
13985 134.75185805554486
14030 134.65746435995584
14042 134.63820992223523
14055 134.00240369446087
14064 133.46962310473467
14119 133.39417490828845
14131 133.37570742616933
14142 133.12538006924768
14145 132.90524091906556
14176 132.86421813830978
14178 132.60986790610903
14192 132.3680602769766
14225 132.36035095902534
14249 131.41824247379628
14260 131.22532966482862
14272 130.9883808279493
14286 130.56645472747186
14290 129.6777614558967
14324 129.6169269561276
14353 129.39138922087278
14377 128.9409185571099
14409 128.9033434985411
14412 128.69814408443602
14453 128.61335391449956
14469 128.57610767153335
14486 128.56435947830957
14543 128.49972803041416
14550 128.4904643644792
14594 128.48054618421256
14598 128.42548849302406
14611 128.37305045447235
14612 128.22318137399927
14643 128.17017770612316
14678 128.16965852602166
14688 127.88407825841988
14694 127.80834786470655
14702 127.26056357288667
14703 125.585913811133
14717 125.33616276332499
14756 125.29589580554942
14771 124.99229632655138
14809 124.92371766997348
14847 124.80291964581069
14854 124.714400594605
14894 124.46176229112481
14903 124.39055070959894
14904 124.15635364157937
14962 124.07317883570988
14964 124.04321004628342
14975 124.04019473436597
14977 123.89514630075311
14980 123.8204074519778
14983 123.7385291830866
15021 123.65959468490139
15031 123.57734910237272
15040 123.43501004001729
15094 123.3973381659831
15102 123.37557428005573
15108 122.79285823946975
15145 122.70491059107196
15225 122.56831855078077
15227 122.56115396451611
15229 122.41634585849876
15233 122.39464206210624
15240 122.38876292733462
15242 122.3219677910264
15244 122.22949904186196
15260 122.18537369632026
15262 122.16039814765543
15268 122.0923908379042
15270 122.01734044828872
15272 122.01293832902397
15277 122.01069232460725
15278 121.71382045056359
15300 121.6818776738929
15301 121.39169567276039
15336 121.1823734568384
15353 121.15214681926372
15361 121.05075900142775
15384 121.04255262524633
15438 120.90956542112026
15440 120.8940700634985
15472 120.86490787283492
15473 120.77751868945757
15490 120.7256957436462
15511 120.67325635168758
15554 120.67217166755366
15556 120.66421232844667
15559 120.66102056278068
15568 120.64002944694127
15587 120.30399360650713
15602 120.21899870390781
15618 120.12346024136404
15703 120.1136175637032
15710 119.99767255437646
15744 119.57739934062728
15751 119.42048230340751
15760 119.40303992030906
15773 119.33307450616628
15788 119.2570900138604
15796 119.24508108955987
15797 118.78133457341076
15867 118.74906780823204
15869 118.74047488429912
15870 118.42594487870541
15891 118.42214002474454
15922 118.17906050028283
15941 118.0721956476359
15958 118.01730354871657
15977 117.96107657734058
15981 117.92995313137668
