106 3488.8024481921584
129 3382.383675276372
166 3378.1220058904864
196 3280.227082222499
239 3222.9446295522084
273 3184.316517806861
285 3177.2084425726307
312 3156.507559278285
321 3111.3801601162686
350 3105.1534653551466
353 3072.6252090696
381 2962.5752843373757
404 2948.0508885613026
452 2943.6198428959165
472 2796.9554126761273
523 2713.668816658382
555 2686.2643897686007
558 2608.9680713929715
580 2607.955439736831
633 2577.8117344415473
660 2570.8071539202188
663 2565.1079083811173
690 2510.588989267302
738 2490.2240988817366
745 2485.039306583905
759 2462.979412642649
788 2458.09278109261
791 2453.3238827708974
793 2450.301719909692
803 2436.852592632607
806 2429.160696242303
832 2429.0778406060413
838 2411.2901241324385
858 2408.434619651176
870 2405.012370826381
875 2402.12194294818
876 2396.5387473932465
882 2388.0980022465437
927 2385.818759740131
929 2383.235398066293
932 2378.8604062158556
942 2378.471222667933
952 2372.507354650817
954 2372.0419113057087
965 2371.661549960651
975 2368.8922436815947
982 2367.605763721903
993 2366.313906404477
995 2364.7920383166056
1000 2353.976464743849
1033 2348.050533932105
1053 2346.663571532579
1080 2345.8735042049393
1107 2340.524286559361
1110 2333.953882846891
1169 2333.038811134471
1175 2330.645571260731
1179 2329.3486921749004
1182 2325.0732449197094
1193 2323.945832150948
1195 2316.3510761709726
1290 2315.8145206483605
1296 2315.1587828415354
1298 2314.0439469645785
1301 2312.0927877028494
1307 2312.0180878651067
1310 2311.852638431333
1312 2310.7857690761016
1319 2307.1818827622174
1382 2305.0787787353297
1389 2304.149022882311
1395 2303.3695822103796
1398 2301.634857845052
1427 2301.4480043221974
1429 2301.1765570224334
1433 2300.856266264032
1440 2300.583745554522
1442 2300.3480736900615
1448 2299.53044629569
1478 2299.4224596178565
1489 2299.40952310722
1504 2299.37436557341
1508 2299.35739495228
1510 2299.049859117991
1528 2298.9734044945776
1544 2298.9157920608327
1602 2298.9057820035855
1607 2298.9008422500547
1609 2298.891960054272
1613 2298.8727091451556
1632 2298.366028617472
1661 2298.3164393589664
1692 2298.3072933258295
1707 2298.282997483073
1713 2298.269319937311
1715 2298.2174978947623
1723 2298.1409559885433
1748 2298.1024781804467
1776 2297.929819002249
1805 2297.754726978231
1815 2297.6363729242194
1824 2297.598495045385
1862 2297.502586928444
1865 2297.4290127959766
1883 2297.3667545397493
1898 2297.3524216512787
1940 2297.323549819668
1942 2297.1952378331157
1997 2297.1765129342143
2004 2297.1730687155796
2007 2297.1520376636627
2009 2297.100101022757
2034 2297.0678852259834
2074 2297.0602530459128
2084 2297.057397535469
2090 2297.0374968636397
2092 2297.009817721522
2105 2296.9776248957205
2132 2296.9466912409907
2164 2296.9365956401675
2178 2296.9254148154378
2185 2296.9172638742616
2189 2296.901869026567
2206 2296.889830835543
2211 2296.8764992610763
2280 2296.876398616195
2301 2296.8723659405105
2303 2296.8709704362673
2316 2296.863268330056
2332 2296.8632118538217
2367 2296.858212463927
2376 2296.855396075055
2387 2296.844637828441
2440 2296.8352077828085
2451 2296.8331964939744
2479 2296.8320233544323
2505 2296.827995642064
2509 2296.8247060593326
2523 2296.8234561527647
2525 2296.8227159219837
2605 2296.822571877822
2635 2296.821919537789
2644 2296.8219167960656
2660 2296.821862378053
2675 2296.8215739255465
2678 2296.821342889819
2757 2296.821332617147
2772 2296.821273309999
2775 2296.821096613117
2790 2296.82070557339
2793 2296.8207003937687
2820 2296.8205490734354
2823 2296.8204701168256
2839 2296.819929293338
2880 2296.8191039812764
2901 2296.8187428877445
2914 2296.8186834750522
2931 2296.8186433734236
2955 2296.8186026247026
2958 2296.8185138772187
2986 2296.8180753755423
3019 2296.817874979387
3031 2296.81778398616
3048 2296.8171104610956
3079 2296.8170874337866
3115 2296.81707509483
3118 2296.816689941359
3182 2296.8166778723457
3185 2296.8166725616206
3197 2296.816658189112
3199 2296.8166206015885
3227 2296.816613241065
3245 2296.816583882761
3247 2296.81657615342
3251 2296.816553752929
3303 2296.816517887053
3311 2296.8165159694495
3340 2296.816514294158
3343 2296.8165082890855
3345 2296.816497291102
3374 2296.8164806996347
3392 2296.8164497062567
3433 2296.8164380833164
3436 2296.8164318844424
3439 2296.8164283530296
3469 2296.8164190326406
3473 2296.816413229196
3475 2296.816400720823
3486 2296.81638871721
3498 2296.816384294884
3528 2296.816375770367
3532 2296.81636867195
3541 2296.816368279926
3549 2296.816350305798
3597 2296.8163467780087
3600 2296.816346190652
3602 2296.8163416640336
3633 2296.8163381358654
3649 2296.816330232631
3676 2296.816322836752
3678 2296.8163167912126
3700 2296.816312840291
3703 2296.816310073517
3705 2296.816308866372
3717 2296.8163083081704
3720 2296.816307692474
3722 2296.816307472074
3723 2296.816305799336
3731 2296.8162999826363
3737 2296.8162945458885
3786 2296.8162902733125
3803 2296.8162888518896
3819 2296.8162834275004
3820 2296.816278125782
3868 2296.816276255407
3890 2296.816275273749
3893 2296.8162741706847
3919 2296.8162675872045
3952 2296.8162673275715
3965 2296.8162663502044
3978 2296.8162654857674
3981 2296.816264861138
3991 2296.8162643715964
4012 2296.8162643191145
4018 2296.816264270372
4021 2296.816264091207
4023 2296.816261609052
4078 2296.8162608977996
4094 2296.8162597632495
4116 2296.816259752844
4127 2296.8162591213154
4146 2296.816258803647
4149 2296.8162587264483
4152 2296.816258385171
4209 2296.81625833717
4218 2296.8162578274487
4219 2296.8162572238607
4236 2296.816257183304
4243 2296.8162570919985
4245 2296.8162570788213
4266 2296.816256961495
4314 2296.8162569234883
4315 2296.8162568752523
4318 2296.8162565787875
4368 2296.8162561373006
4407 2296.8162560204296
4416 2296.8162559775624
4419 2296.816255889209
4422 2296.8162557642654
4489 2296.81625567043
4491 2296.816255458324
4499 2296.816255343371
4509 2296.8162553267284
4535 2296.8162552340887
4557 2296.8162551835967
4584 2296.8162551389714
4590 2296.816255099684
4593 2296.816255099097
4610 2296.816255062255
4612 2296.816255011803
4639 2296.8162548130304
4643 2296.8162547987554
4652 2296.8162546945423
4699 2296.8162546613257
4702 2296.816254642062
4705 2296.8162546193944
4758 2296.8162545928562
4761 2296.816254553319
4829 2296.816254541579
4847 2296.8162545332743
4856 2296.8162545331743
4859 2296.816254498724
4862 2296.816254490281
4864 2296.8162544818933
4867 2296.8162544573797
4895 2296.8162544397264
4922 2296.8162543914227
4930 2296.816254388088
4976 2296.816254382157
5000 2296.816254378148
5023 2296.8162543768785
5050 2296.816254363019
5053 2296.8162543514854
5056 2296.8162543428557
5066 2296.816254336288
5117 2296.816254317225
5158 2296.816254314142
5209 2296.816254313531
5211 2296.816254312994
5213 2296.8162543082312
5219 2296.816254302262
5269 2296.816254301846
5291 2296.8162543005205
5293 2296.8162542985383
5294 2296.816254297217
5297 2296.816254296602
5312 2296.8162542964396
5340 2296.816254296199
5342 2296.816254295495
5381 2296.816254294079
5388 2296.816254293777
5407 2296.8162542937757
5413 2296.81625429359
5431 2296.8162542929545
5432 2296.816254291592
5435 2296.8162542909126
5455 2296.8162542905675
5456 2296.816254290541
5477 2296.816254290473
5520 2296.816254290317
5527 2296.8162542901528
5541 2296.8162542895398
5553 2296.816254289143
5594 2296.816254289116
5598 2296.8162542889304
5632 2296.8162542889254
5654 2296.8162542889077
5656 2296.8162542886
5657 2296.816254288568
5692 2296.8162542885666
5709 2296.81625428854
5722 2296.8162542885366
5736 2296.81625428853
5738 2296.816254288478
5741 2296.816254288416
5742 2296.8162542884115
5801 2296.816254288384
5822 2296.81625428838
5835 2296.8162542883747
5872 2296.8162542883656
5875 2296.8162542883592
5927 2296.816254288354
5934 2296.8162542883515
5936 2296.81625428835
5939 2296.8162542883424
5940 2296.8162542883383
6014 2296.816254288211
6029 2296.8162542881914
6046 2296.8162542881746
6080 2296.8162542881464
6094 2296.8162542881337
6112 2296.816254288112
6115 2296.8162542881087
