172 877.3825911134116
173 854.703304624287
245 852.5409404010774
327 850.5547244836976
328 843.1507043207037
330 840.4736556882644
331 836.3341265095802
351 813.6835380771425
397 806.5593939425441
464 805.8417739826807
491 800.5768198432381
528 800.3526817864421
534 795.0299810341742
536 788.7154740758674
567 787.9792615630879
569 786.4682882633324
622 784.1130156621987
623 783.0648237650629
655 780.9286584672076
677 780.115359893643
678 771.6427988969143
718 770.7762669766817
812 770.5918493588389
817 768.9328170511569
818 764.6688199495522
832 760.7316026465186
837 757.4244365257667
985 757.3148969079597
990 756.987898573526
1021 756.8727251521099
1036 756.8504481040982
1186 756.8381619735358
1239 756.818134086391
1342 756.8160158473818
1398 756.81535421718
1428 756.8125154242617
1430 756.8037795133773
1480 756.8027692439811
1508 756.8002798703178
1549 756.7993992144043
1550 756.7967238477194
1552 756.788466818037
1557 756.7809128202052
1595 756.7796618470861
1693 756.7793105382887
1694 756.7782571333182
1713 756.7774180884705
1757 756.777020831474
1795 756.7769795326279
1824 756.7763225235033
1825 756.7748334464762
1881 756.7748175596388
1888 756.7747507510384
1889 756.7739541311939
1896 756.7738978624146
1898 756.7737653409522
1899 756.7727327690877
1909 756.7725290447079
1910 756.7713491481298
1918 756.7712928576046
1919 756.7699451564384
1927 756.7698465944325
1928 756.7682260470048
1937 756.7680263835138
1938 756.7661890635034
1945 756.7661857951374
1946 756.763949065963
1955 756.7638400976618
1956 756.7614074530418
1964 756.7609248072558
1965 756.7578555811588
1974 756.757517618813
1975 756.753962785024
1984 756.7535047351869
1985 756.7494397590385
1993 756.7490945991888
1994 756.7442413990126
2003 756.7436456216491
2004 756.7374947627608
2006 756.7147593551555
2008 756.7139280184699
2009 756.7114338625291
2018 756.7110475851703
2019 756.7098846150268
2039 756.709572889118
2040 756.7086872312076
2041 756.7064734517292
2042 756.703751200235
2047 756.6869222319926
2048 756.6644344440102
2052 756.484072572939
2102 756.4832366416592
2103 756.4807219631447
2124 756.4789679976362
2129 756.477014991676
2130 756.474153872073
2150 756.4602751385047
2151 756.4227646618336
2156 756.4167590417609
2157 756.4014570222442
2158 756.3747809052722
2177 756.3517045028196
2268 756.3494958283969
2281 756.3319342710124
2282 756.2798480117397
2283 756.1413914385844
2284 755.7881530822826
2285 755.7219463089975
2297 752.7720716286782
2341 752.6993542384388
2374 752.491806540973
2420 752.3858021551536
2430 752.1283126405648
2454 752.0417110412208
2476 751.7138624132859
2524 751.6555856610797
2527 751.6519421120794
2572 751.4445331137046
2704 751.4024411160686
2708 751.3688330457252
2725 751.3629964814409
2726 751.3288208346579
2760 751.3263658713968
2761 751.3165155671162
2762 751.275525925443
2817 751.2573394481859
2848 751.2508037031721
2930 751.2404266323928
2954 751.2148636426383
2955 751.1897658275982
2958 751.1739102861449
3017 751.1312044413281
3018 751.0404715414551
3053 750.9814445528557
3164 750.9771059871107
3181 750.9763971286045
3182 750.9742851984886
3183 750.9680845060889
3184 750.9515460109006
3185 750.9199941450762
3253 750.8985129084838
3292 750.897041001934
3293 750.8930639151677
3294 750.881643877825
3342 750.8704810555168
3375 750.8449571889737
3430 750.8386713618389
3456 750.8378022122276
3492 750.8344888244719
3514 750.8312780633975
3543 750.8252633079189
3561 750.8221157032563
3571 750.8180945220872
3572 750.8030137643167
3649 750.8016230051874
3702 750.7998430583384
3718 750.7981364320597
3728 750.7922686857299
3799 750.7919375181714
3800 750.7909476165491
3801 750.7880071952769
3802 750.7794902471127
3803 750.7562521894223
3804 750.7200439961621
3823 750.5416001112789
3829 750.4844885524842
3830 750.3114704741376
3871 750.2885716057772
3899 749.9879200072802
3955 749.9502606141938
3956 749.7848525920076
3957 749.4301911668703
3972 749.3461159062479
4005 749.2522112739512
4062 749.2485313256481
4064 749.2098221314624
4067 749.0003797242348
4105 748.9593740402006
4109 748.6978927818834
4198 748.6842474403995
4280 748.6113600338385
4305 748.6007345437979
4368 748.5995642314888
4374 748.5917516329253
4387 748.5876592778734
4391 748.5870668984646
4400 748.582382108771
4406 748.579695285069
4408 748.5755135751392
4554 748.5754670910475
4559 748.5748273256206
4579 748.5747389954054
4585 748.5719604712957
4586 748.5669815597803
4592 748.5533026037649
4593 748.5234229554543
4596 748.4769753297704
4625 748.471779715894
4626 748.4606360139246
4641 748.4547509793872
4642 748.4377628183476
4643 748.392021866483
4644 748.2992412508306
4645 748.1736913515903
4740 748.1579809503487
4788 748.1442588300602
4791 748.1426918084271
4805 748.1351457653661
4833 748.1337402487821
4887 748.1237668494362
4889 748.0748697406257
4898 748.069520417449
4961 748.055091867176
4985 748.053000026557
5040 748.05108204403
5062 748.0508270262219
5063 748.0497995582964
5064 748.0442159195611
5109 748.0296283298865
5219 748.0280926284378
5224 748.0267085252876
5258 748.0266058188416
5263 748.0256460551383
5282 748.0251977113378
5284 748.0239955235742
5286 748.0227454533086
5294 748.0183149706124
5299 748.015664703677
5300 748.0075826388999
5364 748.0074539818082
5430 748.0071519379496
5440 748.0053748528043
5453 748.0039086635477
5454 747.9902940380279
5503 747.9857591062057
5507 747.9817773323753
5517 747.9791466966528
5636 747.9769829383548
5637 747.9712290644138
5638 747.9572861014938
5639 747.9442249129538
5655 747.88713936587
5662 747.8584279980972
5750 747.8557428868193
5751 747.8467141348729
5752 747.8096168330768
5912 747.8095297608752
5966 747.8094507963788
6056 747.8094451433346
6119 747.8094341001731
6147 747.8094329837899
6149 747.809429632627
6150 747.8094195610039
6151 747.8093891829332
6152 747.8092965794901
6153 747.8090055347365
6154 747.8080127725492
6155 747.8039521635459
6156 747.7818430368222
6161 747.7811395676829
6162 747.7789583904397
6163 747.7710655400266
6224 747.7654227157137
6260 747.7643684132203
6331 747.7639656392007
6332 747.7613098899424
6333 747.7513706244799
6380 747.7511588439818
6381 747.7504223698786
6382 747.7482350895792
6383 747.741511716031
6384 747.7202322994358
6480 747.718792989511
6481 747.714063446613
6482 747.6963305737567
6483 747.6120432011444
6484 747.2081630407644
6485 746.4608956714968
6509 746.3702956293342
6552 746.2954969347314
6566 746.2953791450755
6568 746.232002669588
6654 746.2215950702
6655 746.1904098887113
6747 746.1807065325025
6787 746.1796284246514
6788 746.1763912613662
6807 746.1763244958687
6808 746.1759880625006
6809 746.1737804482855
6810 746.1544361446917
6923 746.1539934006632
7001 746.1539739336682
7009 746.1505158364955
7027 746.1501038845514
7028 746.1488643081564
7029 746.145648964096
7030 746.1397609267815
7035 746.100711353898
7097 746.0893478898246
7209 746.0849361619963
7211 746.0718336077894
7212 746.0344320767068
7213 745.9549658012111
7320 745.951071238477
7332 745.9404259518102
7333 745.9158113273081
7334 745.887098965167
7363 745.7929765869316
7371 745.7293598421253
7391 745.7086289628365
7461 745.6828247372229
7476 745.6783626550431
7478 745.6468592624974
7480 745.5335848386184
7559 745.5209262163802
7560 745.4209122715
7600 745.4163766944984
7602 745.3378908785047
7603 745.2822232338908
7627 745.2409597209522
7664 745.2368544145953
7757 745.2320021056074
7797 745.2293347215851
7838 745.2279854832998
7839 745.2240357671545
7840 745.2131518126965
7841 745.1906766224184
7861 745.1863742733169
7871 745.1828882396401
7898 745.0653629862012
7945 745.061547225662
7947 745.0441885618415
7951 745.0280148017994
7993 744.9577281752763
8126 744.9546537772748
8127 744.9499014202082
8137 744.9429148531658
8138 744.9413109494427
8186 744.9261065064679
8245 744.919400457482
8252 744.9188121057305
8341 744.9179381163194
8397 744.9177480724051
8433 744.9176746638763
8500 744.9176361877337
8574 744.9176303629617
8606 744.9176292616976
8607 744.9176259579455
8608 744.9176160470439
8609 744.917586317538
8610 744.9174971578011
8611 744.9172299376295
8612 744.916430609293
8613 744.9140536351811
8614 744.9071441758573
8615 744.8881719247762
8616 744.8472032152646
8622 744.7680655929747
8658 744.7635650414255
8659 744.7480493995361
8669 744.7477687720176
8732 744.74385144803
8746 744.7427719415101
8747 744.7396597051385
8748 744.7324920624255
8749 744.7236664063375
8791 744.6885479294292
8792 744.5564960239603
8859 744.5532687909536
8860 744.5522162345447
8934 744.5405487230258
8979 744.5385989262054
8999 744.5370360002701
9000 744.532374049178
9177 744.5323419852884
9235 744.532284239635
9376 744.5322784171208
9391 744.5322778391784
9435 744.5322777430431
9436 744.5322774546352
9438 744.5322758202307
9440 744.5322709170395
9441 744.5322562076586
9442 744.5322120813101
9443 744.5320797195168
9444 744.5316828197888
9445 744.5304946121493
9446 744.5269746161083
9447 744.5174180823753
9455 744.5149671911273
9463 744.5050298367215
9500 744.5038420311769
9501 744.50070489357
9502 744.494876973356
9507 744.480923223063
9595 744.4804837496285
9596 744.4793081542799
9597 744.4777177551927
9659 744.4771401725626
9660 744.4754148678732
9661 744.4702934292603
9677 744.4662418359452
9680 744.4658292713636
9698 744.4633783947074
9701 744.4613652267255
9703 744.4582892653552
9732 744.4499962320916
9733 744.4351629576777
9885 744.434008830545
9886 744.4195939347372
9958 744.4182336777753
9960 744.4161820946894
9970 744.4159266052709
9990 744.4158644466497
10029 744.4155829101244
10045 744.4146519967967
10166 744.4146427116933
10168 744.4145969525931
10170 744.4144605714291
10171 744.414059415998
10172 744.412928475729
10173 744.4101972805771
10174 744.4078527334246
10179 744.402107977505
10189 744.4010011363409
10190 744.3976817292262
10323 744.397203240965
10461 744.397200251901
10463 744.3971989998536
10465 744.3971952443625
10466 744.3971839837809
10509 744.3971801730236
10551 744.3971786055068
10552 744.3971739064341
10553 744.3971598404943
10554 744.3971179240256
10555 744.3969947028227
10556 744.3966476843136
10557 744.3958073616039
10558 744.3949986253572
10565 744.3914549069808
10582 744.3913988281287
10583 744.391274756706
10584 744.3912690348317
10626 744.3900337626532
10627 744.3863862713301
10666 744.3858878976337
10744 744.3836639625888
10780 744.3832953487553
10848 744.383287909095
10940 744.3832794867155
11000 744.383277841502
11009 744.3832742787495
11034 744.3832635969986
11035 744.3832316103152
11036 744.3831361773732
11037 744.3828546226945
11038 744.3820526605131
11039 744.380031225601
11040 744.3774316370117
11051 744.3724226786582
11072 744.3711288018333
11114 744.3711078738993
11273 744.3711067067032
11274 744.371103205163
11389 744.3711016221127
11472 744.371101582265
11481 744.3711015821086
11482 744.3711015816393
11573 744.3711015793557
11574 744.3711015725053
11575 744.3711015519538
11576 744.3711014902987
11577 744.3711013053379
11578 744.3711007504957
11579 744.3710990863129
11580 744.3710940968707
11581 744.3710791565162
11582 744.3710345871526
11583 744.3709031439455
11584 744.370529186542
11585 744.3695903446265
11602 744.3686938757603
11604 744.3684035325731
11656 744.368327568233
11658 744.368102221983
11659 744.3674491245259
11660 744.3657214144317
11661 744.3624143404662
11674 744.3531694046767
11759 744.3526966522002
11761 744.3518999595898
11767 744.3518264787558
11789 744.3517232062231
11813 744.3517152221459
11995 744.3517068179033
12053 744.3517055580274
12055 744.3517049883696
12057 744.3517032822566
12058 744.3516981896588
12059 744.3516831435546
12060 744.3516400912596
12061 744.3515297303449
12062 744.3513684001198
12074 744.3501284462786
12127 744.3499079389072
12139 744.349765950038
12204 744.3496919425937
12293 744.3496833753065
12332 744.3496502185666
12398 744.349649897474
12399 744.3496489350532
12400 744.3496460554985
12401 744.3496374862348
12402 744.3496124031584
12403 744.3495427806138
12404 744.3493890591795
12405 744.3493878257863
12424 744.3489134231735
12425 744.3474902782356
12476 744.3470330066781
12479 744.3467297572392
12481 744.3458393929996
12623 744.3458327596184
12634 744.3458297500305
12635 744.3458207217788
12730 744.3458198762407
12813 744.3458196087489
12852 744.3458195796279
12853 744.3458194922623
12921 744.3458194653653
12994 744.3458194452996
13007 744.3458194326494
13010 744.3458194302879
13011 744.3458194232034
13064 744.3458194231267
13065 744.345819422897
13066 744.345819422208
13067 744.345819420143
13069 744.3458194151241
13107 744.345819414809
13123 744.3458194127059
13152 744.345819412646
13255 744.3458194125224
13332 744.345819412509
13333 744.3458194124712
13351 744.3458194124688
13352 744.3458194124611
13353 744.345819412438
13354 744.3458194123709
13355 744.3458194121667
13356 744.3458194115545
13357 744.3458194097174
13358 744.3458194042103
13359 744.3458193876849
13360 744.3458193381192
13361 744.3458191894929
13362 744.3458187442453
13363 744.3458174141837
13364 744.3458134751265
13365 744.3458021180865
13366 744.3457721873033
13367 744.3457196355354
13370 744.3457156954679
13371 744.3457038775987
13372 744.345668445011
13373 744.345562297251
13374 744.3452455556361
13378 744.3452157207051
13379 744.3451262279564
13380 744.3448578581188
13489 744.3448530287359
13533 744.3448516775296
13537 744.344851593171
13538 744.3448513401938
13539 744.3448505821693
13540 744.3448483162473
13541 744.3448415918295
13542 744.3448222263017
13543 744.3447700732944
13544 744.3446670723861
13548 744.3443620801063
13612 744.3441014044829
13699 744.3440991903012
13700 744.3440925603226
13701 744.3440727835068
13702 744.3440144713426
13703 744.3438487045917
13704 744.343433911881
13705 744.3429210281145
13750 744.3347245222795
13831 744.3342569748838
13844 744.3338504602298
13845 744.3326792463452
13846 744.3296007390732
13856 744.3278804212006
13965 744.3270475012008
14005 744.3269338803287
14006 744.326619161336
14007 744.3258343528868
14008 744.3250213333951
14018 744.3140085731217
14075 744.3118190698792
14136 744.3115560566775
14154 744.3112997722625
14191 744.311144057907
14277 744.3111117515456
14282 744.3110831970091
14316 744.3110757721344
14325 744.3110647508109
14497 744.3110645899012
14534 744.3110645415125
14535 744.3110643963483
14597 744.3110643861314
14598 744.3110643554776
14599 744.3110642635219
14600 744.3110639876927
14601 744.3110631605496
14602 744.3110606822283
14603 744.311053275231
14604 744.3110313059132
14605 744.3109676627004
14606 744.3107971065649
14607 744.3104682833675
14609 744.308960267479
14617 744.3086606576096
14621 744.3085957134226
14675 744.3085649430191
14676 744.3084729087387
14787 744.3084691646853
14791 744.3084641250919
14793 744.3084050206761
14875 744.3082366406677
14876 744.3078119408877
14877 744.3072629876623
14881 744.307153920274
14916 744.3070017139855
14973 744.3069460188374
14984 744.3069345366366
15046 744.3069267399376
15106 744.3069265514941
15243 744.3069264395564
15272 744.3069264203473
15400 744.3069264150977
15421 744.3069264097021
15507 744.306926409599
15508 744.3069264092912
15600 744.3069264090193
15639 744.3069264088787
15673 744.3069264088717
15674 744.3069264088496
15752 744.30692640882
15841 744.3069264088189
15895 744.3069264088186
15896 744.3069264088185
