634 -99826.09808556904
636 -99826.6188734793
666 -99826.74414199952
668 -99827.42215068861
670 -99828.13306060691
674 -99828.84351857485
676 -99829.02868683447
683 -99829.44148968447
690 -99829.47176542238
692 -99829.79670320726
695 -99830.04426722258
698 -99830.45009254252
700 -99830.82288590899
724 -99831.24083573156
736 -99840.33624193567
830 -99841.46524302058
833 -99842.1964511074
869 -99842.94456901483
877 -99843.39012270162
885 -99843.80104404023
900 -99844.26357166606
924 -99846.65905667079
941 -99849.82973899823
983 -99850.77832945388
988 -99851.2517821651
990 -99851.50726022964
991 -99853.95529934458
1013 -99854.36079257737
1015 -99854.97652056726
1016 -99856.85994762425
1028 -99856.88310252645
1030 -99857.2146713962
1033 -99857.91536008354
1057 -99859.271398383
1070 -99859.34247561602
1101 -99859.51687430407
1110 -99862.79162524836
1187 -99862.98214337556
1194 -99863.41943051566
1207 -99863.6111849559
1214 -99863.73416539197
1216 -99863.8146014954
1218 -99863.93905571768
1225 -99863.97162654423
1227 -99864.22967775838
1229 -99864.28100222917
1237 -99864.43949202243
1251 -99864.54197638661
1260 -99864.69453075642
1262 -99864.73048420723
1264 -99864.82713563688
1281 -99864.83878689162
1287 -99864.86495740115
1291 -99865.3293524288
1295 -99867.4589014204
1338 -99867.71695408798
1374 -99868.62114096816
1431 -99868.75559329262
1447 -99869.24037203981
1448 -99870.57751630814
1495 -99871.37676539546
1528 -99871.50398125929
1541 -99872.38956320377
1552 -99877.82792357709
1573 -99880.53104528108
1677 -99880.98359508764
1685 -99883.03901075755
1720 -99883.96922132006
1727 -99884.08223988609
1763 -99886.13425635127
1773 -99886.95998375861
1789 -99887.7898446311
1796 -99888.43423511375
1826 -99889.93817054202
1836 -99890.8980465472
1863 -99891.46023382236
1865 -99891.66427089208
1875 -99892.316848669
1920 -99892.89504526071
1928 -99893.36225222384
1934 -99893.6035615669
1936 -99893.62270296962
1954 -99894.88231861191
1996 -99897.03342600013
1997 -99902.73011619232
2034 -99903.00751686098
2061 -99903.82513878963
2105 -99904.37642035463
2127 -99904.43077820414
2128 -99904.5366138224
2145 -99905.66403250245
2162 -99906.17183224778
2185 -99906.40997254949
2215 -99906.48370485617
2277 -99906.7082089562
2279 -99906.7551300384
2297 -99906.952495636
2299 -99907.10284535804
2354 -99907.48082087253
2364 -99908.60368571505
2385 -99911.3527329521
2420 -99911.7283203101
2461 -99912.29620753875
2476 -99912.68279469904
2480 -99913.26731785129
2482 -99913.67019758007
2495 -99913.92255921486
2534 -99914.12805251159
2622 -99914.1518016801
2628 -99914.18887307163
2630 -99914.23490153073
2632 -99914.38076154585
2634 -99914.50788325809
2652 -99914.51069981493
2654 -99914.56982041283
2656 -99914.62701860117
2662 -99914.72913571757
2701 -99915.37818148911
2706 -99917.46387756137
2795 -99918.39273319913
2858 -99918.79241911297
2865 -99919.05388482093
2876 -99919.12567320041
2878 -99919.1895184499
2880 -99919.29321000937
2887 -99919.36252128604
2889 -99919.51532254365
2890 -99920.38940288346
2918 -99920.3903371342
2922 -99920.4469568194
2926 -99920.49928157739
2927 -99921.12827003878
2936 -99922.95582394219
2984 -99923.09681057422
2995 -99924.04350573986
3065 -99924.66351925995
3083 -99925.05756912353
3093 -99925.11289626145
3122 -99925.19936487635
3147 -99925.6253735951
3150 -99925.70113029337
3232 -99925.7809972803
3276 -99927.50667010628
3341 -99927.65230517936
3350 -99927.7036266187
3360 -99928.2155319042
3368 -99928.25080696437
3385 -99929.43864888512
3392 -99931.69275124323
3454 -99931.76751269419
3473 -99933.77537672353
3495 -99937.26439858622
3544 -99938.7894200738
3583 -99939.38768271642
3614 -99939.84013662476
3662 -99940.13341443021
3668 -99940.62047950702
3673 -99941.04342356736
3721 -99941.59497638016
3726 -99942.43630254899
3748 -99942.64062274531
3778 -99943.31210734154
3797 -99943.3154509457
3801 -99943.44466267961
3803 -99943.53870514562
3810 -99943.67163748016
3812 -99943.82918665116
3814 -99944.12510335889
3819 -99944.26792763661
3821 -99944.32333467135
3828 -99944.34433096061
3830 -99944.58938286912
3831 -99945.65102542225
3854 -99945.72065129073
3856 -99945.8096866763
3857 -99946.66590300147
3867 -99946.6963397739
3869 -99946.70674349449
3871 -99946.71967170252
3878 -99946.741360875
3880 -99946.84167507537
3884 -99946.96589693787
3900 -99947.14584998338
3903 -99947.19022514857
3904 -99947.81944755775
3940 -99948.09215785211
3941 -99948.92207447284
4005 -99948.9591696234
4009 -99948.98835843735
4012 -99949.07175002343
4013 -99949.82083034882
4056 -99950.26361293653
4067 -99950.33813206482
4091 -99950.51231567079
4102 -99950.79003319732
4114 -99950.87901855884
4163 -99951.0327346138
4184 -99951.37299838627
4241 -99951.58278884225
4245 -99952.08566349419
4284 -99952.12729966729
4285 -99952.59170985286
4291 -99952.61584852527
4294 -99952.69697194794
4300 -99952.74403514992
4304 -99952.77738732603
4306 -99952.86828712447
4312 -99952.90776245545
4313 -99953.36284194917
4328 -99953.37545940398
4333 -99953.39009461207
4334 -99953.73491811752
4345 -99953.73666344288
4347 -99953.78122393145
4349 -99953.84804626404
4351 -99953.87869191403
4353 -99953.90906696883
4355 -99953.91782714835
4357 -99953.93550431496
4359 -99954.02116430675
4361 -99954.10854852494
4363 -99954.11719034235
4365 -99954.15889293895
4366 -99954.59257369337
4377 -99954.62519396989
4381 -99954.66392327053
4383 -99954.70814382545
4385 -99954.72823102312
4389 -99954.77610260426
4393 -99954.85135207014
4410 -99955.75549828056
4441 -99955.80914314919
4442 -99955.9599136472
4467 -99956.10291639835
4477 -99957.30142130345
4498 -99957.67104736292
4567 -99957.7050357593
4568 -99957.80639578984
4598 -99957.87249241883
4600 -99957.90915872072
4643 -99957.93357046889
4647 -99958.49332061349
4649 -99958.61091077607
4651 -99958.70895706979
4657 -99958.89445270094
4659 -99958.98545879443
4664 -99959.06388401898
4682 -99959.07501701849
4688 -99959.15674193749
4692 -99959.28242456578
4698 -99959.34535494132
4700 -99959.3868653341
4702 -99959.46011115493
4704 -99959.58858187775
4706 -99959.64444672804
4708 -99959.73057857084
4710 -99959.84690350958
4720 -99959.89160296699
4724 -99959.95042128843
4726 -99959.99621454372
4730 -99960.04610130713
4736 -99960.09253974778
4737 -99960.52744263492
4760 -99960.53711571525
4764 -99960.60261454766
4765 -99960.96134512944
4778 -99961.45629616373
4853 -99961.47438503234
4855 -99961.7074053197
4858 -99961.77763885811
4860 -99961.8793570918
4863 -99962.19463741526
4927 -99962.57014507195
4932 -99962.7382021758
4943 -99963.10342703469
4994 -99963.23870490464
5022 -99963.37376881007
5032 -99963.52361889384
5061 -99963.59619672182
5101 -99963.62592676272
5111 -99963.79211651931
5128 -99964.00683617302
5148 -99964.03965273198
5166 -99964.15834771529
5170 -99964.50551663453
5174 -99964.85503601495
5227 -99964.92016980365
5242 -99964.94687327197
5255 -99964.95447361257
5274 -99965.29832970334
5320 -99965.34615601115
5343 -99965.36071914359
5344 -99965.40421107013
5354 -99965.48829959318
5408 -99965.6907403595
5422 -99965.77012411058
5427 -99966.05321469861
5442 -99966.06112930202
5458 -99966.1850975023
5464 -99966.18605215983
5466 -99966.24638440851
5468 -99966.28593127447
5470 -99966.30517761194
5472 -99966.3852657438
5502 -99966.39991400966
5505 -99966.42877407267
5508 -99966.46025238039
5511 -99966.52265790303
5523 -99966.82489149418
5534 -99966.89181608592
5537 -99967.00077961247
5589 -99967.02141254308
5598 -99967.03433870724
5602 -99967.10030554202
5604 -99967.14123652845
5609 -99967.19744126422
5610 -99967.55836083805
5616 -99967.58972582713
5625 -99967.73283906301
5666 -99967.8179711995
5670 -99967.85193751335
5685 -99968.02355936219
5706 -99968.0483617405
5707 -99968.12041451468
5748 -99968.14384231952
5794 -99968.14384774129
5828 -99968.14485431975
5850 -99968.16265124675
5851 -99968.2159702006
5855 -99968.27880374053
5865 -99968.29786664322
5872 -99968.31649970204
5915 -99968.36924250505
5968 -99968.37908650769
5991 -99968.38265170329
6039 -99968.38461233069
6040 -99968.39043044703
6041 -99968.40737523134
6043 -99968.41031588057
6090 -99968.41912178513
6130 -99968.42823480107
6139 -99968.44232549764
6177 -99968.45559062304
6200 -99968.45572243835
6231 -99968.45670412984
6233 -99968.46049717268
6239 -99968.46387173444
6241 -99968.46757501668
6249 -99968.47467381114
6280 -99968.47484328941
6281 -99968.49623335325
6323 -99968.50391759603
6371 -99968.52340862792
6389 -99968.532468779
6402 -99968.53663012026
6471 -99968.53969340642
6497 -99968.54124593976
6511 -99968.54158980426
6516 -99968.54250085102
6524 -99968.54335603408
6526 -99968.54461986697
6530 -99968.54472992945
6532 -99968.54552868345
6534 -99968.54680147723
6535 -99968.55393923665
6552 -99968.55465306497
6553 -99968.56119062677
6559 -99968.56129170224
6560 -99968.56977851398
6611 -99968.57116117298
6625 -99968.57382999249
6662 -99968.57392008304
6672 -99968.57475393263
6702 -99968.57518429612
6708 -99968.57533360197
6710 -99968.57663382454
6711 -99968.58429261639
6769 -99968.584781219
6773 -99968.58566386922
6774 -99968.59088298892
6793 -99968.59148345885
6794 -99968.59643277976
6806 -99968.5970517319
6807 -99968.6024454961
6815 -99968.60261763344
6816 -99968.6087365225
6824 -99968.60902093399
6826 -99968.61043068243
6827 -99968.61825670759
6836 -99968.61873968356
6837 -99968.62746065132
6845 -99968.62787129043
6847 -99968.62922818899
6848 -99968.63979152293
6857 -99968.64122603764
6859 -99968.64261019178
6868 -99968.64323266434
6869 -99968.65350192596
6880 -99968.65610251174
6889 -99968.65667495129
6891 -99968.65719783407
6892 -99968.66936252279
6893 -99968.70570469172
6894 -99968.81338332771
6903 -99968.8443585872
6927 -99968.88375714116
6938 -99968.90600985404
6947 -99968.9690433484
6957 -99969.00977547956
7019 -99969.07601130517
7032 -99969.08613757527
7033 -99969.1163952136
7043 -99969.16613219176
7061 -99969.19927904605
7098 -99969.23742959718
7113 -99969.25224581076
7132 -99969.29726336943
7169 -99969.31475123353
7184 -99969.31990255497
7185 -99969.3351995658
7202 -99969.35209631405
7232 -99969.3936578693
7236 -99969.39680126653
7240 -99969.4193816999
7281 -99969.44300906631
7282 -99969.51341328709
7289 -99969.54770399988
7290 -99969.62804826241
7352 -99969.63687672732
7359 -99969.6847351989
7360 -99969.82736554078
7373 -99969.85911085836
7385 -99970.1430662583
7405 -99970.2176885484
7409 -99970.313380108
7426 -99970.47422511235
7433 -99970.63791361613
7473 -99970.72091165488
7496 -99970.73383176983
7506 -99970.75227299484
7583 -99970.80311678087
7601 -99970.82709740706
7626 -99970.82797487624
7638 -99970.82923195524
7649 -99970.83216666763
7652 -99970.83450136948
7656 -99970.83803485442
7657 -99970.89304393585
7699 -99970.90031463839
7714 -99970.90127751371
7742 -99970.90367556919
7743 -99970.97204553014
7807 -99971.00934474179
7821 -99971.02791474269
7842 -99971.03479190561
7843 -99971.0542801153
7849 -99971.06657333132
7850 -99971.10328947334
7859 -99971.12596655592
7910 -99971.13487618222
7975 -99971.14177569473
7977 -99971.15989521473
7979 -99971.21395613631
8001 -99971.23978640197
8041 -99971.28084940615
8048 -99971.32519247319
8049 -99971.4575936485
8058 -99971.50440746755
8091 -99971.55592775399
8109 -99971.56007945324
8113 -99971.605062047
8132 -99971.66069799602
8160 -99971.72976875035
8161 -99971.96379329171
8174 -99972.16493627522
8204 -99972.21070139972
8208 -99972.27747140103
8220 -99972.3187128119
8222 -99972.34410098314
8270 -99972.66944754557
8292 -99972.86719571252
8316 -99972.94330983832
8395 -99972.94856743734
8396 -99973.35528749591
8420 -99973.36713170887
8422 -99973.41305210874
8442 -99973.4272960644
8444 -99973.4448598131
8445 -99973.68702292678
8460 -99973.71399733363
8462 -99973.76015439947
8463 -99974.03232949444
8482 -99974.06764186737
8483 -99974.32372288944
8493 -99974.35017188937
8498 -99974.35497373993
8500 -99974.3922751558
8504 -99974.40418838001
8506 -99974.42927470311
8510 -99974.44257714717
8512 -99974.46295165592
8516 -99974.49559582454
8522 -99974.4959363894
8524 -99974.51680182811
8526 -99974.55290575697
8552 -99974.5746741854
8553 -99974.63926878091
8577 -99974.72449427062
8615 -99974.7608424628
8629 -99974.77443266021
8633 -99974.8214267539
8637 -99975.01930159146
8651 -99975.10230226778
8669 -99975.47788870613
8752 -99975.49055240689
8761 -99975.53008851742
8772 -99975.54452923287
8819 -99975.58131343852
8827 -99975.62115975031
8838 -99975.67295534768
8853 -99975.71648844823
8902 -99975.77052202071
8951 -99975.78877165819
8961 -99975.82497938222
8998 -99975.83251687385
9017 -99975.83450055074
9019 -99975.84200944977
9025 -99975.84481182335
9029 -99975.84832910943
9035 -99975.85972209519
9036 -99975.92598523118
9055 -99975.92639716479
9061 -99975.93606482392
9062 -99975.9904204395
9069 -99975.9993211696
9070 -99976.07300784587
9080 -99976.07439148432
9081 -99976.14963708317
9093 -99976.15748032552
9094 -99976.24570970108
9103 -99976.25678459302
9104 -99976.361485046
9113 -99976.36848688265
9115 -99976.3774190334
9116 -99976.49025520124
9123 -99976.49756679505
9124 -99976.63911811377
9133 -99976.64126541585
9135 -99976.66390193722
9136 -99976.82197441593
9147 -99976.83548583103
9153 -99976.84013870031
9155 -99976.8473311151
9161 -99976.8549493903
9163 -99976.87588971548
9169 -99976.87909076051
9171 -99976.89414293993
9173 -99976.91952097324
9175 -99976.94523615383
9176 -99977.09516613546
9200 -99977.20419780562
9213 -99977.26051760044
9221 -99977.29771877841
9238 -99977.31784689597
9239 -99977.3636799012
9257 -99977.49111009245
9320 -99977.5451260023
9323 -99977.70275858948
9329 -99977.97047728322
9352 -99978.20934404401
9366 -99978.29898374945
9400 -99978.32906367042
9430 -99978.44799816764
9450 -99978.5611976879
9455 -99978.62078551004
9471 -99978.66842586042
9482 -99978.77781336971
9521 -99978.79885392444
9543 -99978.80244723038
9566 -99978.95525670769
9570 -99979.0460076023
9575 -99979.09946905434
9647 -99979.10567428582
9656 -99979.11353891407
9705 -99979.16577889444
9715 -99979.21429713034
9730 -99979.26690485374
9765 -99979.27168516968
9782 -99979.28360285402
9790 -99979.30505312112
9791 -99979.36900786197
9824 -99979.38158124824
9834 -99979.53852588712
9854 -99979.53894077684
9885 -99979.55155851459
9900 -99979.5941941998
9911 -99979.60614354142
9924 -99979.6822268406
9937 -99979.68266511979
9965 -99979.71155514225
9977 -99979.71431451435
9983 -99979.71732244855
9989 -99979.72202740339
9993 -99979.72445470556
9994 -99979.81909943296
9999 -99979.82705617549
10001 -99979.84314345148
10003 -99979.84967859367
10005 -99979.87429056766
10015 -99979.8835845447
10017 -99979.90641347728
10029 -99979.91221118552
10051 -99980.0158914619
10057 -99980.0206297403
10074 -99980.06336037072
10106 -99980.15745112179
10137 -99980.1621497695
10138 -99980.17113837425
10179 -99980.18015258726
10209 -99980.25795144502
10221 -99980.29440469142
10233 -99980.37144149817
10249 -99980.37158831075
10271 -99980.4585775392
10310 -99980.5488617606
10319 -99980.61407650943
10328 -99980.61781212549
10371 -99980.66462025238
10384 -99980.68053350195
10407 -99980.84100629504
10425 -99980.92155135481
10435 -99980.94503536276
10436 -99981.00893463659
10482 -99981.01161935185
10484 -99981.01247380298
10524 -99981.02672748256
10526 -99981.12625040193
10530 -99981.14302788602
10571 -99981.23087058535
10574 -99981.2326367032
10642 -99981.23483667616
10665 -99981.31553781935
10670 -99981.32709459103
10683 -99981.32831638685
10700 -99981.36525503315
10724 -99981.40693535672
10748 -99981.47368393124
10776 -99981.47578688976
10792 -99981.48123447731
10813 -99981.54484644599
10818 -99981.76233117325
10832 -99981.78871104046
10867 -99981.88887404391
10879 -99981.98886014924
10889 -99982.11322168005
10910 -99982.32555769586
10924 -99982.38741697461
10968 -99982.42682401033
10981 -99982.46765092756
10996 -99982.46830530056
11019 -99982.58971937178
11059 -99982.74193654078
11084 -99982.79313379803
11092 -99982.82144241959
11121 -99982.82480937036
11125 -99982.86644587436
11171 -99982.90564303745
11190 -99982.96059430984
11194 -99983.29100834268
11252 -99983.3191363194
11254 -99983.37718582278
11261 -99983.39124292257
11265 -99983.40282066907
11271 -99983.44138344903
11273 -99983.4937448824
11275 -99983.52721241389
11279 -99983.54253593294
11285 -99983.60189984702
11287 -99983.65467768206
11291 -99983.68275089537
11313 -99983.69386281511
11319 -99983.71597355645
11321 -99983.7426292378
11323 -99983.7660301146
11325 -99983.80160786124
11329 -99983.80825167238
11333 -99983.82726356256
11335 -99983.83206357225
11337 -99983.83442762219
11339 -99983.86422204226
11343 -99983.87884024174
11366 -99983.89875227174
11368 -99983.90613998786
11370 -99983.92865337833
11374 -99983.94714098757
11376 -99983.96243134908
11382 -99983.98187680022
11388 -99983.9865448235
11392 -99983.9886857816
11394 -99983.99985888845
11395 -99984.08261454565
11412 -99984.09490528221
11414 -99984.11139657615
11417 -99984.11169122484
11419 -99984.126566886
11421 -99984.12772209584
11427 -99984.14024162498
11431 -99984.14676010923
11432 -99984.22981486944
11441 -99984.24346872528
11442 -99984.26807211632
11479 -99984.5036953268
11487 -99984.76031170534
11528 -99984.84374987728
11577 -99984.85827176484
11589 -99985.0180891952
11609 -99985.05022418256
11621 -99985.12050236421
11634 -99985.14494532176
11652 -99985.16199431536
11658 -99985.21020072358
11735 -99985.23611144924
11738 -99985.33001920054
11788 -99985.33834669243
11801 -99985.33925040603
11804 -99985.34444336059
11808 -99985.35097370057
11809 -99985.41111704572
11847 -99985.4610402356
11918 -99985.4715641587
11919 -99985.50220863005
11925 -99985.52728656636
11932 -99985.60174069727
11937 -99985.67828157662
11953 -99985.84461588833
11976 -99985.89706400284
12033 -99985.94834691507
12054 -99986.10364424279
12069 -99986.12477086263
12089 -99986.25642032284
12099 -99986.30157468685
12131 -99986.34305101189
12149 -99986.3550967705
12176 -99986.4330000347
12177 -99986.68145007707
12197 -99986.68770614077
12204 -99986.69687750602
12237 -99986.72002208082
12262 -99986.73487547209
12275 -99986.74759982653
12302 -99986.7795940699
12335 -99986.85157937318
12341 -99986.89273038955
12345 -99986.96416800743
12376 -99986.98755830669
12399 -99987.03763232201
12432 -99987.04369641528
12434 -99987.06203343903
12438 -99987.08333092346
12440 -99987.1224020735
12453 -99987.13708468874
12457 -99987.1616285966
12459 -99987.16608563646
12469 -99987.17078370682
12471 -99987.18265118319
12479 -99987.2036935296
12482 -99987.20513923126
12488 -99987.21650770115
12490 -99987.2326008729
12499 -99987.23274314044
12500 -99987.30700638641
12524 -99987.3157470879
12537 -99987.33080292353
12538 -99987.37564180097
12555 -99987.45438482583
12617 -99987.48407774941
12651 -99987.49479027733
12658 -99987.51116957203
12661 -99987.5664984679
12668 -99987.66175012122
12676 -99987.67681792376
12696 -99987.683837096
12714 -99987.6951508824
12730 -99987.70407006962
12758 -99987.70991644259
12760 -99987.71126394166
12795 -99987.75116741669
12797 -99987.7686124795
12805 -99987.77007246712
12822 -99987.77027283341
12830 -99987.774124927
12831 -99987.82141921938
12843 -99987.82321538124
12844 -99987.88026613946
12856 -99987.88241432277
12857 -99987.93326904453
12867 -99987.94335460606
12868 -99988.01411433864
12882 -99988.01581152578
12884 -99988.02504231968
12886 -99988.03427311257
12888 -99988.0487039882
12891 -99988.05381565868
12892 -99988.12405495111
12906 -99988.14104857396
12908 -99988.14254266053
12910 -99988.14556049492
12912 -99988.15974947745
12916 -99988.16456577931
12918 -99988.17605604701
12919 -99988.24859468458
12937 -99988.44424159269
12981 -99988.45331059578
13024 -99988.48785233841
13043 -99988.51256834243
13093 -99988.51568480015
13127 -99988.51607209381
13195 -99988.53244015544
13201 -99988.53322832906
13210 -99988.53832807958
13230 -99988.5586912728
13267 -99988.5685722502
13281 -99988.56936816407
13283 -99988.57252995837
13285 -99988.57500054473
13287 -99988.57805302992
13293 -99988.58000150927
13295 -99988.5811872512
13297 -99988.5849264382
13301 -99988.58531517662
13302 -99988.6094887631
13323 -99988.61017018936
13325 -99988.61431194111
13327 -99988.61814796715
13332 -99988.62077406897
13334 -99988.62349595358
13335 -99988.64505562125
13343 -99988.64511435702
13344 -99988.66944049535
13355 -99988.67171788882
13357 -99988.67562077755
13359 -99988.67962402514
13369 -99988.6816387908
13373 -99988.68582494276
13375 -99988.68597354014
13377 -99988.68665430951
13379 -99988.69087350472
13381 -99988.69413531508
13383 -99988.69506703866
13387 -99988.69819875406
13388 -99988.72139765864
13423 -99988.72468089453
13435 -99988.72474584598
13437 -99988.7255866319
13439 -99988.72803053993
13441 -99988.73084928587
13472 -99988.73370939393
13518 -99988.73483581454
13536 -99988.73809881197
13571 -99988.75938135592
13572 -99988.82223030891
13582 -99988.8513112654
13589 -99988.86947332179
13647 -99988.8969845157
13663 -99988.90116891393
13668 -99988.91203182128
13736 -99988.91282616332
13737 -99988.91520680912
13738 -99988.92232730858
13744 -99988.92800082373
13751 -99988.95080712394
13764 -99988.95307809081
13800 -99988.96159472209
13869 -99988.96449903472
13885 -99988.96451479445
13898 -99988.96638032969
13909 -99988.96784652435
13927 -99988.96815194504
13930 -99988.96953356586
13944 -99988.97298480872
13982 -99988.9736385778
14006 -99988.97540552737
14010 -99988.98161460785
14034 -99988.9875793781
14038 -99988.99842232247
14043 -99989.00026904844
14044 -99989.0057611454
14076 -99989.00658698368
14097 -99989.0220776184
14110 -99989.0235754776
14111 -99989.02805499811
14114 -99989.0319334697
14167 -99989.03469231793
14182 -99989.03962378866
14192 -99989.05390777955
14201 -99989.06577838337
14218 -99989.0694670562
14230 -99989.09471883286
14255 -99989.0966971523
14324 -99989.09723723744
14325 -99989.11867697681
14343 -99989.12090667542
14357 -99989.13430247662
14367 -99989.13770751578
14383 -99989.14260443089
14418 -99989.14409904547
14420 -99989.14420712774
14422 -99989.14827042051
14460 -99989.1496316961
14462 -99989.1498909266
14474 -99989.15065741268
14498 -99989.1645701774
14515 -99989.17751913492
14550 -99989.18427552341
14554 -99989.19519878353
14591 -99989.19836097029
14604 -99989.19903931211
14605 -99989.20107399451
14626 -99989.20388343981
14687 -99989.20580231263
14704 -99989.20668078159
14708 -99989.20954865082
14712 -99989.21449094996
14757 -99989.21509012466
14780 -99989.21826705984
14814 -99989.21970443118
14821 -99989.22266618618
14858 -99989.22289298235
14922 -99989.22295088036
14927 -99989.22351466019
14950 -99989.22353959562
14951 -99989.22361435358
14980 -99989.22367145747
14987 -99989.22383703564
15000 -99989.22393932282
15012 -99989.22394222126
15019 -99989.22421331814
15046 -99989.22442698768
15049 -99989.22451134013
15063 -99989.22483794263
15075 -99989.22506290104
15105 -99989.22556551809
15109 -99989.22586579142
15118 -99989.22591143091
15134 -99989.22618490936
15142 -99989.22634186441
15160 -99989.22638732019
15173 -99989.22666484052
15176 -99989.22741559724
15180 -99989.22749051181
15183 -99989.22857714898
15223 -99989.2287813316
15231 -99989.22900891787
15252 -99989.22907143457
15253 -99989.22925882177
15282 -99989.22965498386
15284 -99989.22977363504
15304 -99989.23051612123
15318 -99989.23278875917
15327 -99989.23392372341
15363 -99989.23413528498
15375 -99989.23440070132
15422 -99989.23446705934
15440 -99989.23450235362
15457 -99989.23495552804
15462 -99989.2350203323
15470 -99989.23591397822
15486 -99989.23600985277
15498 -99989.2362181429
15499 -99989.23684267746
15509 -99989.23761635505
15537 -99989.23794768174
15540 -99989.23837736838
15549 -99989.24057790313
15576 -99989.24072598368
15612 -99989.24085437151
15625 -99989.2409123425
15669 -99989.24102087504
15670 -99989.24134641077
15687 -99989.24141080878
15707 -99989.24143438056
15708 -99989.24150509352
15723 -99989.241531688
15763 -99989.2415475021
15770 -99989.24178357418
15806 -99989.24194616496
15813 -99989.24198313
15826 -99989.24203246356
15827 -99989.24218045999
15839 -99989.24232878018
15850 -99989.24258129681
15857 -99989.24279703168
15893 -99989.24285281071
15894 -99989.24302014252
15905 -99989.24310893315
15936 -99989.24313704109
15938 -99989.24366985162
15977 -99989.2437198314
15979 -99989.2439112456
15982 -99989.24393633385
