184 4681.210084528422
218 4679.667577140628
224 4602.2834277371785
249 4497.657587144799
275 4491.270898151355
341 4256.674595017904
355 4223.71350784632
380 4138.031143725657
443 4099.499955658248
461 4072.993963297007
565 3955.502651392851
573 3885.7275781085605
609 3797.28226940917
622 3761.9904351189425
740 3749.7086950910466
773 3749.6014551716075
775 3717.07793872843
795 3706.5145521070576
811 3668.3836882702153
821 3569.837024166088
876 3536.982353643952
920 3527.2087585207532
922 3512.8008750783865
926 3508.381435348184
991 3498.185063809711
1002 3450.269661466501
1003 3429.151238141042
1048 3407.9735971479467
1054 3379.2411809338028
1070 3370.854377031565
1107 3368.131163128967
1142 3333.7886153848785
1170 3313.3303551265917
1201 3305.1111282262164
1214 3302.4181939420705
1268 3298.918624378878
1278 3294.2555134279482
1279 3291.0920131950425
1286 3284.7715462133838
1300 3280.2970408367355
1302 3266.471570177018
1351 3265.849041047586
1378 3264.0626719299453
1401 3261.7906279883205
1439 3258.981458115088
1468 3256.9372743704844
1472 3256.736887347693
1481 3246.018657941073
1504 3236.404730444593
1536 3228.7603092147574
1564 3225.9840407008483
1568 3218.6844442132506
1569 3213.7568998253482
1604 3204.601888353779
1700 3203.976140882359
1707 3202.688748916449
1708 3200.3089404336015
1725 3197.2662131640245
1727 3195.4531124814357
1752 3193.4708047187823
1759 3193.2577318095946
1763 3190.884005068827
1771 3190.3971199925754
1772 3186.2983724401474
1792 3184.8140469622113
1794 3182.600615092423
1795 3182.4966448020414
1802 3179.7210506662527
1807 3177.8291189685024
1808 3175.3352780964597
1819 3174.9421734238854
1823 3173.2698919811774
1857 3172.418249659368
1859 3168.9073013641555
1860 3167.2678990817813
1879 3166.687682311951
1902 3166.6732572505402
1954 3166.1354414570696
1957 3163.545066463521
2012 3163.3538817326316
2026 3161.326397298044
2046 3160.409098342824
2070 3155.429040152272
2145 3154.991376304688
2170 3153.0359304137914
2177 3150.654551813149
2187 3145.2917804818367
2206 3145.0879292263207
2218 3144.940055261686
2221 3141.802968605276
2238 3140.3731965469833
2239 3138.700347273074
2330 3129.8677942976224
2377 3128.221505419918
2396 3127.637221295565
2414 3127.2520162260935
2416 3125.203272723534
2417 3123.1920434550275
2437 3122.3478858074577
2466 3122.095594089501
2515 3121.8027715815006
2530 3116.719666461494
2590 3116.4144366331016
2595 3115.114512294697
2596 3112.4500294816144
2608 3112.225495061285
2610 3110.921283259736
2611 3109.294460797956
2616 3102.3183645782683
2622 3097.1904904830117
2717 3097.150427069014
2718 3097.1014699386988
2720 3096.7026363199093
2739 3095.5601426300836
2756 3093.69332116313
2759 3092.4147699264972
2827 3091.8874323552054
2829 3090.687019375183
2866 3089.4753902199855
2875 3088.689320472241
2884 3083.843253274621
2965 3082.3624627151084
2974 3082.2068149208962
2986 3081.7803436878107
3014 3081.3422908021903
3042 3081.045336064277
3043 3080.303846430077
3059 3079.960624252092
3060 3079.7817661510144
3124 3079.6717119728605
3129 3078.3988547566105
3136 3077.9523369290405
3220 3077.498535275065
3231 3076.9837488634184
3253 3076.424547647837
3275 3076.3234020583013
3302 3076.2644654162605
3315 3075.8942526713063
3358 3075.4796693320322
3359 3074.397621009779
3380 3074.2342679755034
3396 3073.843276893589
3405 3073.754156389623
3408 3073.723183293795
3409 3073.067949402593
3449 3072.9532693586034
3463 3071.0349410116023
3533 3070.7376791947604
3591 3070.6429443076922
3594 3070.5069722127946
3595 3070.318262815277
3598 3070.3096229704506
3635 3069.9532441744986
3636 3069.3379849359394
3650 3069.235874402153
3714 3069.054498339335
3770 3068.954276185723
3785 3068.913348050437
3806 3068.9108523554696
3880 3068.8879312352424
3911 3068.8879218584007
3915 3068.8852529045976
3921 3068.880491055793
3925 3068.8724949161824
3929 3068.8708955384245
3930 3068.8291044151274
3953 3068.826152528931
3955 3068.8243251583217
3956 3068.7861589529884
3972 3068.7856117188558
3973 3068.74871243763
3979 3068.7444907398435
3980 3068.6895339064367
3992 3068.681151732995
3993 3068.6281720655334
4002 3068.62490528927
4003 3068.573132041522
4009 3068.5703760169717
4010 3068.503648210216
4022 3068.489500944297
4023 3068.4346688275755
4032 3068.4197198892334
4033 3068.3517927678176
4045 3068.3381189079264
4046 3068.2538335816444
4057 3068.2481286459874
4058 3068.1506533565976
4066 3068.142489159829
4067 3068.0725906158377
4074 3068.0701104074296
4075 3067.9885838416994
4083 3067.97179603715
4084 3067.8505491495016
4094 3067.8438826633537
4095 3067.7488482898702
4104 3067.713777472038
4105 3067.588477863146
4117 3067.575335937013
4118 3067.478976168196
4124 3067.4589010430227
4126 3067.4542377837597
4127 3067.334110154372
4136 3067.3328331113426
4140 3067.3170875525366
4148 3067.310003241198
4149 3067.2493074414797
4155 3067.246349655436
4160 3067.232620233027
4163 3067.2306543439718
4168 3067.2240735140476
4171 3067.1872929236006
4178 3067.132723776467
4241 3067.1259223384404
4259 3067.1053321784066
4270 3067.0915671915395
4310 3067.0777805748958
4370 3067.0703088564574
4399 3067.0619217837802
4403 3067.061698925156
4404 3067.059967083285
4418 3067.0580663686974
4428 3067.049679943707
4440 3067.048760442116
4445 3067.0430076155276
4446 3067.0320235722693
4462 3067.0319176872977
4463 3067.0241514089994
4470 3067.0224843141227
4471 3067.013344988535
4474 3067.011931280665
4477 3067.006555425024
4478 3066.9871052989483
4527 3066.9805755408643
4531 3066.979566998065
4532 3066.965751681371
4545 3066.96293196062
4546 3066.9501292722043
4555 3066.949266433278
4556 3066.9327806103083
4567 3066.929208623952
4568 3066.913103806696
4576 3066.911973432574
4577 3066.89371876676
4586 3066.891709492884
4587 3066.8696136133494
4599 3066.866810509405
4600 3066.848068130138
4609 3066.8474563271557
4610 3066.8332845560394
4618 3066.8269514143503
4619 3066.8049900760307
4634 3066.8049680427084
4636 3066.7980075360956
4637 3066.7880515776983
4641 3066.7853031383947
4642 3066.766737806687
4652 3066.7641414223945
4653 3066.748295468414
4661 3066.747511086709
4662 3066.7324618598195
4666 3066.7296230045677
4667 3066.703362290375
4678 3066.6966392005843
4679 3066.670017095199
4685 3066.6691850600364
4686 3066.6329939935904
4696 3066.621230444153
4697 3066.5775262532625
4721 3066.5766591428633
4725 3066.565988200309
4726 3066.5297731206683
4728 3066.4467494001424
4729 3066.4251985600813
4751 3066.368126774514
4754 3066.3064814231657
4844 3066.299929112739
4858 3066.2915473004723
4866 3066.2787760795654
4886 3066.2704813356027
4957 3066.270431209334
4971 3066.260422630978
5051 3066.255585026324
5074 3066.2551452939356
5076 3066.25314649375
5078 3066.2518266288225
5080 3066.251473078547
5082 3066.249929481687
5086 3066.248643881273
5087 3066.239289116834
5104 3066.238939191619
5105 3066.23068189175
5117 3066.2290108914635
5119 3066.2278165042053
5120 3066.2172727147617
5129 3066.2170997222984
5131 3066.2159183512836
5133 3066.2152607834387
5134 3066.2039062618087
5146 3066.2030143398442
5147 3066.1917129986364
5154 3066.191247155243
5155 3066.1783591179083
5166 3066.177778951316
5167 3066.1649869577004
5174 3066.1639740295077
5175 3066.1495234920803
5183 3066.1479747339267
5184 3066.1309936464604
5194 3066.129534688688
5195 3066.11548554258
5201 3066.114223362777
5202 3066.0965440990494
5211 3066.094546435593
5212 3066.076717211945
5220 3066.0762513276654
5221 3066.0588321790237
5230 3066.0576910024192
5231 3066.0426782032673
5238 3066.04105259493
5239 3066.022022545134
5253 3066.019207488852
5254 3066.0077465370787
5261 3066.0071091634104
5262 3065.9913917416798
5271 3065.989296819065
5272 3065.9698433258222
5285 3065.969067362197
5286 3065.949446509552
5295 3065.9483849245044
5297 3065.9460022208395
5298 3065.924792760052
5316 3065.924532637064
5319 3065.9190578592306
5322 3065.914183920255
5323 3065.8915469632616
5337 3065.890415230404
5339 3065.8902024160416
5340 3065.8744070877456
5350 3065.870603040401
5354 3065.8679110793983
5356 3065.8647979660354
5357 3065.840834764927
5367 3065.8386475623956
5368 3065.810675152674
5379 3065.806026849575
5380 3065.7820892287
5385 3065.781340672536
5386 3065.7474294433687
5396 3065.7430414115465
5398 3065.737621122453
5399 3065.7007823826407
5431 3065.6980831025544
5458 3065.6977213805076
5459 3065.696734666204
5468 3065.6953820679
5537 3065.6927494695833
5551 3065.685948896963
5555 3065.683855963376
5558 3065.6823318584475
5562 3065.6726144787162
5574 3065.6612197671916
5595 3065.630468221966
5596 3065.555671246688
5600 3065.517735098078
5615 3065.5071135656144
5628 3065.494280592456
5630 3065.4663531773904
5636 3065.453187956904
5637 3065.4147633591037
5640 3065.4142019707256
5662 3065.4025159116363
5664 3065.3853065860085
5671 3065.172749998441
5707 3065.0766675014056
5749 3065.021688667266
5757 3064.998250180892
5768 3064.965073570197
5795 3064.9503253099238
5796 3064.8210476717372
5813 3064.7905092482097
5871 3064.7601735141498
5902 3064.7594035014477
5917 3064.7485186064887
5971 3064.739561224908
6025 3064.7365837200937
6068 3064.735464478374
6069 3064.7261812369698
6088 3064.7254101347644
6093 3064.7230359359673
6097 3064.7221237264425
6098 3064.7167575148333
6103 3064.7161868413655
6105 3064.715474714095
6106 3064.704731823389
6116 3064.7037584355767
6117 3064.6922003602663
6130 3064.689310470081
6134 3064.6865450165365
6135 3064.67531361867
6147 3064.6752483754517
6148 3064.662715121221
6159 3064.661741747502
6163 3064.6597740441393
6164 3064.657030173753
6170 3064.651389060307
6173 3064.6512406938136
6174 3064.638463693047
6182 3064.6331360785416
6184 3064.6330314810343
6185 3064.6175551628276
6205 3064.613178053289
6209 3064.60934327824
6210 3064.5965064179027
6230 3064.5956842317473
6237 3064.5941216347583
6245 3064.592891537105
6247 3064.5908984739567
6262 3064.5902304575134
6264 3064.5899146929855
6266 3064.5889973565722
6268 3064.5867284189444
6285 3064.582117250973
6357 3064.580597676568
6364 3064.578422108917
6414 3064.5769754960925
6438 3064.575186139372
6472 3064.5742667927416
6499 3064.5741879603133
6523 3064.5737085364417
6531 3064.573534912338
6586 3064.573126786995
6618 3064.573083506849
6620 3064.5725561670542
6621 3064.5692656243864
6652 3064.5657670253763
6696 3064.5642610563027
6723 3064.56130821284
6780 3064.5604295742633
6809 3064.559841352232
6862 3064.559822675724
6919 3064.5598160224063
6922 3064.559799257279
6923 3064.559781792118
6940 3064.5596115530298
6972 3064.559510593627
6974 3064.5595089300386
6975 3064.559115277145
7039 3064.5588134566433
7086 3064.5587764140396
7088 3064.558764858961
7089 3064.5583434493383
7122 3064.558341879816
7126 3064.5583205490425
7127 3064.558007581764
7140 3064.5580070577953
7141 3064.557675087319
7149 3064.5576718585826
7150 3064.557310564507
7157 3064.557272658858
7159 3064.557231041268
7160 3064.556770194212
7169 3064.5567423976454
7170 3064.556245664695
7177 3064.556222382963
7178 3064.555616587023
7187 3064.5555263392976
7188 3064.55482750826
7196 3064.5547862344265
7197 3064.553985858297
7205 3064.5539433041354
7206 3064.553009072616
7215 3064.552845812299
7216 3064.5517748289194
7224 3064.551684661535
7225 3064.5504330718595
7234 3064.5502781311525
7235 3064.5488914179123
7242 3064.5488885917534
7243 3064.547252816244
7252 3064.5469892366464
7253 3064.5451124539477
7261 3064.54506514528
7262 3064.542993546695
7270 3064.5428622618033
7271 3064.540534297
7279 3064.540480895539
7280 3064.5379789784397
7288 3064.5375171603937
7289 3064.5345502693535
7298 3064.534196386375
7299 3064.5309972928635
7307 3064.5306923863072
7308 3064.527159604203
7317 3064.5264494394223
7318 3064.5224053650563
7327 3064.5221770962207
7328 3064.5182535059394
7336 3064.5179543538757
7337 3064.513807233441
7346 3064.513171796447
7347 3064.50908882631
7356 3064.509066993458
7357 3064.5061070325837
7364 3064.5060618121715
7365 3064.5037231249726
7372 3064.5028341754028
7373 3064.5002361543666
7413 3064.4998036872216
7414 3064.4985245337516
7433 3064.497869982173
7434 3064.4966949222976
7443 3064.4963538493275
7444 3064.495211598495
7452 3064.495177334111
7453 3064.4942327978324
7455 3064.493826898836
7456 3064.4915060470103
7467 3064.4909666619888
7468 3064.4882578262414
7482 3064.4866194493734
7483 3064.4834421211717
7493 3064.4832982429207
7494 3064.480488279041
7502 3064.4795425828233
7503 3064.4753564749385
7515 3064.4747074033994
7516 3064.470886599384
7523 3064.470828860608
7524 3064.4666216842893
7533 3064.465357558057
7534 3064.4603590716642
7545 3064.460246317285
7546 3064.4563092890703
7553 3064.4555654616433
7554 3064.451516808649
7563 3064.4514189544266
7564 3064.448433416735
7568 3064.4482646543574
7569 3064.444622070614
7576 3064.444012151614
7580 3064.442687835717
7582 3064.4423927339717
7583 3064.4355462748363
7599 3064.434937604758
7609 3064.434567365889
7614 3064.433701990698
7649 3064.432836898959
7657 3064.432562971373
7674 3064.432134620172
7675 3064.430844222742
7676 3064.4269255508175
7677 3064.414771295975
7678 3064.376323131459
7681 3064.3717249650163
7682 3064.3567470338985
7706 3064.328356296103
7728 3064.3094749606776
7750 3064.300253426819
7764 3064.2958368143304
7796 3064.2939403590203
7798 3064.2833570232697
7866 3064.282429840912
7907 3064.280884526871
7911 3064.2776231114226
7918 3064.2773620169855
7919 3064.2707410717253
7920 3064.2579163653973
7921 3064.2406478931844
7956 3064.223475418408
7957 3064.168959557503
7971 3064.159594543046
7993 3064.152987285272
8061 3064.1523027166295
8062 3064.150286132309
8075 3064.148893164081
8076 3064.1441926547113
8125 3064.1425859536903
8126 3064.13777137153
8143 3064.1356994347134
8179 3064.1316149709473
8184 3064.130751748021
8185 3064.1276002725385
8186 3064.1129562687584
8192 3064.108633457805
8193 3064.0847486677285
8274 3064.069240671208
8292 3064.063566113008
8293 3064.0443106513285
8298 3064.0386535275343
8309 3064.015332205854
8352 3064.010499677657
8393 3064.0102571248863
8394 3064.0095325042457
8400 3064.0022580367786
8419 3064.0001720270857
8420 3063.993914420637
8454 3063.992331446966
8467 3063.9905288702184
8526 3063.990183520428
8527 3063.9893523913133
8528 3063.988483729727
8530 3063.9819312991062
8531 3063.96760687147
8613 3063.96641971182
8615 3063.960667614355
8616 3063.9455293669994
8647 3063.942925216797
8648 3063.929511642955
8658 3063.9293363477364
8659 3063.915800386627
8665 3063.9143432932415
8666 3063.894022894291
8675 3063.893570284663
8676 3063.8691284664924
8684 3063.868655602662
8686 3063.8647941987265
8688 3063.8632772035007
8690 3063.8574766432876
8691 3063.8242923753423
8711 3063.821448100823
8713 3063.8160543226263
8717 3063.810083765662
8719 3063.808616184046
8720 3063.7759055883735
8744 3063.7733340414366
8745 3063.765660862559
8765 3063.7625385252068
8782 3063.7609697549765
8823 3063.754883939568
8858 3063.7532807625853
8887 3063.75326934849
8924 3063.7517768966163
8926 3063.7513128280298
8929 3063.750639555997
8965 3063.750098114329
8966 3063.7477123144367
8985 3063.747665494401
8998 3063.7475386435963
8999 3063.7456822495096
9006 3063.7454345660376
9007 3063.7429730639988
9017 3063.7426962070067
9018 3063.7399920284774
9026 3063.739694684823
9027 3063.7364820912208
9035 3063.7363686891067
9036 3063.732549307408
9045 3063.7321816698895
9046 3063.727949534009
9053 3063.727870459884
9054 3063.722694800832
9063 3063.722207259277
9064 3063.7164277447473
9072 3063.7155580966123
9073 3063.7085264521265
9081 3063.7084194213
9082 3063.700273768707
9091 3063.698951393377
9092 3063.689557325246
9100 3063.6880533999747
9101 3063.676211587545
9110 3063.6752258602028
9111 3063.661589353317
9119 3063.6603617727724
9120 3063.6436821186962
9129 3063.641226157655
9130 3063.621099466285
9138 3063.62091384186
9139 3063.597498495943
9147 3063.595291484843
9148 3063.566597270559
9157 3063.562161030707
9158 3063.528824818919
9166 3063.5280418086095
9167 3063.4904721293415
9176 3063.483920665924
9177 3063.433698863733
9185 3063.4308218021088
9187 3063.422207124221
9197 3063.4214471690934
9205 3063.4163622364076
9250 3063.4161944889665
9251 3063.4158654542225
9261 3063.389807700164
9322 3063.389080630728
9335 3063.3885469214692
9346 3063.38613303498
9367 3063.3852772837636
9408 3063.3849166949203
9466 3063.3849114371205
9467 3063.384895383846
9476 3063.3848477877814
9564 3063.384809461643
9627 3063.3848018895064
9638 3063.3847894191777
9644 3063.3847830646437
9707 3063.3847827320574
9778 3063.3847826442275
9779 3063.3847823807364
9829 3063.3847823607484
9832 3063.384782128746
9843 3063.3847819303764
9844 3063.3847813349903
9845 3063.3847795463553
9846 3063.3847741581494
9847 3063.3847577931215
9848 3063.3847069026683
9849 3063.3845383100543
9887 3063.384372813821
9896 3063.384310219075
9901 3063.3842533173665
9917 3063.3841829600874
9946 3063.384181378449
9948 3063.384180884427
9956 3063.383970964175
10021 3063.383968086703
10023 3063.383949466081
10025 3063.3839323598513
10031 3063.38391048984
10038 3063.3839103314594
10096 3063.3838966449025
10101 3063.3838866402402
10105 3063.3838831060402
10107 3063.383873759154
10128 3063.38387187207
10132 3063.3838670137925
10147 3063.383855009036
10179 3063.3838538838563
10186 3063.383850723152
10187 3063.3838130974414
10216 3063.383812358974
10217 3063.383779273583
10238 3063.3837761342334
10239 3063.383744221096
10249 3063.3837410713013
10250 3063.38370148177
10260 3063.383697979506
10261 3063.383654553737
10271 3063.383652677995
10272 3063.383604744423
10280 3063.383602752046
10281 3063.3835468421767
10288 3063.3835466230726
10289 3063.3834787035016
10297 3063.383472671078
10299 3063.383461888612
10300 3063.3833762314716
10309 3063.3833687212195
10310 3063.383268701382
10318 3063.38326509791
10319 3063.3831505159174
10327 3063.38314397902
10328 3063.3830086206854
10338 3063.3830018016056
10340 3063.382975268769
10341 3063.3828023488836
10350 3063.3827850815633
10351 3063.38258116214
10362 3063.382561920056
10363 3063.382317586004
10372 3063.3823095569664
10374 3063.382271376794
10376 3063.382239845821
10378 3063.38223026573
10382 3063.3821883434393
10383 3063.3819016845814
10429 3063.381899874207
10441 3063.381895302801
10447 3063.381874723266
10453 3063.381866083451
10458 3063.3818520003683
10460 3063.381838590478
10462 3063.3818225993878
10464 3063.381799528647
10472 3063.381782178166
10473 3063.3816520193295
10520 3063.3816455087504
10539 3063.3816334998482
10619 3063.3816325669136
10657 3063.381631575823
10675 3063.3816311472183
10728 3063.381631026166
10741 3063.381630045785
10756 3063.381629090257
10774 3063.381628049783
10840 3063.381627959576
10850 3063.381627807211
10904 3063.3816276712855
10976 3063.381627659739
10991 3063.3816276394123
10993 3063.381627637566
10995 3063.3816276320294
10996 3063.3816276154203
10997 3063.381627565591
10998 3063.381627416092
10999 3063.381626967482
11000 3063.3816256206296
11001 3063.381621570877
11002 3063.3816093382884
11003 3063.3815718758196
11004 3063.381452214884
11005 3063.3810177735213
11006 3063.3788165900455
11007 3063.3622507702353
11008 3063.326452784984
11012 3063.3165409782223
11013 3063.2871959577965
11031 3063.280948754388
11060 3063.2715626803974
11080 3063.2677434093625
11107 3063.266128076547
11109 3063.2615642387873
11124 3063.2586526362493
11159 3063.253973130505
11166 3063.2515410210403
11228 3063.251123460499
11239 3063.2496545023196
11256 3063.2490993251267
11292 3063.2489662310136
11362 3063.2487861464483
11379 3063.24872040778
11381 3063.248594184495
11409 3063.2485933902863
11444 3063.248481263571
11450 3063.248325397369
11485 3063.248288316003
11493 3063.2482654369733
11494 3063.2480067118786
11516 3063.2480032461035
11518 3063.247979407325
11519 3063.2477303968035
11528 3063.2476910010632
11529 3063.247393101028
11538 3063.247369610589
11539 3063.2470434428533
11546 3063.247035354053
11547 3063.246628528086
11556 3063.246620368363
11557 3063.2461926703304
11564 3063.246161833943
11565 3063.2456322196695
11574 3063.24557263266
11575 3063.2449801943685
11584 3063.2448164749067
11586 3063.2447745759987
11588 3063.24464689176
11589 3063.2438911757777
11598 3063.2437749588426
11601 3063.2437212284767
11602 3063.24292823616
11609 3063.242832857966
11610 3063.241773887017
11623 3063.2416502070546
11624 3063.240602931952
11631 3063.240557001375
11632 3063.2392836925146
11641 3063.2391719804173
11642 3063.2377329593924
11650 3063.2376933262844
11651 3063.23610349853
11659 3063.23595594601
11660 3063.2340758130954
11669 3063.2337938149403
11670 3063.2316406320415
11678 3063.231468001408
11679 3063.2289816761577
11688 3063.2287307553215
11689 3063.225918484749
11698 3063.225504308243
11699 3063.222352443115
11708 3063.221848138409
11709 3063.2183179390086
11718 3063.2180117386815
11719 3063.2142148551425
11728 3063.2138096261597
11729 3063.209924111774
11737 3063.2095659703255
11738 3063.2053885765476
11746 3063.2052953867415
11747 3063.2010645071296
11755 3063.200889988415
11756 3063.1969667713224
11764 3063.196669920426
11765 3063.193056738142
11773 3063.192617773444
11774 3063.1890574003273
11785 3063.188934453482
11786 3063.18743609711
11793 3063.186910966918
11794 3063.1856097447717
11804 3063.1855847212037
11805 3063.1850406626418
11809 3063.184721290866
11810 3063.1838593909433
11822 3063.1833598273806
11823 3063.181336224333
11863 3063.181088932779
11864 3063.179905452197
11874 3063.179798563133
11875 3063.178232340305
11880 3063.1777195112068
11881 3063.1741761495678
11895 3063.1727140941803
11896 3063.168740162637
11913 3063.1684487705274
11914 3063.16529232398
11919 3063.1652468688208
11920 3063.160676558009
11932 3063.1600997641463
11933 3063.155589437972
11940 3063.155467152623
11941 3063.1503201742357
11951 3063.15020712776
11952 3063.1453946727324
11961 3063.1453467748497
11962 3063.1396369353424
11981 3063.1379537037637
11989 3063.137175398225
11994 3063.1367109239663
11997 3063.13610696395
12001 3063.135048051479
12002 3063.1308071904014
12024 3063.130058966636
12025 3063.128203399923
12026 3063.126339118003
12037 3063.1226411118473
12044 3063.121033199236
12045 3063.116767616125
12046 3063.1080886853624
12068 3063.1045812330262
12134 3063.104252199553
12150 3063.1018388913185
12182 3063.101252505335
12183 3063.1002131128353
12243 3063.099932106219
12244 3063.0990887485714
12249 3063.094067935259
12256 3063.091130184655
12263 3063.0882889637087
12291 3063.085833485121
12300 3063.0779074199027
12334 3063.0763666739904
12356 3063.076214190788
12358 3063.07468188847
12360 3063.073743522167
12362 3063.0721280318667
12363 3063.063576130916
12388 3063.0628075716513
12389 3063.0559258714848
12402 3063.0559006848894
12404 3063.055337869989
12405 3063.049332076714
12413 3063.046920361825
12414 3063.038913766984
12425 3063.0193962415005
12426 3062.9998312180373
12439 3062.9945729761776
12440 3062.9748878477
12448 3062.972910921145
12535 3062.9697978876357
12542 3062.965560163186
12577 3062.960985837424
12586 3062.959025069048
12633 3062.9583042321046
12668 3062.9575970297074
12750 3062.9575927714905
12752 3062.9575076197316
12754 3062.957404070237
12755 3062.9562950672325
12826 3062.9562051112443
12834 3062.95617255468
12835 3062.955688914258
12847 3062.9556638072836
12848 3062.955068794249
12866 3062.954982312457
12867 3062.9543258551053
12878 3062.954320649834
12880 3062.954200524191
12881 3062.9534348618527
12893 3062.951307304701
12922 3062.9500561266377
13002 3062.9499882407576
13031 3062.949935471188
13067 3062.949903313486
13071 3062.9498628976817
13135 3062.9498527988812
13143 3062.949850600535
13181 3062.9498454247664
13249 3062.9498433251956
13252 3062.949841431494
13276 3062.949831892828
13428 3062.949831840388
13434 3062.9498317859643
13446 3062.9498317061907
13473 3062.9498315834817
13475 3062.949831215392
13476 3062.9498301114554
13477 3062.949826802611
13478 3062.9498169030126
13479 3062.9497874520644
13480 3062.9497014719855
13481 3062.9494680821135
13482 3062.9489689093384
13483 3062.947155026684
13484 3062.9457091822214
13486 3062.9275666196245
13492 3062.923705970885
13496 3062.918706411555
13507 3062.9184025804816
13508 3062.9170844385853
13516 3062.9096429016636
13529 3062.908116812075
13542 3062.906625617783
13544 3062.9021467587418
13580 3062.8999501126514
13599 3062.8960410829227
13629 3062.8901328059533
13665 3062.8865757825906
13720 3062.886043312435
13737 3062.885845161984
13745 3062.8858099807508
13746 3062.8857036376303
13747 3062.8853953369303
13781 3062.8851128401516
13782 3062.8842672572446
13819 3062.88425062237
13820 3062.8842018249034
13821 3062.883735978159
13830 3062.8791060104686
13831 3062.867006465197
13843 3062.865174208648
13844 3062.8595816303227
13845 3062.844410887011
13860 3062.8356646044517
13869 3062.8319592571142
13919 3062.8208876155377
13922 3062.819672120272
13923 3062.7911674192237
13962 3062.7727976092765
13971 3062.764317056492
13982 3062.7511483674652
13987 3062.7376313675995
14014 3062.731638199168
14015 3062.6892239352287
14051 3062.688451196427
14062 3062.6852165048385
14064 3062.685084377763
14068 3062.6785756462086
14074 3062.6629146938385
14075 3062.620026110651
14106 3062.616775255634
14107 3062.581953767218
14117 3062.57638718939
14118 3062.5596189914095
14131 3062.548840002603
14143 3062.5382629227943
14169 3062.524384969929
14196 3062.5196043980236
14212 3062.4886092716233
14251 3062.483097756998
14289 3062.479694432942
14294 3062.4775105216577
14342 3062.4744762944856
14415 3062.4744746699985
14432 3062.4744654435194
14445 3062.4739434893845
14506 3062.4729493084387
14635 3062.472878218895
14664 3062.472856383919
14668 3062.4727718143404
14692 3062.472708603093
14712 3062.4727081160263
14755 3062.4726607581124
14767 3062.4725885348344
14769 3062.4725106897154
14771 3062.472262322114
14772 3062.4713832126013
14773 3062.467534979087
14787 3062.4659415091787
14794 3062.465853241705
14851 3062.464311097655
14859 3062.4642083351173
14869 3062.4639712513813
14926 3062.463915636092
14961 3062.4638885211584
15020 3062.4638648107803
15037 3062.4638189205752
15075 3062.463800022748
15094 3062.463791434471
15137 3062.4637887185363
15169 3062.463784833225
15171 3062.4637742802793
15195 3062.463759725142
15204 3062.4637564476925
15215 3062.4637533822906
15226 3062.4637533474206
15260 3062.463753019684
15262 3062.463749221538
15263 3062.4637238072173
15278 3062.463722908018
15279 3062.463696622026
15290 3062.4636937999285
15291 3062.463663981839
15300 3062.4636584409814
15301 3062.4636237991344
15308 3062.4636230721712
15309 3062.4635800247906
15321 3062.463576943374
15322 3062.46353108135
15329 3062.463530015817
15330 3062.4634741860814
15339 3062.4634681733696
15340 3062.4634026826025
15349 3062.4633909042186
15350 3062.463312720015
15358 3062.4633077828357
15359 3062.4632135213697
15368 3062.4632074019637
15369 3062.463100075554
15377 3062.4630907660785
15378 3062.462962764269
15386 3062.4629607228408
15387 3062.4628105767024
15395 3062.4628080108914
15396 3062.4626362390295
15404 3062.4626193236395
15405 3062.462410898092
15414 3062.462382865765
15415 3062.462139829936
15423 3062.4621240956567
15424 3062.4618364715684
15432 3062.4618320801046
15433 3062.4614994339245
15441 3062.4614741224495
15442 3062.4610792568583
15450 3062.4610609336187
15451 3062.460595199486
15460 3062.460520118776
15461 3062.4599720174256
15469 3062.4599234379903
15470 3062.459262222136
15478 3062.4592568851667
15479 3062.458493292682
15487 3062.458440295808
15488 3062.457532752288
15496 3062.457465867673
15497 3062.4563714081078
15506 3062.4562165975112
15507 3062.4549334836934
15515 3062.4547958120374
15516 3062.4532164268817
15524 3062.4532021343634
15525 3062.4513605157404
15533 3062.45121967618
15534 3062.4489884175205
15542 3062.4488352868525
15543 3062.4461184189954
15552 3062.4456964307274
15553 3062.4424317777653
15561 3062.442102812663
15562 3062.4380267191655
15570 3062.4379349119818
15572 3062.4373139859754
15597 3062.437022470962
15601 3062.4361432440664
15608 3062.4359221369705
15609 3062.4352584760627
15610 3062.4332644474507
15641 3062.4329213546243
15657 3062.4328329614154
15690 3062.4327638530626
15727 3062.432701004375
15763 3062.4326893158627
15765 3062.4326189362023
15783 3062.432594579941
15849 3062.432594415149
15882 3062.4325879829166
15898 3062.4325837879624
15909 3062.4325778259295
15964 3062.4325767333357
