28 3784.7014574882996
31 3764.7014574882996
69 3741.7613504897326
71 3702.242070871976
72 3681.0520936399375
73 3617.4821619438226
87 3577.626921082087
98 3546.465694314347
128 3542.843175202471
137 3481.7711229597217
158 3420.1863018531194
166 3302.3377198496464
171 3232.8184402318902
230 3228.525868453655
237 3208.2635406628647
254 3178.2640453854715
291 3176.0548391496336
326 3173.663007023752
340 3173.4372394454153
377 3172.948818732919
403 3171.4835565954318
445 3169.4353121311033
466 3166.0029139868384
544 3165.64583072971
563 3165.010947713606
577 3163.542571889152
639 3163.327790789936
684 3162.73032504455
686 3162.5634505298854
688 3162.341965665223
717 3162.228805539012
719 3162.159426046089
749 3162.06824293306
830 3161.7350296907075
857 3161.652703814541
912 3161.646594779919
997 3161.4850141547454
1001 3161.3871700732516
1092 3161.366541599777
1147 3161.360766611488
1171 3161.3329879298612
1204 3161.3227800008626
1247 3161.3224240086174
1257 3161.322225877098
1309 3161.316166308955
1311 3161.3114218977034
1451 3161.3114047335735
1455 3161.310860338012
1515 3161.310701327409
1527 3161.310561956364
1558 3161.310105596797
1647 3161.3100620715527
1657 3161.3100466983124
1663 3161.3100005785877
1690 3161.309946471112
1738 3161.309892386772
1840 3161.3098889157936
1843 3161.30987441889
1879 3161.309869523703
1901 3161.309861114132
1948 3161.3098584548216
2025 3161.309857932879
2026 3161.3098563670465
2057 3161.3098561841634
2150 3161.3098555549577
2167 3161.309855466062
2198 3161.309855250044
2208 3161.3098551712183
2247 3161.309855169961
2248 3161.3098551661906
2313 3161.3098550341488
2359 3161.3098550329646
2420 3161.3098550288646
2421 3161.309855016566
2497 3161.3098549968004
2516 3161.3098549790016
2532 3161.309854969435
2573 3161.309854966023
2612 3161.309854965948
2630 3161.309854955347
2643 3161.3098549429624
2703 3161.3098549383703
2735 3161.309854936683
2741 3161.309854935752
2750 3161.3098549348983
2789 3161.309854934687
2801 3161.3098549341844
2806 3161.309854933588
2834 3161.309854933056
2835 3161.30985493146
2875 3161.309854930494
2930 3161.3098549301058
2941 3161.309854929978
2942 3161.3098549295964
2997 3161.30985492956
3010 3161.3098549289566
3048 3161.309854928949
3067 3161.309854928941
3087 3161.3098549287424
3162 3161.3098549286115
3290 3161.309854928609
3291 3161.309854928598
3323 3161.309854928597
3333 3161.309854928593
3337 3161.309854928588
3388 3161.3098549285723
3393 3161.309854928572
3405 3161.3098549285637
3434 3161.309854928549
3462 3161.3098549285446
3506 3161.309854928543
3510 3161.3098549285405
3527 3161.309854928537
