406 2332.367288596811
424 2322.3855302219804
432 2322.3851259849607
460 2287.4023181717466
463 2287.4005123157094
490 2287.3958101571625
494 2287.3952916736607
523 2283.8447921857323
532 2134.438845943124
547 2134.1858951880117
583 2103.7322408076275
636 2103.090101443079
648 2001.592682242094
655 1985.5077361574838
665 1941.7833403812288
685 1940.5290630976372
722 1924.4600545404492
742 1923.2605499383073
779 1921.0515945080865
814 1911.9816301721014
820 1895.0524744402526
822 1871.8284389536345
832 1858.4329639324842
841 1854.0257223127946
843 1835.7640466479127
845 1834.6822058782038
847 1824.470440272342
859 1816.0326813358886
906 1815.0605502193016
910 1805.5365347408963
940 1793.0877542820235
943 1783.7558228166638
946 1779.2474261623518
958 1776.498889827456
961 1775.3232443308245
965 1775.3204312083703
966 1775.3178623819722
1018 1775.1096132952773
1019 1742.0537128171366
1032 1736.2705471477234
1035 1725.0650455520135
1039 1715.4700814249986
1043 1680.819178656127
1044 1606.8833151864567
1110 1606.848159216806
1147 1603.0439925744752
1159 1592.7157351440967
1215 1590.5386774697663
1245 1567.6228679125645
1250 1533.665779455783
1270 1521.0299415994477
1284 1517.5977246991933
1315 1513.9574640038875
1337 1513.7831382293218
1376 1507.3073369372466
1393 1467.2728058158987
1428 1464.5586938922609
1439 1454.5470308281472
1443 1448.7019987718204
1459 1430.4889021259062
1471 1372.2150172842892
1530 1364.3556937657274
1556 1364.3547691556175
1566 1355.5861248510334
1585 1351.8899161323006
1596 1347.9800872128528
1604 1342.5718460088924
1608 1337.4497545556985
1654 1328.7022290815364
1687 1328.0264717739637
1721 1324.0763870403775
1789 1322.8574761913353
1805 1322.3965264673325
1807 1314.4395362563462
1831 1312.6642588061482
1854 1270.106859448818
1897 1251.8879490236827
1934 1251.5962316196296
1983 1248.9333982666396
1996 1248.6582591030453
2010 1240.6003312582725
2022 1239.9818705928956
2039 1236.985075759178
2045 1236.8629534640343
2068 1236.8625349484523
2071 1230.5862582414516
2075 1230.5859952978487
2076 1230.5857532954437
2126 1224.478345167071
2141 1223.852885232202
2168 1222.0457810151393
2171 1220.587093869093
2175 1218.4222737159162
2179 1215.200548999463
2182 1215.199808548734
2204 1215.194624210253
2251 1210.849368346731
2278 1210.1591402005404
2297 1175.2080211775344
2314 1156.320076794976
2317 1143.0317495784182
2348 1122.7365065622378
2421 1122.724689941541
2443 1122.6787083434492
2445 1106.7981659793645
2447 1095.314105745826
2477 1084.1948817149141
2583 1084.079160775097
2593 1075.3638166489166
2629 1074.0470951369032
2657 1067.9218685195347
2701 1067.471691624458
2703 1066.470468674987
2709 1062.90471108647
2742 1057.180697237031
2780 1055.7779059381628
2811 1052.6963800776443
2840 1052.5774872181926
2846 1050.2740185388416
2848 1049.51833214681
2850 1048.0709998502848
2862 1047.7325973138547
2878 1047.6318196242978
2880 1047.2178020358272
2886 1047.1953439711513
2894 1047.10292356008
2898 1046.379495232604
2901 1045.4558708169131
2903 1045.1756746176084
2922 1044.770497658755
2929 1044.4323674057664
2941 1044.2581831146065
2949 1044.098677572527
2951 1043.9739938997886
2953 1043.808506716227
2954 1042.2456965672136
2969 1041.8485471045615
2979 1041.823707947952
2985 1040.6837109077062
2987 1040.6373160422759
2988 1040.6042103714126
3016 1040.5823853290296
3043 1040.2253068340342
3072 1039.8420473481196
3115 1037.4430305063527
3154 1036.496755786008
3203 1036.4792903305442
3205 1036.4074521094958
3207 1036.0125681794477
3211 1035.7819311727062
3217 1035.4116722100928
3237 1035.2629895187272
3239 1034.8867197962638
3241 1033.7685909237503
3249 1030.2159298117006
3302 1029.8280679110103
3359 1029.6017622982476
3366 1029.1020137216972
3383 1028.8704160730101
3406 1028.8522883305175
3458 1028.8327188117262
3483 1028.8026296342027
3485 1027.8135350228904
3569 1027.001010590402
3592 1026.9877816152177
3593 1026.948093338641
3594 1026.8289404401019
3606 1026.7448026569748
3618 1026.6457476796638
3675 1026.596912527506
3679 1026.3650814112611
3681 1025.6945089693456
3698 1025.6803385117125
3752 1025.6671495242445
3753 1025.6269643594167
3759 1025.5922625320209
3761 1025.2497200634773
3791 1025.177359445287
3792 1024.5086510824253
3804 1024.137209163126
3840 1023.6148878362027
3911 1023.5790246971468
3912 1023.4714290198095
3920 1023.4330680483303
3929 1023.427113671734
3969 1023.4230872682621
4010 1023.3463063137744
4028 1023.3332422450476
4097 1023.3320679712134
4098 1023.3286194229798
4111 1023.3058157562625
4112 1023.232881579726
4121 1023.0077116317334
4131 1022.9613120081688
4153 1022.9579540918613
4167 1022.7242328452907
4172 1022.6453094251378
4203 1022.6197346327043
4221 1022.6000448552728
4226 1022.5026167581606
4227 1022.1025289300683
4238 1022.0855927971196
4244 1022.0448156183014
4268 1021.446331585432
4274 1020.9713220831431
4305 1020.9548243445129
4311 1020.2952078487244
4320 1020.1169459988682
4338 1019.9650890630171
4358 1019.8227121932784
4388 1019.7292822036602
4412 1019.6779312131428
4447 1019.5402487337143
4453 1019.4289569466617
4455 1019.0059506280298
4468 1018.980699163345
4470 1018.962578314036
4548 1018.072045138686
4624 1018.0598947493116
4625 1017.3952584167403
4650 1017.3498966357809
4652 1017.3342995806856
4653 1016.7528239439569
4665 1016.6504016836741
4667 1016.5628753924024
4671 1016.4057792936595
4672 1015.6869365023665
4686 1015.6142749419046
4687 1015.0156941794419
4693 1014.9559979223352
4695 1014.9068215239689
4697 1014.7374413306661
4700 1014.7157417025738
4701 1013.9681641799178
4727 1013.8803156004179
4735 1013.8628225873354
4738 1013.7809538303478
4740 1013.7740931529271
4742 1013.6655408321307
4746 1013.6253455755618
4747 1013.1312891819547
4755 1013.0380874573875
4759 1012.7954505837205
4774 1012.6212927298687
4822 1012.5969593774387
4853 1012.5884341883921
4857 1012.4199624835395
4858 1011.7499719893455
4903 1011.6236097577105
4925 1011.4361990210115
4946 1009.349879762647
4988 1009.3319928537403
5000 1008.8938181033628
5052 1008.852439279633
5053 1007.5846421840711
5066 1007.4022235591209
5069 1007.3450626496774
5070 1005.9325204038263
5110 1003.8415107301537
5124 1003.4779531948459
5161 1003.3843332771879
5181 1003.0355866035682
5195 1002.8748758092491
5269 1002.7497305988636
5284 1002.5405220650649
5288 1002.3776673128009
5293 1002.2354246890944
5331 1002.0992956200586
5363 1001.8965424883528
5368 1001.8550674871486
5372 1001.8366450454718
5376 1001.8206473014828
5382 1001.7971045477572
5389 1001.726481504776
5390 1001.2104855218595
5407 1001.1809648001492
5411 1001.1779923452594
5430 999.9231358553233
5449 999.8026310441878
5486 999.380892795009
5506 999.2855481817619
5535 999.0725336083724
5539 998.829273750276
5541 998.6076012559224
5543 998.3912677570714
5590 997.9353777838122
5651 997.9275321303271
5652 997.9051136177483
5719 997.9040105993766
5741 997.5542896136748
5758 997.5478367720106
5764 997.5242151431135
5831 997.5240556084356
5832 997.5235618434526
5833 997.5222529125028
5835 997.399451461086
5836 997.2367629682096
5855 997.20976114284
5870 997.1870681980571
5903 997.1409367412588
5957 997.1272218579404
5959 997.0766811408166
5974 997.0581890968964
6034 996.987546331091
6112 996.9781660822517
6115 996.9547067775126
6119 996.9433572270879
6120 996.8386822207763
6157 996.831110165418
6189 996.8199034623249
6217 996.8139241563225
6218 996.7360047329456
6248 996.7338887554948
6251 996.7321106816657
6255 996.7295479391648
6296 996.7245789847308
6298 996.7238317232989
6301 996.7177037591305
6305 996.7097395727168
6309 996.7012089619749
6313 996.6888045706509
6317 996.6688167280563
6320 996.6525648933371
6324 996.6488281215195
6380 996.6360473443829
6381 996.5521559645704
6396 996.4564586323992
6409 996.433540298732
6427 996.4099085732654
6467 996.3207411708489
6485 996.2944417157639
6513 996.2668904981305
6515 996.2574820549688
6547 996.1982292452328
6568 996.1835764941807
6570 996.1651775466312
6572 996.1612674975913
6576 996.1434946982282
6580 996.1390648359327
6584 996.1134204130823
6588 996.1105377758107
6595 996.1046056378592
6602 996.0896052148165
6610 996.0872510127582
6614 996.0869723443293
6615 996.0145647770007
6677 995.9967511804817
6697 995.9942121418184
6705 995.9827833860126
6720 995.9796301716798
6747 995.9622674978389
6748 995.8969992352013
6793 995.894410447969
6795 995.8927641919006
6796 995.8409984865599
6828 995.7443967058111
6840 995.6605957064849
6842 995.3652191871416
6865 995.3538553412766
6882 995.3358942538987
6883 995.2829917204114
6914 995.1985618658425
6932 995.1226621607223
6955 995.0996081881235
6990 994.9223655396838
6996 994.9144384940898
7013 994.8938129693414
7015 994.8011347915848
7056 994.757957197756
7094 994.7112532348086
7105 994.6911216811376
7108 994.6212782261715
7111 994.5785220881513
7133 994.5779626634479
7134 994.5764697718323
7147 994.5189620944742
7148 994.3499106910373
7191 994.3378689910274
7209 994.3324330512321
7224 994.3251444801555
7226 994.3118531843802
7227 994.0932085148419
7228 993.4455741508324
7252 993.3895158420931
7253 993.2108795767556
7261 992.4246554684884
7314 992.3626659618494
7343 992.3322904641543
7345 991.9823762312077
7349 991.8885314706254
7353 991.7127031687346
7402 989.7631754602642
7410 989.3877622333771
7435 988.7209983271124
7439 987.5904930188285
7454 987.590424552818
7533 987.4013633267801
7584 987.2833003353701
7606 987.2566260438354
7608 987.1561647061769
7614 987.108811252926
7616 987.0605468618899
7661 986.9649630481126
7663 986.9315267139737
7667 986.8639525583715
7671 986.8625942989955
7673 986.7857837011202
7674 986.3202482018511
7697 986.2581626993862
7700 986.2244722888772
7706 986.1644307215558
7707 985.7679470794358
7735 985.7408395072282
7737 985.7247257121146
7738 985.368067306644
7754 985.3446587615107
7756 985.334272484
7757 985.0769690132187
7768 985.0284382991031
7769 984.6993063079781
7781 984.6506027106193
7783 984.6205107660262
7787 984.5549378564384
7790 984.5467888665079
7792 984.5299668795371
7794 984.4811009921965
7796 984.42675262937
7798 984.3817329633199
7805 984.3715227224095
7809 984.353559004862
7817 984.3433785647792
7818 984.0835966080905
7835 984.0388112542919
7853 983.9652049862336
7860 983.7403052729
7871 983.6417477131438
7892 983.6300530805275
7912 983.6300524542195
7913 983.6300508279678
7929 983.5970190265537
7930 983.4929341811311
8034 983.4816904932544
8040 983.4478714016661
8042 983.3970002372128
8043 983.2076330414111
8063 983.2045928022566
8071 983.1779802347805
8108 983.1627859987743
8110 983.1406227049754
8112 983.1101259505276
8114 983.0786661668312
8118 983.0460674975321
8120 983.0043186074688
8123 982.983718763263
8125 982.9826255111719
8161 982.9732770214647
8165 982.9648543758312
8167 982.9417888683915
8169 982.9180168040749
8171 982.8946772579332
8173 982.8673444513352
8175 982.855136007277
8179 982.841662738553
8192 982.8412250592128
8194 982.8380921751454
8195 982.7424480700685
8234 982.7371970026716
8242 982.7342272140261
8247 982.727305346828
8248 982.655637970879
8268 982.6509803297977
8270 982.6444132907276
8272 982.6361567401639
8274 982.6341568022539
8275 982.5615475919867
8300 982.5021674768951
8301 982.3233221481066
8350 982.3167704504115
8355 982.1825845178804
8369 982.0470835636538
8408 981.7239804974117
8429 981.6002912809943
8462 981.4910314269614
8478 981.4559099050898
8481 981.4040171518028
8485 981.3789416624325
8513 981.301167073947
8517 981.2850186832098
8538 981.2596344902496
8566 981.2304026455213
8570 981.2098457506407
8599 981.1555236484664
8610 981.1115193866594
8613 981.0892294231602
8614 980.8349462500242
8677 980.7931198382756
8696 980.7862345540935
8698 980.7573247902476
8700 980.718175161581
8701 980.4813327662084
8716 980.4756787369809
8732 980.47224832817
8734 980.4388897037793
8736 980.4163303193002
8749 980.4054524196226
8751 980.371295446511
8806 980.3551971659654
8816 980.348731321203
8817 980.2304268289546
8843 980.2225339688771
8854 979.874641463688
8867 979.8299979710132
8874 979.8289866800959
8881 979.8080288091537
8896 979.7814810568642
8900 979.6237374297112
8948 979.5400386865248
9001 979.5114646339193
9004 979.45021720107
9035 979.4231651973423
9040 979.4057887026933
9048 979.3701132544641
9052 979.3479993081952
9063 979.3119617227946
9065 979.2982657352683
9088 979.2952768735856
9096 979.1290675448189
9161 979.1265776266389
9163 979.1118681009967
9167 979.0896421217476
9171 979.0834176985246
9172 978.9386480081339
9204 978.9346457329475
9208 978.9271875246848
9212 978.9050547122758
9214 978.8867015777885
9216 978.8729115592357
9218 978.8510681536847
9222 978.8461373328299
9227 978.8395281272282
9229 978.8391286965023
9231 978.8225041777168
9233 978.8168869071116
9237 978.815776020783
9241 978.8109637492618
9242 978.7286806686575
9294 978.7216403177833
9295 978.6745389071853
9322 978.6729274393755
9324 978.6709266783681
9326 978.6642152684019
9332 978.6594084940715
9336 978.6520810239393
9339 978.6497851735304
9369 978.6458594657597
9370 978.6054924917155
9371 978.4881848932893
9430 978.4089113482726
9444 978.3686757517945
9477 978.3461477576558
9493 978.3131873051625
9496 978.3000715959763
9527 978.2873019141324
9529 978.2504359985842
9558 978.2242659279171
9559 978.0995382302697
9567 977.8935770902789
9611 977.8558842826944
9652 977.6959845908002
9700 977.6944007127241
9708 977.646657207637
9724 977.6308650400038
9752 977.5891754257817
9772 977.584615997095
9789 977.5806554201192
9820 977.547550102968
9828 977.5425114292082
9830 977.5312603254548
9832 977.5166237618964
9833 977.4162676224659
9851 977.3177292472985
9868 976.9829059808845
9882 976.9502943363706
9939 976.9209040039954
9940 976.6263778137344
9954 976.6110838921918
9956 976.5695211439133
9957 976.2442712445628
9968 976.1802778484583
9973 976.1732467428513
9975 976.1346767684272
9977 976.0925189640794
9979 976.0562658063051
9983 976.0233694347363
9992 975.9198023213208
10018 975.7822274432895
10032 975.7729488512597
10036 975.7501786614273
10038 975.7084043008354
10039 975.4567864321732
10053 975.4364053843037
10054 975.3756792125522
10065 975.2788423791362
10083 975.2696393109396
10101 974.8498999226366
10130 974.5332402338828
10162 974.4849241870332
10186 974.4432280710353
10193 974.2638915703074
10212 974.0949038753258
10215 974.0882558323302
10219 974.0355114334129
10232 974.0106757626895
10234 973.8827822243211
10246 973.7936712302364
10284 973.6933819006919
10358 973.6923284047775
10361 973.5164857159679
10411 973.5072823795923
10413 973.4739162073975
10414 973.0931800145916
10428 973.0308954963646
10468 972.9145421539205
10496 972.8016267155313
10502 972.7354536381409
10504 972.5901688760791
10505 971.8675178684312
10515 971.4781799171166
10519 971.4739190565692
10549 971.3590229443381
10569 971.3567906446156
10570 971.3519619463318
10584 971.2067441339445
10586 971.1126685041646
10587 969.993639491161
10598 969.6612103030212
10616 969.2652413216655
10647 969.2495126869494
10648 969.1767235754847
10670 969.0196829280483
10672 968.0804666189157
10673 965.965067050976
10697 965.837057780372
10698 965.5129089642209
10722 965.4813599198927
10778 965.1549541638099
10792 965.1510467577633
10794 964.5181684021214
10798 963.4701120883225
10828 962.6346982431874
10829 958.4451383689994
10873 958.349628321858
10893 958.047119040515
10917 957.1594100199472
10951 957.1419103469079
10959 956.8392329893901
11014 955.2445590139621
11021 955.0413973250552
11022 954.4269912283004
11026 953.6768489999561
11043 953.6464668291977
11093 953.4380132527831
11136 952.6403766140294
11165 951.8106197448735
11256 951.7934715194752
11271 951.7869859595959
11288 951.7610646165375
11334 951.7608090278593
11362 951.7425524330348
11364 951.6876652378966
11365 951.5199227706105
11366 950.9837918695955
11367 949.4439444213141
11400 949.274118940352
11401 949.150509986128
11407 949.089952084653
11410 948.9395563664693
11424 947.9150610515677
11428 947.7156191996081
11465 947.6889301720792
11467 947.6377899834408
11468 946.9823841023665
11480 946.964770646932
11481 946.2040615553595
11494 946.1752841602497
11502 946.1385803911921
11503 945.4719760076549
11518 945.4472316893414
11519 944.8085480550952
11539 944.7692316544708
11543 944.6542148706476
11545 944.6447378560439
11547 944.5668053156307
11548 944.0230437914396
11554 943.9485975251573
11555 943.1513296105519
11568 942.969301026488
11570 942.9163508092346
11571 942.1067968956602
11599 942.0702653542435
11601 941.9444932150316
11603 941.8543185249215
11608 941.7672363989359
11610 941.6347193277036
11612 941.5259305672672
11620 941.5202353798807
11622 941.4843776860483
11623 940.8998834298708
11655 940.8950742049592
11657 940.851527923457
11661 940.7742011488699
11662 940.3530909676862
11677 940.3444269284241
11678 939.907827956304
11695 939.861302254411
11700 939.8457422221907
11712 939.8088543274627
11714 939.7450359374941
11718 939.7424881249364
11720 939.701306326728
11724 939.6389243135691
11726 939.5920358357506
11727 939.2183826643235
11782 939.1632606524084
11797 939.0415404566309
11825 938.9847202404378
11828 938.9318057328193
11829 938.5424886500009
11874 938.4021008447236
11890 938.3119523518634
11932 938.2630466100255
11934 938.1905051139028
11936 938.143727221462
11938 938.0572391678126
11978 938.0461441467166
12116 938.045828498887
12117 938.0448900311937
12127 938.0434516211886
12154 938.0422616064233
12155 938.0386925669767
12156 938.027994615029
12160 938.0278362787516
12180 938.0260250090205
12181 938.0209937825684
12188 938.0096206499363
12190 937.9751350735795
12196 937.9548732267288
12231 937.9517478443825
12263 937.9475682594631
12295 937.9372266019233
12299 937.9349508075614
12317 937.9177859269533
12324 937.915001069513
12346 937.9140896877666
12398 937.9088047725835
12399 937.8910090975229
12412 937.8887842126942
12413 937.8821079617086
12419 937.8559948274551
12461 937.8505958684214
12466 937.8230726417877
12479 937.7988971488543
12491 937.7974891780258
12492 937.7932652863769
12516 937.7918442352884
12517 937.7875810237236
12528 937.7866363996
12529 937.7837906488375
12551 937.7725066526181
12552 937.7386487654303
12562 937.7272353505632
12575 937.7032260235809
12640 937.6999797589652
12642 937.673664898447
12643 937.6150842200746
12649 937.5996570579928
12738 937.5991511859456
12740 937.5988997523401
12773 937.5963293495619
12797 937.5961857931886
12814 937.5953387078971
12823 937.5922902457241
12844 937.5911768134376
12865 937.5855748762124
12900 937.5844856498323
12904 937.5844755970144
12935 937.584321988764
12937 937.5831210505276
12947 937.5812170227874
12963 937.5804654562548
12986 937.5798456060021
13001 937.5787718560629
13002 937.575535851653
13024 937.5707998551768
13044 937.570180592119
13082 937.5660171218792
13087 937.5558470855153
13123 937.5530808984619
13131 937.5517315588104
13133 937.547683987423
13144 937.547322367636
13149 937.5467790815757
13152 937.5448172721465
13155 937.5422576484661
13157 937.5345868056484
13158 937.5116548159592
13165 937.4971833975036
13170 937.4467188921268
13232 937.438803037819
13250 937.4385764257821
13252 937.4359341843706
13253 937.3810123695596
13254 937.2207200580964
13297 937.1606204640423
13342 937.1594067843017
13345 937.0836238926396
13346 936.9114733579114
13356 936.8513451878335
13415 936.8468368824173
13417 936.8172873030483
13418 936.6237060199946
13475 936.6131423660489
13477 936.5809374794761
13479 936.474245638378
13489 936.2895542314418
13497 936.2279747875507
13513 936.2182314163692
13542 936.1705894578245
13559 936.1331205425473
13572 935.9948185625196
13577 935.9014070585902
13584 935.8375317659196
13593 935.6906975729605
13606 935.4181786331068
13624 935.255824984023
13635 934.7547149642199
13697 934.6921810664477
13698 934.489581628121
13733 934.4450317615152
13769 934.4406278945515
13772 934.2157285143726
13784 934.1724281472326
13825 934.0123241625201
13900 933.9625559405018
13909 933.9561357106617
13910 933.7777288791441
13936 933.6652314716723
13937 933.323378760339
13945 933.2093938982713
13953 932.7719520185522
13954 931.4114627711705
13964 930.4455633106227
13970 929.3383734168683
14018 928.368187148891
14086 928.30762767831
14140 927.6353900842302
14163 927.1507734544315
14171 926.8403328525925
14190 926.5339523571946
14200 926.3739129700496
14213 926.2770199749923
14257 926.2603356286589
14258 926.2103105221905
14299 926.139825835788
14303 925.9677270145016
14317 925.7947476936263
14334 925.7837067070714
14355 925.7823247979724
14357 925.7267529958217
14366 925.6303044955016
14381 925.5227393674717
14384 925.4442819256996
14394 925.3741455572817
14395 925.014711721588
14480 924.7230923664658
14519 924.4435631181306
14528 924.3993705196473
14529 924.267153172939
14563 924.262140742618
14565 924.0710120831428
14566 923.6134396716802
14615 923.389367522521
14617 923.3290984836058
14621 923.2189415534514
14659 923.1813711706376
14660 923.0688051179353
14667 922.6914647986819
14680 922.6907771433152
14689 922.6070916032371
14712 922.5060581467161
14754 922.1899583084682
14757 922.156397958275
14832 922.1124257136321
14868 922.0531935724674
14897 921.9945944872892
14929 921.9778899429322
14938 921.9571984933066
14946 921.9416187646251
14950 921.9257869602745
14952 921.9013148022993
14961 921.8931883266487
14963 921.8849001647333
14965 921.8683242615383
14966 921.7469504242073
14988 921.7468283389621
14990 921.7338153711382
14991 921.6272433769195
14998 921.6130434320983
15000 921.5911804006018
15002 921.5743923512941
15006 921.5586299150353
15007 921.4272893895837
15031 921.4185202154304
15032 921.3157529970622
15064 921.3083699728078
15066 921.2946449846363
15096 921.2791012175694
15097 921.2023749509934
15102 921.2001457963445
15137 921.0815796407912
15175 921.0418951313371
15195 920.9956420571253
15212 920.961409807611
15280 920.9042278766957
15286 920.8974612303479
15292 920.8815022362833
15294 920.8334194388958
15308 920.8068664174492
15330 920.8002609155283
15349 920.7931533429835
15385 920.6895989387118
15392 920.5868955146561
15437 920.5689601516187
15472 920.5670268405713
15474 920.5555627953858
15475 920.4563839948656
15487 920.4494919705048
15488 920.3401947333454
15505 920.3365579620727
15508 920.3265831903924
15510 920.3105357943413
15512 920.2940436921693
15514 920.2803205870498
15515 920.1615341583383
15529 919.8046999041587
15544 919.7393320821797
15548 919.718775578392
15558 919.6113125407662
15593 919.5300813514431
15610 919.4678660280828
15645 919.3755478487291
15666 919.2336065935885
15705 918.9953240957951
15754 918.9633601086891
15851 918.9633079794743
15852 918.9631515924864
15907 918.9579246137276
15908 918.9422455772889
15916 918.9371290502839
15933 918.9321272499765
15934 918.9171240054386
15942 918.9150277784275
15943 918.9087436317433
15955 918.9030796046923
15974 918.8987194863952
15980 918.89314082905
