160 1449.0776626601673
174 1448.9827044929616
195 1447.4155595887898
206 1447.415307864506
216 1447.4004020784905
227 1447.3805731468578
257 1239.4620630139327
287 1197.4066265432782
314 1159.069057567694
356 1159.0570526387646
386 1131.568834629989
392 1128.8962448772102
406 1073.7860486852771
414 1073.7853766257042
430 1073.476492276598
450 1073.4719143215991
458 1073.4712684871206
477 1067.976645064713
492 1067.918566860777
531 1058.544225951787
535 1058.467218157504
544 1057.594949391178
551 1057.5490739193783
590 1055.8265689550208
621 1044.754134586119
631 747.7144962370737
667 743.1582455674479
700 725.667859112194
728 694.5566281388496
785 691.8794102595876
786 685.542947947058
803 681.1098860574826
841 680.2812851865444
850 672.7540293118233
860 662.489601020531
892 656.8058860246168
901 653.7639737553375
909 653.3668433249518
916 645.6271543112565
917 645.6182380763211
936 644.7343420481053
976 637.494521986746
1021 634.2707970702455
1036 609.9026947066075
1056 609.89844373408
1107 608.410929224235
1119 607.017259779014
1134 604.8995661515731
1179 603.2635322532644
1189 597.2165081172648
1191 595.2744729160584
1208 594.8481301550764
1258 591.4958849251104
1263 590.4329931323495
1275 583.023690532611
1280 582.4052784414106
1328 581.2756415324167
1334 579.4197258067096
1372 579.3727792304862
1385 579.3727230788429
1407 575.9636085474981
1454 575.2163348367685
1484 574.9292657377168
1486 573.546895266074
1522 572.0597553366714
1589 571.0867742929316
1624 570.0706347390623
1633 570.0086015325645
1638 569.7205102534296
1640 569.394833603857
1646 569.3139876413376
1674 568.9307961445022
1727 568.8524579049631
1737 568.6749664663924
1741 568.1550919175581
1749 567.6410494831758
1756 567.2706821009231
1762 567.2255173969959
1768 567.035458722851
1775 566.4691086310752
1778 566.38564981524
1780 566.1425435514439
1784 566.0601667469167
1787 565.8847785359809
1790 565.7926782901701
1792 565.7684397493027
1793 564.6450427034687
1808 564.6208103679671
1814 564.6025154503094
1819 564.3183388538453
1820 563.3255617142634
1865 563.2988004702105
1867 563.2874779747109
1877 563.2858176340874
1905 563.276299008263
1934 563.1182450203623
1937 562.8249614711727
1989 562.7963502608291
2036 562.0919602315574
2090 561.7366471419924
2129 561.2269433058855
2133 561.1494282034433
2168 560.9949561276188
2184 560.902122617523
2221 560.8445180961629
2227 560.8409799234574
2229 560.7536521641061
2240 560.723809675778
2242 560.7007915518403
2246 560.6749941806231
2256 560.6243250918038
2262 560.5776407846436
2264 560.5372358077957
2266 560.4972864924465
2268 560.4068777514981
2277 560.3882736313033
2282 560.3789442425203
2286 560.3704028265432
2288 560.3610759527428
2290 560.3279034932441
2294 560.3078786309677
2295 560.0940357032299
2319 560.0708970858265
2323 560.0505238470308
2327 560.0192333150047
2333 559.99582783986
2335 559.9920454924372
2342 559.9807950616622
2347 559.9648647037271
2349 559.9487697256216
2353 559.948359726037
2355 559.931156577346
2390 559.9209600423258
2394 559.9171984870843
2396 559.9020673821472
2397 559.7946877570256
2413 559.7866636527601
2415 559.7766669926821
2417 559.7588548760091
2418 559.6466424255012
2435 559.6240255581731
2440 559.6098625517461
2441 559.4968858902712
2455 559.4925074476031
2457 559.486205913868
2458 559.3762201504882
2465 559.3598549551184
2466 559.2152267960743
2526 559.1952181556242
2554 559.1714856006826
2557 559.1693034344695
2558 559.042167861247
2587 559.0292054162247
2626 558.9905483824209
2627 558.8719199126551
2664 558.8709072932422
2702 558.8613084255495
2739 558.8584420807945
2753 558.836474589306
2755 558.8125374631622
2759 558.8026678011574
2791 558.7978068364263
2795 558.7795773831878
2801 558.7738947167943
2885 558.7704394243325
2891 558.7679081362694
2895 558.7607983590013
2899 558.7568509185078
2902 558.7510598897187
2904 558.7487879886664
2906 558.7472651415837
2918 558.745544545378
2920 558.7422234408682
2924 558.736762076572
2926 558.735976743411
2932 558.7357010967144
2936 558.7319671487365
2938 558.7270934224706
2941 558.7247809405949
2942 558.7001932982871
2951 558.6266118347252
3009 558.6161504115784
3013 558.6025750209022
3047 558.5833422026367
3065 558.5823410592833
3094 558.4933085349195
3165 558.4929965303626
3214 558.4858076293848
3218 558.4838546201037
3224 558.4766523669006
3258 558.4757323388737
3260 558.4741270298099
3263 558.4635547584878
3265 558.4313710069977
3302 558.4228344633531
3332 558.401539638005
3377 558.3964498767107
3407 558.3829434608875
3434 558.3535736633344
3436 558.2911772795626
3441 558.2850305766738
3477 558.2731795224506
3489 558.248198914619
3498 558.2453510252545
3508 558.1785351590619
3524 558.1745972603612
3534 558.0859549224583
3588 558.085310871826
3647 558.0824404978671
3655 558.0754183166886
3657 558.0663050605273
3661 558.0634129501386
3663 558.0528292877381
3665 558.04269082487
3669 558.0297656830479
3675 558.0251476775422
3687 558.0220128248019
3689 558.0182905947034
3691 558.0125454123078
3693 558.0110023846241
3695 558.003012584268
3746 557.9693236248369
3825 557.9668241794501
3827 557.9626617771875
3831 557.9589404658793
3833 557.9572578099985
3835 557.9531411568687
3837 557.9490663899521
3839 557.9448452293013
3843 557.944064630437
3865 557.9418463010496
3867 557.9403605750314
3871 557.9366759038936
3873 557.9340203505196
3875 557.9311437740569
3879 557.9297929601406
3893 557.928640171293
3895 557.9273357485965
3896 557.915406694809
3916 557.9147834286667
3918 557.9127381500496
3928 557.9123730419458
3930 557.911265372554
3931 557.9016883653912
3951 557.9013861255642
3953 557.8998179454336
3955 557.899226557857
3956 557.8904829654049
3962 557.8897482681001
3963 557.8778757190194
3991 557.8769622607273
3993 557.87507142943
4078 557.8746671866427
4090 557.8742912131121
4093 557.8736433112888
4099 557.8724107521706
4127 557.8722390087211
4131 557.8714244603827
4135 557.8706496380095
4150 557.870522231665
4154 557.8702169309252
4170 557.8701328190483
4174 557.8696306398855
4178 557.8691512518922
4180 557.8686724887937
4184 557.8683828710516
4188 557.8683700588468
4190 557.8680410128612
4194 557.8678357593935
4197 557.8675760210999
4201 557.867551556417
4205 557.8674853168447
4207 557.867442493673
4211 557.8671228197655
4213 557.8671024814622
4217 557.8668690789129
4219 557.8664925478296
4223 557.8662836619206
4225 557.8659801155019
4227 557.8656055876403
4232 557.8654481541774
4234 557.8652861906013
4237 557.8652618391136
4241 557.8650283981323
4246 557.8648923289871
4248 557.8648837274924
4250 557.8646333817176
4251 557.8631458290927
4309 557.862957063474
4362 557.8626556342588
4366 557.8626534726037
4367 557.8626469773021
4384 557.8626392862722
4385 557.8626162096979
4387 557.8623309852538
4470 557.8622681651873
4472 557.8621686012419
4479 557.8621553135753
4536 557.8619540234862
4552 557.8619310315235
4560 557.861930688169
4581 557.8618684935891
4582 557.8616819110472
4589 557.8613027951792
4611 557.8611983869449
4633 557.8609534513109
4634 557.8602186410798
4745 557.8602025207516
4746 557.8601541597722
4768 557.8598419269072
4784 557.8596102599356
4811 557.8593881624462
4873 557.8593751780688
4878 557.8593223792577
4884 557.8591101974076
4915 557.8591076240796
4953 557.8590687431772
5000 557.859060852968
5002 557.8590568110909
5005 557.8590415807331
5041 557.8590369048483
5042 557.859022877175
5108 557.8589942007393
5178 557.8589804683301
5188 557.8589763267397
5214 557.8589686132525
5288 557.858968472858
5289 557.8589680516739
5293 557.8589675080203
5295 557.8589571454893
5316 557.8589538185005
5326 557.8589529954644
5329 557.8589525277451
5330 557.8589511245881
5340 557.858948897925
5342 557.8589488484894
5370 557.8589477465674
5373 557.8589464357743
5391 557.8589459691758
5393 557.858944623912
5420 557.8589422354735
5423 557.858940740122
5426 557.8589397611744
5429 557.858938682015
5432 557.8589385135515
5433 557.858929960248
5466 557.8589236596508
5478 557.8589184239585
5531 557.8589171669194
5535 557.8589170724684
5536 557.8589036730078
5585 557.8589008673424
5614 557.8588997607433
5629 557.858899168496
5633 557.8588971947808
5639 557.8588955005353
5641 557.8588937286396
5645 557.8588925277162
5647 557.8588921790705
5651 557.8588910144186
5653 557.8588891449842
5655 557.8588888664503
5677 557.8588862033236
5756 557.8588860998805
5765 557.8588859930975
5767 557.8588838829994
5777 557.8588836344592
5790 557.8588833806765
5791 557.8588826193283
5834 557.8588825998248
5836 557.8588813460256
5839 557.8588811117162
5853 557.8588803435348
5875 557.8588799546199
5877 557.8588795318601
5880 557.8588789785011
5881 557.8588754178109
5945 557.8588752860586
5977 557.858874560435
5989 557.8588722174832
6026 557.8588721926011
6049 557.858871123742
6100 557.8588706746144
6101 557.8588693272316
6130 557.8588685433027
6151 557.8588685072541
6153 557.8588684020502
6173 557.858868285259
6174 557.8588668367498
6249 557.8588667547874
6250 557.8588657850469
6266 557.8588654946744
6303 557.8588654172863
6319 557.8588653345474
6330 557.8588651376136
6334 557.8588646860901
6335 557.8588633315206
6389 557.8588629731335
6395 557.858862624991
6457 557.8588625351778
6459 557.8588622116339
6487 557.8588619888743
6488 557.8588607015782
6489 557.8588568397021
6490 557.858845254178
6491 557.858810498551
6493 557.8588097199358
6494 557.8588073840905
6497 557.8588064220557
6532 557.8588063149007
6534 557.8588040371774
6535 557.8588020969785
6540 557.8587950408773
6545 557.8587949057026
6556 557.858794388885
6584 557.8587936132159
6593 557.8587902141389
6614 557.8587879436325
6618 557.8587845330305
6654 557.8587833739275
6659 557.8587831483441
6665 557.8587829779507
6666 557.8587767769168
6682 557.8587761693046
6684 557.8587760551179
6685 557.8587689756092
6699 557.8587680598465
6701 557.8587674103748
6705 557.8587667286437
6706 557.8587590159075
6743 557.8587589150064
6780 557.8587587663308
6781 557.858758320304
6819 557.8587575443964
6831 557.8587569652996
6846 557.858756892494
6889 557.858756881613
6890 557.8587568489704
6891 557.8587567510424
6895 557.8587564516764
6897 557.8587535842854
6938 557.8587533719614
7033 557.8587525404831
7053 557.8587525069681
7054 557.8587524064236
7100 557.858752172702
7144 557.8587521605941
7159 557.8587521596777
7162 557.8587521456863
7190 557.8587521283548
7206 557.8587521277852
7276 557.8587520831574
7288 557.858752071777
7318 557.858752070347
7348 557.8587520695708
7411 557.8587520679301
7421 557.858752063399
7425 557.8587520586015
7427 557.8587520544411
7431 557.8587520444668
7463 557.8587520321182
7480 557.858752031738
7481 557.8587520159101
7496 557.8587520150649
7497 557.8587519985826
7505 557.8587519983439
7506 557.8587519797893
7514 557.8587519787036
7515 557.8587519566361
7525 557.8587519551445
7526 557.8587519308485
7534 557.858751929551
7535 557.8587519013244
7543 557.8587518997296
7544 557.8587518669124
7552 557.8587518624837
7553 557.8587518220777
7562 557.8587518188076
7563 557.8587517734036
7571 557.8587517709356
7572 557.8587517184978
7580 557.8587517133658
7582 557.858751707101
7584 557.8587516985443
7586 557.8587516903441
7588 557.8587516801446
7591 557.8587516766783
7593 557.8587516720429
7595 557.8587516613851
7599 557.8587516506384
7610 557.8587516499881
7621 557.8587516498184
7622 557.8587516154777
7640 557.8587516023115
7646 557.8587515972762
7651 557.858751586929
7657 557.8587515855044
7683 557.858751555364
7693 557.8587515532995
7704 557.8587515526988
7787 557.8587515521792
7788 557.8587515518956
7790 557.8587515415558
7797 557.8587515395805
7808 557.8587515391188
7817 557.858751538939
7818 557.8587515384002
7833 557.8587515221717
7847 557.8587515193159
7848 557.8587515107487
7849 557.8587514850462
7916 557.8587514682717
7985 557.8587512297684
8094 557.8587512270625
8109 557.8587512262314
8160 557.8587512231478
8193 557.8587512177605
8200 557.8587512139773
8202 557.8587512134067
8206 557.8587511990346
8213 557.8587511946115
8230 557.8587511878109
8240 557.8587511859656
8381 557.8587511814006
8502 557.858751178617
8518 557.8587511785648
8541 557.8587511774936
8654 557.858751177017
8672 557.8587511768791
8692 557.8587511765726
8730 557.8587511765712
8731 557.8587511765666
8735 557.8587511759364
8740 557.8587511758567
8775 557.8587511758473
8781 557.8587511757222
8835 557.8587511757102
8887 557.8587511756655
8891 557.8587511756464
8957 557.8587511755566
8959 557.8587511752868
9004 557.8587511752243
9023 557.8587511752131
9047 557.8587511752065
9051 557.8587511751304
9052 557.8587511749018
9077 557.8587511748815
9085 557.8587511748802
9109 557.8587511748303
9110 557.8587511746805
9129 557.8587511746707
9132 557.8587511746349
9133 557.8587511745276
9142 557.8587511744024
9149 557.85875117439
9151 557.8587511743883
9155 557.8587511743771
9169 557.8587511742825
9197 557.8587511742294
9209 557.8587511741777
9215 557.8587511741525
9229 557.8587511740643
9236 557.8587511738202
9265 557.858751173809
9280 557.8587511737718
9346 557.8587511737305
9350 557.8587511737229
9362 557.8587511737085
9434 557.8587511737079
9445 557.8587511737062
9446 557.858751173701
9455 557.8587511736926
9498 557.8587511736761
