348 4856.667154338276
366 4800.575188734565
419 4783.087166811589
430 4687.814974478565
443 4672.33106408974
456 4640.666912438844
458 4633.365709275758
481 4626.615787130902
534 4606.759964320287
542 4590.58999301833
548 4575.200986101222
570 4567.506180199405
592 4547.748940030844
620 4520.570508412953
623 4491.1163921054585
643 4466.609798276921
672 4458.125869670723
694 4365.282045438173
730 4357.353441922646
745 4348.213733132645
751 4303.313489547025
788 4300.591910686346
798 4297.208263317942
823 4285.7530686645605
848 4279.424979812339
901 4275.019812346778
909 4272.022213154388
916 4265.995556543038
931 4245.138324485292
933 4237.480455508572
1006 4224.702567250689
1008 4217.184354160368
1036 4216.224896246625
1071 4214.364382519448
1074 4210.973965722298
1078 4207.573457998622
1121 4205.9748944868
1127 4205.4229941360645
1128 4202.562620971695
1131 4201.621100589953
1178 4198.605845567268
1210 4198.285080115502
1212 4197.309079628553
1240 4196.117640267587
1282 4191.410711913084
1315 4191.129196889034
1318 4190.219548775449
1357 4184.853641326814
1367 4183.270664537208
1406 4182.650108470967
1460 4180.63467448154
1482 4179.2527022827535
1494 4178.766200531217
1527 4178.738228921128
1555 4178.124874897622
1559 4177.664968239468
1611 4177.558784753077
1614 4177.556013859207
1643 4177.3182259054565
1672 4177.212562756517
1701 4176.617119654285
1714 4176.507671456101
1741 4176.217905577915
1754 4176.215628450919
1765 4176.19702485319
1771 4176.108327944403
1774 4176.091900305729
1781 4176.06735217346
1783 4175.991321854983
1788 4175.887666645382
1796 4175.870535867247
1845 4175.8305121522435
1866 4175.811905636038
1869 4175.763194187164
1911 4175.749765445368
1919 4175.7189105479265
1925 4175.694675033876
1927 4175.624594860097
1965 4175.56450130152
1969 4175.447484750412
1971 4175.419829858226
1987 4175.411277876439
2045 4175.408389223855
2051 4175.40362930861
2053 4175.392689017834
2054 4175.382897407467
2060 4175.345352908977
2070 4175.341860585493
2074 4175.337811896294
2080 4175.331502084272
2082 4175.323076762411
2084 4175.312462755954
2087 4175.291967423486
2093 4175.230379565756
2112 4175.215642256457
2152 4175.21306864174
2170 4175.201066074415
2174 4175.178405235288
2191 4175.147792456952
2213 4175.14437868889
2265 4175.123797054129
2273 4175.116930488492
2304 4175.112966658966
2319 4175.111155563638
2326 4175.108357441561
2349 4175.096083283797
2399 4175.095100636918
2430 4175.086513529077
2436 4175.077205981834
2462 4175.068666127764
2463 4175.06669787709
2467 4175.062023634511
2483 4175.061188224164
2485 4175.059415382362
2496 4175.034246646363
2507 4175.032250212889
2529 4175.030438730818
2544 4175.029329913241
2571 4175.029060592058
2598 4175.022561999395
2641 4175.017161070572
2675 4175.016446751128
2721 4175.015845821353
2726 4175.0146956641
2729 4175.008060580645
2739 4175.007125331085
2748 4175.00542632869
2794 4175.00423023799
2820 4175.000662116228
2835 4174.999552175099
2877 4174.999451227978
2886 4174.999326099288
2890 4174.998673917818
2911 4174.99667999687
2920 4174.996678737243
2941 4174.996656272625
2954 4174.996606805942
3009 4174.995907428514
3050 4174.9954446456595
3054 4174.9950325756245
3083 4174.99497999518
3086 4174.994827029715
3112 4174.994549512135
3114 4174.994062006307
3146 4174.994039903317
3147 4174.994031267269
3148 4174.994013322821
3155 4174.993991393127
3157 4174.993406858191
3222 4174.993347165731
3230 4174.993319265005
3233 4174.993318650422
3261 4174.993296104163
3264 4174.9929805869315
3284 4174.992493895718
3306 4174.992488317656
3353 4174.992468089682
3354 4174.992437583707
3364 4174.992349351409
3381 4174.992335643638
3383 4174.9922418438
3400 4174.992193680164
3428 4174.992121176115
3430 4174.991997274756
3476 4174.991502679205
3481 4174.991296878943
3508 4174.991237911813
3519 4174.991186779712
3542 4174.991117803419
3557 4174.991110295029
3609 4174.991056446828
3615 4174.991029418676
3641 4174.990936645862
3647 4174.990926759818
3682 4174.990866368643
3703 4174.990827584633
3748 4174.990823506299
3751 4174.9908086829255
3756 4174.990782794849
3759 4174.990781702632
3761 4174.990751990793
3766 4174.9907460309
3767 4174.99074330606
3768 4174.990736735681
3769 4174.990731449515
3813 4174.9907154570865
3834 4174.990710363599
3864 4174.990705309379
3867 4174.990704730623
3908 4174.990703242232
3911 4174.990697143677
3955 4174.990687784552
3962 4174.990681146157
3989 4174.990675116083
3992 4174.990661791891
4010 4174.990660899068
4036 4174.990660087042
4040 4174.990657536005
4055 4174.990651357376
4066 4174.990648634528
4103 4174.9906476685
4151 4174.990646248516
4153 4174.990641285614
4154 4174.990639528813
4163 4174.990638036983
4176 4174.99063584116
4178 4174.990633106612
4179 4174.99063128601
4188 4174.990625604117
4194 4174.990625502115
4201 4174.990624916195
4223 4174.990621556172
4234 4174.990621164966
4251 4174.990616687934
4254 4174.990610518558
4258 4174.9906103864
4284 4174.99060008793
4299 4174.990595937243
4301 4174.990595824467
4360 4174.990594778988
4382 4174.99058961876
4397 4174.990587742917
4398 4174.990587561444
4400 4174.990587098262
4409 4174.990584633643
4444 4174.9905837617
4445 4174.990581553096
4446 4174.990578592526
4449 4174.990578565153
4479 4174.990578407671
4481 4174.99057444083
4487 4174.990573440959
4495 4174.9905718517575
4508 4174.990571655382
4530 4174.990570787402
4534 4174.990567828114
4535 4174.990567751469
4537 4174.990567009435
4538 4174.990565926564
4606 4174.990565723816
4617 4174.9905651322815
4643 4174.990564380726
4649 4174.990563328446
4681 4174.99056332483
4699 4174.990563258553
4702 4174.990563060451
4705 4174.990563043475
4723 4174.990562834189
4734 4174.990562699137
4736 4174.990562695553
4745 4174.990562661074
4796 4174.99056251865
4808 4174.990562435397
4823 4174.990561691708
4826 4174.990561363876
4853 4174.990560969617
4889 4174.990560738672
4916 4174.990560721651
4918 4174.990560310943
4942 4174.990560061884
4961 4174.990560001133
4987 4174.990559692371
5031 4174.9905596339895
5054 4174.99055947976
5060 4174.990559476981
5088 4174.990559427697
5121 4174.990559417591
5147 4174.99055935902
5152 4174.990559233163
5198 4174.990559182134
5208 4174.990559146782
5215 4174.990559105158
5229 4174.990559105007
5292 4174.9905590941735
5294 4174.990559079604
5295 4174.990559076936
5305 4174.990559066196
5307 4174.990559063057
5335 4174.9905590589815
5348 4174.990559052757
5375 4174.99055903885
5392 4174.990559035567
5401 4174.990559027002
5403 4174.990559023201
5445 4174.990559015519
5462 4174.99055900767
5507 4174.990559004797
5513 4174.990558997068
5516 4174.990558991632
5521 4174.990558990628
5526 4174.990558986159
5527 4174.990558983996
5539 4174.990558980466
5558 4174.990558977872
5590 4174.99055897469
5596 4174.990558966749
5613 4174.990558955893
5623 4174.990558955048
5638 4174.990558952704
5640 4174.990558948411
5675 4174.990558945642
5701 4174.990558941033
5710 4174.990558938784
5717 4174.990558934923
5740 4174.990558934513
5788 4174.990558927329
5795 4174.990558927218
5806 4174.9905589265
5836 4174.990558924886
5840 4174.990558924784
5892 4174.990558924436
5894 4174.99055892397
5913 4174.990558923635
5933 4174.99055892296
5940 4174.990558922891
5942 4174.990558922256
5986 4174.9905589222
6013 4174.9905589218715
6040 4174.990558921847
6043 4174.990558921682
6046 4174.99055892153
6049 4174.9905589214595
6078 4174.990558921282
6089 4174.990558921153
6118 4174.990558921021
6137 4174.99055892098
6142 4174.9905589209275
6144 4174.990558920817
6158 4174.990558920783
6190 4174.990558920664
6197 4174.990558920375
6237 4174.990558920374
6247 4174.990558920357
6249 4174.990558920109
6269 4174.990558919437
6297 4174.990558919221
6326 4174.990558919161
6334 4174.990558919041
6338 4174.990558918944
6346 4174.9905589189175
6373 4174.990558918878
6404 4174.990558918845
6406 4174.990558918751
6407 4174.990558918715
6419 4174.990558918647
6442 4174.99055891863
6443 4174.990558918627
6469 4174.9905589185355
6496 4174.990558918522
6500 4174.99055891852
6506 4174.990558918457
6528 4174.990558918405
6571 4174.9905589183945
6597 4174.990558918354
6636 4174.990558918343
6648 4174.99055891834
6658 4174.990558918338
6660 4174.9905589183345
6661 4174.990558918299
6663 4174.990558918297
6667 4174.990558918293
6681 4174.990558918281
6687 4174.990558918268
6705 4174.990558918262
6708 4174.990558918253
6713 4174.990558918249
6721 4174.990558918239
6722 4174.990558918236
6754 4174.990558918235
6760 4174.990558918202
6777 4174.990558918175
6787 4174.990558918169
6789 4174.990558918167
6806 4174.990558918043
6833 4174.990558918025
6868 4174.990558918011
6886 4174.990558917994
6888 4174.9905589179625
6917 4174.990558917958
6939 4174.990558917949
6941 4174.990558917915
6942 4174.990558917901
6944 4174.990558917892
6945 4174.990558917882
6997 4174.990558917878
7006 4174.990558917874
7011 4174.990558917847
7025 4174.990558917843
7027 4174.990558917831
7028 4174.990558917829
7043 4174.990558917821
7094 4174.990558917802
7095 4174.9905589178
