412 6847.7423135577055
416 6808.367024740334
427 6808.366675793344
436 6808.244046915021
449 6807.811984685016
464 6806.566296888188
489 6362.122273683093
528 6307.489237538658
535 6306.959003668916
586 5961.835461887082
592 5909.128067418261
605 5870.501866414575
618 5870.501493671185
633 5869.245896642058
663 5847.309652290288
696 5834.138116382988
702 5787.286686229361
722 5787.210108227973
736 5786.430929691629
769 5770.952746712128
829 4759.53127311073
901 4757.848598189736
911 4723.267413502615
925 4723.136591745166
927 4580.7688532582915
960 4446.028994735722
972 4445.966788297737
978 4445.949779098066
996 4232.7796563837555
1030 4219.3265351194395
1060 4198.0749586803695
1072 4167.8356690980345
1122 4016.6410043787846
1140 3995.5238964554333
1142 3995.0404953627403
1191 3992.815990627519
1238 3978.861998715468
1246 3932.0109227012613
1292 3917.670827217124
1308 3917.630563487176
1431 3894.0516692897427
1435 3865.2731407282063
1454 3865.1349694606747
1455 3864.7502116731607
1464 3850.356539630583
1476 3839.696491016607
1494 3722.675161478455
1496 3722.6481217281084
1497 3722.6397817000593
1561 3709.5849500965187
1575 3698.081746518238
1583 3476.8818270459587
1588 3442.0389370755333
1604 3429.550436311906
1607 3429.3330937987644
1675 3246.347811289557
1712 3215.9158408188314
1727 3214.2478783020156
1739 3212.0575013410676
1743 3203.6861325475675
1745 3194.9135592144776
1747 3191.477065145776
1754 3168.1042016007796
1763 3125.384159945514
1790 3124.63346176582
1791 2987.27846259926
1794 2985.7340056262456
1828 2985.6487962111523
1833 2967.3452014825707
1835 2967.3148901294844
1836 2967.287850379138
1860 2967.2795103510894
1918 2959.8606240937597
1932 2952.764627362969
1939 2952.762700069407
1949 2949.6173983961403
1967 2878.3818118656427
1974 2871.75118586749
2020 2871.1372587385663
2026 2870.809004358669
2033 2864.263908813751
2051 2864.252800992143
2079 2855.0866177694056
2092 2847.750956847197
2094 2846.4847087643716
2097 2834.1425727760356
2099 2811.385570070945
2105 2796.264040436646
2148 2787.613509783466
2176 2776.5987560704148
2222 2776.5964598940454
2227 2773.343023919587
2229 2771.9969052849483
2236 2771.8505426688525
2238 2763.0162353103738
2262 2747.219373816667
2265 2734.606515419897
2291 2722.106634413231
2294 2707.6187371221404
2345 2702.3887818176913
2350 2702.23370205165
2360 2699.1482817205924
2362 2688.4420763863536
2363 2621.3866524907758
2416 2610.715749930844
2418 2603.434776693691
2420 2585.0683192607103
2422 2527.515797619808
2431 2516.6108902780124
2432 2515.5047340958577
2444 2515.4495692649216
2468 2500.2786671668487
2471 2499.58963226985
2495 2498.0320591975806
2552 2488.4039069315336
2589 2483.6975946362895
2590 2465.2917405109483
2601 2357.6578132948584
2611 2266.11315529587
2631 2263.4408953606858
2632 2263.440843392688
2654 2263.440737580767
2688 2241.3439895314227
2704 2240.9651259870434
2737 2240.0776389317352
2739 2193.7135130782276
2740 2038.3815221962032
2751 1964.6539579187986
2799 1964.2561248903085
2869 1964.2419703640674
2893 1964.2418987904953
2903 1964.0546325877965
2917 1964.042576561172
2919 1951.8971937094932
2938 1951.8941825910524
2940 1947.5108313438257
2941 1931.5736195295585
2962 1931.4732123225117
2975 1918.7547849579742
2976 1917.8784809628887
3071 1917.8765340939153
3072 1917.8705735822123
3080 1911.7785979667842
3128 1911.659520389027
3134 1885.791578604157
3141 1885.335506520294
3177 1860.7244674319502
3182 1846.2662819444222
3222 1841.6524152163208
3243 1841.650936957798
3266 1841.4881211988147
3287 1840.2941399894764
3314 1832.2468204486415
3355 1831.42312338765
3358 1829.9401771918492
3361 1827.6666681487625
3364 1825.4576561389474
3367 1817.167925392794
3368 1806.271785425938
3446 1797.035876135843
3461 1790.6443700599132
3472 1786.0909495211126
3477 1785.8961462877226
3484 1783.7957363810942
3486 1782.8444290086713
3488 1775.5100860429889
3489 1756.2387706752927
3539 1749.1331093018916
3576 1747.4678083064225
3589 1745.1674765548803
3600 1740.0749879999382
3618 1740.0749795095564
3650 1740.074930662621
3670 1735.470328242243
3735 1734.9030577699864
3742 1734.3363887823407
3749 1733.1103774216876
3753 1732.183031826665
3754 1723.941064414127
3789 1723.7890520840906
3795 1723.013206874724
3806 1722.60184769164
3808 1722.4106714206835
3810 1721.6672805098897
3812 1720.8879918145403
3814 1720.5781838678126
3816 1719.9845542164312
3817 1715.4091537756794
3846 1714.9054663393472
3850 1714.5009990602655
3852 1713.9120518660905
3854 1713.6192840021965
3856 1712.9741565694303
3857 1708.6542873589592
3877 1708.311753069383
3879 1707.630647494853
3881 1707.0197515905534
3886 1706.3856123948356
3888 1706.0155023445386
3899 1705.8186334989634
3900 1702.7818086700197
3909 1702.1986750041997
3910 1698.103574502507
3923 1697.8859998890982
3924 1694.022407803442
3941 1689.8048699057167
3976 1687.3548134805565
3994 1687.1701080731632
4027 1663.1597906121503
4055 1638.1729488948356
4074 1638.1500660890388
4096 1638.1369992847538
4110 1636.4447102223482
4126 1636.42756910225
4127 1636.3772196151776
4160 1632.954095398178
4165 1628.5821420277398
4193 1617.4904446301387
4194 1574.8426770278904
4201 1570.7455274375552
4227 1570.1427382583324
4230 1555.7783557895934
4271 1554.8465614957815
4299 1549.716237295841
4301 1541.4739733673055
4335 1540.1495530023353
4348 1539.5849749256279
4369 1538.5591768662664
4371 1523.82907698093
4423 1523.3003971842995
4485 1516.7594174891585
4487 1513.8208569209376
4532 1511.4092505641418
4534 1510.7004513337722
4537 1503.3914591223236
4621 1503.0463846986263
4623 1502.1543106145552
4625 1501.2859958316408
4627 1500.2105047742666
4629 1500.037186701246
4631 1499.2951586892113
4656 1499.0325216647273
4680 1498.8276017863473
4693 1490.9934475907671
4759 1490.7713886942274
4763 1490.3140245325944
4782 1489.7632092413612
4784 1489.5678672851177
4787 1489.3972448104253
4815 1488.8689913702349
4818 1488.842088098641
4820 1488.6856111426769
4822 1488.6812825427196
4823 1481.462775466191
4908 1481.1410242784252
4910 1480.6422033257625
4914 1479.9668428634886
4915 1476.1611899548102
4936 1475.9095036067854
4940 1475.6148112676663
4942 1475.1175640720915
4947 1474.633084536157
4949 1474.393375068184
4956 1473.9295247481723
4958 1473.6847553844182
4961 1473.2289484517835
4966 1472.8720195771382
4968 1472.4780957007742
4969 1469.8720057982832
5006 1468.923644800841
5044 1468.826278886979
5084 1468.5053428298907
5110 1468.417728440803
5116 1467.7488250432007
5119 1467.1289327257896
5161 1467.1098153373746
5163 1465.5908099913909
5190 1465.5385637321922
5191 1465.412288938853
5197 1465.41228066001
5198 1465.4122474884616
5224 1464.6688314233359
5253 1464.535544239416
5256 1464.188194735025
5257 1462.1064747256767
5345 1462.0634808091247
5352 1461.9773992565242
5356 1461.6965388674112
5362 1461.1577132207053
5368 1460.9192934848122
5370 1460.6741907972416
5372 1460.3319572122766
5406 1460.2406696321655
5407 1459.332745596431
5420 1459.209536388425
5448 1459.1919845218438
5465 1459.122973316817
5467 1459.0642401614232
5504 1459.0570359562435
5505 1459.035425020063
5512 1457.984177099165
5546 1457.936827507374
5548 1457.9237566212864
5551 1457.7714618097198
5558 1457.5091594419878
5636 1456.9369620930538
5643 1456.930514649933
5645 1456.744155885548
5648 1456.7087438754336
5677 1456.576904155867
5711 1456.5499620234955
5712 1456.4690329375376
5714 1456.3580368608575
5745 1456.1472242271172
5747 1456.0874475170435
5762 1456.0521539881674
5819 1455.961254000487
5841 1455.8700279132727
5881 1455.753410500494
5910 1455.6423929129253
5919 1455.4632435062776
5929 1455.4621169016916
5977 1455.4604283125896
5987 1455.3921747580941
5993 1455.372272852365
5995 1455.341463101838
6013 1455.3185622559388
6017 1455.277261904171
6019 1455.2223371716416
6034 1455.199016345908
6060 1455.146841405832
6068 1455.0936984990508
6094 1454.8021189716214
6153 1454.7789519201874
6157 1454.7700350697212
6159 1454.7396123761894
6161 1454.7317830937513
6165 1454.7095501807912
6166 1454.5391094883532
6177 1454.45304522814
6188 1453.92099246151
6228 1453.9129531329374
6278 1453.8749046224368
6297 1453.841517477393
6308 1453.829948806267
6310 1453.8234831607713
6313 1453.7573973048738
6350 1453.7384685117115
6381 1453.7355697517771
6386 1453.6121241203787
6428 1453.0487957861117
6435 1452.9206572769795
6444 1452.8573702113576
6478 1452.8069639095067
6522 1452.7678947328034
6530 1452.745891591026
6537 1452.7301478446213
6539 1452.70670165819
6543 1452.6929493797531
6545 1452.6553042943287
6566 1452.6415025005465
6568 1452.6214279632852
6569 1452.4718750293403
6594 1452.3588771359146
6626 1452.3329090771085
6715 1452.3164329777317
6731 1452.3146215351546
6733 1452.2978574676495
6736 1452.2472337126069
6738 1452.232410929181
6742 1452.1981525730446
6755 1452.102533583046
6830 1452.102264682514
6865 1452.0212918088184
6940 1452.0049651169197
6950 1451.8886401555478
7111 1451.8866015462293
7153 1451.883009840216
7157 1451.8804104069209
7173 1451.8793870146008
7194 1451.8775099992872
7196 1451.876026772993
7215 1451.8740640298415
7216 1451.8681879710912
7250 1451.8670292312659
7252 1451.8659621127333
7253 1451.8510974291678
7284 1451.8422898593353
7293 1451.8412237642472
7307 1451.8406477028675
7389 1451.838060190868
7419 1451.837798690183
7431 1451.837694839469
7432 1451.8373828690717
7444 1451.8372705862507
7455 1451.8362013038434
7457 1451.835990601934
7458 1451.8332442819499
7468 1451.8292872282784
7469 1451.8174152605143
7513 1451.8157127192726
7540 1451.8155237545657
7565 1451.814189719738
7566 1451.8101835085413
7626 1451.80984274014
7628 1451.8026708003372
7655 1451.798724134958
7658 1451.797245100893
7661 1451.796093250327
7696 1451.7959789295776
7715 1451.79587289551
7729 1451.7958417749733
7745 1451.7953279394396
7752 1451.7927913953379
7782 1451.792107160947
7805 1451.780746684056
7827 1451.7789606243748
7855 1451.775349578274
7862 1451.7746896260385
7863 1451.7727103463926
7883 1451.7725959289482
7885 1451.7718680099274
7886 1451.7615767569116
7905 1451.7584306183785
7968 1451.7578332862936
7984 1451.756903597458
8014 1451.7551678801237
8015 1451.749960431966
8023 1451.749106197461
8025 1451.748102387848
8026 1451.7357957217
8040 1451.7343498828482
8041 1451.7300126473658
8061 1451.7298871818502
8065 1451.7279951455575
8066 1451.7223190273155
8118 1451.7117745448654
8120 1451.6801315902992
8127 1451.6782039063512
8161 1451.6742663500802
8167 1451.666418935877
8189 1451.6545857121246
8206 1451.6478042115584
8209 1451.6431941990613
8210 1451.6019525895576
8211 1451.4781136361141
8212 1451.1052707876254
8227 1451.0963428176624
8292 1451.086322559549
8293 1451.0560294060947
8317 1451.0550007346906
8326 1451.0498381239508
8329 1451.0237692889466
8330 1450.7038176478932
8365 1450.666401838185
8394 1450.6417293701065
8447 1450.3585076674065
8462 1450.3475196476081
8481 1450.3370084156206
8518 1450.3365672435316
8538 1450.3355132461872
8547 1450.3278985285615
8567 1450.3235569365286
8569 1450.0749280464897
8571 1450.0616624734546
8573 1449.9974918245193
8577 1449.9728551494668
8646 1449.9651173900418
8648 1449.8868382515523
8654 1449.7078024737648
8724 1449.7076894494517
8757 1449.6977298717193
8777 1449.6974309261343
8779 1449.6727925895923
8820 1449.6723196692813
8877 1449.6703838456383
8887 1449.6702405641538
8894 1449.6661266908136
8909 1449.6652810546202
8921 1449.6616637072298
8971 1449.6435378435915
9009 1449.6423969943917
9016 1449.6412390808898
9017 1449.6292169891642
9072 1449.628471368638
9085 1449.6284640121874
9087 1449.6261809763962
9089 1449.6193337607426
9121 1449.6192257339378
9130 1449.590755557526
9158 1449.5828225417738
9191 1449.581020711446
9229 1449.580352219523
9261 1449.5793346507496
9306 1449.5791134615458
9335 1449.5787136991642
9336 1449.5775141157155
9359 1449.5774876518897
9377 1449.577032661046
9408 1449.5759146656899
9415 1449.5757946186454
9421 1449.5714119742008
9426 1449.5690959171943
9445 1449.5690266538616
9503 1449.5689123300392
9506 1449.5685232171293
9508 1449.5680689808423
9510 1449.5675094153767
9512 1449.5668102334148
9516 1449.566100608312
9518 1449.5652287303171
9533 1449.5648960447013
9546 1449.564873233599
9548 1449.5644976597455
9550 1449.564203585534
9554 1449.56369621841
9562 1449.563314598758
9564 1449.5632935064007
9566 1449.5631432909709
9568 1449.5628845591123
9570 1449.5624711442456
9598 1449.562302948559
9600 1449.5620560654675
9601 1449.5606520072654
9607 1449.5604448117595
9609 1449.5602998354675
9619 1449.560173351321
9623 1449.5600455955453
9625 1449.5598150291712
9631 1449.559584065924
9637 1449.559575418667
9640 1449.5593974585922
9643 1449.5593738136001
9646 1449.5591779858319
9649 1449.5590396672746
9652 1449.5587935469882
9680 1449.5587809337542
9731 1449.5585579333556
9733 1449.5584465422887
9737 1449.5583971158637
9739 1449.5582134051085
9755 1449.5582054229499
9757 1449.5581519279588
9759 1449.5580182273898
9761 1449.5579085449926
9763 1449.5578614701408
9765 1449.5577166600956
9767 1449.5575688844228
9769 1449.5574120686451
9784 1449.5570630904263
9842 1449.5570239529252
9863 1449.557008216486
9916 1449.5570062300867
9940 1449.5570057311936
9942 1449.5567674154065
9992 1449.5567526876507
9994 1449.5566883100353
9995 1449.5565230681445
9999 1449.556446503271
10030 1449.555831141789
10087 1449.5555685338481
10139 1449.555561719969
10144 1449.555490161652
10201 1449.555386759439
10215 1449.555368734016
10217 1449.5553279093651
10218 1449.5550980366254
10285 1449.5550926258284
10289 1449.555086967631
10291 1449.5550659995133
10293 1449.5550541563473
10297 1449.555052235685
10303 1449.5550458796108
10306 1449.555032371878
10307 1449.5549382702727
10347 1449.5549345753377
10375 1449.554933302809
10376 1449.5549294852199
10378 1449.5549080779383
10399 1449.5549038446734
10418 1449.5549032833133
10421 1449.5549000392937
10424 1449.5548867402858
10477 1449.5548682449069
10480 1449.5548530380254
10483 1449.5548462881984
10563 1449.5548448480884
10592 1449.5548440588527
10609 1449.5548147455268
10612 1449.5548094601477
10613 1449.5547641705214
10634 1449.5547558893293
10671 1449.5547270718487
10681 1449.5547264682755
10707 1449.5546877957545
10710 1449.5546802448514
10754 1449.5546790915093
10756 1449.5546778806377
10757 1449.5546325870664
10766 1449.5546320663211
10809 1449.5546314727908
10811 1449.5546136754954
10812 1449.5545569772116
10813 1449.5543868819195
10848 1449.5543669398949
10867 1449.5543659987654
10874 1449.554363068194
10892 1449.5543580355525
10894 1449.5543503004055
10897 1449.5543260273173
10898 1449.554170484913
10952 1449.5541700350245
10983 1449.5541640735332
11000 1449.554108364643
11002 1449.5540398290252
11003 1449.5538967290668
11004 1449.5534674259434
11009 1449.5534254269155
11047 1449.5534253642004
11048 1449.5534251760553
11053 1449.5533638433385
11062 1449.5533379574633
11067 1449.553245021021
11145 1449.5532434699653
11146 1449.5532388167971
11153 1449.5532203242824
11154 1449.5531648467108
11156 1449.5531306536507
11158 1449.553028073804
11165 1449.5529968348967
11224 1449.5529832391428
11228 1449.5529655894125
11241 1449.55295441334
11251 1449.5529521948683
11294 1449.5529513367514
11295 1449.552948762402
11296 1449.5529410393517
11298 1449.5529255241413
11307 1449.5529091822257
11330 1449.5528804588319
11361 1449.5528740767024
11364 1449.5528736731178
11374 1449.552869555174
11397 1449.552869450096
11398 1449.5528691348618
11400 1449.552854898124
11401 1449.5528062496942
11431 1449.552782018071
11441 1449.5527770363472
11482 1449.5527768389939
11511 1449.55277551551
11513 1449.552768188528
11519 1449.5527678145959
11565 1449.5527591134655
11575 1449.5527558316226
11586 1449.5527546226501
11588 1449.552732461987
11632 1449.5527319382109
11633 1449.5527303668832
11646 1449.5527278602926
11666 1449.5527228539008
11692 1449.5527184703913
11741 1449.5527171397357
11759 1449.5527079351361
11761 1449.5527040730972
11771 1449.5526487000432
11834 1449.552648505147
11873 1449.552646455579
11882 1449.552640009956
11890 1449.552637117238
11928 1449.552630121435
11958 1449.5526299859148
11972 1449.5526284657972
12019 1449.5526272054985
12021 1449.5526248790409
12033 1449.5526234478004
12037 1449.552620546776
12039 1449.5526200054596
12041 1449.552620005075
12043 1449.5526183361678
12047 1449.5526159791157
12049 1449.5526142634972
12083 1449.5526138402925
12085 1449.5526128358474
12088 1449.5526117543359
12091 1449.5526110318056
12092 1449.5526029449518
12180 1449.5526026594487
12191 1449.5526025559727
12210 1449.552602541982
12214 1449.5526020580733
12222 1449.552601093516
12226 1449.5526009907117
12230 1449.5526002321362
12237 1449.5525992080206
12238 1449.5525925309485
12305 1449.55259162891
12311 1449.5525916073595
12315 1449.5525907903448
12317 1449.552590752076
12319 1449.5525898661795
12321 1449.5525892047672
12325 1449.5525878957562
12326 1449.5525805656484
12348 1449.5525797810612
12350 1449.5525790506817
12354 1449.5525774723283
12356 1449.5525769575424
12357 1449.552570041137
12368 1449.5525700370586
12399 1449.5525693905277
12402 1449.5525684542592
12403 1449.552562155192
12404 1449.5525432579814
12491 1449.552542955778
12492 1449.5525420491676
12530 1449.552541952378
12575 1449.5525417064732
12583 1449.552541694247
12587 1449.5525415251827
12614 1449.5525383574368
12615 1449.5525341452799
12622 1449.552533420097
12635 1449.5525332390653
12648 1449.552533188806
12665 1449.5525331287004
12686 1449.5525328581384
12688 1449.5525295391865
12689 1449.5525234555444
12701 1449.5525234302165
12702 1449.552523354233
12717 1449.5525233361138
12718 1449.5525232817567
12732 1449.5525230624175
12742 1449.5525225269387
12763 1449.5525207102194
12775 1449.5525203005514
12777 1449.5525192444313
12778 1449.5525122464467
12779 1449.55249125249
12780 1449.5524282706033
12781 1449.5522393247923
12782 1449.5516724859935
12792 1449.5516514227274
12821 1449.551608184523
12868 1449.5515723864823
12875 1449.551566269044
12882 1449.551563590084
12884 1449.5508495679646
12896 1449.550833758037
12911 1449.5508312587851
12913 1449.5508040084544
12987 1449.5507507772832
12993 1449.550646184973
13015 1449.5506284708265
13016 1449.5505753283994
13020 1449.5504993083725
13050 1449.5504655223492
13060 1449.5504614357994
13069 1449.5504581236387
13071 1449.5504147188396
13129 1449.5503632080463
13142 1449.5503496944912
13151 1449.5503483278449
13152 1449.5503442279064
13154 1449.5503299001298
13157 1449.5503274222517
13158 1449.5502379602328
13167 1449.5501887670405
13220 1449.550188614555
13227 1449.5501885199774
13228 1449.5501882362432
13230 1449.5501472625356
13231 1449.550040320442
13272 1449.5500389298504
13273 1449.5500347580846
13296 1449.5500102715616
13297 1449.5499368119426
13310 1449.5499305881021
13312 1449.5499176545547
13341 1449.5498943214516
13384 1449.5498871572913
13411 1449.5498591174328
13415 1449.5498509768854
13454 1449.5498495218553
13482 1449.549837628557
13516 1449.5498298869945
13533 1449.549828318609
13538 1449.549816141049
13545 1449.5497986533326
13582 1449.5497786280596
13599 1449.5497673607463
13600 1449.5497335587984
13644 1449.5497283820862
13645 1449.5497128519476
13651 1449.5497031843759
13652 1449.5496741816517
13658 1449.5496724450381
13661 1449.5496630367998
13687 1449.5496527777925
13692 1449.5496518575342
13693 1449.5496490967587
13725 1449.5496428847503
13727 1449.549634123014
13728 1449.5495995922652
13737 1449.549595954411
13772 1449.5495756887392
13776 1449.549517463149
13781 1449.5495039649027
13814 1449.5494837801302
13820 1449.5494643721677
13821 1449.5494061482448
13888 1449.5494025902397
13954 1449.5494023740193
13970 1449.5494022710616
14004 1449.5494020297442
14008 1449.549391545286
14010 1449.5493914436813
14043 1449.5493909971665
14054 1449.5493909469888
14096 1449.5493889643958
14097 1449.5493830166165
14104 1449.5493825195379
14123 1449.549379240779
14164 1449.5493729205816
14216 1449.549368781161
14217 1449.5493615874009
14221 1449.5493614032853
14227 1449.5493596405029
14242 1449.549359635152
14248 1449.549359102992
14275 1449.5493562138026
14284 1449.5493562001175
14325 1449.5493556584975
14327 1449.5493521283058
14341 1449.5493501025887
14354 1449.5493486441137
14361 1449.549343724088
14406 1449.5493436415134
14407 1449.5493433937893
14415 1449.5493426943042
14445 1449.549342584361
14449 1449.5493424677907
14451 1449.5493397855728
14454 1449.549338159128
14457 1449.5493363687137
14510 1449.5493350242843
14528 1449.549334771899
14530 1449.5493334327846
14568 1449.5493328637147
14588 1449.5493325187754
14589 1449.5493314839568
14590 1449.549328379503
14597 1449.5493280417543
14598 1449.5493270285065
14600 1449.5493269627607
14604 1449.5493267418753
14605 1449.5493202200294
14606 1449.5493006544905
14618 1449.5493003017334
14675 1449.549300063295
14680 1449.5492997009887
14697 1449.5492932980999
14734 1449.5492920034897
14735 1449.549288119658
14736 1449.549276468164
14752 1449.5492748437168
14765 1449.549273942968
14784 1449.549273727687
14785 1449.549273081844
14797 1449.5492727170224
14832 1449.5492710459253
14836 1449.5492700290931
14862 1449.5492663068662
14865 1449.5492631696604
14866 1449.549244722846
14893 1449.5492397597002
14911 1449.5492370391185
14945 1449.5492369961783
14969 1449.5492358478102
14971 1449.5492336977143
14973 1449.549231090919
14974 1449.54921505155
14985 1449.549214615467
15005 1449.5492133229443
15006 1449.549201376247
15013 1449.5492013514897
15014 1449.5491851783815
15043 1449.549185122923
15044 1449.5491849565485
15046 1449.5491820196537
15047 1449.5491657217478
15135 1449.5491638352723
15137 1449.549157991688
15140 1449.549154823577
15141 1449.549135562824
15155 1449.549134864805
15221 1449.5491333505631
15236 1449.5491331771489
15237 1449.5491326569045
15239 1449.5491228696333
15241 1449.549093507824
15242 1449.5490054224522
15243 1449.548741166844
15265 1449.548715441132
15320 1449.5487003011883
15326 1449.548695473805
15336 1449.5486774653582
15340 1449.5486638677487
15378 1449.54864745765
15385 1449.5486406312161
15399 1449.5486391724928
15452 1449.5486380492523
15454 1449.5486359853203
15492 1449.5486355551882
15496 1449.5486351462828
15516 1449.548626736206
15520 1449.548618756023
15531 1449.548617855935
15537 1449.548615621581
15555 1449.5486153387767
15557 1449.5486142081922
15558 1449.54860287891
15563 1449.5486012927565
15564 1449.5485843659987
15577 1449.5485836497367
15579 1449.548580468671
15585 1449.5485775670877
15589 1449.5485762721232
15591 1449.5485740586428
15592 1449.548557849783
15616 1449.5485516959993
15626 1449.5485457641985
15663 1449.5485402095321
15668 1449.5485322344166
15690 1449.5485322230084
15692 1449.5485287653732
15703 1449.548518518215
15738 1449.5485163007522
15747 1449.5485156761597
15748 1449.5485138023812
15753 1449.5485130916602
15755 1449.5485117836222
15783 1449.548509977666
15784 1449.5484916626153
15801 1449.5484890344076
15820 1449.5484875877812
15855 1449.5484871837803
15871 1449.5484862697374
15873 1449.548477641809
15876 1449.5484756015774
15916 1449.548472679364
15918 1449.5484681944315
15921 1449.54846514355
15922 1449.54844182351
15957 1449.5484400221576
15992 1449.5484394032787
15995 1449.5484378889853
15999 1449.5484358137041
