208 10531.802660037456
261 10347.596499472349
338 10215.356726996764
347 10178.38355175907
357 9823.363833393107
454 9783.011677980108
455 9745.649852925118
527 9737.851040487803
532 9701.026097084268
541 9682.26302502393
552 9677.322886436197
557 9666.141149252033
558 9637.803266590958
565 9625.587872285932
602 9613.429165230777
632 9603.832581947177
665 9595.360588671854
715 9584.810397854297
724 9581.587082133323
725 9578.103538176345
731 9576.409819114542
742 9573.423943517682
785 9566.410233208115
795 9549.367389757861
834 9548.27185202886
840 9538.050453496939
841 9522.877240372713
843 9521.205037339218
847 9516.436531705347
851 9508.911303507039
942 9500.776259426519
944 9496.069583523687
945 9493.741331870548
973 9491.437041275094
990 9486.270921329105
1055 9471.334728771228
1057 9470.019112217009
1072 9460.563087134818
1148 9448.763513527221
1228 9446.44351613911
1235 9443.098074539033
1238 9440.662463465125
1239 9437.377471040423
1252 9434.043436999184
1260 9430.402070635737
1264 9430.086407596613
1267 9429.073198035794
1268 9426.73759253896
1277 9424.32867004803
1279 9421.991341926756
1280 9414.736667062603
1300 9404.096691115526
1401 9401.406332145089
1402 9396.632851950193
1417 9393.247353494784
1418 9384.856873494593
1444 9381.549708754272
1445 9377.161350925664
1451 9376.990872171384
1453 9375.98097950598
1460 9371.41520551304
1469 9370.085541020335
1470 9364.974166961449
1474 9362.782895066444
1490 9360.035390450963
1492 9357.854265133805
1502 9356.47708749672
1503 9351.291352349983
1513 9350.22986476801
1514 9346.083920384663
1523 9342.086755359014
1565 9335.66051594347
1623 9333.816278511029
1654 9331.04139341776
1706 9329.889116731001
1745 9328.807919595
1761 9328.597154470835
1765 9327.933409294
1775 9327.591121852169
1778 9327.18290871754
1782 9327.055109401997
1785 9326.248141239788
1787 9326.04698407664
1788 9323.72570581117
1814 9323.620068679225
1816 9323.482323948356
1817 9322.008276273067
1823 9321.892448890181
1824 9319.870962816192
1837 9319.42108399158
1838 9317.166689794793
1879 9316.937043626898
1880 9316.063983978818
1884 9315.735808160087
1885 9313.946356649318
1894 9313.654638219801
1897 9313.463407215495
1898 9311.74143216326
1905 9311.420508178418
1910 9310.993845603918
1911 9308.758936316433
1921 9307.959224041084
1927 9306.692131865739
1957 9306.469875879398
2011 9306.418514533165
2021 9305.292581381429
2024 9304.1954288734
2059 9304.05102883069
2073 9303.847486426574
2075 9303.145327709733
2076 9302.545229657564
2148 9302.30533594179
2161 9301.78040289881
2162 9300.83677720627
2176 9300.768151092961
2177 9299.86238658536
2192 9299.763730243136
2195 9299.674217214364
2199 9299.596604397782
2201 9299.388847490327
2202 9298.626822065758
2216 9298.360602727298
2219 9298.160631477476
2220 9297.296179190385
2237 9297.204208110144
2238 9296.586076438953
2243 9296.512670972917
2244 9295.658835418752
2255 9295.344937511116
2256 9294.467861917521
2265 9294.358965497388
2266 9293.447593248226
2273 9293.236782323202
2274 9292.021081598003
2284 9292.00556442998
2285 9290.787968036922
2295 9290.626003467916
2296 9289.506057238954
2303 9289.333813901114
2304 9288.148581579071
2312 9287.97476881438
2313 9286.811426590055
2319 9286.58833657713
2320 9285.265458690412
2327 9285.19908069167
2328 9283.802407686022
2334 9283.70569727844
2335 9282.73737627444
2341 9282.31598279745
2342 9280.715113221777
2356 9280.652771286028
2357 9280.280943523778
2358 9280.073157344084
2359 9279.229091017314
2369 9279.063400821791
2370 9278.929549503535
2373 9278.674749943777
2376 9278.284526078914
2377 9278.020918874327
2381 9277.88577265889
2382 9277.625410521294
2388 9277.056044084875
2389 9275.993506075536
2413 9275.564308060284
2414 9274.792632086812
2420 9274.303745518486
2427 9274.222318838942
2431 9273.47002731532
2432 9272.353265519721
2465 9272.192983076386
2467 9271.891102813513
2472 9271.698883564655
2473 9271.142581194523
2477 9271.07323007537
2480 9270.996738414
2497 9270.726611855627
2502 9270.521645997002
2503 9269.93351536266
2516 9269.709252259767
2517 9268.975375818445
2539 9268.885873678379
2542 9268.254582736228
2543 9267.366739527577
2561 9267.27984370552
2570 9266.788378647832
2571 9266.146739201107
2580 9266.091577227042
2581 9265.412639554304
2597 9265.186251313973
2610 9265.163989484463
2612 9264.687292816132
2613 9264.192311671057
2623 9264.064948382274
2624 9263.543225337016
2632 9263.486290862122
2633 9262.76807829375
2641 9262.748274444353
2642 9262.061301940576
2650 9261.969289721277
2651 9261.072113691898
2660 9260.91366288501
2661 9260.45179869663
2663 9260.325231283041
2664 9259.430891687414
2668 9259.350335903664
2669 9257.939199123968
2678 9257.771366397177
2679 9256.416048192194
2688 9255.682347815342
2689 9254.213413504598
2699 9253.788064650014
2700 9252.856525300478
2705 9252.469957801226
2706 9251.04830241282
2715 9250.915518894804
2716 9250.321998769145
2718 9250.253723454012
2719 9249.515157560749
2723 9248.439531283786
2724 9246.619329576417
2737 9246.338615268294
2738 9246.041476036757
2739 9245.765047834891
2740 9245.397612290999
2743 9245.336191356073
2747 9244.847776170256
2749 9244.65855956748
2759 9243.915823049509
2778 9243.350498013184
2796 9243.13887759709
2798 9242.963651599173
2817 9242.960290584408
2820 9242.615689582586
2826 9242.456823638788
2827 9242.44411326679
2830 9242.100799160933
2831 9242.07959897535
2851 9240.471028197053
2854 9238.212228036355
2887 9236.049997050291
2971 9235.38518755386
3004 9234.624187472189
3031 9232.446864242555
3091 9231.239824018905
3092 9229.590378602865
3112 9229.359205798351
3119 9228.162447114035
3134 9226.970538137915
3226 9226.438065491191
3227 9224.800834465168
3241 9223.4483036282
3259 9222.450739536976
3264 9214.915370617762
3265 9209.33280007682
3321 9208.609614108662
3334 9206.48576759495
3394 9205.625108051396
3395 9203.17092513154
3438 9202.287944883527
3439 9201.797150391465
3456 9201.0095717503
3511 9199.695024913548
3532 9198.246852170701
3587 9196.930766303461
3588 9194.734422429685
3647 9193.589778522308
3654 9191.171096018315
3659 9190.995653547207
3686 9190.943925694304
3717 9189.768221251894
3722 9189.189420131352
3760 9189.1328607395
3761 9188.968075571103
3762 9188.517669562565
3763 9186.54137624449
3822 9186.271212751704
3825 9185.793682415888
3841 9182.400912819296
3853 9172.514822715493
3891 9161.633820267245
3956 9159.437862594186
3958 9157.87706319167
3971 9157.620309279235
3972 9150.62420637488
4009 9148.608516164411
4050 9147.979450680608
4051 9145.206051254647
4056 9144.200350656245
4075 9143.848864160223
4080 9143.706565582517
4081 9141.384645059867
4098 9140.857511935432
4116 9138.946149964619
4175 9138.65485859298
4176 9137.801904931837
4178 9135.695993332527
4206 9131.313054063281
4362 9131.291433261706
4386 9131.276228663275
4388 9131.262484841485
4390 9131.222057396688
4391 9131.110268897773
4393 9130.809095782613
4394 9130.539317403049
4402 9128.010738235023
4465 9127.698932700338
4503 9127.667835606324
4519 9127.593923802437
4598 9127.305291137376
4641 9127.269442521207
4670 9127.259000236367
4671 9127.232561674462
4672 9127.18098440017
4679 9126.900799516274
4680 9126.179987841533
4681 9125.09098362215
4772 9125.073731322476
4773 9125.026818901511
4775 9124.93171275524
4887 9124.917506338978
4888 9124.874917451263
4901 9124.862264030817
4902 9124.827976370776
4903 9124.751031562666
4905 9124.712165435563
4906 9124.488057891384
4923 9124.466098213079
4993 9124.392971032208
4994 9124.249466328265
4996 9124.197266628249
4997 9123.940043844128
4999 9123.028235222468
5001 9121.962953820726
5055 9121.728841126143
5143 9121.377212947466
5144 9120.38631245204
5199 9120.317093634778
5288 9120.311399525932
5331 9120.310491586966
5352 9120.30415220703
5404 9120.297753635848
5405 9120.27603698483
5447 9120.274393037944
5448 9120.256509625442
5460 9120.256044945412
5465 9120.25497672132
5466 9120.2381450611
5473 9120.23577381004
5474 9120.214020522666
5483 9120.212035541876
5484 9120.187855527469
5492 9120.185324750182
5493 9120.157077075619
5501 9120.15537152236
5502 9120.12182427497
5511 9120.117703769562
5512 9120.079992188641
5520 9120.075745873924
5521 9120.030846845732
5530 9120.028043451248
5531 9119.979062798395
5539 9119.971898792643
5540 9119.91293409019
5549 9119.906976210883
5550 9119.841972338862
5558 9119.840227465573
5559 9119.768367389279
5567 9119.763175638856
5568 9119.682492797869
5577 9119.668666488085
5578 9119.57991891185
5586 9119.573587232828
5587 9119.475568191297
5596 9119.466385499825
5597 9119.366970211717
5605 9119.360818026855
5606 9119.259365974056
5614 9119.254247518566
5615 9119.153804918033
5625 9119.131938472578
5626 9119.051298653709
5635 9119.045499183498
5636 9118.999185082865
5645 9118.992395750456
5647 9118.979234919616
5648 9118.971244657985
5675 9118.961817115389
5676 9118.942663120133
5697 9118.930870969736
5698 9118.902888267885
5711 9118.90097726889
5712 9118.880979865
5719 9118.86953813621
5720 9118.832963338804
5731 9118.82623577949
5732 9118.787259202043
5743 9118.778524826877
5744 9118.754843467474
5749 9118.736842953162
5750 9118.688530524818
5758 9118.678763576232
5759 9118.61495257287
5766 9118.603816423
5767 9118.516487477149
5779 9118.506179210954
5780 9118.416533134294
5790 9118.40097615826
5792 9118.3934497428
5794 9118.372689853002
5827 9118.369103639992
5834 9118.36224557859
5843 9118.356733137789
5852 9118.347769106958
5864 9118.347542682206
5865 9118.346927395187
5866 9118.345705564821
5867 9118.34427097673
5870 9118.32782398834
5871 9118.290878963537
5874 9118.27574091477
5875 9118.228631831655
5876 9118.098141156599
5894 9117.920908998809
5895 9117.4051329056
5904 9116.594584114828
5905 9116.04863635214
5962 9115.766254597993
6020 9115.526334974455
6024 9115.267244235009
6030 9114.555251294907
6031 9113.24340265843
6110 9112.465774312204
6150 9112.392516555477
6151 9112.178326744663
6152 9111.586003812874
6236 9111.473047341717
6237 9111.138805612038
6244 9111.049261011094
6304 9110.942768973255
6306 9110.916451293568
6308 9110.862998609025
6338 9110.791742962387
6348 9110.682287541373
6376 9110.639582240543
6378 9110.584311050574
6410 9110.538690130341
6477 9110.538133868484
6479 9110.507999545163
6481 9110.417667764294
6482 9110.206803552737
6483 9109.852782986565
6488 9109.477181073611
6518 9109.451550545233
6519 9109.284886393192
6521 9109.178815890473
6522 9109.048624698857
6589 9108.832231585046
6615 9108.795885174028
6626 9108.416807806918
6627 9108.016217032407
6630 9107.578099633194
6659 9106.673200923586
6713 9106.672091226625
6716 9106.643884411897
6730 9104.213104704431
6779 9103.316030187652
6838 9103.08662236175
6879 9103.082340528605
6880 9103.077391041108
6889 9102.87191003605
6939 9102.50594472205
6948 9102.44133364217
6949 9101.723000295991
6987 9101.211606164425
6996 9100.646370603126
6997 9099.649224414692
7053 9099.08189953245
7093 9099.06835446772
7094 9099.037509983737
7095 9099.025514576953
7185 9098.953619676302
7241 9098.850426907695
7243 9098.545937389288
7244 9097.690093364794
7245 9095.578144576963
7246 9092.099834439414
7249 9091.621584650768
7250 9091.434885823595
7282 9089.005243071979
7288 9082.507622198553
7318 9082.202303952332
7324 9081.757612158459
7331 9078.50227922743
7365 9075.745165486353
7423 9075.40399403611
7444 9074.549073648775
7446 9074.282346272028
7452 9073.4152263372
7484 9072.08658623412
7485 9071.629033828322
7512 9071.571339624385
7604 9071.328445487507
7605 9069.835000710078
7613 9069.489107353666
7614 9067.644794736627
7642 9067.281262868535
7644 9067.204476603776
7645 9065.711481389002
7662 9065.62791406304
7663 9064.41944927244
7673 9064.044434165597
7674 9062.993849868384
7680 9062.916183390415
7681 9061.912154752781
7684 9061.890252406674
7692 9061.541978757105
7694 9061.530541471413
7695 9060.7879451038
7698 9060.424591495954
7710 9059.903275674891
7711 9059.247987996567
7714 9059.142495262357
7715 9057.98451438437
7728 9057.29425655414
7731 9057.101016536499
7738 9056.816020963659
7747 9056.353343308618
7753 9056.100498775197
7756 9055.761665420745
7758 9055.706418973621
7768 9055.692458066338
7769 9055.562867190612
7774 9055.259366421424
7775 9055.076471385033
7806 9054.54424568461
7828 9054.078862604778
7829 9052.889717095732
7830 9052.063759599969
7863 9051.920143767382
7880 9049.450274891959
7969 9049.406278831033
7970 9049.277139151338
8024 9049.255477847237
8025 9049.192033450408
8062 9049.107290863081
8086 9049.05324381291
8138 9049.010440171971
8140 9048.89270901444
8141 9048.636096986364
8147 9048.426550173472
8227 9048.266285069369
8234 9048.229146503387
8235 9048.126861487433
8236 9047.825291867912
8237 9046.996727999578
8265 9045.66341608437
8311 9045.393620202285
8312 9044.614472307894
8326 9044.529792330513
8337 9044.081916182718
8417 9043.886433782747
8465 9043.86759528273
8466 9043.853901712997
8557 9043.815627587372
8561 9043.802475675147
8562 9043.763263144076
8563 9043.647816654755
8564 9043.348284287029
8565 9042.613319954367
8566 9042.116815649013
8572 9038.842118405668
8591 9038.057352950058
8683 9037.089925534117
8685 9036.818805351373
8698 9036.752927321671
8702 9036.615604028957
8704 9036.449639193586
8791 9036.44239706378
8792 9036.425766268754
8820 9036.421731655431
8841 9036.286655064723
8905 9036.229389018652
8933 9036.215712285755
8940 9036.2129706232
8941 9036.20479368996
8942 9036.180695379991
8943 9036.11255986446
8944 9035.942062621229
8945 9035.737574666236
8951 9035.554065451577
8994 9035.452045597505
8997 9035.273747273608
9021 9035.25562169864
9022 9035.202587742788
9023 9035.055570754588
9101 9034.932132838396
9103 9034.679947107606
9121 9034.6507966143
9122 9034.5646625068
9261 9034.562715602304
9262 9034.556875410752
9283 9034.552800627956
9287 9034.548090438811
9318 9034.54773840232
9319 9034.54675456736
9320 9034.543919103713
9321 9034.536561652083
9322 9034.530802738287
9364 9034.512821992315
9453 9034.509858917614
9461 9034.507618515385
9496 9034.507338449257
9497 9034.506502331471
9498 9034.504030703296
9499 9034.496873901504
9527 9034.478378581129
9528 9034.455942163531
9584 9034.453929992078
9607 9034.42552689544
9621 9034.417176383002
9680 9034.393322884242
9681 9034.329986873016
9682 9034.228282195143
9694 9034.107950687385
9749 9033.945607391213
9757 9033.91887212759
9812 9033.867173901785
9842 9033.864295629528
9844 9033.862689213083
9917 9033.848965006027
10003 9033.848025253094
10088 9033.84734527964
10123 9033.84698121827
10125 9033.845827884525
10171 9033.845551534585
10210 9033.844724058408
10211 9033.842255791656
10212 9033.834978419745
10213 9033.814289253467
10214 9033.762357310638
10267 9033.73997070694
10281 9033.714113333253
10374 9033.700679575968
10375 9033.679316016165
10391 9033.487701597522
10426 9033.416000859299
10433 9033.406283112668
10434 9033.387265497875
10447 9033.237087796615
10448 9032.92237708894
10536 9032.896827800118
10550 9032.8569916184
10635 9032.845008571969
10638 9032.833442831881
10640 9032.827065957672
10655 9032.785769488319
10675 9032.733097970879
10730 9032.716932298596
10731 9032.674295023338
10732 9032.569111963523
10761 9032.493846125186
10762 9032.338868268738
10763 9031.968696773243
10764 9031.462515505791
10796 9030.811978061263
10829 9030.735802853229
10907 9030.6172205578
10909 9030.263761199307
11018 9030.257881212494
11022 9030.251285112494
11054 9030.249615677616
11055 9030.244609213809
11056 9030.229648185667
11058 9030.184696325106
11059 9030.0511892355
11060 9029.652036396319
11061 9028.589075719963
11062 9026.413675308142
11146 9025.79915295693
11265 9025.765841721792
11266 9025.667263010988
11267 9025.409978960193
11268 9024.724404005417
11269 9023.512326829708
11281 9020.003600147764
11374 9019.940051337724
11438 9019.888748119452
11457 9019.872318978032
11491 9019.855775890022
11557 9019.854795992342
11569 9019.847618000827
11582 9019.847396574065
11597 9019.846251929534
11601 9019.840814068973
11609 9019.834953864012
11625 9019.81746888248
11653 9019.765874635568
11843 9019.765866384198
11888 9019.76586075387
11889 9019.765843862955
11890 9019.765793190807
11996 9019.76578869474
12120 9019.76578839443
12147 9019.765787721892
12172 9019.765787648968
12174 9019.765787403454
12204 9019.765786509353
12205 9019.76578382706
12206 9019.765775780203
12207 9019.765751639809
12208 9019.765679220189
12209 9019.76546197548
12210 9019.76481036868
12211 9019.76285669424
12212 9019.757005984575
12213 9019.739546678487
12214 9019.68800416638
12215 9019.540880292661
12216 9019.167180017172
12217 9018.655203094151
12221 9018.494026072623
12226 9018.32705581069
12311 9018.2995415182
12331 9018.28789776527
12335 9018.268398549026
12371 9018.254658119462
12386 9017.97326277249
12395 9017.913562508778
12396 9017.762167814724
12397 9017.414626681606
12399 9016.902650670178
12446 9016.469579654635
12555 9016.342544419433
12557 9016.125952100898
12616 9016.121938247694
12617 9016.115290169397
12636 9016.05219700826
12670 9016.015952945405
12717 9015.967006724686
12746 9015.966875558257
12747 9015.923428726272
12775 9015.774865697704
12839 9015.757360459367
12845 9015.743794388098
12875 9015.743742756065
12877 9015.73037065315
12883 9015.714993994461
12958 9015.699767081283
12992 9015.68922141872
13062 9015.681147075273
13090 9015.679129660044
13110 9015.675153833366
13111 9015.66327858915
13112 9015.628122647959
13113 9015.526737335129
13114 9015.25771226535
13115 9014.787611256854
13132 9014.700870791625
13220 9014.67543958831
13221 9014.602976219756
13222 9014.396429260292
13223 9014.155054445586
13266 9014.105816319137
13347 9014.05861415887
13349 9014.055312225
13415 9014.013508335553
13499 9014.003451587527
13588 9014.001956320211
13592 9014.001194852823
13593 9013.998910852533
13655 9013.997297992966
13703 9013.997056502541
13705 9013.99702859186
13707 9013.996944882236
13708 9013.99669395506
13709 9013.995942988822
13710 9013.99370642773
13711 9013.987126444761
13712 9013.968682873448
13713 9013.925028234824
13714 9013.898109340704
13719 9013.678791249105
13726 9013.381293306455
13732 9013.345859152874
13774 9013.267680519846
13803 9013.098534949331
13861 9013.089833926078
13862 9013.064561015257
13863 9012.995356856774
13864 9012.838865891767
13881 9012.792961224128
13917 9012.736594656999
13982 9012.735072576093
13983 9012.73204949645
13984 9012.714479769926
13987 9012.663449932861
13997 9012.637819542248
13999 9012.59435287867
14001 9012.495584665598
14058 9012.476138388494
14059 9012.227955808852
14060 9011.736978550332
14123 9011.71285205451
14124 9011.696372377988
14161 9011.605736490978
14253 9011.578774591195
14262 9011.560069164108
14263 9011.504866161813
14266 9011.46095056839
14282 9011.450147221412
14364 9011.4310707246
14396 9011.422570277462
14397 9011.397123700985
14455 9011.3904514404
14488 9011.390152447144
14531 9011.390053605382
14532 9011.389757117302
14612 9011.38954663014
14639 9011.389388306354
14684 9011.389353463557
14719 9011.389333368998
14723 9011.389305560477
14735 9011.389286369133
14755 9011.38928098042
14757 9011.389264857587
14758 9011.389216878846
14759 9011.389076450385
14760 9011.388690235737
14794 9011.386746347556
14857 9011.386045887368
14909 9011.385889268437
14911 9011.385524950292
14912 9011.384947826558
14924 9011.38334982688
15008 9011.383182033927
15075 9011.38316698326
15076 9011.383121835763
15077 9011.382986433817
15078 9011.382580594282
15079 9011.381366411197
15080 9011.377755052326
15081 9011.367251302983
15082 9011.339425974822
15083 9011.264766099555
15084 9011.115033073498
15135 9011.036603005872
15188 9011.025118778985
15207 9011.01885107796
15213 9010.996973242312
15353 9010.996553695231
15360 9010.995524679467
15398 9010.995261325485
15414 9010.995118936735
15483 9010.99503914101
15484 9010.994799957982
15485 9010.994084246307
15486 9010.991953648656
15487 9010.985710709694
15767 9010.985708925586
15771 9010.985708638915
15772 9010.98570777891
15781 9010.985705891979
15782 9010.98570023124
15783 9010.985683249495
15784 9010.985632308553
15785 9010.985479524415
15786 9010.985021520028
15787 9010.9836506393
15788 9010.979566190374
15789 9010.967566621199
15790 9010.933852947448
15791 9010.853305185745
15792 9010.832212629528
15801 9010.79750949771
15802 9010.693455064182
15809 9010.692116605067
15857 9010.686268202317
