161 2827.346799990846
164 2753.9508586805873
221 2749.937574499169
239 2748.0376312246394
246 2733.890492207249
385 2733.4477072634168
426 2733.211681865593
430 2733.1115937161508
431 2732.643949053956
435 2732.5110932135362
438 2732.3100109277084
470 2732.1982036062755
479 2732.179406797749
482 2731.840460129963
535 2731.7099926580577
555 2731.6393699913438
568 2731.63214961339
575 2731.620663625222
599 2731.6187952290297
623 2731.613764221249
631 2731.601053047298
641 2731.5997905201657
684 2731.597543199021
701 2731.597061780952
757 2731.596711570608
809 2731.596283573634
841 2731.595792487764
852 2731.5956686430904
902 2731.5954147706266
1059 2731.5954080985657
1205 2731.5954044731
1218 2731.595404401398
1466 2731.595395758812
1703 2731.595393341738
1778 2731.595390635476
2295 2731.5953885730355
2357 2731.5953833967988
2595 2731.5953812722014
3144 2731.5953783586706
