266 767.6522351175346
306 763.0262787328628
342 761.5073964445447
347 747.9696721202085
370 736.7582511452117
397 710.8318435988915
424 708.6132328587523
426 706.7952056532876
434 704.4745658825236
440 703.2234914877449
443 702.6610962303547
451 696.556129213117
453 691.3099663996057
529 683.10100855797
532 682.4358359276861
563 680.4429161534673
573 676.9564013997508
688 669.3760071850986
693 665.8747317749554
721 655.7372427046979
741 655.6810829462061
757 653.3621652137889
807 651.6123453610493
814 651.066767223226
829 649.4395197399481
842 647.1786514680512
965 646.1090533335562
980 644.4355781268915
997 643.8539257492345
1094 643.1678404017284
1334 642.8214768428712
1682 642.6818560746974
1692 642.681830137094
1715 642.6775425743139
1757 642.6754800149885
1766 642.6737079008361
1767 642.6733493974943
1771 642.6721619839196
1944 642.6719355261687
1954 642.6714643776137
1998 642.6705577047431
2012 642.6705198735222
2025 642.6701496881078
2109 642.6701430821488
2135 642.6701208965403
2260 642.6700863836911
2448 642.6700348579874
2455 642.6700272922274
2504 642.670024326601
2545 642.6700234525963
