108 3363.9152659168244
244 3067.1389092774584
261 3031.1346423877335
267 2977.069807434973
281 2778.3456307400215
420 2771.2251731283627
437 2741.0897446066597
444 2737.786482133556
467 2724.285614464596
494 2710.1992609600215
500 2696.0912337295517
521 2685.373822415608
536 2662.3949225940846
550 2653.7591213998876
575 2648.92959956865
593 2646.073518340297
600 2642.6746513185076
607 2637.0318493276945
612 2636.9903937116637
647 2631.6866441195257
664 2628.1251778630826
671 2619.233847928575
707 2617.215776173869
715 2614.2948089305864
725 2613.1908199006775
730 2612.253080832556
731 2610.9889724822783
734 2606.626763158522
748 2604.3116458826694
760 2602.5352073173704
763 2601.7381871162893
799 2597.5654444494894
840 2590.6192392853354
860 2587.2075979898914
886 2586.075985590879
893 2585.3029557433956
910 2582.949272503847
934 2581.812629974006
962 2581.163896198685
1038 2579.994813754354
1106 2579.9612558462563
1178 2579.5899782955216
1297 2579.531332728514
1350 2579.4815019760736
1354 2579.470355649935
1400 2579.4557113666992
2017 2579.435725143585
2019 2579.4356865638397
2072 2579.435664624655
2150 2579.435658541867
2239 2579.4356519136063
2284 2579.435635781696
2404 2579.4356271709444
2612 2579.4356217890636
