206 857.7067161495081
227 852.3024691660429
249 845.6269748446955
250 819.61368042793
266 790.2799096287202
283 786.1168881556215
292 776.1388896898177
305 761.619734671964
306 710.9846193026848
352 695.4994145866528
399 685.0925512493927
408 676.1169291548507
412 670.7931146171634
438 668.2524228230465
451 666.9056049543323
459 666.5911004842209
474 666.163156573042
484 663.078730900021
485 661.0138454993587
493 660.6886816085432
495 659.3318722292489
501 657.3247277480298
505 656.8072851725868
515 656.5537760264511
522 653.7442248334602
536 650.2419275265154
565 648.9825557989163
573 647.5312818656586
597 646.0383097268518
613 645.138097783635
615 643.9441678133747
626 643.4565240205892
635 642.7378861219215
656 642.1654107066887
663 641.863545417412
677 641.0228962023467
706 639.7036017342897
707 638.8892511457279
801 638.2429275498213
802 638.1909083048972
808 638.1306807424573
810 637.9203826047118
821 637.2540621822677
850 637.1118564997747
861 637.0416823127548
876 636.9907593405271
896 636.932444756199
901 636.7273126323227
932 636.7090374713296
944 636.6642425711478
949 636.6629932393691
978 636.6359663400784
1000 636.6232417149012
1006 636.6031898540315
1035 636.5844665208712
1108 636.5820938528775
1138 636.5719440863134
1151 636.5640825962032
1179 636.5630088511479
1187 636.5626112161923
1197 636.5623184784201
1217 636.5614481734974
1235 636.5601045761607
1249 636.5594958641019
1251 636.5586844020877
1264 636.5568303041906
1282 636.5558665129871
1294 636.5549640043373
1317 636.5534351758871
1355 636.5528267569078
1368 636.5525699350308
1397 636.552181598897
1398 636.5513341272725
1434 636.5512433832066
1470 636.550536703057
1546 636.5504362704253
1657 636.5504135210484
1697 636.5503659691637
1742 636.5503514554954
1790 636.5503473535188
1803 636.5503442483117
1864 636.5503405190713
1919 636.5503403686107
1925 636.550340023737
1930 636.5503398514221
1996 636.5503393570428
2015 636.5503392069731
2082 636.5503387981707
2139 636.5503386979196
2146 636.5503386896228
2160 636.5503386663827
2166 636.5503386611005
2174 636.5503386557573
