35 2849.7510279571334
39 2618.576475903095
58 1944.4086723803287
103 1878.7136033491952
109 1585.126778852363
117 1370.646458058213
122 1350.765579077982
151 1097.3782857471933
156 782.8468493318572
179 637.7241293987514
192 588.7747914423779
227 489.37606874547265
264 471.2625705464229
265 430.72160097913326
278 416.2820790203564
301 334.2129101016897
326 307.135899533002
333 295.5361304212085
349 280.0201117919119
360 272.70696951222135
381 251.4024493971548
404 235.0231031866845
440 231.52348573048144
497 219.65637528764663
541 212.52366555432548
599 210.65423876666287
603 209.70606805834595
612 208.77947632799865
649 208.6747663550162
688 207.7747994419619
713 206.53052236832752
837 206.22682764134333
924 206.1440426319873
1002 206.03484411911782
1023 206.0264810246759
1055 205.92689242241235
1085 205.89551262992373
1197 205.85722744913122
1217 205.84542622815792
1269 205.80373221273993
1341 205.7577148243789
1477 205.65224637842744
1594 205.64441845028207
1760 205.52641576131714
1861 205.51808174087012
1974 205.51609852731593
2235 205.45766328000622
2366 205.38948216304044
2383 205.34281091981026
2574 205.17042950891084
2709 205.1610357849061
2967 205.14466009755455
3114 205.09556779360213
3275 205.0604750426438
3544 205.03162119392994
3629 205.01940559119086
3771 204.99196996031466
