277 2783.2989254337035
298 2760.7676157102796
326 2653.8755491244524
376 2608.9698607670407
383 2554.146177812113
391 2551.94581146748
396 2521.3666261011376
401 2496.9267897707787
409 2405.7267183485155
438 2393.158984845453
451 2366.1106403267327
482 2362.294313984828
532 2338.925140570894
633 2327.831883675905
639 2313.612512396043
658 2308.443147077886
671 2307.1596196842424
676 2303.567421087694
688 2302.5896001050774
894 2299.247504716511
930 2298.3814576193276
1018 2297.9777585724787
1054 2297.614177408692
1463 2297.359472988381
1883 2297.328774268425
2337 2297.3286246633547
