199 572.8325078144005
206 531.4482504849992
220 530.9105341604256
231 489.3682211719117
288 487.0206364962935
311 486.42846450923685
314 486.2046083213508
322 485.59888304997855
329 484.42439662452887
342 483.7103267818345
395 483.58583807600127
416 483.49920212742563
459 483.49770837135327
469 483.4976272509843
474 483.4818896052164
498 483.4808866880587
501 483.4745705655584
522 483.4697189659377
524 483.46908378921785
530 483.4665004946862
575 483.466239415721
612 483.46614763259254
638 483.46611792625055
666 483.46611712291246
669 483.46609480871575
690 483.46608326804017
740 483.4660783518394
806 483.4660781956586
829 483.4660779932374
840 483.4660779261691
872 483.46607782946546
876 483.46607781698094
878 483.46607777508734
943 483.46607777440454
944 483.46607776583625
949 483.46607775873565
1006 483.4660777575938
1059 483.4660777573845
1079 483.4660777573646
1134 483.46607775736334
1141 483.46607775736106
1148 483.4660777573569
1161 483.4660777573552
1176 483.4660777573531
1180 483.4660777573363
1212 483.4660777573346
1215 483.46607775733304
1219 483.4660777573266
1290 483.46607775732605
1328 483.46607775732593
1349 483.4660777573258
1362 483.46607775732565
1405 483.4660777573255
