209 874.8733115390291
214 796.490780384806
215 698.6749271890436
242 653.4416039430278
245 548.3681235526262
267 330.13028687235567
274 291.18669383180435
293 224.04685515447315
301 171.74021006335715
354 131.29964266196808
364 126.83684116964417
384 113.15165796059729
404 107.8934970122206
416 90.77065490874817
433 83.5266448766973
451 78.8620181603214
463 71.44504834062576
476 55.295080284413594
495 51.23619237670084
497 49.35624750650513
550 47.02595226171484
555 46.82262336517296
573 46.52382612667666
586 42.97656302439047
595 42.61844211973994
598 39.75333423386386
627 38.25343584720117
635 33.623858880738794
655 33.2368538768748
671 32.7848607157519
731 32.658746005201195
740 32.20710189199851
743 32.12246380664832
750 31.342972270055576
755 29.214430432885315
787 28.987004016965933
802 28.63031592303206
807 28.358599088960933
849 28.222740344665947
905 27.907317427757356
908 27.461680497373514
944 27.183608288797604
1166 26.81943737526224
1870 26.77560805873311
2273 26.775544158245335
2387 26.775542515610905
