27 3919.763473331908
28 2726.319295505397
42 1651.9425188755365
70 1496.4001488799208
131 861.8348806712091
389 861.1524575207033
403 861.0369087685358
417 848.9830924400997
438 844.5468380885959
469 833.380316743848
474 821.8313843850212
501 814.0478792023937
512 807.411435179879
525 782.1529168019738
535 775.4859071549797
541 773.8117030649852
564 767.93554081438
588 761.5625308347047
685 758.5588485886393
691 757.8169067942797
709 757.2183212703524
810 757.149108470048
909 756.8981463441327
910 756.8908238532933
993 756.8740862281563
1116 756.860000161725
1137 756.835229440761
1143 756.8163089773097
1247 756.799450716366
1283 756.7911606788416
1521 756.7747522396771
1538 756.7447174500551
1760 756.6897344097919
2058 756.6751220939954
2294 756.6742802950923
2298 756.6737421858267
2592 756.6550533562514
2965 756.6498498815442
3400 756.643538953434
3823 756.6251864906033
