28 1924.0387386457937
34 1792.2901343197186
49 1654.7141166994497
63 1560.8776985712184
66 1459.2243567208866
106 1369.5399566521328
123 1364.1599449169223
206 1356.5483639875038
223 1344.9876452093088
246 1343.4215321035167
254 1341.07930501285
317 1338.605778142031
326 1337.7545431782273
350 1337.6020840362012
409 1336.9562125994776
413 1336.1066617723368
422 1335.8555275950882
450 1335.7848849619218
480 1335.0517038220673
501 1335.0235256186727
522 1334.9563341855874
554 1334.938344028611
568 1334.9025018731913
574 1334.8984201118471
581 1334.8656582222743
617 1334.85387487437
623 1334.8485407147814
639 1334.8377911791786
663 1334.83256026639
715 1334.8304668369362
739 1334.8276026759208
748 1334.8272653696292
769 1334.8271010969988
784 1334.8256607606622
802 1334.8218997308018
835 1334.8214029647015
926 1334.8212847314853
929 1334.821238785047
1020 1334.8212228301636
1023 1334.8211690454561
1127 1334.8211679078531
1143 1334.8211659448448
1175 1334.8211657710904
1257 1334.8211654045624
1331 1334.8211652577083
1337 1334.8211649255154
1371 1334.821164882056
1380 1334.8211648234517
1418 1334.821164818884
1506 1334.8211648142974
1514 1334.8211648006397
