100 -1940.6805613642325
145 -1962.081377269155
191 -1962.7802004289902
204 -1963.266312420741
214 -1966.4194709144192
218 -1966.5698574134872
231 -1970.1552612526434
238 -1973.5970228170995
251 -1978.1818282051554
271 -1979.4839677003679
282 -1980.9956379853772
285 -1982.8948211255874
287 -1983.7331602571467
300 -1983.983472355998
331 -1988.4082969332042
368 -1988.8504282817912
436 -1990.199520849062
491 -1990.240328623854
505 -1990.318025992124
506 -1990.5057106912923
524 -1990.6737409287903
563 -1990.7140698119956
571 -1990.7756442320826
604 -1990.8678762042653
608 -1990.917501387417
620 -1990.958718088705
624 -1991.0122699378032
639 -1991.1032125864926
694 -1991.144058988293
757 -1991.1498249086544
762 -1991.1619433805085
794 -1991.169278069015
799 -1991.1828109137937
821 -1991.1893951154675
829 -1991.1922953993271
843 -1991.19644311101
847 -1991.2057306773456
879 -1991.2101429998017
900 -1991.2143279459053
920 -1991.214444737021
929 -1991.2159285429184
944 -1991.218742130725
1010 -1991.2230842684107
1013 -1991.2231713123017
1017 -1991.2231931241895
1068 -1991.2238022658048
1073 -1991.224202318349
1076 -1991.2244437389436
1103 -1991.2250806565828
1107 -1991.2255125464021
1166 -1991.225640410667
1177 -1991.2257008022134
1232 -1991.2257982016517
1249 -1991.2258345664193
1266 -1991.2259420703426
1332 -1991.2259956703597
1390 -1991.2259961393747
1501 -1991.2259980440692
1559 -1991.225998568369
1566 -1991.226000907911
1596 -1991.226001610426
1622 -1991.226002229598
1661 -1991.2260025687892
1686 -1991.2260025835415
1692 -1991.226002796527
1703 -1991.2260029679612
1728 -1991.2260031437447
1855 -1991.2260031487417
1876 -1991.2260031808387
1949 -1991.226003182593
