143 -1726.9060259334651
154 -1758.9948952371478
166 -1788.3212205954553
167 -1795.0886637207284
170 -1875.07707837854
208 -1880.0746788963672
217 -1959.2486371720477
231 -1994.1214122080642
262 -2041.5826828392528
311 -2043.7238344650439
326 -2059.5029800296984
352 -2070.891426587078
367 -2086.5032972231506
382 -2089.1790386488315
420 -2091.788147698934
426 -2100.9864432278678
466 -2101.4423202915045
473 -2110.0297749106735
497 -2111.7039731605482
533 -2115.001798899629
565 -2117.6715913655703
597 -2118.4483479012247
613 -2119.4779606112666
639 -2122.1224985437484
647 -2122.1808081634317
671 -2122.710841148476
759 -2123.0326126980403
783 -2123.2154080983246
1170 -2123.457665540912
1444 -2123.4616197725245
