40 244.47285861667243
56 234.82619408758498
74 207.53244470786206
77 194.32472928579057
90 175.4822973994968
105 117.90260115478421
140 114.46162696400356
255 110.03360596516056
306 108.8605718469503
342 108.65257526295372
427 108.48296694500078
626 108.40028881700727
666 108.31857820851845
704 108.30836303651796
706 108.29931354733301
795 108.27521498818126
812 108.26703173734423
825 108.26543444879256
837 108.26385061169759
845 108.25762616525734
858 108.25109465544935
888 108.25046588764012
893 108.24294500702688
901 108.24000383750054
902 108.23814471778856
943 108.23413079962869
981 108.22345947265572
991 108.2206676601078
992 108.2150849710897
1002 108.21196556697048
1011 108.2099821222992
1027 108.20996602763739
1029 108.20233613765005
1104 108.20108117068031
1111 108.19907086947714
1126 108.1973193204817
1132 108.1944692189519
1170 108.19335150386922
1171 108.18839638602408
1219 108.18553715126195
1228 108.18318931233432
1260 108.18069121002563
1281 108.17762324090785
1317 108.1741783046443
1325 108.1734819946058
1352 108.17119330512016
1415 108.16886152718622
1423 108.16664473045998
1444 108.16280801185432
1474 108.15665334790106
1510 108.15643058396502
1520 108.15510648419425
1545 108.14044197203906
1588 108.13120675085301
1637 108.1298246642554
1694 108.12555373919434
1713 108.12392171626729
1723 108.119360067064
1752 108.11725547363498
1762 108.11374390477236
1799 108.1101474951653
1876 108.10851704317199
1889 108.1081817116973
1924 108.1047231479532
1928 108.10364611759961
1946 108.10323650767481
1972 108.09619608855976
2023 108.09282042012057
2059 108.08799835059374
2082 108.07690290002819
2091 108.07300909518146
2147 108.06982208060532
2182 108.06491552950708
2190 108.06426463091732
2275 108.05901838679559
2289 108.05682934354859
2323 108.04967947919911
2531 108.04911996420157
2536 108.0459993995045
2548 108.04409718638114
2584 108.04336584085328
2609 108.04057395764062
2670 108.03895758480792
2675 108.03770307773657
2679 108.03678429236484
2692 108.03562101558383
2709 108.03447293824492
2764 108.03000646681667
2814 108.02672810971016
2972 108.02422490859091
3008 108.02412938764962
3047 108.02372129839154
3090 108.02274533301734
3122 108.02239670746368
3142 108.02199181065623
3230 108.02141352134075
3239 108.02096408650694
3308 108.02005578390914
3412 108.01996152096643
3425 108.01973533791455
3438 108.01962905871261
3501 108.01919647801122
3605 108.01919306785737
3636 108.01865874954383
3646 108.01834754710161
3714 108.01805338499379
3738 108.0178510787793
3760 108.01766177373503
3811 108.01755413099004
3816 108.01744970884323
3852 108.0174185709195
3854 108.01731151545745
3931 108.01720631453533
3940 108.01709280591126
3979 108.01701473910646
