64 32606.731654921135
66 32560.620019873062
67 32549.57286440165
79 32537.59094558124
87 32421.731016238147
137 32398.6067839214
147 32331.203389557173
227 32323.921798953073
245 32323.07541995361
265 32321.5063756309
269 32319.66284415931
282 32319.062069660784
366 32319.052772928037
372 32318.905946432653
380 32318.635143248026
409 32318.619720770927
439 32318.46283758122
518 32318.448729457752
647 32318.429244663144
678 32318.420832422355
685 32318.42057851232
692 32318.41848918847
755 32318.417884455284
770 32318.415739856027
776 32318.41547461182
779 32318.415126619977
829 32318.414188179293
910 32318.414039551688
925 32318.41403374322
926 32318.413963412342
1019 32318.41396044777
1068 32318.413956578184
1265 32318.413955313354
1502 32318.413955227425
1658 32318.413955220036
