316 10180.649850301515
331 10176.449236455246
342 10176.306012241963
351 10173.255662319067
358 10173.055274376284
368 10169.114809073812
370 10163.544805557092
381 10163.458364469585
413 10155.141557818486
453 10154.564842457476
477 10152.039602161089
498 10150.857190049906
513 10149.344506149937
582 10148.992078870295
585 10148.918367899834
586 10148.877864446582
592 10148.466103579249
656 10147.915524941398
663 10147.809427214608
676 10147.608583987187
719 10147.601724799195
753 10147.315902418764
761 10146.966330815885
780 10146.580438613642
791 10146.462096569147
816 10146.320348795758
838 10146.173595314634
854 10146.11358410631
860 10145.994546145143
861 10145.927099685327
902 10145.646276432359
952 10145.609005348302
1670 10145.485027725594
