267 1489.6277090483381
350 1467.8014459883518
359 1457.5464910678918
404 1439.2244840300978
413 1436.803071565288
424 1432.503857656763
441 1429.6401941100282
514 1429.2091380024785
530 1429.0257333676184
540 1427.7267640236676
555 1427.1777335610761
557 1425.8053945064203
565 1425.6888524435722
589 1424.776315651293
664 1424.6454894952196
705 1424.2904842292119
754 1424.1590104365214
924 1423.8452739285528
1019 1423.6283257057628
1020 1423.5245352346235
1042 1423.4600386739028
1175 1423.4159813483168
1178 1423.3615597079654
1236 1423.3470104702722
1249 1423.3342088261015
1253 1423.2961252939854
1269 1422.9804429388491
1327 1422.739513824199
1414 1422.473669163419
1432 1422.20777741638
1467 1422.1867499671957
1489 1422.0899739298027
1501 1422.064190159493
1526 1422.0433696763707
1530 1421.7475319783628
1552 1421.7246303342702
1560 1421.6392383565194
1601 1420.8937345850145
1624 1420.800264198525
1633 1420.6349558496468
1641 1420.433634608517
1668 1420.3580411522707
1678 1419.953151459139
1681 1419.9133908164633
1712 1419.8618915197985
1731 1419.6672812227682
1769 1419.585135089766
1771 1419.3040916446018
1818 1419.1447732866507
1844 1419.0287929204442
1936 1418.2895726834722
2009 1418.0578723700798
2025 1417.509097571189
2076 1417.4211708963642
2082 1417.3547687572832
2091 1416.7794469397284
2144 1415.6280036747244
2165 1414.823621105126
2197 1413.4744462603026
2206 1413.2928177125564
2208 1412.5765175548197
2282 1412.0298617010103
2328 1411.9183005424827
2341 1411.5356649095947
2391 1411.4389503759576
2441 1411.1114411748617
2443 1410.994089573052
2462 1410.843423025529
2513 1410.29749866416
2524 1409.9193883195287
2538 1409.5873058629718
2551 1409.3970989322618
2559 1409.358421906351
2579 1408.9587436314448
2588 1407.8851207481573
2600 1406.4541024229268
2605 1405.5517143039604
2727 1405.1162836438475
2833 1404.958360707812
2864 1404.9382037284477
2911 1404.8701945045661
2949 1404.6331914333182
3042 1404.5316480934134
3068 1404.4273535315074
3209 1404.2366222393773
3272 1404.1480316978825
3358 1404.0082155856162
3362 1403.9457013885628
3455 1403.6418251895263
3590 1403.3938906665521
3608 1403.1218779935498
3639 1402.9432723501384
3851 1402.8700342032578
3900 1402.560483796519
3922 1402.519354605594
3995 1402.4662386873367
3996 1402.4489347344643
