274 2704.7203501090667
307 2700.348880057405
322 2682.100044942561
327 2640.4643864519385
349 2632.4374974171606
364 2629.408724688812
372 2613.0105618839643
379 2588.773753891247
386 2573.7881987285773
398 2547.541684250587
409 2545.804586247086
413 2526.80479231966
420 2520.681555536147
430 2484.5121210115844
444 2462.08501456306
478 2461.5841942608786
485 2460.9338336685423
491 2438.1175586786912
605 2437.6672058085733
623 2437.216664728941
640 2437.2011709490353
659 2437.0554618097412
696 2436.9927041400724
722 2436.8654739423564
819 2436.855145526709
825 2436.835146339336
905 2436.8340137120986
907 2436.8219068686985
1183 2436.82157125791
1209 2436.821192027517
1220 2436.8209694953116
1262 2436.820952690534
1278 2436.8209405370217
1322 2436.820928392982
1337 2436.8209127809732
1340 2436.820893519655
1344 2436.820881280043
1474 2436.8208751279963
1535 2436.820872310744
1761 2436.8208720708576
1763 2436.8208720671682
1777 2436.820871994979
1793 2436.8208718755004
1797 2436.820871494383
1827 2436.820871454481
1830 2436.8208711475204
1834 2436.820870961776
