198 2941.4692078068333
206 2370.7784303659773
238 2351.100490498325
245 2229.7271575438585
246 1989.220153455896
268 1960.591287874145
273 1734.554414237072
298 1358.2532892980555
309 1049.7971325587569
368 1024.040262195521
372 946.7085444417771
389 845.4363150011337
399 829.1265380614724
401 724.3641465325082
403 673.8865438534356
426 666.0595229162199
462 632.064912854229
466 628.659824093755
474 534.9680113875279
515 523.0522137610426
522 495.69863129865576
523 454.7458910296661
530 439.1052252873871
556 400.1139354457071
582 400.0210945255596
620 388.35209826829754
627 385.3447062835704
660 373.8913312205934
669 356.0830487082526
763 353.91236888836215
793 353.62404343141145
795 352.50793824148593
802 350.9313377020261
840 349.0444944228715
853 348.39142739212787
858 347.2462178306312
964 343.930895053835
971 343.7666765340836
1010 343.3209811806685
1020 343.2555589858989
