116 1053.7231911526492
138 940.1511806860219
158 891.7683673284006
277 864.5246089126479
298 864.0288385938102
306 860.1858690522827
319 850.9064092645377
330 840.4943624662013
364 831.2591214785432
422 830.8639620356339
442 830.2734953386832
446 826.7485075191373
451 824.7263830400013
475 820.3314825512141
494 816.5962233813307
529 815.1466961813603
540 814.0024026601935
553 811.3598870566032
555 809.1063715854655
562 805.7846655163646
598 805.6156662428666
603 801.0924453412615
637 800.3342930702462
661 800.2551063480315
673 798.2446028832078
715 797.8704207804014
746 797.1075349782732
787 796.8919068122293
819 796.0943846436226
1031 795.0113409535484
1276 794.8759599483603
1961 794.6913509757721
2126 794.6910625122216
